100    8.97808335282200076
 1.74452083820542581    -0.51095832358912496    -3.48904167641085072
 3.48904167641084451    -1.48904167641087715    -0.00000000000000000
-3.48904167641085472    -1.48904167641087160     3.48904167641085516
 0.00000000000000000     2.51095832358912308    -3.48904167641085339
 1.74452083820542603     3.48904167641087515    -3.48904167641085827
-1.74452083820542114    -0.51095832358912108    -0.00000000000000000
 3.48904167641085827    -2.51095832358912618    -1.74452083820542736
-0.00000000000000000    -3.48904167641088048     0.00000000000000000
-3.48904167641085827    -3.48904167641087160    -3.48904167641085827
-1.74452083820542403    -1.48904167641087515     1.74452083820542425
-3.48904167641085783     3.48904167641087426    -1.74452083820542647
-0.00000000000000000     2.51095832358912308     3.48904167641085339
-1.74452083820542692     2.51095832358912485     1.74452083820542736
 1.74452083820542114    -0.51095832358912108    -0.00000000000000000
 3.48904167641085206     2.51095832358912352    -0.00000000000000000
 3.48904167641085827    -2.51095832358912618     1.74452083820542736
-1.74452083820542492    -3.48904167641087515    -1.74452083820542536
-3.48904167641085206     1.48904167641087426    -1.74452083820542603
 1.74452083820542136     1.48904167641087870    -0.00000000000000000
-0.00000000000000000    -3.48904167641087692     3.48904167641084939
-1.74452083820542492    -3.48904167641087515     1.74452083820542536
 3.48904167641084495     0.51095832358912308    -0.00000000000000000
-1.74452083820542692     2.51095832358912485    -1.74452083820542736
-1.74452083820542736    -2.51095832358912485     3.48904167641085738
 1.74452083820542581    -0.51095832358912496     3.48904167641085072
-3.48904167641085472    -1.48904167641087160    -3.48904167641085516
-3.48904167641085605     2.51095832358912840    -3.48904167641085694
-1.74452083820542136     1.48904167641087870     0.00000000000000000
 1.74452083820542447    -2.51095832358912130     0.00000000000000000
-3.48904167641085827    -2.51095832358912618     1.74452083820542736
 3.48904167641085072    -0.51095832358912574     1.74452083820542625
 1.74452083820542425     3.48904167641087870     0.00000000000000000
-1.74452083820542447    -2.51095832358912130     0.00000000000000000
-0.00000000000000000     3.48904167641087870     1.74452083820542359
 1.74452083820542403    -1.48904167641087515    -1.74452083820542425
-1.74452083820542558     1.48904167641087493     3.48904167641085206
 0.00000000000000000     2.51095832358911863     0.00000000000000000
-0.00000000000000000    -2.51095832358912041     1.74452083820542381
-1.74452083820542558     1.48904167641087493    -3.48904167641085206
 3.48904167641085605     2.51095832358912840    -3.48904167641085694
-0.00000000000000000     3.48904167641087870    -1.74452083820542359
-3.48904167641085072    -0.51095832358912574    -1.74452083820542625
 1.74452083820542603     3.48904167641087515     3.48904167641085827
-3.48904167641085206     1.48904167641087426     1.74452083820542603
 3.48904167641085472    -1.48904167641087160    -3.48904167641085516
-1.74452083820542603     3.48904167641087515     3.48904167641085827
-3.48904167641084451    -1.48904167641087715     0.00000000000000000
 1.74452083820542692     2.51095832358912485     1.74452083820542736
-0.00000000000000000     1.48904167641087914     1.74452083820542092
-0.00000000000000000    -0.51095832358912063    -1.74452083820542092
 1.74452083820542558     1.48904167641087493    -3.48904167641085206
-3.48904167641085428     0.51095832358912840     3.48904167641085561
 0.00000000000000000    -1.48904167641088070     0.00000000000000000
-3.48904167641085428     0.51095832358912840    -3.48904167641085561
-0.00000000000000000     0.51095832358911886    -0.00000000000000000
 1.74452083820542470     0.51095832358912485    -1.74452083820542492
-1.74452083820542581    -0.51095832358912496    -3.48904167641085072
-1.74452083820542581    -0.51095832358912496     3.48904167641085072
 3.48904167641085605     2.51095832358912840     3.48904167641085694
 0.00000000000000000    -1.48904167641087670    -3.48904167641084406
 1.74452083820542492    -3.48904167641087515     1.74452083820542536
 3.48904167641084939    -3.48904167641087737    -0.00000000000000000
-1.74452083820542403    -1.48904167641087515    -1.74452083820542425
 3.48904167641085783     3.48904167641087426     1.74452083820542647
-3.48904167641085827    -2.51095832358912618    -1.74452083820542736
 1.74452083820542736    -2.51095832358912485     3.48904167641085738
 1.74452083820542470     0.51095832358912485     1.74452083820542492
-1.74452083820542603     3.48904167641087515    -3.48904167641085827
-1.74452083820542470     0.51095832358912485    -1.74452083820542492
-3.48904167641085605     2.51095832358912840     3.48904167641085694
-1.74452083820542470     0.51095832358912485     1.74452083820542492
-3.48904167641085072    -0.51095832358912574     1.74452083820542625
 3.48904167641085783     3.48904167641087426    -1.74452083820542647
 3.48904167641085206     1.48904167641087426     1.74452083820542603
 1.74452083820542692     2.51095832358912485    -1.74452083820542736
 3.48904167641085072    -0.51095832358912574    -1.74452083820542625
-0.00000000000000000    -1.48904167641087670     3.48904167641084406
-3.48904167641084495     0.51095832358912308     0.00000000000000000
 0.00000000000000000    -2.51095832358912041    -1.74452083820542381
 0.00000000000000000    -3.48904167641087692    -3.48904167641084939
 1.74452083820542403    -1.48904167641087515     1.74452083820542425
-1.74452083820542736    -2.51095832358912485    -3.48904167641085738
-3.48904167641085827    -3.48904167641087160     3.48904167641085827
-1.74452083820542425     3.48904167641087870     0.00000000000000000
-3.48904167641085206     2.51095832358912352     0.00000000000000000
 0.00000000000000000     0.51095832358912319    -3.48904167641084406
 1.74452083820542492    -3.48904167641087515    -1.74452083820542536
 3.48904167641085428     0.51095832358912840    -3.48904167641085561
 1.74452083820542736    -2.51095832358912485    -3.48904167641085738
-3.48904167641084939    -3.48904167641087737     0.00000000000000000
-3.48904167641085783     3.48904167641087426     1.74452083820542647
 3.48904167641085472    -1.48904167641087160     3.48904167641085516
 3.48904167641085428     0.51095832358912840     3.48904167641085561
 1.74452083820542558     1.48904167641087493     3.48904167641085206
 0.00000000000000000     1.48904167641087914    -1.74452083820542092
 3.48904167641085827    -3.48904167641087160     3.48904167641085827
 3.48904167641085827    -3.48904167641087160    -3.48904167641085827
 0.00000000000000000    -0.51095832358912063     1.74452083820542092
-0.00000000000000000     0.51095832358912319     3.48904167641084406
 3.48904167641085206     1.48904167641087426    -1.74452083820542603
