104    9.07106781186547551
-2.12132034355964327    -2.12132034355964194    -0.70710678118654857
 3.53553390593273775    -0.70710678118654768    -2.12132034355964239
 3.53553390593273731     3.53553390593273775     2.12132034355964327
 2.12132034355964239    -0.70710678118654735    -0.70710678118654779
-2.12132034355964372    -2.12132034355964150     2.12132034355964194
 3.53553390593273686    -0.70710678118654746     3.53553390593273820
-3.53553390593273820    -3.53553390593273731    -3.53553390593273820
 2.12132034355964283     3.53553390593273820     0.70710678118654746
 0.70710678118654768     2.12132034355964283    -2.12132034355964283
-3.53553390593273775     2.12132034355964416    -3.53553390593273820
-0.70710678118654802     2.12132034355964327     2.12132034355964194
-3.53553390593273820    -2.12132034355964194    -2.12132034355964327
 0.70710678118654768     3.53553390593273820    -0.70710678118654779
-3.53553390593273820     0.70710678118654935    -2.12132034355964283
 3.53553390593273820     3.53553390593273775    -0.70710678118654768
-2.12132034355964327     3.53553390593273820     2.12132034355964150
-2.12132034355964283     2.12132034355964327     0.70710678118654668
-2.12132034355964327    -0.70710678118654668     0.70710678118654646
 0.70710678118654602    -3.53553390593273775     0.70710678118654713
 3.53553390593273820     3.53553390593273775    -3.53553390593273731
-0.70710678118654802    -0.70710678118654691    -0.70710678118654802
-0.70710678118654879    -2.12132034355964194     3.53553390593273686
 2.12132034355964194    -2.12132034355964239    -2.12132034355964283
 3.53553390593273509    -3.53553390593273820     3.53553390593273820
 0.70710678118654691    -2.12132034355964239    -0.70710678118654791
-3.53553390593273864     3.53553390593273731    -2.12132034355964105
-2.12132034355964327    -0.70710678118654635     3.53553390593273686
-3.53553390593273864    -2.12132034355964105     3.53553390593273731
 3.53553390593273642    -3.53553390593273775     0.70710678118654802
 3.53553390593273642    -3.53553390593273820    -2.12132034355964239
-0.70710678118654691     3.53553390593273820    -2.12132034355964327
 2.12132034355964150    -3.53553390593273775    -0.70710678118654735
-0.70710678118654813     0.70710678118654857     3.53553390593273731
-0.70710678118654813    -2.12132034355964194    -2.12132034355964327
-3.53553390593273864    -3.53553390593273686     2.12132034355964105
-3.53553390593273864    -0.70710678118654646     2.12132034355964150
-3.53553390593273820     3.53553390593273820     3.53553390593273686
 2.12132034355964283     2.12132034355964239    -3.53553390593273820
 2.12132034355964150     0.70710678118654779     3.53553390593273775
 3.53553390593273775     2.12132034355964239     3.53553390593273820
 0.70710678118654569    -3.53553390593273775     3.53553390593273775
 3.53553390593273731    -0.70710678118654768     0.70710678118654791
-0.70710678118654846    -2.12132034355964194     0.70710678118654680
 0.70710678118654680     2.12132034355964327     3.53553390593273775
 2.12132034355964283     2.12132034355964283    -0.70710678118654757
 0.70710678118654746     0.70710678118654768    -0.70710678118654768
-2.12132034355964283     0.70710678118654813    -0.70710678118654835
 3.53553390593273731    -2.12132034355964283    -0.70710678118654724
 2.12132034355964283    -0.70710678118654735    -3.53553390593273820
 3.53553390593273775     2.12132034355964283     0.70710678118654779
-0.70710678118654746     0.70710678118654802    -2.12132034355964327
 0.70710678118654680    -3.53553390593273731    -2.12132034355964327
 0.70710678118654702    -2.12132034355964194    -3.53553390593273820
-0.70710678118654813    -0.70710678118654691    -3.53553390593273820
 3.53553390593273820     0.70710678118654724    -3.53553390593273731
-0.70710678118654824    -3.53553390593273731    -0.70710678118654846
 3.53553390593273686     0.70710678118654735     2.12132034355964283
 2.12132034355964061    -2.12132034355964239     3.53553390593273775
 2.12132034355964150    -2.12132034355964239     0.70710678118654735
 2.12132034355964283     3.53553390593273775    -2.12132034355964283
-3.53553390593273820     0.70710678118654846     3.53553390593273686
 0.70710678118654635    -2.12132034355964239     2.12132034355964194
-2.12132034355964327    -2.12132034355964194    -3.53553390593273820
 3.53553390593273775     2.12132034355964239    -2.12132034355964239
 2.12132034355964239     0.70710678118654779     0.70710678118654746
-2.12132034355964194     3.53553390593273820    -0.70710678118654813
-2.12132034355964327    -3.53553390593273686     0.70710678118654657
 2.12132034355964194     3.53553390593273820     3.53553390593273820
-0.70710678118654713     2.12132034355964283    -3.53553390593273820
-0.70710678118654891    -3.53553390593273731     2.12132034355964194
-3.53553390593273820     2.12132034355964327     2.12132034355964150
-3.53553390593273820    -3.53553390593273731    -0.70710678118654824
 2.12132034355964239     0.70710678118654746    -2.12132034355964283
-2.12132034355964194     3.53553390593273820    -3.53553390593273820
 0.70710678118654735     3.53553390593273820     2.12132034355964239
-3.53553390593273864    -2.12132034355964150     0.70710678118654635
 0.70710678118654824     3.53553390593273775    -3.53553390593273820
-3.53553390593273820    -0.70710678118654657    -0.70710678118654857
-3.53553390593273820     3.53553390593273775     0.70710678118654569
 2.12132034355964194    -3.53553390593273731    -3.53553390593273820
 0.70710678118654724    -0.70710678118654713    -2.12132034355964283
 2.12132034355964194     2.12132034355964283     2.12132034355964283
 0.70710678118654768     0.70710678118654757    -3.53553390593273820
 3.53553390593273686    -2.12132034355964283     2.12132034355964327
 0.70710678118654768     2.12132034355964327     0.70710678118654724
 2.12132034355964061    -3.53553390593273775     2.12132034355964239
-3.53553390593273820     0.70710678118654857     0.70710678118654635
-0.70710678118654735     3.53553390593273820     0.70710678118654702
-3.53553390593273820    -0.70710678118654624    -3.53553390593273731
-0.70710678118654724     2.12132034355964283    -0.70710678118654791
-2.12132034355964327     2.12132034355964327     3.53553390593273686
 2.12132034355964150    -0.70710678118654724     2.12132034355964239
 3.53553390593273775     0.70710678118654735    -0.70710678118654724
-2.12132034355964416    -3.53553390593273686     3.53553390593273686
 0.70710678118654624    -0.70710678118654691     3.53553390593273731
-0.70710678118654824     3.53553390593273820     3.53553390593273686
 0.70710678118654680     0.70710678118654813     2.12132034355964194
-0.70710678118654824    -3.53553390593273731    -3.53553390593273820
-0.70710678118654824    -0.70710678118654680     2.12132034355964150
-2.12132034355964327    -3.53553390593273731    -2.12132034355964327
-2.12132034355964327     0.70710678118654846     2.12132034355964150
-2.12132034355964283     0.70710678118654846    -3.53553390593273820
 3.53553390593273775    -2.12132034355964283    -3.53553390593273731
-2.12132034355964194     2.12132034355964327    -2.12132034355964327
