105    9.07106781186548794
-0.76192583439999995     0.76114439040100001     0.76272492725100005
 0.70710678118654335    -2.12132034355963839     2.12132034355964816
 2.12132034355963883     0.70710678118655201     0.70710678118655190
 3.53553390593273509     0.70710678118655090    -0.70710678118654480
 3.53553390593273464    -2.12132034355964016    -3.53553390593273376
-3.53553390593274264    -3.53553390593273331     2.12132034355964727
-3.53553390593274175    -0.70710678118654513    -3.53553390593273420
-3.53553390593274264     0.70710678118655212    -2.12132034355963839
-0.70710678118655090    -3.53553390593273598    -3.53553390593273598
 0.70710678118654435     2.12132034355964594    -2.12132034355963928
 0.70710678118654291    -2.12132034355963972    -3.53553390593273376
 3.53553390593273553     2.12132034355964505    -2.12132034355964061
 3.53553390593273598     2.12132034355964594     0.70710678118655002
-2.12132034355964727     0.70710678118655068    -3.53553390593273420
 3.53553390593273464     2.12132034355964771     3.53553390593274219
-0.70710678118655179    -3.53553390593273686     2.12132034355964771
-2.12132034280857384     3.53553390502632103    -0.70701782930759005
-2.12132034355964727    -0.70710678118654380    -2.12132034355963794
-1.53718704381966487     3.53348794271404421     3.53348785436987045
 0.70701617537696804     3.53553390516414812     2.12132034271592040
 2.12132034355964016     3.53553390593274131    -2.12132034355963972
 3.53553390593273553    -0.70710678118654469     3.53553390593274131
 2.12132034355963928     2.12132034355964638    -0.70710678118654413
 0.70710678063610044     2.12132034411009096     0.70710678173699559
-3.53553390593274175     2.12132034355964727    -3.53553390593273464
-0.70710678120596770    -2.12132034354022414     0.70710678120596804
-3.53553390593273864    -3.53553390593273686    -3.53553390593273775
-2.12132034355964727    -2.12132034355963883    -0.70710678118654291
-3.53553390513665233     2.12132034540376102    -0.70710677764949703
 2.12132034355964016     2.12132034355964461    -3.53553390593273553
 3.53553390593273598     3.53553390593274175     2.12132034355964461
 0.70710678118654269    -0.70710678118654380    -2.12132034355963750
-0.70710678118655179    -2.12132034355963794     3.53553390593274308
-2.21977355737525262     2.21513600251546183     0.80499660420651253
 0.70710678116796721    -2.12132034354106436    -0.70710678116796688
-0.71833039557529965     3.53352792304134411     0.71832956205473042
-2.12132034399256675     0.70710678161947116    -0.70710678075362432
-3.53553390590742245    -0.70708994675315928     2.12132034353346999
-0.70710678120627279    -0.70710678116682246    -0.70710678116682202
 2.12132034355963883     0.70710678118655046    -2.12132034355963928
 0.70710678118654247    -3.53553390593273642    -2.12132034355963794
-2.12132034353346954    -0.70708994658438251     3.53553390590742200
-3.53553390590716177    -2.12130350951667968     3.53553390590716177
 3.53553390593273464    -0.70710678118654513    -2.12132034355963928
 2.12132034355963928    -3.53553390593273642     2.12132034355964549
 2.12132034355963883    -0.70710678118654380     2.12132034355964771
-3.53553390593274308    -2.12132034355963794     0.70710678118655224
-0.70710678120739778    -0.70710678116569703     2.12132034358049326
-3.53348606307491231     3.41187274140660746     3.53348606715692659
-2.12132034355964727    -3.53553390593273686     0.70710678118655257
-0.80499683401937350     2.21513627953833581     2.21977300225994734
-0.70710678174126484     2.12132034411436043    -0.70710678063183086
-0.70710678118655201    -2.12132034355963928    -2.12132034355963839
 0.70710678118654380    -0.70710678118654324     3.53553390593274353
 0.70710678116682268    -0.70710678116682379     0.70710678120627235
-0.70710678118655124    -0.70710678118654402    -3.53553390593273376
-0.71037808040929895     0.71038651643146822     3.53398240335368996
 2.12132034355963928     2.12132034355964683     2.12132034355964683
 3.53553390593273598     0.70710678118654868    -3.53553390593273553
-3.53553390593274219     3.53553390593274219    -2.12132034226737165
 2.12132034355963883    -3.53553390593273464    -3.53553390593273198
 0.70710678118654280    -3.53553390593273686     0.70710678118655168
 2.12132034355964016    -2.12132034355964016     3.53553390593274131
 2.12132034355963883    -0.70710678118654580    -3.53553390593273376
 3.53553390593273331    -2.12132034355963928    -0.70710678118654302
-3.53348550836084030     1.41187274140068397     3.53348550836084030
-2.12132034355964594    -3.53553390593273509    -2.12132034355964016
-0.70710678118655246    -3.53553390593273509    -0.70710678118654313
-2.12132034355964683    -3.53553390593273376     3.53553390593274308
 0.70710677751868245     2.12132034563384630     3.53553390506104925
 3.53553390593273509     3.53553390593273953    -3.53553390593273642
 0.70710678118654458    -3.53553390593273553     3.53553390593274175
-2.12132034358056476    -2.12132034353872134     2.12132034358056476
-0.70710678118655068     2.12132034355964461    -3.53553390593273509
-2.12132034355964683     2.12132034355964683    -2.12132034355963883
 0.70710678118654491     0.70710678118655002    -3.53553390593273509
 2.12132034355963617    -2.12132034355964016    -2.12132034355963661
-2.12132034355964549     3.53553390593274131    -3.53553390593273509
 2.12132034242204215     3.53553390593274264     3.53553390593274264
 2.12132034355963928     3.53553390593274175     0.70710678118655135
 2.12132034355963883     0.70710678118655190     3.53553390593274264
 3.53553390593273598    -3.53553390593273642     0.70710678118655024
 2.12132034355963839    -2.12132034355963928     0.70710678118655212
 2.12132034355963839    -3.53553390593273642    -0.70710678118654247
 2.12132034355963794    -0.70710678118654413    -0.70710678118654280
-3.53398239092585209     0.71038651846650647     0.71037808263720226
 0.70710678118654491     3.53553390593273997    -3.53553390593273553
-3.53553390593274086    -3.53553390593273598    -0.70710678118654458
-2.19282500060174357     0.77527281426919115     2.19282524724443562
 3.53553390593273509    -3.53553390593273509     3.53553390593273953
 3.53553390593273598     3.53553390593274086    -0.70710678118654569
-2.12132034358049282    -0.70710678116569781     0.70710678120739701
 3.53553390593273731    -2.12132034355963928     2.12132034355964461
-2.12132034355964549    -2.12132034355963972    -3.53553390593273509
 0.70710678118654469     3.53553390593274219    -0.70710678118654435
 3.53553390593273420    -3.53553390593273686    -2.12132034355963661
 0.70710678073363320     0.70710678163946294     2.12132034401255787
-3.53348786023615968     3.53348796426666967     1.53718705348423423
 3.53553390593273420    -0.70710678118654313     0.70710678118655101
-0.70710678118655090     3.53553390593274219    -2.12132034355963883
 0.70710678072194955     0.70710678165114560    -0.70710678072194932
-0.70710678118655190     0.70710678118655157    -2.12132034355963794
 3.53553390593273464     0.70710678118655157     2.12132034355964683
-3.53553390593274308    -2.12132034355963972    -2.12132034355963839
-3.53553390593274353    -0.70710678118654302    -0.70710678118654335
