106    9.07106781186548083
 3.53553390593274042    -3.53553390593273598    -3.53553390593273331
 2.12132034355964372    -2.12132034355964150    -0.70710678118654446
 2.12132034355963972     0.70710678118654946     2.12132034355964594
-3.53553390593273908    -2.12132034355964549     2.12132034355964327
-3.53553390593274042     3.53553390593273731     2.12132034355964194
 3.53553390593273864     2.12132034355964416    -3.53553390593273509
-2.12132034355964505     2.12132034355964150    -0.70710678118654735
-2.12132034355964105    -0.70710678118654868    -3.53553390593273775
 3.53553390593273775    -0.70710678118654446     2.12132034355964683
-2.12132034355964327    -2.12132034355964416     0.70710678118654779
-3.53553390593273731    -0.70710678118654902    -2.12132034355964283
 3.53553390593273731     3.53553390593273953    -2.12132034355963883
-0.70710678118654502    -2.12132034355964327    -3.53553390593273642
 3.53553390593273953    -2.12132034355964016     0.70710678118655201
-0.70710678118654635     0.70710678118654746    -3.53553390593273686
 2.12132034355964061    -0.70710678118654657     3.53553390593274042
 0.70710678118654735    -0.70710678118654713    -0.70710678118654535
-2.12132034355964416    -2.12132034355964505     3.53553390593273864
-0.70710678118654724     3.53553390593273864    -3.53553390593273598
 0.70710678118654346     0.70710678118654668     3.53553390593274042
 0.70710678118654025     3.53553390593273953     3.53553390593274042
-0.70710678118655035     0.70710678118654646     2.12132034355964416
 0.70710678118654557    -0.70710678118654757     2.12132034355964461
-2.12132034355964327    -3.53553390593273997     2.12132034355964327
 3.53553390593273908     0.70710678118655002    -2.12132034355963839
-0.70710678118654846     0.70710678118654724    -0.70710678118654657
-3.53553390593273686    -3.53553390593273908    -2.12132034355964372
-3.53553390593273642    -2.12132034355964327    -3.53553390593273864
 0.70710678118654580     2.12132034355964327    -0.70710678118654546
-2.12132034355964239     2.12132034355964150    -3.53553390593273775
 2.12132034355964150     3.53553390593273997    -0.70710678118654391
 0.70710678118654924    -2.12132034355964239    -2.12132034355964016
 0.70710678118654824    -3.53553390593273820    -0.70710678118654524
-0.70710678118654768    -3.53553390593273864     0.70710678118654868
-2.12132034355964594     3.53553390593273775     0.70710678118654657
 2.12132034355964549    -2.12132034355964061    -3.53553390593273509
 2.12132034355964239     2.12132034355964416    -2.12132034355963928
 0.70710678118654546     0.70710678118654824     0.70710678118654957
 2.12132034355964239     0.70710678118654913    -0.70710678118654424
-2.12132034355964283    -0.70710678118654868    -0.70710678118654713
-2.12132034355964461     0.70710678118654613     0.70710678118654813
 0.70710678118654691    -2.12132034355964283     3.53553390593273997
 3.53553390593273953    -0.70710678118654480    -0.70710678118654302
 0.70710678118654291     2.12132034355964327     2.12132034355964461
-3.53553390593274042     0.70710678118654557     2.12132034355964372
 3.53553390593273775    -2.12132034355964105     3.53553390593273997
 2.12132034355964239    -2.12132034355964239     2.12132034355964505
 0.70710678118654924    -0.70710678118654702    -3.53553390593273598
 2.12132034355964416    -0.70710678118654602    -2.12132034355963928
 0.70710678118654713     3.53553390593273908    -2.12132034355963972
-2.12132034355964683     3.53553390593273731     3.53553390593273908
-2.12132034355964150    -3.53553390593273953    -0.70710678118654757
-3.53553390593274042     2.12132034355964061     3.53553390593273908
 2.12132034355964327    -3.53553390593273731     0.70710678118655013
 3.53553390593273997    -2.12132034355964016    -2.12132034355963839
 2.12132034355963617     2.12132034355964416     3.53553390593274086
-0.70710678118654635    -0.70710678118654802    -2.12132034355964150
-0.70710678118654824     2.12132034355964283    -2.12132034355964150
-2.12132034355964549     0.70710678118654524     3.53553390593273953
 2.12132034355963661     3.53553390593274042     2.12132034355964594
-0.70710678118654968     3.53553390593273864    -0.70710678118654668
 0.70710678118654402     3.53553390593273908     0.70710678118654891
-0.70710678118654846    -2.12132034355964372     2.12132034355964372
-3.53553390593273775    -3.53553390593273997     0.70710678118654691
 0.70710678118655101    -3.53553390593273731    -3.53553390593273598
 3.53553390593274131     3.53553390593272843     3.53553390593273109
-3.53553390593274042    -0.70710678118655024     3.53553390593273820
-3.53553390593274042     2.12132034355964150     0.70710678118654735
-3.53553390593273953     2.12132034355963972    -2.12132034355964283
-2.12132034355964549     2.12132034355964150     2.12132034355964327
-0.70710678118654868    -0.70710678118654846     0.70710678118654891
-2.12132034355964016    -3.53553390593273820    -3.53553390593273731
 2.12132034355963972     2.12132034355964461     0.70710678118655113
-3.53553390593273908    -0.70710678118654946     0.70710678118654813
-0.70710678118655190     2.12132034355964150     3.53553390593273997
 0.70710678118654768     0.70710678118654802    -2.12132034355964061
 0.70710678118654802     2.12132034355964372    -3.53553390593273598
 3.53553390593273997    -0.70710678118654502    -3.53553390593273376
-0.70710678118654990    -0.70710678118654957     3.53553390593273953
 3.53553390593274042     3.53553390593273376     0.70710678118655967
-3.53553390593273686     0.70710678118654557    -3.53553390593273864
 3.53553390593273864    -3.53553390593273686     2.12132034355964549
 2.12132034355964372     0.70710678118654891    -3.53553390593273464
-3.53553390593273820     3.53553390593273553    -3.53553390593273775
 3.53553390593273731     2.12132034355964549    -0.70710678118654302
-2.12132034355964283     0.70710678118654646    -2.12132034355964283
-0.70710678118654691    -2.12132034355964327    -0.70710678118654624
 3.53553390593273731     0.70710678118655135     0.70710678118655301
-3.53553390593273997     0.70710678118654535    -0.70710678118654702
 3.53553390593273953    -3.53553390593273598    -0.70710678118654391
-0.70710678118654768    -3.53553390593273864     3.53553390593273997
 0.70710678118654735    -2.12132034355964283     0.70710678118654957
-0.70710678118655212     3.53553390593273820     2.12132034355964283
-0.70710678118654557    -3.53553390593273820    -2.12132034355964150
-2.12132034355964372     3.53553390593273775    -2.12132034355964194
-2.12132034355964105    -2.12132034355964327    -2.12132034355964239
 0.70710678118654702    -3.53553390593273864     2.12132034355964416
 2.12132034355964239    -3.53553390593273775     3.53553390593273953
 2.12132034355964239    -0.70710678118654613     0.70710678118655068
 2.12132034355964327     3.53553390593273953    -3.53553390593273464
-0.70710678118655046     2.12132034355964239     0.70710678118654824
-2.12132034355964461    -0.70710678118654935     2.12132034355964372
-3.53553390593273864    -2.12132034355964416    -0.70710678118654757
 2.12132034355964461    -3.53553390593273731    -2.12132034355963928
-3.53553390593274042     3.53553390593273598    -0.70710678118654868
 3.53553390593273997     0.70710678118655790     3.53553390593273553
