110    9.31514216795699923
 2.20731129358797507     0.84537700734261811    -0.73381156279271931
-3.65756924067452660     3.65756924067857225    -3.65756924067857581
-0.46487249101245709    -3.65756924067877254     3.65756924067868860
 3.65756924067882183     2.20559012701915025    -3.57887035637848072
 3.65756805083001968     2.21168454692718619     2.12593360739394388
-2.17570705490688532    -0.37361990736207135     2.18856853678128260
 0.72050799599588233     0.99894753280996584     3.65756924067878408
-2.24594535253531635     3.65756924067889555     3.65756924067869837
-2.59638026052453386    -3.65485363432522226     0.11899946077251441
-0.67461803305487567     2.20920837471336640     0.67414936968293415
 0.59634837483315073    -3.65756924067858336     1.96233761228852766
-3.65756924067856515     0.98983447406426750     2.09648403452808063
 0.59634837483331693    -1.96233761228884984     3.65756924067870415
-0.75553174188931393    -0.40006255576052102     0.76641524551112394
 2.04299240331392795    -0.70882989909551752     0.71771916691401827
-3.65686532806300013     0.72722562561500004    -3.65541857911200019
 3.65756836946834252     3.65756837980575522     3.65689290605436801
 3.65756924067877875     3.65756924067877742     0.70464123220716923
 3.65756924067887601    -1.65756924067885292     3.65756924067878142
-0.66149859398556066     0.86778347488659757    -0.80922756098683823
 0.50781437356262293    -3.65756924067866596    -1.28844193181431632
 2.26579126543563447    -3.50334186999135833    -2.22957484791670524
 0.67325763768993641    -0.51068836280517116     2.16152199397784450
 0.79800920750366944     3.65756924065318234    -2.16951932397970815
-3.63817411098128130    -0.26022024797077797     3.65756924067857092
-0.78536874953582381    -1.97726730024546615    -0.70211289314475434
 0.80114722230589219     0.85836678303594482    -2.17850441696796393
 3.65756924067866596    -0.70676579324618616     1.89803157289493640
-0.66246125462453753    -1.92980334779949803    -3.65756924067877209
 2.22904262674478471     2.25800107950671558     0.68182291683179375
-3.65756924067811751    -1.71341727750141204     2.28358153247019935
 3.65756924067889377    -3.65756924067885292     3.65756924067857447
-3.65756924067869216     0.96739900423630654    -0.70839748606973196
 3.65756100109936799     0.58920637412171073     3.65519478905761375
-2.21485537595147486     3.65756924067865219    -2.27244227734894544
-0.68334733120570623     0.95710423343435147     2.23368744832857491
-3.65756924067884182    -1.65756924067881029    -3.65756924067877121
-3.65756924067869793    -3.65756924067843237     1.81424887424579429
-3.65756924067889644     2.24077085870193171     3.65698336538198232
-2.21678591583899998    -1.93542614667399993    -2.29117975271500018
 2.15575660933000002    -1.99345418341100000     2.28979846306599999
 1.71618762909184630    -3.65756924067871170     0.30524375718515118
-3.65756924067874545    -0.58479412333496994    -1.96962565524472377
-2.08709617732173403     1.00237915410289569     3.65756924067882228
-2.16911421260204262     2.32422761399621525     2.15890660653916511
-0.73053573855061160     2.31668786916207958    -2.18614801218208354
-2.09685124137654633     3.65756924067881339     0.66995456918367224
 0.80033764730384083     3.65756924067880851     0.67849967228307684
-3.65756924067879785    -3.65756924067881029    -3.65756924067875211
 0.77195091508487690    -1.93164499640842791    -2.26384820125945208
-0.65232397478924598     3.65756924067874811     2.05319025990564130
-2.88157308946795743    -3.65756924067752198     3.65756924067865752
 3.65756924067860423    -3.65756924067863709    -0.80158045515478915
-2.23192876892734704     0.95446546040946856     0.69423645361377073
-2.21804055336816086     2.21485889202860164    -3.65756924067865219
 3.65756924067861533    -2.15865369472047419     0.52252384061837964
-3.65756924067862244     2.21803704505155075    -2.26913593016151083
 2.20352177293284734     3.65756924067868328    -0.74665797148227342
-3.65120537526771383     3.65756924067859046    -0.88071720406686504
 0.96288522727789749     3.65756924067878320     3.65756924067878053
 1.65756924067889377    -3.65756924067889466     3.65756924067855715
-2.04065250432559164    -0.48046250477897212    -3.65756924067878231
-3.50335561194961809    -3.65756924067861977    -1.66352356499455301
 0.55648956828569462    -2.04543358366805572     0.77936259186927725
-3.65756924067854827    -0.44817472943096504     0.70647341202801361
-0.80383927235331243    -1.85717497941895937     2.23334475931560750
 2.23473370052945031    -0.57304585221633553    -2.14353657252978635
-1.47654297683234792    -3.65756924067861311    -1.53809350087298147
 3.65756924067721467    -2.07432219389442229    -2.08515589846360250
-0.70909098465241061    -0.44713858948508167     3.65756924067879607
-2.20310308461284299     0.84869742355099353    -2.17199066857758716
 2.28441115105254200     3.65756924067882805    -3.65756924067872191
-3.65756924067865574    -1.99946299779400194    -0.55586755159444878
 0.79841213614780038     0.85641505218076985     0.68565359215165667
-0.64153006262875145     2.46347896875049877     3.65756924067876055
 2.24229214338173977     2.24502798245925117    -2.16201094943622607
 2.22538182823000019     0.79976275502399996     2.13980064956699989
 2.25945991620697262     3.65756924067866196     2.13477770010979206
 0.91516847125588741     2.19977142073832743    -3.65756924067879829
 2.14393630001391644    -2.03203969663801987    -0.77858500049535762
 0.72099459464834259    -0.48548693055822584    -3.65756924067879385
 2.00032170299493384    -0.53795743347043012     3.65756924067874811
 2.30796469825657891     0.73169255097014141    -3.65756924067877165
-3.65756924067874367     3.65756924067876277     2.24077073756583145
 3.65756924067862466    -3.65756924067857048    -3.65756924067862466
 2.37448499185618545     2.12339113841977145     3.65756780380737068
-2.20550876483780600    -1.77406504905726337     3.65756924067858069
 3.65756924067876144     3.65756924067876188    -2.20345890755597251
-0.72324320780403384    -0.60755254597002029    -2.15814239455765877
 0.73558925503566008    -0.57987551541654136    -0.79028208467766481
 3.11803252375026485    -3.65756924067856737     1.73171874516080004
-0.53829444264943649     3.65756924067861178    -3.65756924067862554
 0.82841590342367277     2.26061768540044383     2.10949162325229000
-0.64418961928328378     3.65756924067880407    -0.70473601843864431
 3.65756924067873301     0.83236822424829704    -2.12482028648733934
-2.17275778427555100     2.30412632185186173    -0.80056590405779482
-3.65756924067863176     2.40694619270339949     0.68002027965371603
 3.64173848045485293    -0.59335072524727228    -0.72229582535304748
-1.66167345254834964    -3.65756924067882938    -3.52950674451709467
 0.77937464491125619     2.25335999627177808    -0.74549363895561227
 3.65756924067879652     2.28434733789766531    -0.74940883767427124
 3.65756924067859046     0.85854130813231155     0.65311644391061541
 3.65756924067876721    -0.74209617293291752    -3.57685755398106009
-2.20350679647380243    -1.81782453656250076     0.80527530562316718
 2.19587578654586801    -2.10479124879378920    -3.65756924067864286
-0.61202488069611505    -3.65756924067858025     0.36865192328904789
-0.65742268912272772     0.96407038800466216    -3.65756924067878142
 0.42601496800799998    -3.61668107348199985    -3.48061316083499994
-2.12389457871985821    -0.49127072679520634    -0.68935404126393951
-1.67322279024014930    -3.65034392009975273     2.06388252457075838
