114    9.46607728031499995
-1.74682907230612128     3.73303864015735520    -3.49857851012195953
-3.73303864015733167     1.97743241519043322    -2.77499543504709445
-1.89951785819476426    -0.55740214873171368     0.89287629884737096
 3.73303864015734321    -3.73303864015726017     1.45823722864976868
 2.32335190784530177     3.73303864015727394    -1.92937869566073683
 3.73303864015721842    -0.51082152693047111     3.73303864015689779
 3.73303864015733433     3.73303864015736320     2.31882507778425850
-0.77343945731433483    -3.73303864015733033     2.00106969538768498
 0.81181875688628091    -0.54585579065029466    -2.14141434595080860
-3.73303864015734410    -3.73303864015730813    -3.73303864015733255
-1.73741885476742386    -1.73741885476732705    -3.60081728832518833
-3.36204761856747636     3.73303864015722908     3.73303864015721354
-3.73303864015734099     2.00085302828696632    -0.77384421646228518
 3.73303864015723486    -3.36193775263437145     3.73303864015723041
 2.31882507778424740     3.73303864015735121     3.73303864015736186
-3.73303864015732234     1.45793166075639258     3.73303864015734765
-3.59669585652630985    -1.73769682817721827    -1.73769682817711568
-3.73303864015735609     3.73303864015723041    -3.73303864015735964
-3.44341788650596925     0.24588021089606688    -3.73303864015735032
 2.31751441989862661     0.90645276491368554     0.90079617181391558
-1.95238975079286270     3.73303864015726683     2.31428401168132147
 0.90384207441018749     3.73303864015727216     2.31959493764829938
 3.73303864015724818     3.73303864015725084    -0.51065274723247167
 0.89421570879287449     2.33800335109115620    -2.03636592302097785
-1.98817194667706199    -1.92479158062585798    -0.56396500827553719
 0.90109758960545150    -0.51695052239328798     0.88695933771886704
-1.94693379251617427     1.57273188174535306    -3.73303864015736186
 0.90025687388319031     2.31760380857542181     0.90660824843920440
 3.73303864015735742    -1.74647400562690458    -3.50160624650231034
 0.91916933714601312    -1.93810577411392870     2.29973189399082223
 2.30030319316717291    -1.87150212524277970    -1.97686684967369319
 2.31395294290936171    -1.95261316835046705     3.73303864015727260
 1.45916974844908731     3.73303864015734410    -3.73303864015729481
 0.88957657184940186     0.90421396652750874    -0.52022180256863881
 2.33857118939367270    -2.03749905418778932     0.89423576887625056
-1.93007109573941560     2.32355746546399189     3.73303864015730769
-0.15240289536521995     2.54862586848127437    -3.73303864015733655
 2.32206811978614880    -0.51270452475618422     2.31004130698175736
-0.52247526352061380     0.92981800314526353    -1.93636234910262028
-0.51979790165999651     0.89043078058183889     0.90523147327427889
 2.62638822389802717     2.10896935882398084    -3.73303864015691422
-0.01495117739759430    -3.73303864015722064    -0.73046059286233855
 3.73303864015736231    -0.47620046034420338    -1.95680686789196301
-1.95709693272119889     3.73303864015736186    -0.47590622676564009
-0.51114092896399210     3.73303864015724685     3.73303864015724196
-0.52541380371651336     2.31744366613085040    -0.49605460962284897
-3.73303864015734277    -1.73303864015730813    -3.73303864015723663
 3.73303864015727394    -1.93008601558187820     2.32389410844497935
-0.50985948982979024    -2.02849968518433066    -1.90703496512032933
-1.90943279974334956    -0.53339622678205934     3.73303864015734987
 0.90618066959131260     0.90045797422639862     2.31787101377821303
-0.53323647565090737     3.73303864015734632    -1.90886375289547483
-3.50165941347735821     3.73303864015736142    -1.74646781245929672
-2.77417609000970744    -3.73303864015733122     1.97787978412043097
-3.73303864015734010    -3.44630504499147294     0.24630060449055211
 0.89260499561600004     3.73303836562799995    -0.50637187218299995
 3.73303831374999984    -0.50664257466100004     0.89243469720699997
-3.73303864015725395    -3.73303864015734810    -1.73303864015733100
-1.74646156970488953    -3.50171301867862050     3.73303864015734765
 2.31829991437105898     3.73303864015731390     0.90481302692646071
 0.25814462942563432    -1.75303598238242042    -3.73303864015732056
 3.73303864015736186     2.31882507778427538     3.73303864015736186
-1.87569543695381968    -0.54131657996890825    -2.00387679630900273
 2.10411233365733130    -3.68169117706346594     2.61753120604552558
-0.47555579759449512    -1.95743373097950402     3.73303864015736364
-0.51290542159490293     2.30977654299722701     2.32185065189970752
 3.73303864015728282     0.91670848115885173    -0.52160490277317240
-1.73303864015733700    -3.73303864015723308    -3.73303864015732190
 3.73303864015725972    -3.73303864015735476    -3.73303864015734721
-3.73303864015736453    -1.94812260531569170     1.57123433017162406
 3.73303864015730591     0.90472108982625243     2.31821552065331815
-1.93851711291706863     2.30005546590972854     0.91916151804794288
 2.31748652490875529    -0.49616136524125926    -0.52492245439238872
-1.97881997822876987     2.29899076758790821    -1.86983406150921128
 2.30975139678344377     2.32175897475152260    -0.51230257487149133
-0.54960260455111931    -2.14343076717183889     0.80815566936249172
 2.30030373628244256     0.91911873230826358    -1.93796420793516222
-0.50705609296928544     0.89255593661562327     3.73303864015711806
 2.00145359278090895    -0.77279424776531203    -3.73303864015733566
 3.73303864015714959     3.73303864015721754    -3.36192703211521104
 0.94021790603863054    -3.46303472110660016     1.00584292488590132
-0.72883564385441180    -0.01353319705666956    -3.73303864015723130
 1.97861940700394379    -2.77282347971582555    -3.73303864015734721
 3.73303864015734277    -3.49911099944609338    -1.74676628750495433
-3.73303864015721221    -0.72990758118825283    -0.01494099273255742
-1.75373274018279002    -3.73303864015729525     0.25778971799937450
 2.31762621203656494     2.31773474148373237     2.31793525112526311
 0.91672149997548180    -0.52161900523274429     3.73303864015729170
-3.73303864015734943     3.73303864015729214     0.44389323604610370
-1.87092855263437197    -1.97800653519486080     2.30037970160320082
 1.00753058760429992     0.94174259712089270    -3.46381667354176281
-3.73303864015632625     2.62573303315974727     2.10938844549937565
-3.46365466797761234     1.00641498187426848     0.94036850294553898
 3.73303864015729081     2.31935062314837337     0.90408616527594954
-1.73759443099847299    -3.59819928053054028    -1.73759443099853850
 2.31943508077206273     0.90400177542697679     3.73303864015723796
 0.90430307300286816     2.31805571187851944     3.73303864015731524
-0.49807574220799999    -0.53600706240999996    -0.55378850122900003
 0.92975176167902751    -1.93636347812122533    -0.52174425052660633
 3.73303864015727216     2.31449397347166563    -1.95205787910202089
 0.44489366136753333    -3.73303864015736275     3.73303864015733122
 3.73303864015733922    -1.90900794952614050    -0.53368249376469024
-3.73303864015734943    -3.73303864015736142     3.73303864015723974
 1.56954654248395897    -3.73303864015736142    -1.95085683002884158
-2.03770213853582627     0.89422856109541748     2.33825032583737613
-0.52167034157775827     3.73303864015724862     0.91677123102504376
 2.54789976024387999    -3.73303864015732989    -0.15280151555146543
 3.73303864015730769     0.44303873115872205    -3.73303864015735298
-3.73303864015732811     0.25758254925359847    -1.75415439030053144
-0.49636473177569179    -0.52532825415614193     2.31770350560162886
-3.73303864015734277    -0.15292528952653789     2.54765267528127559
-2.14526945545930126     0.80547622834573163    -0.55009587057817877
 0.24699540751582288    -3.73303864015734543    -3.45114296786871888
-3.49933779084170737    -1.74673959091297637     3.73303864015736142
