115    9.50611411140799945
 0.41966481762847396    -3.75305705570395487    -2.41067648293588555
-1.83841059949381047     1.83841059949388663     3.18354732914941918
-2.17690019882429020     2.17824639119741992    -2.51976817905092609
-3.75305705570396686    -1.90017028958913348     3.00298121987394762
-0.68930553964499996    -2.17057862732099993     0.43807152913399999
-2.40801125291862439    -3.75305705570399306    -2.27295901943973933
-0.91680244285243573     3.75305705570342774     0.10395473350067631
-0.92544105294292200    -3.75305705570395576    -0.93057844667127099
 0.85686123514858770     2.33897549505207891    -2.34011442179472873
 3.75305705570394332     0.91760137278277787    -0.92897748113565370
 2.12159858066481233    -0.66322454361627325    -1.17872882977529847
-3.75305705570396997     2.25355472873857421     1.59105755639167201
 2.27346169138325571     3.75305705570384385    -2.27611327840701927
-0.74855271787526834     2.17782603264981445    -1.11683978403886064
 0.79388145183124614     3.75305705570391002    -3.75305705570382120
 3.75305705570397752    -2.21527677600641093    -1.52548201612456191
 0.66695559452761599    -2.11887467582338651    -1.17647936900467598
 0.06265700398388944     3.75305705570394288     3.75305705570335091
 2.32940344073070049     2.32113135220795330    -0.87141029058072794
 3.74423399293999992     3.75294518542000022    -0.76741249019500002
 0.41422877848155776    -0.26750196643421892     3.75305705570395842
-3.75305705570385273     3.75305705570391224     0.26761780656339279
 0.68808143223243456    -0.68742909525117779     0.25104687881105109
 2.34488859310849929    -2.33935464639861124    -0.11067946345833340
 3.75305705570398329    -3.75305705570397841    -0.24672018866282838
-2.29927037702137049     0.88396495743033365     1.48748076742398405
-2.40098727633418418    -2.26660596502413769    -3.75305705570391135
 3.75305705570398418     2.01478071567324202     2.76391835678985087
 2.06954829108168958     1.58188018004127295     3.75305705570395709
 3.74025297007199997    -1.96074217843700005    -3.75261291794500007
-3.75305705570389359    -2.27291814942976211    -2.27933134579613572
-1.57504181444957392    -0.06061429618917301     3.75305705570399439
-0.97811951169529909    -2.32394526968870618    -2.34872108148259739
-2.34295615795765277     2.34247744268631575     0.11969683606040565
 3.75305705570314441    -0.87463253812520614    -0.04134151487950598
-1.96744409111061436    -3.75305705570399661     2.73386856846034210
 0.69603227690244529     0.73926146670736070    -1.15055606941910726
 1.75327981133708444    -3.75305705570391979     3.75305705570384873
 2.26851376322160592    -0.44939609122284369    -3.75305705570398418
-0.75733366899282695     0.75700495631604814    -2.52438742584117426
 3.75305705570380344     3.75305705570394110     3.75305705570395087
-3.75305705570395665    -3.75305705570394332     1.75410654917822084
 3.74659013426599996    -3.75069543710799991    -2.85683574960100017
-2.33871307527419736    -0.85238082539568316    -2.34022685418449994
 0.49415297790898888     0.93334546650712591     1.97713962765417661
 3.75305705570387049     1.06173431676480146    -3.75305705570393755
-3.75305705570395265     1.93734299601683957     3.75305705570393888
-2.04262609766566205     3.74699398481892620    -3.75305705570380699
-2.15108484718807969    -0.69231207105079462     0.26543666910726205
 2.09074379479161632    -0.10259257376782563     2.67504857136940322
-3.57503312319964595    -0.05471811736690982     3.75305705570388159
-0.73863070232563177    -0.69632284491979457    -1.15052844428849599
 2.32657779084605076     0.97750136582013647    -2.35284556604240214
-2.03230154643962546    -3.73001645957632366     0.73505325897866636
-0.60957010383265264     2.32816276807953271    -3.75305705570393666
-3.75305705570387094     2.33466889349556483    -1.29859597035681951
-3.75305705570352810     0.62489256676046523    -2.34239814720806372
 2.03826383878918493     2.18373588722106415     1.74856700221832062
-2.32723442163867000    -2.32772313555122912    -0.87228121223698052
 1.75330535443241309    -1.75305705586703220     3.75305705570381631
-3.75305705570393933     3.75305705570394332     2.91449730621991554
-3.75305705570397485    -0.79928980880589262    -0.92714071067465753
-3.74553248768970937     2.04263190273123074    -3.75305705570364401
-3.75305705570398684    -2.17752206939622361     0.52216113361778627
 3.75305705570396464     0.24220777703518145     1.61777503028314396
 2.27082757808246916     2.40449109878837719    -3.75305705570389136
-0.72639863361947243     0.72649510925192740     0.25907727281443049
 1.75305706810745732    -3.75305705570393400     1.75305706810748019
-3.75305705570395709    -0.48578322266992813     1.58894118333619083
 1.90785702984395455     3.75305705570382386     2.98154110345996104
-0.62437880286267933     3.75305705570387449    -2.34290179830996115
-0.25090121981699998    -3.70194110755699990     1.68737558665300003
 3.75305705570376480     2.03444168794316260     0.73013906402699769
-3.75305705570395931    -0.79286673717038658    -3.75305705570379367
 2.08870243967918645    -2.09296544178131905    -2.62773591139418095
-1.06290538234682308    -3.75305705570395043    -3.75305705570398507
 3.75305705570386516     2.40740087212317189    -2.27346876101179385
 0.00221078913954941    -1.98967424716110308     2.81621121550068532
-2.32866462750560466     0.61109416345726164    -3.75305705570395665
 3.75305705570389225    -3.72320788632354160     3.75305705570397974
-3.75067394158500012    -3.75100746211399994    -0.75005313994699996
 0.07689148860008926     1.75310771148351630     3.75305705570396908
-3.75305705570253156     0.91232807905314517     0.10744336322220856
-0.24667126283224061    -3.73906774088990623     3.75305705570394332
-2.17866979485724066     0.75390904039406748    -1.11575251687462029
 0.86475894214406057    -3.75186870525132843    -0.03884834994145319
 0.69446960517283707     2.14944524022959493     0.26767497062750001
 3.75305705570397796    -0.42304286509842898    -2.41311798238070718
-2.25126703121254224     3.75305705570383097     1.59365412009279717
-0.89505490718150726    -0.49803514989776154     1.83136245871899939
 2.18079623955876745     3.75305705570398551     0.51693573236428647
 0.48452925013653680     3.75305705570381232     1.57650087929794247
 3.75305705570382075    -3.75305705570386294     1.75327981133717148
-3.75305705570396420    -3.74034519288545431    -3.75305705570396730
 1.94592933480100005    -3.75189882854599999    -3.75096272226699989
-2.19043112881691560    -2.02019710117672835     1.76048623915149016
 0.44490740324684935    -2.27070176437662807    -3.75305705570397841
-3.75305705570390691     3.75305705570367465    -2.71652959492142854
-0.88398418629053954     2.29732687133641722     1.48694305082810896
-0.92368521699004036    -0.81229364597042164    -3.75305705570395176
 2.20986492064582363    -3.75305705570396997    -1.51894581106423199
 3.75305705570390513    -1.72323381335860937     3.74287336933502912
 2.14789480426399981     0.69646172578400001     0.33850675244799999
-1.90383150279864166    -2.03340352487918263     3.75305705570399395
 0.81474061806367293     0.92411897692087586    -3.75305705570387316
-3.68827378270453687    -3.75305705570394332     3.75305705570395443
-2.34303052594043271     3.75305705570398329    -1.29814135985911805
 3.75305705570380610     3.75305705570396464     1.75305705570394710
 3.73211136830708590     0.27663057472159669     3.75305705570383363
 0.79698168304828065     3.75305705570380388    -0.92703700740261197
 1.61793020216685113    -1.75979372590248317     1.66009455862161937
 3.74777370433385881     3.75305705570379322    -3.75305705570381276
-1.93734299601689197     3.75305705570399661     3.75305705570399351
 0.67767026186800750    -0.67707874842116367    -2.56252038604103927
 3.61600194790144736    -1.75776593099045075     1.74787376274913608
