117    9.53554214592199934
 3.76776241259800004     2.23714679710800013     3.76777051291919651
 3.76777107295691094    -2.31232274712641805    -3.68649296614800681
 0.95508208102188352     0.46215651161575555    -0.48737518953815184
 2.35605477126463070    -2.35175850928519825    -2.27033552233336566
-1.88883803432849295     0.43571070394383782    -0.47462447195250890
-3.76777107295852876     0.93934394821506617    -0.93934394820976219
 2.35848123430042911    -3.76777107295831470    -0.80688132469198814
-2.27091814919771995    -2.35780514710947786     2.35329723512319822
 0.93525131587129018    -0.94312802217162284     3.76777107295823832
-2.35355751058448215     2.35355751058652718    -3.76777107295798253
-0.44941176626727680     1.88593741774930268    -0.47172385537440992
-0.93934394821035205     3.76777107295835334    -0.93934394820894085
-3.76777107295862157    -2.38907854459816749    -1.77407138424491739
 3.76777107295801539     0.48023691922206513     2.35640181682583671
-3.76777107295836444     0.51798762533441467     3.76777107295864777
-0.46728495623412986    -3.76777107295820635    -0.48243359650634754
-0.47311646628848580     0.44278235683268996    -1.88733002866236665
-3.33071109263455245    -0.95113166539052441    -0.45449291133164238
 0.47486961416648399     3.76777107295822011    -2.35355751057835860
-3.76777107295811309     2.35355751058666796    -2.35355751058435958
-0.93934394820884071     2.35355751058568963    -2.35355751058246732
 2.35561817765197246    -2.35150139430448712     0.93732852442703440
 2.39462266485599562     1.94039440635062643     2.33944742362258573
-3.76777107295858782     2.35355751058664442     0.47486961416486079
 0.94022433149760576    -2.40166165345450500    -3.68204861005125617
-3.43702363407553024     0.44515446644233814     0.97347161259170012
 0.93934912697082107    -0.93934775573343687     0.93934772075644468
 2.30929187843896777    -0.94622161303199614    -3.76777107295859759
-1.87595209087673198    -2.36668859624120476    -3.32855130780622321
 3.76777107295860159     0.48276020760118299    -0.46695714726159554
-0.51799263222738945    -3.76777107295860203    -3.76777107295835068
 3.76777107295855362    -0.93926232823210365     3.76777107295855318
-3.76777107295844660     3.76777107295864733     1.88908317653905811
 0.93926232831103640    -3.76777107295781732     3.76777107295855229
-1.88883957546913628     1.88883957546905834     0.97851003005977555
 0.93741516714120454    -2.35544932271349694     2.35166943049597732
-3.76777107220884044    -3.76777107277282663     2.31562320865399185
 3.76777107295863134     1.90401349450877788    -1.87409576674951106
-3.76777107295729952     3.76777107295829383    -0.93934394820976330
-2.35355751058421792     3.76777107295855407     0.47486961416341783
-3.41517518648573049    -3.76777107295879699    -3.17937670803937911
-3.68438031097435248    -2.39506842396838815     3.76777107269516121
 3.76777107295820279     2.29899513347214324     0.93023879185928093
-0.52217244058251222    -3.76777107295829872     2.40241089473851144
 0.94449324593614425    -3.76777107295840086    -2.22132042509956529
 2.36562061276585789     1.93317055548713768    -0.44821921081056854
 0.93538488459012537     0.47505087571123811     2.35753400211508746
 3.76777107295823743    -0.97742008680345704    -1.92645911426868133
 0.96841656108729723    -0.95632703154053944    -1.91364071079944087
-3.76777107295879699    -1.88908317653391422    -3.76777107295879521
 0.95125159409074178     0.45533017733033598    -3.33030202831710964
 2.35351669935469543    -2.35351670063431762     3.76777107295859404
 2.37192682170665670    -0.94942022752019850    -0.48882098732758927
-0.49114337499133781    -2.37435282767444145     0.95207550753090275
-1.77365474285691604     3.76777107295814817     2.38895236577931946
-2.16480570871495148    -3.76777107295833247     3.76777107295833247
-1.90133379383071199     1.87711741660553222     3.76777107295863889
 2.38926794057579661     1.77469738255499765    -3.76777107295861180
-0.48277264606872633     0.46726484627762632     3.76777107295860558
 3.76777107295827118    -3.76777107295823788    -2.22600152801124640
 1.00296829244118424     3.37673224294373986     2.32422484462783263
 2.33084739842121325     3.76777107295691494     3.76777107295725644
 0.47486961416150547     2.35355751058435203    -3.76777107295836400
-3.17899580502513945     3.41581159842038096     3.76777107295850477
 1.88908317653324920     3.76777107295879787    -3.76777107295870461
 3.76777107295863400    -3.76777107295864910     3.76777107295868419
-2.35355751058368767     0.93934394821434219    -2.35355751058274176
 2.39844129522339289    -3.76777107295817748    -3.76777107295341640
 3.76777107295843416    -2.35351670059551354     2.35359832175331851
 3.76777107295773295     3.76777107295696867    -0.51243438768129590
 3.76777107295703173     3.67717389727638544     2.37959150772903216
-0.93934394821039735     3.76777107295864866    -3.76777107295627145
-0.77604396901278794    -2.32855572048883053     3.76777107295842617
-0.45122587427251881     3.33698518253859522     0.95173094785164503
 0.94346527736633934    -3.76777107295852076     0.93523483383842876
 2.35202576419767340     0.54108134024888188     3.76777107295790037
-0.44407113949900001    -0.97409785527699999    -3.44423289478200001
 0.96248886783743326    -2.36937257490264086    -0.49754824625593236
-0.46260905884402553     1.93679350208689849     2.37978335624097070
 0.97844993102388700     1.88882666127772225    -1.88882666128087640
-0.44946127550343717    -2.36686671119092917    -1.91414334044133194
 2.35351670063495666    -3.76777107295859937     2.35359832171385586
-0.47184408771253744    -0.97571424230037285    -0.47741308809125715
-0.47785228655784778     0.47186843961511871     0.94234830045343299
 3.76777107295839375    -2.38170332043682009    -0.50238446744139786
 0.97626590740055796     1.99273033929293164     3.76777107295824631
-1.92562526082483454    -3.76777107295822855     0.97751785266346458
 0.97647683505731986     3.44374728757309656    -0.44478859254197589
-3.40144283998892361    -3.76777107295862779    -0.37228304859207223
 3.76777107295879699     3.17994900183436435    -3.41422192429174221
 3.76777107295860114    -0.93524341911296627     0.94345616614179084
 2.38757521104081727     3.76777107295690694     0.93499760821612243
-2.22004195303625895    -0.94476750615235316     3.76777107295832803
 2.36978810884872226     3.33427287137408301    -1.87541749149663728
-0.32491081353872131     3.76777107295684210     3.76777107295724845
-1.91404991347954212     0.44961343143341714     2.36703174223843771
-1.87680241519144864    -3.76777107295860469    -1.90132771972150194
 0.94629754400053057     1.90630371731002390     0.96061016121321896
-0.48168621134415002    -0.94614094318147779     2.35275061586864442
-1.88883803433095210    -0.97850285843799789    -1.88883803433078135
-3.76777107295861535     0.93934394821446143    -3.76777107295861269
-2.35355751058340301     3.76777107295819835    -2.35355751058280882
-2.35355751058664664    -0.47486961415987489    -3.76777107295856650
-3.76777107295859714    -0.47486961415700324    -2.35355751058388485
-0.93934394821257428     0.93934394821224232    -3.76777107295860159
 2.35150581218510535    -0.93725143985939707     2.35561362159032006
-3.32855845988468380     1.87595076510869174     2.36668992201432538
-1.91494411837475909    -0.96980455767853302     0.95804211396468053
-1.93108354335975951    -2.37976038527597078    -0.46241149908702950
 3.76777107295864422     0.37254412702277995    -3.40212730915143036
 2.38117711578742508     0.46387324304229444    -1.93200305511515169
-3.76777107295859848     3.76777107295861358    -3.76777107295861313
-2.34742702661199987     2.34741258638800021    -0.93319638763900004
 3.76777107295860691    -3.76777107295861269     0.93942557046900221
 2.35100415269615004     0.48273505027895491     0.94474844116506973
-3.76777107295846703    -2.30966659591140111     0.94670708015956673
-3.67794224846430673    -0.93716250087375785     2.39865862597468160
