131    9.87773574764920070
 0.72111652126436776    -2.91000834954290521     0.68412934411565818
 1.76153573067238156     3.93886787382452885    -0.82957147805482456
-2.02829261217514167    -3.93886787382442405    -3.92351109268462483
-0.01020365273847900     3.51907353318459348    -0.00209805320204691
 3.93886787382454262    -2.52421281405745068    -2.45498288760926942
 2.08203017946900015     2.37409751941300007    -3.93884493582400008
 2.21275844290160073    -2.93522176505829879     2.12736077687127345
 3.93886787381932546    -1.18328576619663695    -3.93886787382460257
 0.51013853791856067    -3.93886787382450310     2.43359589489992301
 3.93886787382452130     1.56343024224334926    -3.83416746808448661
 2.12306436071235227    -1.48376518919024325     0.66482382639461446
-0.95389182530374983    -3.93886787382452530     1.05263323584834945
-0.70325909709706869    -2.94464755194834460    -0.71942123333936148
 1.03895600291946200    -1.18766036591219093    -3.93886787382418069
-1.02616994046406518    -1.17279319113369063     3.93886787382435788
 3.84445277684380304    -3.93886787382460124    -1.04436711733824583
 1.46918956882346596     3.90899564142765321    -2.80786401743928060
 3.93886787382444759     3.93886787382453729    -0.16748266853076521
 0.41445768857480786     2.23791194620492817    -2.49961096498415669
 3.93886787382452130    -2.00811393929064508     2.52863040178615384
-3.93886787382452397    -1.27819380415030182     0.95599260514184492
-0.75131539360342425    -0.16614077297499946    -0.71109156789693762
 3.93886787382444892    -0.71615604212904205     1.00191995380927246
 0.90772692197950489    -0.66284914966353270     3.93886787382437298
-0.48217157567422414    -3.93886787382439607    -2.44337623124133563
 0.50558292909400138    -2.62200208115870526     3.93886787382439385
-3.84603755298981564    -2.58239578015084703     2.47211431899021905
 3.93841341276154777    -3.93886787382460080     2.00566684375734638
-1.70993460850122903     3.93886787382442982     3.19937150884380106
-1.54786246316958143     3.93886787382452574     1.20594917032453863
-3.93886787382452663     3.93886787382453285    -3.93886787382452086
-2.18178217675325614    -2.90957888966645184    -2.21558687286197475
-2.43396358616778219    -2.59462950653420465     1.00353339269690633
 0.99979843952712777     2.12917163546441923     3.93886787382438719
 2.43670019422755679    -1.20488324519482548    -2.50847822477964666
-3.93886787382451153    -1.22592368647750938     3.93886787382456971
-2.38073421420222830     0.68498610158598394    -3.93886787382448000
-3.93886787382442671     1.56764130201692597     3.91759876585979283
-2.06090906325822365     3.87785214393660294    -0.72616373187590610
-3.93886787382453640    -1.98907731495910012    -2.47117776496914887
 3.32870903948188523     3.93886787382460124    -2.07213649452481663
-2.45752331043676930    -2.56965665270315791     3.93886787382448667
-2.05945086818453404     3.93886787382454173    -3.25491486453864676
 2.49834700357472794     2.10780930258785082    -0.50656426942780564
-3.93886787382449066    -3.34771109356466212    -3.93886787382455017
-2.44973007377600016    -1.93054432776399998    -3.93886741024960418
-2.12267668960134248     1.21057691076887330     2.15336689591081809
 2.42261728068200011    -3.93883853485300017    -2.45094883896600013
 2.12440886113992455     3.73959617542090772     1.12711293221680164
-3.93886787382451020    -2.63623170898496406    -0.51224887671060959
 0.31040154557092192     3.93886787382441250     1.94544553530526021
-0.49048142275582934     3.93886787382374237    -1.96310920628150298
-0.69809180267244475    -0.19261790573832765     2.19339447216916428
 2.48683387875771800     0.19206774377395328    -3.93886787382447645
-0.39333161051425886     2.15205333428844714     2.50406297714657144
-3.93886787382451908     3.56752820508079305     3.93886787382453241
-3.93859965353800012    -0.57248727764999996    -3.93556533551400012
 0.60236084412223767     0.86196428931792457    -3.93886787382437520
-0.93247224473716128    -2.55506044616462669     2.49645393272234051
 3.93833508885199990    -0.57815042205900002     3.93758715168900020
 2.46274244283154387     0.72847357557912806     0.94124969218867549
 3.93886787382452797     3.56068781828051950    -3.93886787382455505
-3.93886787382454173     0.79603954718866532    -2.29754419586256198
 3.93886787382460080     2.04270947444150863    -1.89244364179414992
 3.93886787382449599    -3.93886787382448533    -3.86875481471683536
 2.42366277848484080    -2.53163453010472050    -1.01196191889431053
 1.96898048105371792     3.93886787382442716     3.11108188582448220
 2.50930835248549133    -0.61336529922904348     2.42357895726834771
-2.40210598671414877    -1.19858795842671673     2.48384225349793342
-2.23145895245113701    -0.21245730518636455     0.75224590202414787
-0.49529209858380113     0.76247103469422650     3.93886787382432857
-3.93886787382451686     0.77272989283962601     0.41436876450064231
 2.41399647155164354    -3.93886787382447334     0.40916470418816381
 3.93886787382451908    -2.64663574873293417     0.47918856734912213
-1.98171366831715523     2.10058572224213380     3.93886787382441828
 0.76552114026925633    -1.55509013777979122     2.15457991086167322
-2.46017540969360349     2.12536266199730850    -2.51287801335953809
-3.88640277206094620    -3.93886787382456793    -2.02895136406563026
 0.71020975694799315    -1.53038605249501480    -0.76380827884344182
-3.93886787382453996     2.02807848975313165     1.97132088329790767
 2.42973657437100021    -1.98537747982400004     3.93611651937600016
 3.78963156186816308     3.93886787382456927     3.93886787382451642
-2.46949918597469154     0.83130684022985402    -0.94118440686554439
-2.42166066982668582    -3.93886787382445469    -0.47730145635089405
-3.63174588525904607     3.93886787382441028    -1.96258953205680431
-3.93802746092016509    -0.68567848407279997    -0.95422332222856776
 0.69007226699429536     1.21739628262523558    -0.80179342927805231
-3.93886787382451375     1.93886787382453285    -3.93886787382454839
 3.93886787382451820     0.11222981245950245    -2.41517519304568484
 2.45239767261777608    -2.60264539988268018    -3.93886787382446357
-3.93886787382436365     2.25444816430930128    -0.92895210706836606
 0.74339238407976782    -0.17625690078740289    -2.23528140253692520
 3.93886787382452397     3.93886787382438275     1.94444351496959644
 3.93886787382448533     0.81559409944757200     2.28789876536878900
 3.93831169622491339     0.70178238488808475    -0.40855879748571694
-2.50613783585291339    -0.59508844099776093    -2.40730556784213512
 0.66538896253029034    -0.11483623288851719     0.69969424556954884
-0.99969594344318380    -3.93886787382448977     3.93886787382444581
 0.96427486178093724    -3.93886787382445736    -3.93886787382437209
 3.93886787382436854    -3.42629244443681724     3.93886787382459502
-3.93886787382400660    -3.93886787382440051     3.93886787382440051
-0.88554287318235636    -0.64332216600072556    -3.93886787382440051
-3.93886787382450443     0.08000201969464958     2.42408800534243607
-3.35525292146448528     3.93886787382457859     2.06230174448108272
-2.50751450385143126     0.17093977509237424     3.93886787382361980
-0.74825390071841047    -1.55393590967652329     0.72905262134560911
-0.80689622784431891     1.29848828764868585     0.64970690566249345
 2.16491595470736886    -0.15411732051135218    -0.82859004437218720
-2.37639190066344641    -3.93886787382449510     2.48329983133948229
-1.03034040134540938     2.20895864233363870    -1.11696126764239878
 0.14832940023927343     3.93886787382441295     3.93886787382452130
 1.00056344397758856     2.09274496208527339     0.96946598661310956
-0.96792098357842538     2.10059861049312691    -3.93886787382452930
 3.93886787382445425    -1.22869723540104103    -0.93129020683010677
 2.46074175973000076     2.16201233340017929     2.33586886138631655
-2.16907668438544654    -1.58410589831938320    -0.70195098615406315
 0.96807771372354623    -2.56235374321002807    -2.48793907249192126
-0.53204827793888299    -2.61183469355388409    -3.93886787382385295
 2.00794054471585204    -3.93886787382437875     3.84513378776128922
 1.04089242817336802     0.75886155570188230     2.45913998826876634
 1.00273130775918839    -3.93886787382448977    -1.03741917375239301
-2.56028500598999997     2.35087332691300022     0.51837132846500000
-1.01835670250649390     0.73984908543400951    -2.47400714040732295
-3.93886787382433479     3.93886787382434145     0.14934759255200808
 3.93667255800213978     2.23353132294414092     0.87742040296428725
-0.18003386254454926     3.93886787382452219    -3.93886787382454395
-3.93886787382451686    -3.93886787382456882     1.00536076415622588
-0.72173764202548907    -1.54383866482268739    -2.16059964838843976
 2.14133718940414575     1.25336395205998374    -2.27926478997469983
 3.93886787382452441     1.94444351496969747     3.93886787382459636
 2.38443031120380100     0.68598260420854040     3.93886787382453063
