146   10.23460799859639359
 4.11730399929781488    -2.70655598480897064     2.69963963167518717
-4.11730399929807955     0.64765105169217418    -4.11730399929809376
-2.25888443881896306    -0.71178063453910501    -0.84044905856263941
 2.30479813675277878    -0.79363333458396956    -1.93386683537179960
 4.11730399929806978     4.11730399929806623    -1.35336289180257352
-4.11710854372199986    -4.11730368491000043    -1.09114812678300011
 2.90699972501653470     4.11730399929815682     0.37186096103139232
 0.78256786283941371     0.59557451222362401     0.82735327932860170
 4.11730399929817015     2.52535802143193644     0.34233864386003882
 1.04255186366836106    -0.91745357706061825    -3.48028298041094741
-0.61862331369960577     0.60558092375550399     2.25443532270152991
 0.81211872108477956     0.59693835864755551     3.65189821522167835
-0.70359577049499999     2.20506291129699994    -2.34588247022300012
 4.11730399929814439    -1.29234852073722162     1.28541997102704264
-4.11730399929813995    -2.20072076411582174     4.11730399929814439
-1.05322559960199214     1.18939694515573535     4.11730399929814528
 2.69753130726530621    -2.70443416250538426     4.11730399929817104
-2.17232702205831796     4.11730399929819679    -1.10404920329741763
 0.98778726885312673     4.11730399929819679     0.93455408175281962
-4.11730399929808133     0.36084264328034621    -0.32265213041879309
-2.08980259917161248    -4.11730399929802804     2.19252610513986479
 2.66335427106499978     2.58481462228000014    -4.11628556154099989
 1.28197529485128014    -4.11730399929806445     4.11730399929770385
 4.11730399929819679    -4.11730399929814794    -1.54645650502442478
 0.77311542213971329    -0.83067151301654119     2.23887161392888823
 1.56608734443660569     0.90466464684053394    -4.11730399929818791
-0.88670060447956411     0.73514779969610733    -0.99377756530578953
-2.26738404648000014     2.17382752151300007    -0.63403458551600000
 2.16421120740877049    -4.11730399929817104    -4.11730399929815150
 2.23331449656822789     0.59376478521727960     2.22914615515319392
 4.11730399929819679     1.53262545588244592     4.11730399929818169
 0.72903955974578338     1.91094754614473117    -0.67827898068746806
-0.85211319393899998    -2.28460152255500004     2.19707064448199985
-2.21489119774176890    -2.04331326680667891     0.65122297105800320
 2.27057361692432647     3.43000985620858367     2.30644545721840943
-1.02924539166560725     2.56947633265522235     2.66995959183101572
-1.08653391188337589    -4.11730399929805024    -1.21435811762134183
 4.11730399929814439    -1.29580166857450485     4.11730399929793922
-4.11724000590900019    -1.36300873712200010    -4.11717359708200004
-1.17215524623339640     4.11730399929816659     1.41146593358623251
 2.62968582991291289     4.11730399929727220    -2.69014716090334627
 1.27671691304713919    -2.71186814007506793     2.69437659600860657
-4.11730399929813373     4.11730399929803337     4.11730399929814528
 0.71572207473474903    -2.27157185245097404    -2.04517114319412441
-2.63406732416988865    -1.38438432986020521    -2.68621233471297360
-2.50365687528038006     2.62776864473520488     1.31988078548775167
 4.11730399929513435    -2.70124822745714610    -0.13408755498488775
-4.11728229391700040    -4.08630996225299992    -4.11723422338500011
 4.09200018722799985    -2.19766757659800005    -2.11149160927800006
 4.11730399929815860    -2.17133202035758943    -4.11730399929815505
-0.60923343053090406    -0.80973195502393958     3.68409588179574854
 4.09381415019100015    -4.11681501022500029    -3.57317858649699982
-0.13223826766638228    -2.70309043706953567     4.11730399929802271
-0.12909578174327410     4.11730399929814350    -2.22316840137437532
-0.67753287609577217    -2.25505996499596462    -0.61040008147068270
 0.67879929072014655    -2.77806860633707808    -4.11730399929816926
-2.52824933193338985    -2.73120783651007981    -1.20042703385883298
 2.13032721865090657    -2.25369123901276369    -0.57821539991662019
 4.11730399929814705    -4.11730399929814705     1.28196899305159318
-2.59722662825958306    -2.78103010122808803    -4.11730399929811774
-2.38525341721830353     0.62494817598797947     0.64184206277799438
-2.16423721362024368    -0.66006195684452484     2.15838444473272961
-2.66752056836377571     4.11730399929801738     2.73957833597172273
-4.11730399929810265    -0.53004919831982678     3.01782388613521935
-3.54628914023123309    -4.11730399929814972     4.09179452374800690
 0.77390224719553058     0.48504079045248344    -2.07998410779016751
-0.42659873735247006     3.50817038657905478    -0.34156051627727385
 3.75161886420751234     0.61308806918783842     0.80004817152844698
-1.22804305718558404     3.94474533847714603     4.11730399929808577
 1.22871262092677935     4.09500094282959104    -4.11730399929756885
 4.11308731967993868    -4.11730399929815416     4.11730399929815416
-0.71534786173499998    -0.85037800350299997    -2.20146453319099988
 4.11138066946500036     1.09596041786199994    -4.11450614454699970
 2.26332836129257187     0.63593563370617501    -0.53579215116314405
-0.78682513904318785     1.82645834256701289     0.67926343551358115
-4.11730399929819058    -0.11010921921774924    -2.26641249198849604
-2.69550117984079307    -4.11730399929806268    -2.63247600190291431
 4.02037986247800028     4.11646866396200029     4.03690642233499997
 2.70030863393749110    -2.70588046556526285     1.28475161257364023
 1.27842457322585257    -4.11730399929809643     1.27144050134134745
 2.69963493076998429    -4.11730399929817636     2.70174954995708516
 0.72547077145759575    -0.83018815129576684    -0.57405342447648178
 2.70030812428037592    -1.29301112901446191     2.70030812427998734
 0.79984683108499999    -3.76312803363199988    -0.65112528500099998
-2.36614682091438588     0.85364899411987005    -2.33437308954003164
 2.79246052809231582     2.63262405782996289    -1.15207889292099974
 4.11730399929815416    -0.22908495197644771    -2.56323764970456125
-4.11730399929814705    -2.94321955174953542     0.55592890173743637
-4.11730399929806445     4.11730399929756974     1.36185267264521337
 3.68051585136927306     2.01383023565703034     2.22583418094238406
-2.50544740992216886     1.22204908328575890     2.74253650931806092
-4.11730399929806268     2.64361251034939970    -3.99026913969285824
-4.11730399929819679     2.29505147635081830     0.18610733148060199
 3.81910658010357595    -0.78612284031550506    -0.62741609735185921
-1.73109303020939209     1.89021064272698758    -4.11730399929819679
-2.09500684382766966    -2.19400282761267151     4.11730399929759283
 1.28331774474760785    -1.29022060027684526     4.11730399929806890
-2.24063021527031925    -0.04379345681370017    -4.11730399929814528
 2.70309043678045136     0.11841189365399250     4.11730399929818791
-3.10545740272479076    -2.40748606721272607     2.40458260501407084
 2.90783934091409257    -0.57847444978828300    -4.11730399929803514
 0.20945978766631568     2.37420936280242278    -4.11730399929806623
 0.84332540108449761     2.03175106020320273     2.21793065746325890
 4.07307442600700043     4.00469033318100021    -4.11716988025199981
-1.54645183018394938    -4.11730399929815860     4.11730399929817903
-0.78976757496063354    -1.42038257450772543    -4.11730399929819679
-4.11730399929819502    -1.55797913995735593    -0.88667603432046682
-4.11587937617500010     1.14301960019499993     4.11729837974000024
-4.11730399929816393     4.11730399929815594    -2.63814732735484325
-4.11730399929805824    -4.11730399929806268     2.17504153216955753
 2.21781298400939564     2.01790290904206060     3.72177944090510726
 0.70699823713855681    -2.25152326412014370     0.83288127995309802
 1.46008695985534320     4.11730399929814883    -1.00887922090494908
-2.59094436003842388     2.82655894722127377    -2.57331321459061968
-1.16662556713101884    -2.74312535098447441    -2.66529518354813844
-4.11730399929813995     0.88734844139499347     1.60680158619419555
-4.11730399929800761     2.59105744984398534     2.65435856055485964
 1.26906380700288213     2.67170421512135547    -2.44735306138115094
-2.77116301862576631     4.11730399929806179    -4.11730399929814794
-0.77116301862576497     4.11730399929805824    -4.11730399929815949
-2.75497214503883292     2.65304585304421892     4.11730399929803159
-4.11730399929798807    -2.71540829917582682    -2.51773634632334575
 1.77215802582433390     4.11730399929814972     4.11730399929816659
 2.18666008301258863    -0.82868449912078324     0.82399086153539902
 4.11730399929818525     4.11730399929815061     1.96408065807562471
-4.11730399929819679     4.11730399929819679    -0.63814732735482937
-1.10914999403106851    -4.11730399929810886    -4.11730399929814794
 0.35030640309621208     2.61454308029597593     4.11730399929819679
-0.15086367320499999    -4.11725363960199964     2.68437112974900005
 2.17609273613300003     2.20433102080599985     0.70682121367200001
 2.18630431108978618    -4.05272188675017730    -2.06324403861812611
 2.70308962359019089    -4.11730399929818613    -0.13224375598668756
 4.11154243394800023     2.60622983063599989    -2.67842013780599997
 4.11730399929808311     0.11841189365449151     2.70309043677993222
-0.81596792060277790    -0.61430170980481358     0.68187643144684085
-3.88200092791111695    -1.03200267366390031     1.09619042129665623
-0.63774429094200002    -3.74037020598900005     0.77376463850900001
-0.35285268977029366     0.49297228938208104    -3.73236433139122203
-2.52904417557255723    -4.11730399929819235     0.24135547252958159
-4.11730399929819679     1.82409961385272235    -1.75765303008909890
 2.63837041098065495     1.11181379680908998    -2.44180459468170330
 4.11730399929819679     1.13529857496922770    -1.09562336373953184
-2.47376196301128282    -0.23019414047117456     4.11730399929814439
 2.38179665173881983    -2.38257982450669381    -3.14602205680682578
 0.26709506836786628     4.11730399929814883     2.80019143991214658
 0.28639129037864236    -4.11730399929819679    -2.68466150254321612
