147   10.26156162282933870
 0.28362323915043841     2.47646190694743673    -4.13078081141466935
-1.05476949817106536     4.13078081141456277     4.13078081141455034
-1.03228638991133681    -4.13078081141466935    -1.13262208226642258
 2.72136301418700022     2.62174051496700011    -4.13077806522199964
-0.94339612338830492     4.13078081141466935     1.49979916407504765
-1.88997766802390554     0.71274600052702408     0.71266308188809202
-4.13078081141455211    -4.13078081141452103     2.22438919565652826
 2.71656724904142433    -4.13078081141458675     2.71656724904145852
 4.13078081141465248    -2.71656724904151270    -0.11185987570467257
 3.69133184978185858     2.00363635982953303     2.23900432728979393
-2.47258509569521046    -4.13078081141466757     0.25501606873595550
-1.88997766802321632    -0.71266308188704719    -0.71274600052698533
-0.73127019106400004     2.39944936927799990    -2.39502179854500019
 2.24255010375400010     0.58954721519200004    -0.58631140177700003
 4.13077853575299958     2.71533064764100018    -2.71487060022800009
-0.73615395748599999    -2.28116101254900006     2.28113706296100016
-2.15154833555237124    -2.20132075257717208     0.67229209247612609
 0.76127672521085932    -0.84600962622477671     2.26022318859788829
-0.11185987570528887    -2.71656724904080571     4.13078081141449971
 0.50502120620299640     4.13078081141266118     2.87896095274946751
-3.52607343807791196    -4.13078081141453257     4.13078081141450770
 2.24663102071406229    -2.24360594459571017    -0.58755638683365696
-2.38578661518199997     0.71719969686600005    -2.24772533136499986
 2.24516272825049024    -0.83094916587728729     0.83094916587731382
 4.13078081141464626    -4.13078081141463471     1.30235368666845464
-4.13078081141349340     0.83960064150909974     1.60345956411969492
 2.06481191057701130     4.13078081141462494     4.13078081141463560
-2.51385233258321161    -1.37109254818029824    -2.75563383561248409
-4.13077927520499966    -2.63730204118099998    -2.55955882456700001
 2.06481191057706415    -4.13078081141464182    -4.13078081141463027
 0.37059619194799998    -4.13078024780799957    -2.57673366023800021
 0.83163688711407446    -3.65703314965556192    -0.58366564470454263
 4.07907643345200022    -4.13039084184999972    -3.57127959656699989
-4.13078081141462672     2.33257216589526806     0.27265678858453996
 2.26110256830188749     2.01323212998649126     0.84102288120676183
-4.13078081141466669     1.58058961988146063    -1.58058961988104807
 2.27106017843738828    -2.27611768642135770    -3.41127657598945389
 1.28610331084549312     2.40177653133766311    -2.40177653133774704
 0.37067410963699998     2.57675043664300008     4.13078044490000007
 4.10646846556799971     3.63789186096499995     4.12527358791600030
 4.13078081141464626    -4.13078081141466313    -1.52607343807784646
-2.84031135072674079     4.13078081141463826    -4.13078081141463560
 2.72090001048400021     4.13077984759499994    -2.62129069616399990
 1.40880411101699998     4.13078036709799967    -4.13075136365400031
-3.17136567640773448    -2.38311722495548173     2.38311722495536227
 4.13078081141466935     2.53789643354288375     0.36245142802059166
-4.13078081141466935    -3.04992403738647866     0.54160916426863936
-3.58940941716427808     0.21917179028452582    -0.21917179028465059
-2.56737355058392458    -2.82233555821246096    -4.13078081141423237
-4.13078081141453080    -2.22438919565653137     4.13078081141452280
-0.84031135072674068     4.13078081141465692    -4.13078081141465425
-4.13078081141139464     4.13078081139733833     4.06963573731513595
-2.53720722541396482     1.21087673434183385     2.75353664366866235
 0.76127672521020684    -2.26022318859801308     0.84600962622493381
 0.84248498590097676    -2.25682388242951681    -2.01170497424943040
-2.13132569154594620    -2.22513366666899870     4.08410459269206427
-1.52607343807763240    -4.13078081141466136     4.13078081141466136
-0.59606476801931896    -3.72884425776623996     0.81814879435264620
 0.83163688711417072     0.58366564470479454     3.65703314965536785
 2.23784948704900000     2.00532536466700018     3.69819525553399986
-1.03228638991120225     1.13262208226663730     4.13078081141466935
-1.13010298366590556     2.63105222304543540     2.80974370853229471
 0.28362323915057358     4.13078081141466047    -2.47646190694752599
-4.13078081141463560    -0.27265678858405923    -2.33257216589501759
 1.30235368666758600    -4.13078081141460807     4.13078081141460807
 4.13078081141452813    -2.71656724904145985     2.71656724904147051
 2.27106017843742070     3.41127657598934597     2.27611768642140033
 1.30235368666840623    -1.30235368666830453     4.13078081141462228
-4.13078081141463915     4.13078081141462761    -2.60281203849030529
 4.13078081141464715     0.11185987570467289     2.71656724904152336
 2.93181806904363063     4.13078081141463294     0.52122076113715632
-0.94339612338852341    -1.49979916407536584    -4.13078081141466935
-4.12710748090399981    -1.39986073621199991    -4.13077929740000016
-0.62137085307072415     2.24571008975121655     0.91430100045349771
 2.71656724904143809    -1.30235368666833651     2.71656724904145808
 0.50502120620298963    -2.87896095274956654    -4.13078081141272246
-4.13078081141464093     2.60281203849030707    -4.13078081141461961
 3.66189351259250584    -0.83044717255179512    -0.58376638982137052
 2.93181806904333619    -0.52122076113719262    -4.13078081141462583
 3.66189351259274831     0.58376638982142459     0.83044717255175204
-0.11185987570527564    -4.13078081141440379     2.71656724904081681
-4.13078081140167441     1.14117086715521499     4.13078081140058639
-2.20904749507206466     4.13078081141460807    -0.04878942084833945
-4.13078081140146480    -4.13078081140080844    -1.14117086715462879
 1.30235368666839468    -4.13078081141460896     1.30235368666829410
 0.81562129265703553     0.56768175947250143     0.84653180290071350
 2.85658875044106386     2.59236831563715864    -1.17815475326421115
 2.71656724904159308     0.11185987570470972     4.13078081141466047
 2.71656724904160551    -4.13078081141465514    -0.11185987570469483
 4.13078081141456277     4.13078081141450415     2.12199817927073653
 0.84248498590047138     2.01170497424985717     2.25682388242949328
-2.37089732960799981     2.25234825759299984    -0.71951917253300002
 4.10394382407699965     4.13034534000600040    -4.12983287575200020
-1.13010298366643203    -2.80974370853243682    -2.63105222304532038
 1.59609362325839554     4.13078081141466757    -0.96734909113822809
 4.13078081141464715     1.52607343807784646     4.13078081141466669
 0.81562129265679928    -0.84653180290074304    -0.56768175947223265
-4.13078049086754628     2.55137835110541600     2.63778061518349416
 4.13078081141456099    -2.12199817927056200    -4.13078081141450326
-1.65102192482567167     1.96936419495905435    -4.13078081141466402
 4.13078081141453080    -4.13078081141456721     4.13078081141455922
 2.71656724904143143    -2.71656724904144653     1.30235368666833562
-4.13078081141397657    -1.60345956411971557    -0.83960064150929603
-4.13078081141463738    -1.14224603931190116     1.14224603931226509
 0.97481653880971453     4.13078081141464182     0.93370713747231660
 4.13078081141463205     1.07955665699610481    -4.13078081141463649
 4.13078081141466935    -0.36245142802072533    -2.53789643354309513
-2.20904749507211795     0.04878942084815596    -4.13078081141460807
-2.15154833555327674    -0.67229209247571198     2.20132075257695092
 0.77806654094943040     0.50045276256480720    -2.04559319830129205
-0.61149484246319274     0.60840669819550852     2.24713203717368870
-2.47258509569491425    -0.25501606873590821     4.13078081141466846
 2.71656724904144475    -2.71656724904146252     4.13078081141458053
-0.61149484246358210    -2.24713203717355192    -0.60840669819557858
 4.13078081141463471     4.13078081141463471    -1.07955665699635905
-1.65102192482555599     4.13078081141465958    -1.96936419495921977
-4.07032917974372488     4.13078048306187817     1.41228701032148485
-1.05476949817132160    -4.13078081141455122    -4.13078081141455833
-0.62137085307040918    -0.91430100045381335    -2.24571008975130848
-2.80274152573002766     2.63660112487889453     4.13078081141216469
 4.13078081141459919    -1.30235368666836582     1.30235368666837092
-2.51385233258271867     2.75563383561245123     1.37109254818017567
-0.59606476801919284    -0.81814879435272192     3.72884425776563333
-0.31407844034180127     0.53955855170435063    -3.72061262418749683
 0.97481653880944041    -0.93370713747244771    -4.13078081141463649
-4.13078081141466935     0.60281203849030696    -4.13078081141451481
-2.56737355058321626     4.13078081141428033     2.82233555821239168
 4.13078081141464093    -1.30235368666843243     4.13078081141463560
-4.13078081141466935     4.13078081141455122    -0.60281203849030507
-2.80274152573041224    -4.13078081141233966    -2.63660112487870313
-0.31407844034165461     3.72061262418784322    -0.53955855170445532
 3.69133184978168982    -2.23900432728981968    -2.00363635982950150
-0.67403764836304025    -0.86759738907058437     0.86759738907110151
 1.59609362325818771     0.96734909113807510    -4.13078081141466846
 2.23784288975100010    -3.69831190260200016    -2.00540557446900003
 2.26110256830235690    -0.84102288120612478    -2.01323212998433165
 4.13078081141464803     1.05567290393790558    -1.05567290393806101
 0.77806654094949257     2.04559319830158648    -0.50045276256480342
-0.85077334111100000     0.97871949417399995    -0.98594795552900005
-2.13132569154596441    -4.08410459269221260     2.22513366666900136
 2.24663102071430298     0.58755638683477485     2.24360594459566265
-4.13078081141466935    -0.54160916426839545     3.04992403738688145
-2.80124240166390726     2.63707615954880747    -2.63707615954879904
 1.30235368666830564    -2.71656724904151403     2.71656724904151226
 2.85658875044096572     1.17815475326400088    -2.59236831563724346
-2.53720722541399635    -2.75353664366877871    -1.21087673434133225
-4.13078081141211051    -4.06963573731520167    -4.13078081139803377
