148   10.29702107128007427
 3.59309812866399980     0.35876159830299997     0.37404264598400000
-3.72932804859750622    -2.25306751361991431     1.98957317349940022
 0.09413015147928305    -4.14851053564001138    -2.73429697326691379
-1.68480115442340361     0.88535011232023886     4.14851053564000694
 2.45940652236328106    -2.74249921191238322     1.05328596768397520
 4.14851053564001226    -1.64992720541086912     4.14851053564003180
 1.99512255294310581     0.54985406566307160    -0.86827641725929472
 4.14851053564001049     0.89137874210315216    -1.66103639084981092
-2.28085417491179232    -0.86422221295661927     1.99500972892941864
-2.26289245247582782    -2.26289245247584558     0.56553467227037879
 4.10510969465058473     2.21597837955226540    -0.16318721036764763
-1.56669859811111212     2.65881657956189121     2.65881657956190631
 4.14851053564000338    -2.23050923186278860    -4.14851053564001226
-3.70345053055100015    -0.84350708351299997     0.57088013846100005
 4.14851053564001049    -2.89921887052539073     2.58669417784523814
-2.25306751361991831     1.98957317349938978    -3.72932804859747646
-2.26289245247583848     0.56553467227037135    -2.26289245247582027
-2.89921887052536364     4.14851053564000694     2.58669417784521816
-2.73429697326684629    -1.32008341089375891    -2.73429697326686227
-2.73429697326691379    -4.14851053564000782     0.09413015147927002
 1.99814544463153898    -0.86347635255425759     0.54681650939516002
-1.32008341089381798    -4.14851053564001582    -4.14851053564000427
-2.73429697326691157     0.09413015147928716    -4.14851053564001049
 3.65208341763915767     2.24929166511458911     3.76572103950229264
-4.14851053564000694     0.09413015147927056    -2.73429697326691290
 1.03703966494905031    -4.14851053563979377     1.05112252600800593
 3.94129094522177192     1.03868565822333592    -4.14851053564002292
-1.32008341089375647    -2.73429697326685917    -2.73429697326684407
 1.78030100593474883     4.14851053563999184     1.74590400235618004
-0.86347635255467037     0.54681650939554227     1.99814544463116661
-2.73429697326682941    -2.73429697326683474    -4.14851053563997763
-3.73139256676791975     1.98993634800260266    -2.25270433911667789
-0.84867889010271491     0.56553467227036869    -0.84867889010271857
 2.57759523191000017    -4.14754791082499974     2.55092910175499998
-1.32008341089373626    -1.32008341089372827    -4.14851053563995631
 4.14851053564003180     4.14851053564001582    -1.64992720541084670
 1.99500972892942396    -2.28085417491175813    -0.86422221295662116
 3.50820835571146805    -4.12524222582040334    -4.14851053563991989
 0.56701006185814073    -0.84720350051482018    -3.68454629622320917
-0.84720350051482574    -3.68454629622320917     0.56701006185811709
 4.14851053564002292    -3.02445828646636539    -0.59968145925201366
 0.35007279458916057     4.14851053564001138     4.14851053564001937
 2.52201005884653995    -0.37044235780996065    -4.14851053564002559
-4.14851053564001138     4.14851053564000249    -2.23050923186266514
 4.14851053564000427    -0.58934442695018185    -3.00545407022949451
-4.14639931064700029     2.55401883708799993     2.54834274088499990
 4.14851053564001138    -1.68480115442350775     0.88535011232035732
 4.14851053563997585     4.14851053563992700    -4.14851053563997407
-2.28347003919094771     1.99414835014860015    -0.86337842171220458
-4.14851053564001582    -4.14851053564000338    -1.32008341089381820
-1.64992720541084115     4.14851053564003180     4.14851053564000871
-4.14851053563993055    -4.14851053563992522    -4.14851053563993322
-4.14851053563997052    -2.73429697326682941    -2.73429697326683430
 2.16155517488027948     2.16071257587455268     0.30536536899167510
 1.98993634800259622    -2.25270433911668988    -3.73139256676788333
-0.20276192036327034     2.22720903787286773     4.09397309326141379
-2.23050923186268424    -4.14851053564000960     4.14851053564000338
 1.04014809892578763     3.93064461069094051    -4.14851053564003269
-0.86827641725961024     1.99512255294279495     0.54985406566337913
 4.14851053563998828     1.74590400235610366     1.78030100593443663
 1.03868565822329773    -4.14851053564002381     3.94129094522189360
 4.14851053564002026     0.35007279458913337     4.14851053564002026
-0.59968145925202809     4.14851053564002203    -3.02445828646634096
-4.14851053564000338    -2.73429697326690757     0.09413015147928956
-4.14851053564003625     1.04014809892580251     3.93064461069089743
 1.98957317349938201    -3.72932804859745826    -2.25306751361992141
 2.47466643778191875     1.05239695022447477    -2.74377323455608879
 2.65881657956183837     2.65881657956186279    -1.56669859811115719
 4.14851053564003713     4.14851053564003713     4.14851053564003713
-0.58934442695014300    -3.00545407022936351     4.14851053564000161
 3.93064461069078419    -4.14851053564003713     1.04014809892579674
-2.74377323455628552     2.47466643778218875     1.05239695022467195
 1.05112252600798861     1.03703966494906208    -4.14851053563981953
 3.76572103950235970     3.65208341763906086     2.24929166511459977
 0.56553467227037713    -2.26289245247582649    -2.26289245247584025
-2.73429697326685872    -2.73429697326684407    -1.32008341089375625
-4.14851053564001671     1.50834371385237209    -4.14851053564000960
 0.35674898611500000     0.37510669671300001     3.58561090469400012
 2.55677047066000007     2.57231853588600012    -4.14689929736599971
 2.21597837955219612    -0.16318721036743597     4.10510969465076325
 4.14851053563994743    -0.99312993808657046    -0.99124012758045399
 1.74590400235615251     1.78030100593467999     4.14851053563999184
 2.58669417784520839    -2.89921887052537430     4.14851053564000427
-4.14851053563991190     3.50820835571147116    -4.12524222581982336
-4.14851053564001582    -0.36816266566781053     2.51055278607892651
-4.14851053563999983    -1.32008341089381465    -4.14851053564001759
 0.09413015147926934    -2.73429697326691290    -4.14851053564000782
-3.00545407022936084     4.14851053564000427    -0.58934442695012212
 2.24929166511460421     3.76572103950218873     3.65208341763917854
-0.84362104158499995     0.57080239030299995    -3.70287035812500021
-0.86337842171221690    -2.28347003919094726     1.99414835014861280
 0.75802244959599996     0.73765436615600000     0.71355656583000004
 0.54985406566266426    -0.86827641725890914     1.99512255294350682
 2.51055278607879329    -4.14851053564001404    -0.36816266566779604
-1.66103639084962085     4.14851053564001138     0.89137874210316004
-2.29892265130958284    -2.30058984221960605     3.38659931058275498
 4.14851053563968097    -4.14851053563993055    -2.25392042056559916
-2.26289245247582116    -0.84867889010271524    -0.84867889010271635
-0.36816266566783928     2.51055278607898291    -4.14851053564001315
 0.30536536899172234     2.16155517488038207     2.16071257587455268
 1.99414835014861458    -0.86337842171221857    -2.28347003919092462
-4.14851053564002470     2.52201005884662788    -0.37044235780996321
-4.14851053563995631    -1.32008341089373538    -1.32008341089372805
 4.14851053563993588    -4.14851053563997674     4.14851053563997763
 0.88535011232039384     4.14851053564001226    -1.68480115442353973
 0.54681650939482618     1.99814544463186539    -0.86347635255396737
-0.16318721036737582     4.10510969465074371     2.21597837955218591
-2.26629205040500015     0.56237130060600005     0.56875435603500002
 2.65881657956181083    -1.56669859811122558     2.65881657956179174
-0.37044235780996743    -4.14851053564002648     2.52201005884663010
-4.12524222581997702    -4.14851053563994121     3.50820835571145606
-4.14851053563998295     4.14851053563997585     4.14851053563993233
 0.37402020416300003     3.59218526128200022     0.35898118013399999
-0.84867889010272002    -2.26289245247581405    -0.84867889010271613
 4.14851053564001404     4.14851053564002026     0.35007279458915502
 1.05328596768372984     2.45940652236311319    -2.74249921191219048
 3.38659931058277319    -2.29892265130956908    -2.30058984221959317
-0.99312993808648564    -0.99124012758057967     4.14851053563995542
 0.57082701533299995    -3.70427762072199984    -0.84339963194599998
-3.68454629622328111     0.56701006185817404    -0.84720350051482629
-3.02445828646637338    -0.59968145925203087     4.14851053564002115
 1.05239695022419477    -2.74377323455582323     2.47466643778172113
 4.09397309326136050    -0.20276192036326360     2.22720903787286151
-4.14851053563985417     1.05112252600801637     1.03703966494910715
-2.89921887052537963     2.58669417784525013     4.14851053564000960
-2.25392042056559783     4.14851053563968009    -4.14851053563993233
 1.50834371385237231    -4.14851053564001582    -4.14851053564001493
-1.32008341089372938    -4.14851053563994920    -1.32008341089373626
-2.25270433911667967    -3.73139256676791664     1.98993634800260133
-2.30058984221960561     3.38659931058275276    -2.29892265130956064
-0.99124012758042301     4.14851053563995009    -0.99312993808661831
-4.14851053564002026     3.94129094522187673     1.03868565822331660
-4.14851053563994920    -2.25392042056561603     4.14851053563963834
-0.84867889010271325    -0.84867889010271913    -2.26289245247582116
 0.56222069728599999     0.56904218705800003    -2.26619644555200006
 2.29622021253068587     2.29622021253059927     2.29622021253062814
 0.56876095990700004    -2.26639806423500012     0.56231711372000004
-2.73429697326683563    -4.14851053563997052    -2.73429697326683163
 2.22720903787286195     4.09397309326142533    -0.20276192036326016
 0.56553467227038168    -0.84867889010272524    -0.84867889010272579
-4.14851053564001049    -4.14851053564001671     1.50834371385237143
 4.14851053564000516     2.58669417784521283    -2.89921887052535299
 2.58669417784524480     4.14851053564001049    -2.89921887052537786
-0.84867889010273168    -0.84867889010272446     0.56553467227038456
 2.16071257587447674     0.30536536899164507     2.16155517488039983
-2.74249921191266655     1.05328596768424454     2.45940652236355950
 0.89137874210328916    -1.66103639084978738     4.14851053564001138
-0.86422221295662027     1.99500972892941841    -2.28085417491180031
