150   10.33346414881100017
-2.75508232971401190     2.75272143510568679    -1.33417899318983735
 1.01870620434797221     2.43293797232947417     0.39550148185143941
-2.23487593425689601     0.59355119048917782     4.16672758683801359
-1.81720217797299211    -0.40299139443304710    -2.42537933312996978
 4.16672758683876321    -1.34136520380751878    -4.16672758683876321
-2.75251402446100446    -4.16672758683884492     4.16672758683886713
-0.39549921226466472    -0.39549423039853110    -1.01871500241910318
 2.20927085218100006     4.16672616108184535    -2.27768059464100014
 4.16672758683793543    -1.63835758309400537     4.16672758683817168
-0.39550430468034875    -0.39549480519145308     1.80970679198003359
 4.16672758683887778    -1.34063504480626206    -1.33596802405431259
-4.16672758683888667     2.75096178894754217    -2.75095511230049228
 0.59355119048874572    -4.16672758683795763     2.23487593425499753
-0.82066237188826563    -4.16672758683812283     0.82066237188581548
 4.16672758683884314    -4.16672758683884226    -4.16672758683881650
 2.75271707378132513     1.33417607457416398     2.75506598057017715
-0.12412105963535577    -4.16672758683866995    -2.70979828031826164
 1.51192942541161002     4.16672758682564570    -4.16672380753829419
-4.16671831141487736     1.33520871365720173    -1.32950221366755517
-2.75406796560077849     4.16672758683886979    -2.75096178893177878
 2.75272190421430230    -2.75505539350444595    -1.33423404195490591
-2.20950881893599993    -2.12236655633800009    -4.12454409190200000
 1.33418473505216340     2.75272003250919894     2.75508616817432594
-3.29306317951109229     0.94396732100531533     0.47024469207202574
 4.16672758683890265     1.33595256098978443     1.34065051365154053
 4.13493564337700015     2.04905346595099980    -2.19753722950200014
-1.34063821811488082     1.33596485318598801    -4.16672758683890265
-1.90590373706679617     2.37463260951619670     3.31847864208616494
-2.23487593426120634    -4.16672758683792210    -0.59355119048744154
-0.46960948807694075     0.94460407299315341     3.29460589157278294
-2.79989867763005362     4.16672758683715916     0.21445012300238603
 4.16672758683792388    -4.16672758683800826     1.63834453446864203
 2.43293570718784702    -0.39548349961067186    -1.01870744555371284
-2.09979411605070743     4.02308359058995979     2.17838695740166788
-0.40022741802921763     2.42954864732816311     1.81308046805989398
 4.14440015911400028    -2.23370491713499986     2.20422326376999989
-4.16672758683889910    -1.33830046208784337     2.75251402446585747
-4.16672758683868416    -0.12637780492289033    -2.71166982581069638
 4.16058016082700011    -0.74714134450199998     0.71409338638999997
-4.16672758683791500     4.16672758683790700     2.19131856150987270
-4.16672758683802780    -0.82066237188892077     0.82066237188580449
-1.64347408937923345     4.16672758683800648     4.16672758683795497
 2.75093591221940192     4.16672758683886890     2.75409389968627316
 0.07435246133961776     4.16672758683879874    -2.75252071493854356
-1.83934764085322189    -1.83832906352911407    -1.03278630063709231
-4.10736265601499984    -3.75662136468700014    -3.99355781773800000
-0.40348839287152277    -1.81770446399163355    -2.42486490685132239
 2.75249803012019445     2.75252682921385539     1.33986839541883063
 1.01871705769390397     2.43293525396342369    -2.43292776192615667
 0.07435915267674180     2.75250733404013648    -4.16672758683878719
 4.11116101301800008     4.07505137339100010    -3.85732768674699988
-0.86339208040780002    -2.28181309023143486     2.28181309023143264
-0.12627758321812221     2.71138842648753409     4.16672758683867883
-0.47009812194888223    -3.29342123706790924    -0.94411544022410088
-4.16672758683774536     0.07591310029032505     4.16672758683730748
 4.12150957247100003     4.05018069726100016    -1.68220145034899993
 4.16672758683844346    -0.19620928310356892     2.78101178594858212
 1.33593541408899052     4.16672758683888222     1.34066771120287465
 4.10066624080999986     0.70066323207400005    -0.70281589851500004
-0.82066237188605051    -0.82066237188617386     4.16672758683810329
-1.33985818013384628     2.75251110357510020    -2.75251779491825488
-1.90507184402827345    -3.32034191561533909    -2.37536502970150210
-1.34140830974389513     4.16672758683871081    -4.16672758683871081
 4.16672758683887157    -2.75407559056373774    -2.75095418073882803
 0.59355119048933958    -2.23487593425703590     4.16672758683811750
-0.39548803589608150    -1.80971253993655123     0.39549740203371125
 2.75098331154070674    -2.75404639599621115    -4.16672758683884314
 1.01871531993539111     1.01872323784588903    -1.01871090838083367
 2.37486746913712654    -1.90503768256029304     3.31930853870311227
-1.80972678362663908    -0.39548328910945152     0.39550214607695666
 4.16672758572544133     1.49073333168799005    -4.16672755068338674
 4.16672758683888045    -4.16672758683888134    -1.24608900198236427
-2.75251398073286868    -2.75251398073301701     2.75251398073769771
-0.19290094432224134    -2.77768744851917004    -4.16672758683821165
 2.43294192935473497     1.01873300096919595    -2.43292629030202834
 1.01870450921551692     1.01872350562383840     1.80971413989362340
-2.77844487217387881    -0.19390112169766974    -4.16672758683824718
 4.14616533200400017    -3.71512024777400018     3.80905306605699989
 1.01873186884670308    -0.39548406325337254    -2.43293073190321918
 4.16672758683878985     0.07438069486598378    -2.75259176522876547
-4.16672758683802247    -2.23487593426139819    -0.59355119048791616
-2.28110954325575932    -2.28110954325577353     0.86689574340146935
 4.16672758683890176     1.24593901688606845     4.16672758683890176
-0.39549300281712041     1.01871818973818562    -2.43292971034608962
-0.72421413852200001    -0.62583518846800001    -4.16672658645753202
-3.32207208552260136     2.37639856954649575     1.90622367565228878
 0.78071231280200004     4.13893754462200025    -0.77613672179200000
 2.75252902878376515    -1.33984786867805106    -2.75249983428641087
-0.39550091441732793     2.43293412821380617    -1.01871852409497188
 2.42737989993395953    -0.40101041922799235     1.81523431742792463
 4.16672758683884226     2.75243294432480123    -0.07432916931144234
-2.75251402446567894    -1.33830046208798836     4.16672758683889199
-0.64850372992000005     4.16672758516549635     0.62715520767099997
-2.28210994281806867    -0.86192210845026074     2.28210994281804824
 2.75095418103858380    -4.16672758683888134    -2.75098331184041545
 4.16672758683819389    -2.78108304603829426     0.19612776624272785
-0.19894801058552272     4.16672758683846833     2.78349065569241416
 2.43292451515287178     1.01872915841497469     0.39550702112199626
-2.75506573821572509     1.33420221934417627    -2.75272911318225910
-2.75251402446586013    -4.16672758683890265     1.33830046209737685
 2.71060325481381348    -4.16672758683868327     0.12493321872912216
 0.94438533745378561    -3.29407539788708004     0.46982802227710468
-4.16672758683797539     0.59355119048865712     2.23487593425442510
-4.16672758683798161    -1.63357855229277660    -4.16672758683801980
-4.16672758683889022     4.16672758683889022    -1.24561110455353607
 4.16672751254065243     4.16672751456399126     1.34137202457323279
-4.16672758683887690     4.16672758683886180    -4.16672758683885913
 2.75096464810378682     2.75093591251109393     4.16672758683889199
-1.80971300876717112     1.01871909782478509    -1.01872259157960121
 0.07591310028863273    -4.16672758683638111     4.16672758683789368
-1.82049155573880816     2.43338631103321923     0.40494870878067885
-1.33830046208783648    -2.75251402446582283     4.16672758683888489
-4.16672758683888400    -4.16672758683887068     2.75251402447054261
-1.33830046208796727    -4.16672758683888667     2.75251402446569005
 0.94427467722875313    -0.46993858424873491     3.29380717955734692
 1.32486443543043753     1.31781086150475391     4.16672758133948928
-1.34066248413174294     4.16672758683889732    -1.33594060712802754
-0.39550468601113659     1.01872173795726617     0.39549621038867738
 1.24557806820736516     4.16672758683887245     4.16672758683887867
 2.75259510954844577     4.16672758683884137    -0.07435796825443210
 0.90394558169299999     0.86833371252400005    -4.01609643628099988
-4.16672758683884403    -2.75251402446101423     4.16672758683887690
 1.24604571700225275    -4.16672758683888755    -4.16672758683888667
 2.41180614676188076     2.40459403573723662    -3.87499236507365064
 1.03474041153094265    -1.83632170517324833     1.83613330733154889
-3.69712217476299987    -4.16672714663960342    -2.02989965438599995
-3.29487165793280656    -0.46949999089694366    -0.94471357147838841
-4.16672758683890088     1.24577630889659074    -4.16672758683890088
 2.71030607263651468    -0.12476750639618528     4.16672758683869393
-1.63184760564761255    -4.16672758683792299    -4.16672758683794431
-4.16672635851267259     2.18209196351506751     3.71896652553163065
 4.16672758683883693     4.16672758683886801     4.16672758683887512
 2.18004644519099999    -3.91819826578600017     4.14337741641699964
 1.33420472628647557    -2.75505554374635953    -2.75272262509618093
-3.64066029839643379     4.07223551460253930     4.11857683592895096
 1.01872361284426094    -1.80969852997181802    -1.01871807390015179
-4.16672758683889555    -2.75251402446570959     1.33830046209751297
 1.33596852573536240    -1.34063451124631383    -4.16672758683889910
-4.16672758683807665    -4.16672758683809796    -0.07591310027747286
-1.83388656788757087     1.03522362116426914     1.83497027026428561
 4.16672758683884048     2.75096464781219252     2.75406510044003605
 2.43292413384745210     2.43294154866088785    -1.01870771337727084
 1.01871777770558047    -0.39549122884116283     0.39550174967562451
 2.42747888285737190    -1.81512595824995171     0.40092242010984436
-3.32000328396451660    -1.90684660522894656    -2.37553174992673855
 2.37488719827010630    -3.31930629129952814     1.90515002497646879
-2.75407465696014775     2.75095511228476086    -4.16672758683885558
 1.32692170172799995    -4.16672758677922594    -1.33042605985999995
-4.16672758683868860     2.70945868494295006     0.12419448295409549
 2.75243628827699904     0.07435150033262433    -4.16672758683870903
