151   10.35871360648305561
 4.17935680324144077     3.17919708459584482     1.02282406088937150
-4.17935680324151360     1.75067313375831035    -2.43316266517068414
-0.86579366319756101     0.96455276301711912     2.59829172266925390
-1.03096673924351379    -0.24927869934885194     4.17921899375293293
 0.86607134581625067     2.96418911435188726     0.86607134581618728
-4.17935680324031633     0.77558030116809795    -4.17935680324127823
-4.17935680324149494     4.17935680324149494    -2.75478264503599002
-0.71586078711156520    -0.25026518217214611    -2.44800346676254721
-4.17935680324145231    -4.17935680324148162     0.06669955183942435
-4.17935680324150294     1.17921018012262513     2.44128509685882511
 0.39610443797196954    -4.17935680324150294     2.02587601369851855
-4.17935680324141234    -2.58873046997404588     1.27909712191130165
-1.93383625436779982    -4.17935680324150560    -4.13337972519070629
-4.17935680324147096     4.17935680324148873     0.70913452325700088
-2.87759855502646023    -4.17935680324148429     4.17935680324148340
 1.03266691777398067    -2.25046859211976935    -4.17935680324131997
 0.71586078711159584    -0.25026518217210209     2.44800346676256098
 4.17935680324146563    -4.17935680324148162    -0.06669955183938722
-2.44674353834638136    -2.24929217620368682    -0.65349501357792006
 4.17935680324152425     3.17950345519261734    -2.44128509003060490
-2.44731622816070216     3.17935735651810392     0.71518041664048093
 2.59826494626625415     1.96443068576810220     0.86632761976103612
-0.86601019306678106     1.96415301077259707     0.86601019306668059
-2.54932380614893450    -1.43496997808942162     1.17033519954936249
-1.03266691777365072    -2.25046859211932881     4.17935680324137593
-0.71518041664044196     3.17935735651802487     2.44731622816065020
-4.17932797358700014     2.17630766351900018     4.17935445666500005
 2.44128509685885708     1.17921018012270817    -4.17935680324148340
-4.17727463535400023     0.17047283791599999     4.17640816526099989
-4.16504322947000016    -3.75535493031400014    -4.17095853959100005
 2.43316266516934121     1.75067313375826350     4.17935680324147008
 4.17423350032500018    -4.16558698753800005    -2.64595499006300017
 1.46149794063981298    -4.17935680324150471    -2.76703281423119529
 2.46303979255804073    -2.25118935110958240     4.17935680324144521
-2.44798229877392792     0.74961234452546444    -2.44798229877387330
 4.17935680323990244     0.77558030116823951     4.17935680324136882
 0.71518041664044474     3.17935735651803464    -2.44731622816066530
-4.17935680324148606    -1.25134487065666566    -0.69988951390906429
 4.17935680324148962     2.17935681174528728    -0.70931895537292322
 0.01829156875400000    -4.17698817590400040     0.01904770748100000
 4.17895493651800010     4.17901211774699988    -4.17931986658399968
 4.17935680324146830    -1.22441969883176172     4.17935680324149406
-1.01687070790748502     4.17935680324149139    -2.44740845101280113
 1.01687070790748613     4.17935680324148784     2.44740845101281979
 0.86632761976108530     1.96443068576804980     2.59826494626639448
-0.39610443797192196    -4.17935680324150294    -2.02587601369839021
-2.59799815395894651    -0.03518095953279105     2.59799815395895850
-2.44730600825297850    -1.25131311296177050    -2.44730600825335687
 0.86606145768119636     0.96418911440077493     0.86606145768127807
-0.05725485440962932    -3.99648443014713495     4.17935680324148606
-4.17563741281399992    -4.17918345005100011     2.60835519625800005
-2.59826494626626348     1.96443068576810953    -0.86632761976104855
 2.87759855502639939    -4.17935680324148162    -4.17935680324148340
-1.02282406088943278     3.17919708459598915    -4.17935680324144787
-4.17935680324138215     2.77558030116809951    -4.17935680324139369
 4.17935680324152781    -2.25118935110878171     2.46303979255758243
-4.17935680324152159     3.17950345519263555     2.44128509003049254
 0.69988951398119759    -1.25134487065764333     4.17935680324149317
 2.44723154157321865     4.17935680324152870    -2.44723154157330125
 4.14439160665289119    -4.17935680324151626     1.93299478355978138
 4.17902388834999972     2.17804462637699991    -4.17903789873400022
 2.44798229877392926     0.74961234452545411     2.44798229877385953
-4.17935680324152425    -1.24840241131972407     2.76352317099018308
-0.70102019973407104     0.75083190664399424    -4.17935680324138925
 2.44731622816070704     3.17935735651811457    -0.71518041664048115
 1.93010673325007143    -4.17935680324152781     0.74258455885222552
 2.44800346676348646    -0.25026518217090948     0.71586078711266032
 2.52891567933371952    -3.78023764863171285    -1.12346253233109650
-4.17921899523733575    -0.24927869727166066     1.03096674044136605
-2.76514370564020107    -2.66261550998638352     2.76514370564008916
-2.43198969495183004    -0.25143039277518231    -4.17935680324152781
-2.52891567933370753    -3.78023764863183365     1.12346253233118221
 0.70102019973414365     0.75083190664398525     4.17935680324138747
-1.01931888552113215    -1.25359515857352966     2.44555601089941987
 0.86598713099299995    -0.03596817800500000    -0.86599109996300005
-0.86632761976108652     1.96443068576806423    -2.59826494626640248
 4.17935680324149406     4.17935680324149761     2.75478264503585368
 2.44740146506861045     2.17935681767852607    -2.44740146506855183
 2.59799815395894340    -0.03518095953278000    -2.59799815395897449
-0.86607134581627154     2.96418911435187349    -0.86607134581617540
-2.75478264503599179     4.17935680324149761    -4.17935680324149317
 1.93383625436785467    -4.17935680324150471     4.13337972519074981
 2.44674353834635561    -2.24929217620369792     0.65349501357767492
 4.17935680324138126     2.77558030116824161     4.17935680324138570
-4.17935680324140613     0.75083190664401067    -0.70102019973583574
 4.17935680324134129    -0.25143039277457113     2.43198969487872629
 1.02282406088930844     3.17919708459596162     4.17935680324146652
 0.87411078600199998    -2.66031196501899991    -0.98672988652500004
 4.17935680324138747     0.75083190664399524     0.70102019973579333
 4.17935680324152425    -1.24840241131970164    -2.76352317099025102
-4.17935680324144965     3.17919708459583861    -1.02282406088950961
 0.86601019306678473     1.96415301077261062    -0.86601019306669225
 3.99611487116199982    -3.81863767120599995     4.12989606780099994
 2.43198969495256501    -0.25143039277518098     4.17935680324152781
 4.17935680324148162     4.17935680324149050    -0.70913452325714799
-2.44608439248006126    -3.25128828997580221    -2.43741667144059004
 2.54932380614885279    -1.43496997808982529    -1.17033519954978837
 0.70913452325844673     4.17935680324147718    -4.17935680324145231
-0.69988951398047761    -1.25134487065767042    -4.17935680324149406
-2.59837789475434899     2.96443160183684595    -2.59837789475434278
 0.71024431482299999    -1.25779561704699994     0.71030243838100005
-0.86696599240000005    -0.03680543364700000     0.86548385050300003
-0.86659436234599996    -2.67195753680700010     1.01245841904299994
 0.71526510322776904     4.17935680324144521    -0.71526510322783665
 0.71465025144805527    -2.25026442021614326     2.44674552134952394
 4.17921899527679575    -0.24927869726788143    -1.03096674044360359
-2.44740845101287796     4.17935680324149583    -1.01687070790748502
 4.17757899806499999     0.17073293909500001    -4.17762857417099998
-0.70931895537287648     2.17935681174527129     4.17935680324148251
 2.59837789475434811     2.96443160183683130     2.59837789475433878
 2.59829172266931518     0.96455276301705528    -0.86579366319754392
-2.44723154157321021     4.17935680324152870     2.44723154157329459
-2.44128509003060179     3.17950345519251787     4.17935680324152781
 2.44740845101287308     4.17935680324149583     1.01687070790749123
-2.43316266516928170     1.75067313375829370    -4.17935680324147718
-4.17935680324146386    -1.22441969883190360    -4.17935680324149583
 2.44128509003047522     3.17950345519250810    -4.17935680324152781
-0.70913452325805693     4.17935680324147008     4.17935680324139458
 0.86579366319755291     0.96455276301712156    -2.59829172266927078
-2.44128509685898987     1.17921018012269752     4.17935680324148251
 4.17935680324140257    -2.58873046997435363    -1.27909712191166802
-4.14439160665291606    -4.17935680324152337    -1.93299478355974474
-2.76352317098994060    -1.24840241131981444     4.17935680324149228
 1.01931888552099847    -1.25359515857338621    -2.44555601089970320
 2.76352317099000455    -1.24840241131981244    -4.17935680324149317
-2.44740146506861889     2.17935681767852607     2.44740146506855671
-4.17935680324149050     2.17935681174528995     0.70931895537277012
-1.93010673325008852    -4.17935680324152781    -0.74258455885217478
 2.44730600825298206    -1.25131311296177317     2.44730600825335687
-4.17935680324129422    -0.25143039277457979    -2.43198969488064964
-2.46303979255794570    -2.25118935110957352    -4.17935680324144432
 4.17935680324145942    -2.66099404579382259    -4.17935680324148784
-1.46149794063977834    -4.17935680324150116     2.76703281423129122
 2.75478264503585191     4.17935680324149672     4.17935680324149406
 0.70931895537274037     2.17935681174527840    -4.17935680324148340
-0.71526510322778869     4.17935680324145142     0.71526510322783721
-2.44800346676349223    -0.25026518217089111    -0.71586078711266932
 2.76514370564020195    -2.66261550998636176    -2.76514370564007228
 2.44608439248001197    -3.25128828997580488     2.43741667144062646
 0.05725485440971069    -3.99648443014743737    -4.17935680324149228
-0.86606145768117682     0.96418911440076105    -0.86606145768128928
-4.17935680324146563    -2.66099404579377863     4.17935680324148606
 4.17935680324150649     1.17921018012264534    -2.44128509685898454
-0.70397429358800001    -1.26763645551400006    -0.70389920035900000
 4.17935680324149317    -1.25134487065664057     0.69988951390708865
 4.17935680324151271     1.75067313375830369     2.43316266517062330
 1.03096673924389570    -0.24927869934829922    -4.17921899372679473
-2.59829172266932451     0.96455276301706683     0.86579366319753992
-0.71465025144808125    -2.25026442021618722    -2.44674552134954038
-4.17935609854500001     4.17933651231200010     4.17909566535499977
-4.17935680324152781    -2.25118935110877416    -2.46303979255749228
