159   10.46829821528099913
 2.53216917252105977     3.18378521809936066    -4.23414910764027841
 2.53105724349630856    -4.23414910764028818     4.23414910764029262
-0.85181530163945007    -1.05030439315814728    -4.23414910743577089
-2.53181919524512899     2.13390388784423024     2.53182015870159782
 4.23414755488400019     3.14608317793299985     4.23414864277300040
 2.55369005470080346    -2.10024529470054411     4.23414910764003860
-4.23414910764032371    -4.23414910764030239    -2.53123865409509374
-2.53122166259387216    -4.23414910764036723    -4.23414910764037256
-2.53257909711442686     4.23414910764015584    -4.23414910763947017
 2.54255644787560353    -3.16719913998844094     2.54255650455101323
 4.23414910763496977    -2.09961271380424375    -0.85153964130467685
 4.23414910764027574     0.03386704577868798     2.53172914788144787
-2.54252833889820584     0.01661010401321503    -0.84057046242247924
 0.85102876729710830    -2.10014384063281767     2.53128290912544385
-4.23414864192522433    -2.09914843293200004     0.85118537351000001
-0.83029200945127690     4.23414910764030861     4.23414910764027752
-0.85134410733527877    -3.18452372840826348    -0.85133982603844716
-2.53142000634302677     1.08410581666423900     4.23414910764037256
-0.82657832677502840     2.12981841944177619     4.23414910764029617
-2.54289782124338304    -3.16665365828955236     0.84057097726104513
 4.23414910764029173    -2.10024538457077048     2.55369011269743140
 0.85112751037470258     3.18422807192526802    -2.26340430063641085
 2.53435871471500018     3.18016210439100000     2.53307822527799997
-2.54241646591383397     0.01737416692172150     2.54241548046542221
 4.23360706612950555    -4.23414910764030061    -4.23414910764031482
 0.85376639426411671     4.23414910764027841     2.26710229451061540
-2.53218916886824230     0.03430239121372430    -4.23414910764035213
 4.23410344616300005     4.23414715444199974     2.55600786725499995
 0.85096280315676587    -4.23414908926745515     2.55396655299614661
 4.23414910763999242    -2.13453831942399797    -4.23414528610533303
 3.97036768296269837     3.18524640484657162     0.85186053782988269
 4.23414910764010077     3.18356104602765422    -2.53230753898639627
-4.23414910764023400    -1.01609389915285453    -4.23414910764009811
 2.53177648270418221     2.13383380466598949    -2.53190181480874976
-2.28384375963637121     1.05234837604957265     0.85068011640380248
-2.53145839820032315     2.13390997964467699    -4.23414910764037078
-0.82988790286258929     4.23414910764030239    -2.53145839820207863
 0.85087130802285627    -0.00108644191141992    -4.23414141885738804
-4.23414910764031216     1.08469868157987603    -4.23414910764028818
 4.23414910764030505     1.08351759744557641     4.23414910764031927
-0.56111274748997331     4.23414910764031571     0.85355462491145762
-4.23414910764028196     3.18493780956793460    -0.82988838767274453
-4.23414910752355933    -1.05029788067861807    -0.85181952846761733
 4.23414910764015850    -3.18435125796049245    -2.53182006159820094
 2.52082049987500501    -1.03328325920657038    -0.84062688732617386
 0.85112142657582657    -2.09914664478296276    -4.23414910762907137
-4.23414910764031216     2.13325480875037643     4.23414910764026864
 4.23414910764020647     2.11425376240902496     2.52021125630599130
 2.53155368531615066    -3.18390423647471188    -4.23414910764015673
-4.23414910763975971     4.23414910764004038    -2.53257909711380114
 0.85066881426600327     1.05236575753424733    -2.28386494395403661
-4.23414910478443307    -3.18529450036224882    -4.23414910764012298
 2.53181999762490495    -4.23414910764020114    -2.53209574782186886
-0.85116419413043443    -2.09992017455867552    -2.53170737470398732
-2.26336256631170540     3.18422548032097241     0.85111923624132169
 0.85175967170952949     3.18494893935888612     3.96979867964300093
-3.96576325792026063     2.13454373372292494     0.85077853979973095
-2.55377934342123014    -2.10069403537764421    -4.23414910764015673
 4.23414910764026420    -1.04935567439596289    -2.55358551353414009
-4.23414869011701533     3.18377715571314246     2.53217335798659215
 2.53172914393022586     0.03386703937024733     4.23414910764027574
 4.23414910764028374     0.03494410249468271    -4.23414910764026509
-0.83598900641499996     1.06432912812500002     2.53997306463300010
 2.52594402300451959     1.07406025917697612     2.52594402690667463
 0.84042982926829046    -0.01706783323670679     2.26264573647656686
 2.26748693743885132     4.23414910764021979     0.85239588475424977
-0.85061978135100003     0.00015922750100000     4.23411678541099956
 4.23414910764027042     4.23414910764027752    -0.83046597033288827
 2.53130311711790856     1.08390336412588217    -4.23414910764028285
 2.53276492697544775     3.18282140848749817    -0.82907357038515361
 0.85127013450699884    -1.05059474899402794     4.23376540576323190
 2.54262081007045415    -3.16709463617273057    -0.84056446009107599
-0.84057045753640736     0.01660374922016213    -2.54252840823312098
 4.23414910764028196    -1.01578350588824540     4.23414910764029173
 4.23414910763836438    -0.00033779307173444    -0.85077563434479420
 4.23408112126864200     2.13297298661543300    -4.23414910764028551
-4.23414910764008212     3.18312127771371145    -4.23414910763996843
 2.55387040895971884    -1.04979710846779750    -4.23414910764028907
-0.82930489416130149    -4.23414910763982100     4.23414910763957941
 0.84156430045111486     2.11523634052992904    -0.57308917521597291
 4.23414910764017449    -4.23414910764012298    -0.82930508877694498
-2.55377945997713685    -4.23414910763975882    -0.85068153382304157
 4.23414910764033081     1.08410668984749958    -2.53124585528500878
-2.53201850533079220     3.18402954377090630    -2.53201850533062434
-4.23414910764029084     2.13390997964427420    -2.53145839820007357
 0.85116035189671968    -3.18512071580549261     0.85115637727552429
-2.55359367661234948    -1.04935560422325924     4.23414910764026420
-4.23414910764023045    -1.04979045735940457     2.55387432822637761
-2.53211903179300002     4.23413990384400041     2.53211335315599984
-4.23414765972265794    -2.13453773929351964     4.23414910764028463
-4.23414910764032992     1.08410737971946447     2.53141904325606282
 4.23414746001699971    -3.18486799720399993     4.23413765846500034
-0.85154374551225542    -2.09960606580003439     4.23414910710167902
 2.54190592526211967     1.06557674333068420    -0.83897678717954760
 0.84056898902380517    -3.16665049024425915    -2.54289981020093725
-0.57051421515664169     0.02061353504781957     0.84567113614456957
-2.53181985333165915     1.08410618406132109    -2.53182368042941253
-4.23414910764024555    -3.18390433591383282     2.53155410415430504
-0.85086067896523898    -3.14953536777773646    -4.23414910764020824
-4.23414910763967711    -3.14954880703468820    -0.85086899597547405
-2.54289981103203688    -1.03319367751501123    -2.54289589614506006
-4.23414910764028285     0.03430859446200455    -2.53218533845534788
 2.54289808431690334    -2.11685261789370216    -2.54261957851708775
-0.82988838767570972     3.18493780957273254    -4.23414910764028463
 0.85087617466814147    -3.14925668165894068     4.23414906031708238
 0.84350017364261565     0.02363383562948917    -0.56873834703850290
 2.25736422848723794     2.11516239815394025     0.83953623808591615
 2.54262005247416090    -1.03319004913842805     2.54262004848270706
-4.23413748129765821    -0.00108647221279720     0.85087111290279760
 3.95468177541648558     1.05728593518612102     0.83629062436495416
-4.23414910763989383     0.03495682457595513     4.23414910764011410
 0.84316694424939076     2.12008884223991112     2.25375749779142120
 0.82950030466357594    -4.23414910764007235    -4.23414910763933072
 2.52021126018570030     2.11425376886029737     4.23414910764027752
 0.85116516962934674    -1.05012276340846067    -2.53134292508423542
-0.85068147967572028    -4.23414910762329200    -2.55378812194701332
 0.85078048837397724     2.13453756855866761    -3.96579959160666773
-4.23414910764027663     4.23414910764023844     4.23414877616452490
-0.82843244426175022     3.18198376834801211     2.53328325731306592
-4.23414910764027930     1.08351989433939178    -0.82949462987443678
-2.53209568702753929    -4.23414910764034413     2.53182399780875000
 4.23414910764030061    -4.23414910764029173     2.53106564044449378
-0.84075940573779384     1.06731580063184284    -0.84076339821648383
-2.53133698031831145    -1.05011953766907284     0.85116315285195843
-0.85164305115219419    -4.23414910764012120     0.85109562762935820
 0.83803587686851244     1.05854628349441371     3.94877993661623528
-0.82969147708486157     3.18344015288466498    -0.82969147708311630
 4.23414910764029440     2.13149406796459040    -0.82743257908335632
 4.23414910764013719    -3.14926333459769081     0.85088027583327375
 2.53210627901699992     4.23414876056300038    -2.53206353182600008
-4.23414910764027486    -2.10069419975759208    -2.55377944952070690
-0.82968925236685487     2.13422575019888816    -2.53238410370014622
 0.85260779568474676     4.23414910764030861    -0.56115178484491846
-2.54241463626713449    -3.16742066361355690    -2.54241474786502986
-0.85102695859720845    -1.04990277616687444     2.53139453265283487
-2.53238027217236628     2.13422574815788302    -0.82969307820396188
 2.25455008982586458     0.00400378690185749     0.84849585916323378
-2.53182406227988599    -3.18434477031989660     4.23414910764036634
-0.83999191431212672    -2.11746736487815967     0.84018665757438526
 0.85109134486272164    -4.23414910764026331    -0.85164702546224003
 0.84018454189046543    -2.11747068818924333    -0.83999794747598699
-2.54262171880954613    -2.11684929863252114     2.54289607259787998
-2.53145839820506291     4.23414910764036634    -0.82988790286246394
 2.54241632618410396     0.01737417697683254    -2.54228859638545712
-4.23414910764016650    -4.23414910764027486     4.23360755144751888
-0.84056654124154395    -3.16709122216033645     2.54262297886080058
-0.82949845942825651     1.08351368927849356    -4.23414910764027841
-4.23414910764020913    -4.23414910764023578     0.82950066214334495
 2.55601844488300012     4.23414864397000024     4.23412700897099992
-0.57304759982345899     2.11523349696854002     0.84155609898923167
-2.53222055854577111     3.18370195819531299     4.23414910764028107
 2.53128691497694458    -2.10014388851936751     0.85102876669364469
-0.83673748499787581    -1.02754641768083776    -0.83673365584261494
 4.23376943221188462    -1.05059483246538043     0.85127019554672434
 2.55396374508033075    -4.23414910764029617     0.85096327918677428
-3.96568156005855021     4.23414841813278997     0.85150489874932678
 0.85150028400936595     4.23414910763993291    -3.96565741924306359
 4.23414910764029173     4.23414910764028285    -4.23414910764005903
-2.53171370334756007    -2.09992334611581066    -0.85116226311599996
