165   10.48528137423899942
 0.00000000000000910     2.82842712474619606     4.24264068711928477
 2.82842712474619518    -4.24264068711927944    -0.00000000000000526
-1.41421356237308826     4.24264068711928832     4.24264068711928566
 1.41421356237309914    -4.24264068711928299     4.24264068711928388
 4.24264068711928832     4.24264068711928832     4.24264057001099992
-4.24264068711928211     0.00000000000000390    -2.82842712474619074
 4.24264068711927056     0.00000000000010115     2.82842712474609836
-2.82842712474618718    -2.82842712474618585    -1.41421356237309581
 2.82842712795538853    -1.41421336341738502    -0.00000000320922256
-1.41421356237309070    -4.24264068711928211     1.41421356237309359
 0.00046390244982761     1.41467746478249978    -0.00046391094360486
 0.00000000007888365    -1.41421356229421158    -0.00000000007888118
 4.24264048135199978     4.24264056968999981     1.32697108195800006
 4.24264068711928211    -1.41421356237305007     1.41421356237305984
 2.82881794858319502     0.00039084411311471     1.41382275243359912
-1.41421356237308338    -1.41421356237308382    -4.24264068711928388
 4.24264068711928921    -2.82842712474617297    -0.00000000000000702
 1.41421388015513361     0.00000031778202427     2.82842680696421667
 4.24264068711928832    -2.82842712474550151    -2.82842712474619562
-1.41421356237309004     0.00000000000000441    -0.00000000000000210
 4.24264068711928743    -4.24264068711869591    -4.24264068711928743
 0.03658330531169850     2.82853847075641562    -1.41456886629317569
 4.22694459664799993     0.11817388765500000    -2.71324503141899998
 0.00000001917642164     1.41421358154941501     2.82842710556977606
-2.82842712474618496    -1.41421356237308937    -2.82842712474619296
 1.41506561315799995     4.24264043486499975     1.41336162290400003
 2.82842744459964823     1.41421388222653666     2.82842667735644904
-1.41421356237283002     0.00000000000000872    -2.82842712474618629
-4.24264068711928299     0.00000000000000293     0.00000000000000079
 0.00000000000000853     0.00000000000000401     4.24264068711928299
 4.24264068305281139     1.41421582986929018    -4.24241451779866896
 4.24264068711928832    -4.24264068711927678     1.41421356237309137
-2.82842712474618674    -4.24264068711928211    -0.00000000000000031
 1.41421488931109796     1.41421488931140060    -4.24264021287613780
 0.00000259549872823     4.24264024888258273    -2.82842461275509605
 0.00011393232835682     1.41432674907991673    -2.82831396185491224
-2.82842712474618141     0.00000000000000746    -4.24264068711928655
 4.16686200113300043     4.24263216766699980    -0.72792335981500000
-4.24264068711927766    -4.24264068711928211     4.24264068711928655
 0.00046371743439428     0.00046371573148711     1.41374970691970381
 0.00000039875952879    -1.41421316361365501    -2.82842752350559135
 0.00000000000000284    -2.82842712474618674    -1.41421356237309692
-1.41421354073106986     2.82842712474619296    -2.82842712474619251
-4.24264068711928299     0.00000000000000388     2.82842712474618896
-4.24264068711928122     2.82842712474619429    -0.00000000000000142
-1.41421356237309159    -1.41421356237309137    -1.41421356237309626
 2.82842712474619828     0.00000000000000643     4.24264068711928566
 2.82842712474620628    -1.41421356237307427     2.82842712474617652
-1.41421356237308649     0.00000000000000655     2.82842712474618763
-4.24264068711928299    -1.41421356237309093    -1.41421356237309515
 1.41421356237310603     4.24264068711929010     4.24264068711928477
 2.82842716925975335     2.82842838883336256    -4.24068956172819522
-4.24264068711928299    -2.82842712474618851     2.82842712474618940
-1.41421356237309181    -4.24264068711928211    -1.41421356237309537
-2.82842712474618674    -2.82842712474618585    -4.24264068711928743
 4.24263980814500030     2.27201186486399997    -0.39483252856200002
-1.41421356237308848    -1.41421356237308915     4.24264068711928299
-4.24264068711928299    -4.24264068711928299    -1.41421356237309448
-4.24264068711928122    -1.41421356237309026    -4.24264068711928655
 4.24263581426199998     0.16267420574700001    -0.17676689914300001
-1.41421356237309137    -2.82842712474618585    -0.00000000000000067
-1.41421356237308760    -4.24264068711927944     4.24264068711928299
 0.00000000000000209    -4.24264068711928211    -2.82842712474619207
 0.00000012852151126     0.00000012852151243    -1.41421347127953045
 2.82868730583600003     2.82867076321200006     1.36473726951699992
 2.19434688479300011     2.44052566216199995    -0.49220439877799999
-2.82842712474618452    -4.24264068711928299     2.82842712474618940
-2.82842712474618363    -2.82842712474618541     4.24264068711928299
 1.41421356237309759    -4.24264068711928211    -1.41421356237309759
 1.41421356237309670    -4.24264068711928299    -4.24264068711928832
 2.82843817332673586    -1.41420137769245868    -2.82841607624934266
-1.41421348427538440     4.24264068711928655    -1.41421356237309692
-2.82842712474618363     0.00000000000000636     1.41421356237309448
-2.82842712474555569     4.24264068711928832    -2.82842712474619384
 1.41421356237310247     1.41421356237310003     4.24264068711928477
-2.82842712474618230     2.82842712474619162     1.41421356237309581
 0.00069900390056704     4.24264057627881286    -0.00069915640228214
 1.41421356237310203    -2.82842712474618496     2.82842712474618629
-2.82842712474555391     2.82842712474619162    -4.24264068711928743
 2.82842712474619162    -4.24264068711927411    -2.82842712474619340
 2.82842712474619429    -4.24264068711928299     2.82842712474618807
-4.24264068711928299    -1.41421356237309270     1.41421356237309537
 1.49684701391299990     0.07976151985100000    -2.74163786534100007
-2.82842712474618763    -4.24264068711928299    -2.82842712474618940
-2.82842712474618274     2.82842712474619207     4.24264068711928299
-4.24264068711928211    -2.82842712474618674    -0.00000000000000074
 1.49307410364200011     0.07445720309999999    -0.07429976944800000
 0.00000000000000404    -4.24264068711928211    -0.00000000000000141
-2.82842712474618674     0.00000000000000326    -1.41421356237309559
-2.82842712474618629    -1.41421356237309070     0.00000000000000051
 0.00000000000000631    -4.24264068711928211     2.82842712474618674
-4.24264068711928299    -4.24264068711928211    -4.24264068711928388
 2.82842712474619340     2.82842712474619340     4.24264056063815520
-4.24264068711928299    -4.24264068711928299     1.41421356237309359
-2.82842712474618541    -2.82842712474618585     1.41421356237309559
-4.24264068711928299     1.41421356237309914     1.41421356237309426
 2.82842712474619296    -2.82842712474617075    -1.41421356237310092
-2.82842712474616498     1.41421356237310003    -2.82842712474618896
 4.24264067075977813     2.82842728496633367     2.82724223479688597
-2.82842712474618097     4.24264068711928832     2.82842712474618896
 4.24264068711928832    -2.82842712474618274     2.82842712474618718
 0.00000000000000144    -2.82842712474618851    -4.24264068711928921
 4.24264068711928921    -1.41421356237309248     4.24264068711928655
 1.41421356237310447    -1.41421356237308982     4.24264068711928122
 1.65219796225200000     2.79286179005700008    -2.60840454943599998
-4.24264068711927766     4.24264068711928743     1.41421356237309515
 0.00000003436676262     2.82842715911200759    -4.24264067498765041
 2.82842737159266600     4.24264061461041653     2.82842660956751946
-2.82842712474616942     2.82842712474619651    -1.41421356237309559
 4.24264068711928921    -4.24264068711926878    -1.41421356237310114
 1.41421356237310114    -4.24264068711928211     1.41421356237309137
-1.41421356237192608     1.41421356237309759    -4.24264068711928743
-1.41421343399406219     2.82842712474619518     0.00000000000000145
-1.41421356237309404    -4.24264068711928299    -4.24264068711928655
-1.41421356237308427     2.82842712474619429     2.82842712474618851
 0.00034959646906518     2.82877670047999574     1.41386396484772692
 0.00000132686037631     0.00000132686053408    -4.24264015801905714
-1.41421356237309204    -2.82842712474618629    -2.82842712474619207
-2.82842712474618230     0.00000000000000719     4.24264068711928299
 1.41421356237309581    -2.82842712474618008    -2.82842712474619384
 4.24264066868601208     4.24264066868607070    -4.24264054926570999
 2.82842712474619518    -2.82842712474618896     4.24264068711928388
 1.41421366861973841     4.24264066724730604    -4.24264066449979360
-1.41421356237308915    -1.41421356237308982     1.41421356237309337
-4.24264068711926434     2.82842712474619162    -2.82842712474619029
-4.24264068711928299    -2.82842712474618541    -2.82842712474619074
 0.00000000000007514     4.24264068711927145     2.82842712474612590
 2.82842712474619118    -2.82842712474549662    -4.24264068711928832
 4.24264052349199972     1.41499469297700009     1.41224744645599998
 4.24264068711928832    -4.24264068711928566     4.24264068711928388
-4.24264068711927766    -1.41421356237308937     4.24264068711928566
-4.24264068711878384     4.24264068711928566    -4.24264068711928566
 4.24262615954800015     2.38836986804400020    -2.39144719860800015
-2.82842712474618008     4.24264068711928832     0.00000000000000208
 4.24264068371618119    -1.40861534598328353    -1.41420249334526149
-2.82842712474618452    -1.41421356237308915     2.82842712474618896
-1.41421356237308093     4.24264068711928832     1.41421356237309248
-4.24264068711927944     1.41421356237309914    -4.24264068711928743
-4.24264068711928122     2.82842712474619251     2.82842712474619074
 2.82842826511073797     0.00000114036494500    -4.24264068397026239
 1.41421356246847263    -1.41421356227770123    -1.41421356246848262
 2.83867296508599987     0.80627058529100004    -1.44851604607199991
 4.24264068711929010     1.41421356237310558     4.24264068711928388
-4.24264068711927589     4.24264068711928921     4.24264068711928477
 3.15213022510299989     4.24264039342100041    -2.56609798516599996
 0.00000000000000591    -2.82842712474618496     1.41421356237309204
-2.82842712474618452     1.41421356237309981    -0.00000000000000217
 4.24264068711904052    -1.41421356237202311    -4.24264068711901121
-4.24264068711928299     1.41421356237309737     4.24264068711928566
 1.41421437688892904    -1.41421274785682516    -4.24264067012225343
 2.82842712474619562    -2.82842712474617741     1.41421356237308982
-4.24264068711927056     4.24264068711928832    -1.41421356237309737
-1.41421356237232376     4.24264068711928743    -4.24264068711928743
 0.00000000000000771    -2.82842712474618319     4.24264068711928299
-1.41421356237308804    -2.82842712474618452     2.82842712474618851
 0.00000000302402624    -1.41421355934907078     2.82842712172216793
-4.24264068711928211     1.41421356237309759    -1.41421356237309448
-1.41421356237308515     1.41421356237310003     4.24264068711928477
 1.41421362164263043     2.82842718401563964     2.82842693489274000
-1.41421356237307205     1.41421356237310425    -1.41421356237309159
 1.41421356558226430    -1.41421355916378544     1.41421355916392844
-1.41421356237308338     1.41421356237310070     1.41421356237309137
 1.69199909935800008     4.24264037055699994    -1.19933928729999995
 1.41421356237309981    -2.82842712474618496    -0.00000000000000417
 1.41487684553199999     1.41487679638199992     1.41355039828699991
