167   10.48528137423899942
 4.24264068711928743    -0.00000000000000350    -2.82842712474619118
-4.24264068711928388    -1.41421356237310003     4.24264068711928566
 2.82842712474618629    -2.82842712474619562     4.24264068711928299
 1.41421356237309515    -1.41421356237309670     4.24264068711928743
 1.41421356237309470    -0.00000000000000549    -2.82842712474618940
-4.24264068711929010    -4.24264068711929188     1.41421356237309492
-0.00000000000000106     2.82842712474618319    -4.24264068711928566
-4.24264068711928832    -0.00000000000000122     2.82842712474619429
 1.41421292449738734    -2.82842776262189810    -2.82842648687064502
-4.24264068711928832    -1.41421356237309670     1.41421356237310025
 1.41421356237309448     2.82842712474618807     2.82842712474618985
-0.00000000000000034     1.41421356237309137     0.00000000000000033
 1.41421356237309470     1.41421356237309248     1.41421356237309537
 4.24264068711928122    -4.24264068711929099     1.41421356237309137
 1.41421356237309337     4.24264068711928033    -4.24264068711928655
 0.00000000000000084    -0.00000000000000550    -4.24264068711928566
 1.10612932972900002    -1.82803519000899994    -1.12231686055899993
-1.41421356237309537    -0.00000000000000243     2.82842712474619207
-2.82842712474619162     4.24264068711928122    -0.00000000000000103
 0.00000000000000497    -2.82842712474619118    -4.24264068711928655
 2.82842712474618851     4.24264068711928211    -2.82842712474619162
 2.82842712474619118    -0.00000000000000276     4.24264068711928477
-1.41421356237309603     4.24264068711928211     1.41421356237309381
-1.41421356237309648     4.24264068711928033    -1.41421356237309603
 2.82842712474618985     2.82842712474618629    -1.41421356237309581
-2.82842712474619074    -0.00000000000000742    -4.24264068711928566
-2.82842712474619118     2.82842712474618629     1.41421356237309426
-4.24264068711928655    -0.00000000000000631     0.00000000000000084
-1.41421356237308959    -4.24264068711929188     4.24264068711927411
 4.24264068711928477     1.41421356237309359     4.24264068711928566
 1.41421356237309981    -1.41421356237309648    -4.24264068711929010
-2.82842712474619162     4.24264068711927855    -2.82842712474619074
-2.82842712382354478    -1.41421356329574466     2.82842712382354655
-1.41421356237309626     2.82842712474618541    -0.00000000000000072
-4.24264068711928743     2.82842712474618629     2.82842712474618851
-1.29503230575942796    -4.24124906570811255    -1.30241131778526187
 1.41421356237309537    -0.00000000000000303     0.00000000000000110
 2.82842712474618541    -4.24264068711929188     2.82842712474618585
 4.24264068711928566    -4.24264068711929010    -4.24264068711928477
 0.00000000000000010    -0.00000000000000301     1.41421356237309603
-4.24264068711928566     1.41421356237309448     4.24264068711928832
-4.24264068711928832    -2.82842712474619162     0.00000000000000543
 1.41421356237309381     4.24264068711928122    -1.41421356237309648
 2.82842712474562852    -2.82842712474619162    -1.41421356237309448
 2.82842712474618985     1.41421356237309315     2.82842712474619029
-1.41421356237309448     4.24264068711928299     4.24264068711928566
 2.82842712474619118     1.41421356237309137    -2.82842712474619074
 4.24264068711928211    -2.82842712474619784    -2.82842712474618629
-4.24264068711927944    -2.82842712474620273    -2.82842712474618407
 0.00000000000001099    -1.41421356237338203    -2.82842712474590607
 2.82842712474619074    -0.00000000000000229     1.41421356237309581
 1.41421356237309448     4.24264068711928299     4.24264068711928477
 1.41421356237309404    -4.24264068711929188    -4.24264068711929099
 1.40636654536896732    -4.24251262750159253     1.40632275980738086
-4.24264068711928655     2.82842712474618185    -2.82842712474619074
-1.41421356237309559     1.41421356237309293     4.24264068711928655
-2.82842712474619074     1.41421356237308959     0.00000000000000067
 4.24264068711928655    -2.82842712474619162     0.00000000000000066
 0.16972148194799999    -3.26246799054400016     0.05505853932900000
-2.82842712474618985     2.82842712474618851     4.24264068711928566
-4.24264068711925102    -4.24264068711929276    -1.41421356237308271
 2.82842712474618985     2.82842712474618585    -4.24264068711928655
 0.00000000215672418    -4.24264067213929863    -2.82651413117609351
 1.41421356237309492     1.41421356237309070    -1.41421356237309515
 2.82842712474619429    -0.00000000000000172    -4.24264068711928832
-2.82842712474618363    -2.82842712474620095    -4.24264068711928477
-2.82842712474619074    -0.00000000000000349     1.41421356237309759
 2.82842712055298451    -4.24264068711928921    -0.00000000000000202
 2.82842712474619074     1.41421356237309159    -0.00000000000000051
-1.41421356237309537    -1.41421356237309692     4.24264068711928743
 2.82842712474618940     4.24264068711928299     2.82842712474618851
 4.24264068711928566    -1.41421356237309714     1.41421356237309603
 2.82842712474618763    -2.82842712474619384     1.41421356237309381
-4.24264068711928477    -2.82842712474619562     2.82842712474619118
 2.82842712474619118    -1.41421356237309714     0.00000000000000074
-0.00000000000000103     4.24264068711928122    -0.00000000000000128
-1.41421356237309537     2.82842712474618763     2.82842712474618985
 2.82842712474619162    -1.41421356237309825    -2.82842712474619162
-2.82842712474618585    -2.82842712474619651     4.24264068711928477
-2.81290735122582758    -4.24264066914770943    -0.00008509158700218
-0.00000000000000182     4.24264068711927944    -2.82842712474619162
 2.82842712474619074    -0.00000000000000345    -1.41421356237309559
-1.21343331592100001    -4.23876899927299977     1.22702720068700000
 4.24264068711928477     4.24264068711928388     4.24264068711928388
-1.41421356237309581     1.41421356237308937    -1.41421356237309470
 4.24264068711928477    -4.24264068711928743     4.24264068711928566
-1.41421356237309714     4.24264068711927766    -4.24264068711928655
-2.82842712474619162     2.82842712474618363    -1.41421356237309537
 2.82842712474618851    -1.41421356237309892     2.82842712474618940
 1.41421356237309581     1.41421356237308982    -4.24264068711928566
-0.00000000000000031     1.41421356237309270     2.82842712474619074
-2.82842712474619118     4.24264068711928211     2.82842712474618896
-4.24264068711928122    -1.41421356237310802    -4.24264068711928299
 2.82842712474618940     4.24264068711928211    -0.00000000000000113
 0.00000000000000013    -0.00000000000000475    -1.41421356237309359
 2.82842712474618985     2.82842712474618851     4.24264068711928477
 1.41421356237309470     2.82842712474618674    -0.00000000000000082
-0.00000000000000056     2.82842712474618718     1.41421356237309470
-0.00000000000000009     2.82842712474618763     4.24264068711928566
 4.24264068711928477     4.24264068711928122    -4.24264068711928655
-2.82834247178977938    -2.82851177817969290     1.41412890819362747
-4.24264068711928743     4.24264068711927766    -1.41421356237309648
 1.41421356131924059    -2.82842712580004640     2.82842712369233684
 1.41421356237308982    -4.24264068711929188     4.24264068711928122
-1.41421356237309470    -0.00000000000000722    -2.82842712474618896
-1.41421356237308271    -4.24264068711929276    -4.24264068711929276
 1.16954710838300002    -1.66452768429299991     1.21986490876600007
-1.41421356237309648     2.82842712474618363    -2.82842712474619074
 4.24264068711928655    -1.41421356237309803    -1.41421356237309559
-2.82842712169211019    -1.41421356542717991     0.00000000305408438
 2.82842712474618985     2.82842712474618718     1.41421356237309404
-4.24264068711928655     1.41421356237308693    -4.24264068711928566
-4.24264068711928743     4.24264068711927678    -4.24264068711928566
 4.24264068711928655    -0.00000000000000144     2.82842712474619029
 2.82842712474618940    -2.82842712474619651    -4.24264068711928388
-0.00000000000000074     4.24264068711928299     2.82842712474618896
 0.00000000000000011    -2.82842712474619162     4.24264068711928743
 0.00000000000000004    -0.00000000000000161     4.24264068711928655
-4.24264068711928655    -1.41421356237310158    -1.41421356237309426
-4.24264068711928566     4.24264068711928299     4.24264068711928388
-4.24264068711928655     4.24264068711928211     1.41421356237309404
 4.24264068711928566     4.24264068711928211     1.41421356237309359
 4.24264068711928566     1.41421356237309293     1.41421356237309470
-2.82842712474616276    -4.24264068711929010    -2.82842712474618363
 4.24264068711928477    -1.41421356237309936     4.24264068711928388
-0.00000000000000085     2.82842712474618541    -1.41421356237309581
 2.82842712474617652    -4.24264068711929188    -2.82842712474618407
-2.82842712474618452    -4.24264068711929188     2.82842712474617919
-0.00000000010513045    -4.24264068645645676     2.82834003246523302
-4.24264068711928743     1.41421356237308959     1.41421356237309515
-4.24264068711928566    -0.00000000000000765    -2.82842712474619029
 1.41421356237309404     4.24264068711928299     1.41421356237309359
-1.41421356237309559     1.41421356237309159     1.41421356237309581
 4.24264068711927145    -4.24264068711929188    -1.41421356237308893
 1.41421356237309537     1.41421356237309293     4.24264068711928566
-2.82842712474619162     2.82842712474618230    -4.24264068711928566
-2.82842710547713994    -1.41421358164215216    -2.82842710547714216
 4.24264068711928655     2.82842712474618674    -2.82842712474619029
 4.24264068711928655     1.41421356237309115    -1.41421356237309581
-2.82842712474619074     1.41421356237309293     2.82842712474619118
 4.24264068711928832    -0.00000000000000278     0.00000000000000012
 4.24264068711928832     1.41421356237309359    -4.24264068711928655
 4.24264068711928566     2.82842712474618674    -0.00000000000000123
 4.24264068711928299    -2.82842712474619473     2.82842712474618851
-4.24264068711928743     2.82842712474618363    -0.00000000000000076
-0.00000000000000079     1.41421356237308915    -2.82842712474618985
-1.41421292782536434    -2.82842775929388646    -2.82842649019850878
-4.24264068711928388    -4.24264068711928921     4.24264068711928832
 1.28901376639000009    -4.24123817110699974    -1.28904389740199998
 0.00000000000000013    -1.41421356237309692     2.82842712474619207
-2.82842712474619029     1.41421356237308715    -2.82842712474619029
-1.41421356237309404    -1.41421356237310070    -4.24264068711928566
-2.82842709940897485    -2.82842715008300027    -1.41421353703628450
 1.41421356237309426     2.82842712474618541    -2.82842712474619074
-1.41421356237309581     1.41421356237308782    -4.24264068711928566
-0.97363535602399998    -1.77188420347499997    -0.93019219024499999
-4.24264068711928566     1.41421356237308737    -1.41421356237309537
-0.99758808213100003    -1.98584760660900006     1.05904969672500004
-1.41421356237309515    -0.00000000000000484     0.00000000000000126
 4.24264068711928477     2.82842712474618807     2.82842712474618940
 4.24264068711928477     4.24264068711928211    -1.41421356237309581
 1.41421356237309537    -0.00000000000000221     2.82842712474619074
 4.24264068711928743    -1.41421356237310003    -4.24264068711928655
-2.82842712474619074    -0.00000000000000211     4.24264068711928743
-2.82842712474618985    -0.00000000000000823    -1.41421356237309404
-4.24264068711928388    -4.24264068711929099    -4.24264068711928743
-1.41421356141680121    -2.82842712570248533     2.82842712044156475
