168   10.48528137423899942
-1.41421356237309448    -1.41421356237309159    -4.24264068711928832
-2.82842712474619074     2.82842712474618940     1.41421356237309404
-2.82842712474618940     0.00000000000000366    -4.24264068711928743
 4.24264068711928655     4.24264068711927944     4.24264068711928477
-2.82842712474619162    -4.24264068711928655     2.82842712474618541
-0.00000000000000122    -2.82842712474618940    -1.41421356237309914
 2.82842712474618940    -0.00000000000000212     1.41421356237309381
 0.00000000000000098     1.41421356237309692    -2.82842712474619118
-1.41421356237309581     2.82842712474618763     2.82842712474618940
-4.24264068711928299    -4.24264068711928566    -1.41421356237310203
 4.24264068711928566    -1.41421356237309959     4.24264068711928299
-4.24264068711928566     1.41421356237309648    -1.41421356237309692
-1.41421356237309537    -1.41421356237309359    -1.41421356237309848
-4.24264068711928743    -4.24264068711928655     4.24264068711927944
-2.82842712474618985    -1.41421356237309270    -2.82842712474619384
 0.00000000000000013     4.24264068711928477     0.00000000000000122
-1.41421356237309337     1.41421356237309848    -4.24264068711928743
 4.24264068711928388    -2.82842712474619118    -0.00000000000000343
-0.00000000000000145    -2.82842712474618851    -4.24264068711928743
 1.41421356237309359    -4.24264068711928566    -4.24264068711928832
 1.41421356237309381    -1.41421356237309670     1.41421356237309270
-1.41421356237309559     1.41421356237309381     1.41421356237309359
 2.82842712474619029     2.82842712474619029    -1.41421356237309337
 2.82842712474618985    -0.00000000000000035    -1.41421356237309603
 2.82842712474618985     2.82842712474618629     4.24264068711928566
-4.24264068711928477     0.00000000000000266    -2.82842712474619296
-4.24264068711928566     4.24264068711928299     4.24264068711928477
 2.82842712474618896    -2.82842712474619074    -1.41421356237309825
 2.82842712474619207     4.24264068711928655    -2.82842712474618674
 0.00000000000000010    -1.41421356237309315    -2.82842712474619296
-4.24264068711928655    -1.41421356237309692     4.24264068711928122
 4.24264068711928832     2.82842712474618896    -2.82842712474618496
 1.41421356237309492     4.24264068711928122     4.24264068711928566
 1.41421356237309359    -1.41421356237309825     4.24264068711928566
-1.41421356237309492     1.41421356237309603    -1.41421356237309626
 1.41421356237309559    -1.41421356237309270    -4.24264068711928743
-1.41421356237309648    -4.24264068711928655     1.41421356237309093
-2.82842712474619118    -1.41421356237309648     2.82842712474618674
 1.41421356237309515     1.41421356237309559    -1.41421356237309537
 4.24264068711928743    -4.24264068711928477     4.24264068711927944
 2.82842712474619029     4.24264068711928211     2.82842712474619118
 4.24264068711928743    -1.41421356237309404     1.41421356237308937
-0.00000000000000170    -4.24264068711928743     2.82842712474618629
 0.00000000000000122     0.00000000000000299    -4.24264068711928743
-2.82842712474619118    -2.82842712474619074     1.41421356237309093
-2.82842712474618985     1.41421356237309781    -2.82842712474619162
 1.41421356237309448    -1.41421356237309492    -1.41421356237309759
-4.24264068711928655     2.82842712474618851     2.82842712474618851
-1.41421356237309448     0.00000000000000235    -2.82842712474619251
-1.41421356237309670    -1.41421356237309714     4.24264068711928299
 2.82842712474619118     0.00000000000000187    -4.24264068711928655
 2.82842712474618896    -2.82842712474619296     4.24264068711928299
-4.24264068711928477     2.82842712474619296    -2.82842712474619029
-2.82842712474618407    -4.24264068711928743    -2.82842712474619606
 2.82842712474619029     4.24264068711928477     0.00000000000000212
-4.24264068711928566     4.24264068711928743    -4.24264068711928566
 1.41421356237309448    -0.00000000000000079    -0.00000000000000148
-2.82842712474619162     2.82842712474618674     4.24264068711928566
-4.24264068711928566     2.82842712474619074    -0.00000000000000124
-1.41421356237309603    -0.00000000000000187     2.82842712474618807
-0.00000000000000077    -1.41421356237309559    -0.00000000000000284
-0.00000000000000122    -2.82842712474619162     1.41421356237309204
 4.24264068711928655    -2.82842712474618807    -2.82842712474619074
 1.41421356237309381    -2.82842712474619207     2.82842712474618718
-0.00000000000000122    -1.41421356237309692     2.82842712474618763
-1.41421356237309714    -4.24264068711928743     4.24264068711928122
 4.24264068711928566     1.41421356237309870    -4.24264068711928477
 4.24264068711928566     4.24264068711928477     1.41421356237309670
 1.41421356237309470     1.41421356237309137     4.24264068711928566
 2.82842712474619029     2.82842712474618763     1.41421356237309581
 0.00000000000000015    -4.24264068711928743    -0.00000000000000202
 1.41421356237309803     1.41421356237309870    -4.24264068711928655
 2.82842712474618985     1.41421356237309181     2.82842712474618985
-1.41421356237309648    -2.82842712474619162     2.82842712474618674
-0.00000000000000033     2.82842712474618629     4.24264068711928566
-2.82842712474619162    -0.00000000000000194     4.24264068711928299
-2.82842712474619029     1.41421356237309515    -0.00000000000000169
 0.00000000000000142     4.24264068711928655    -2.82842712474618940
 1.41421356237309648     2.82842712474619162    -2.82842712474618940
-2.82842712474619118    -4.24264068711928566    -0.00000000000000413
 4.24264068711928388    -4.24264068711928655    -1.41421356237309870
 2.82842712474619029    -1.41421356237309426    -2.82842712474619207
-2.82842712474618718    -2.82842712474618896    -4.24264068711928743
 2.82842712474618940    -0.00000000000000408     4.24264068711928477
-4.24264068711928566    -1.41421356237309204    -4.24264068711928832
-0.00000000000000010     1.41421356237309470    -0.00000000000000079
 1.41421356237309515     2.82842712474618940     0.00000000000000097
-0.00000000000000252    -4.24264068711928566    -2.82842712474619473
 1.41421356237309248    -4.24264068711928566    -1.41421356237309959
-4.24264068711928566    -2.82842712474619029    -0.00000000000000505
 4.24264068711928566    -1.41421356237309381    -4.24264068711928655
-1.41421356237309492     2.82842712474618985    -0.00000000000000014
-0.00000000000000079    -0.00000000000000142     1.41421356237309315
-0.00000000000000102    -0.00000000000000278     4.24264068711928566
 1.41421356237309492     2.82842712474618718     2.82842712474619029
 4.24264068711928655     1.41421356237309070     1.41421356237309337
-1.41421356237309537    -0.00000000000000008    -0.00000000000000230
 1.41421356237309337    -4.24264068711928743     4.24264068711928122
 4.24264068711928655     0.00000000000000123    -2.82842712474619162
 2.82842712474618763    -4.24264068711928743    -0.00000000000000460
 2.82842712474619118     1.41421356237309626    -2.82842712474618940
-4.24264068711928566    -2.82842712474618851    -2.82842712474619473
-4.24264068711928655     1.41421356237309448     1.41421356237309248
-4.24264068711928566     0.00000000000000011    -0.00000000000000321
 2.82842712474618985     1.41421356237309381    -0.00000000000000011
-0.00000000000000036     1.41421356237309248     2.82842712474618940
-4.24264068711928566     1.41421356237309914    -4.24264068711928655
 2.82842712474618940    -1.41421356237309781     2.82842712474618807
 4.24264068711928299    -4.24264068711928743     1.41421356237309026
-2.82842712474619207    -2.82842712474619207     4.24264068711928122
 4.24264068711928655    -4.24264068711928388    -4.24264068711928477
-4.24264068711928122    -4.24264068711928566    -4.24264068711928832
-4.24264068711928566     4.24264068711928743    -1.41421356237309470
-4.24264068711928743     1.41421356237309226     4.24264068711928211
 4.24264068711928743     2.82842712474618452     2.82842712474618985
-2.82842712474618807    -2.82842712474619074    -1.41421356237310181
-4.24264068711928655    -0.00000000000000185     2.82842712474618629
 4.24264068711928743    -2.82842712474619029     2.82842712474618319
-2.82842712474618896     4.24264068711928743    -2.82842712474619029
 1.41421356237309448    -2.82842712474618896    -2.82842712474619340
-4.24264068711928655    -1.41421356237309603     1.41421356237309048
-1.41421356237309404    -4.24264068711928743    -1.41421356237309692
-2.82842712474618985     4.24264068711928566     0.00000000000000039
-1.41421356237309603     1.41421356237309226     4.24264068711928388
-2.82842712474618985     2.82842712474619162    -1.41421356237309537
-0.00000000000000056     4.24264068711928566     2.82842712474619118
-4.24264068711928566     4.24264068711928477     1.41421356237309470
-1.41421356237309404     4.24264068711928655    -1.41421356237309470
 1.41421356237309492     4.24264068711928388     1.41421356237309670
 1.41421356237309470     1.41421356237309315     1.41421356237309448
-1.41421356237309581    -2.82842712474619074    -0.00000000000000367
-1.41421356237309515     4.24264068711928388     1.41421356237309581
 4.24264068711928743     1.41421356237309181    -1.41421356237309226
 2.82842712474619074    -2.82842712474618896    -4.24264068711928743
 0.00000000000000034     2.82842712474619074    -1.41421356237309492
 0.00000000000000005     0.00000000000000080    -1.41421356237309692
 2.82842712474618896    -1.41421356237309626    -0.00000000000000212
 4.24264068711928655     4.24264068711928566    -1.41421356237309159
 1.41421356237309492    -4.24264068711928743     1.41421356237309270
 2.82842712474618896    -2.82842712474619162     1.41421356237309181
 4.24264068711928743    -1.41421356237309293    -1.41421356237309581
 4.24264068711928033     4.24264068711927500    -4.24264068711928832
 2.82842712474618851    -4.24264068711928566    -2.82842712474619340
-2.82842712474619118     1.41421356237309315     2.82842712474618807
 4.24264068711928566     2.82842712474618851     0.00000000000000123
 2.82842712474618985    -4.24264068711928655     2.82842712474618718
 1.41421356237309559     0.00000000000000146    -2.82842712474619162
-0.00000000000000022     2.82842712474618851     1.41421356237309537
-4.24264068711928655    -4.24264068711928566     1.41421356237309026
-2.82842712474619029    -1.41421356237309515    -0.00000000000000346
-2.82842712474619029     0.00000000000000132    -1.41421356237309781
-0.00000000000000192    -2.82842712474619251     4.24264068711928211
-2.82842712474618896     2.82842712474619296    -4.24264068711928655
 4.24264068711928566     1.41421356237309004     4.24264068711928566
-4.24264068711928655    -2.82842712474619118     2.82842712474618541
 4.24264068711928566    -0.00000000000000366     2.82842712474618896
 1.41421356237309381    -2.82842712474619118    -0.00000000000000308
-4.24264068711928477    -1.41421356237309426    -1.41421356237309892
-1.41421356237309581    -1.41421356237309626     1.41421356237309204
-2.82842712474619074     4.24264068711928299     2.82842712474619029
-1.41421356237309603     4.24264068711928122     4.24264068711928566
 1.41421356237309448    -0.00000000000000276     2.82842712474618896
-2.82842712474619074    -0.00000000000000101     1.41421356237309226
-1.41421356237309426     2.82842712474619207    -2.82842712474619029
 1.41421356237309559     4.24264068711928566    -1.41421356237309337
-1.41421356237309315     4.24264068711928743    -4.24264068711928566
 0.00000000000000234     2.82842712474619296    -4.24264068711928566
 1.41421356237310070     4.24264068711928566    -4.24264068711928566
