16    5.29670082928742403
-0.31259285862261099     1.21176039997894791     0.22527595748114268
-1.64835041464371157     1.09166440629254136    -1.26580319139997832
-1.64835041464368981    -1.64835041464369114     1.64835041464368870
 1.26580319139999231    -1.64835041464371113    -1.09166440629252692
-1.64835041464356813    -1.64835041464356635    -1.64835041464354237
-1.64835041464355636    -0.27643132024638745     0.19307106055799109
 1.64835041464370691     1.64835041464370513    -0.23413685227061015
 0.23413685227061229     1.64835041464370802    -1.64835041464370602
-0.19307106055803067    -1.64835041464354415     0.27643132024634415
-1.64835041464355814     1.64835041464354060     1.64835041464356302
-0.27643132024636241    -0.19307106055801665     1.64835041464356169
 1.64835041464354171    -1.64835041464356391     1.64835041464356391
-0.22527595748115159    -0.31259285862260261    -1.21176039997898455
 1.64835041464370602     0.23413685227061115    -1.64835041464370713
 1.21176039997895857    -0.22527595748114632     0.31259285862261066
 1.09166440629252226     1.26580319139999520     1.64835041464371113
