174   10.72389346908800078
-2.94789141589827608     2.94757494882230731     1.53310403320291821
-1.66545834668868364    -2.83132999333166335    -0.00306851891075337
 4.36194673414401368     0.81223429445119222     2.06964641573078101
 4.29355504031075519     2.36420281040991842    -2.36420281040991842
 2.70324055374041716    -0.02930974560809133    -1.35306990131209770
-2.94799057185438906     2.94747581852135676     4.36194673414381651
-4.35852949193099981     4.35986855099799975    -4.36151525866999989
 1.29416301916708876     4.36194673414395595     1.53328993643794931
-4.36194673414400036    -2.94773317176960026    -2.94773317177215821
-0.22265130420497947    -0.03282762467933358     1.37845586107782303
-0.11946793220628378    -2.94757130511578769    -4.36194673414401546
-4.36194673414402612     0.11935837156665198     0.11873911458942611
 1.08799534845381718    -2.96229912103995519     2.91458370805646849
-4.36194673414406076     4.36194673414406253    -1.31334494863571560
-4.36194673414402789    -0.11789176787368283    -2.94914886668066156
-0.21801135786655301    -1.45143940213643652    -0.03133812946050215
-2.94736215034028426    -1.29542621236105893     2.94758983491227688
-0.11983653924283409     2.94751920085210228     1.53324654886644729
 1.02529122249500393     1.52417210264235869    -4.36194673414406431
-1.66532609178190971     1.41755959322281422    -1.41271512794515131
-4.36194673414405720    -4.36194673414406697    -1.53351960940041221
-2.95220565712399985     2.72986149426400004    -4.36093897743799985
-0.34063565614569585    -4.36194673414384049     2.91447494399841078
-0.11914414346413990    -4.36194673403065991    -2.94789509386330328
 4.36194673414401546     3.87698142741624663    -0.48978359851199216
 2.96726199829740356    -2.94735309901605014    -4.13004301478631408
-2.94777745280665870     1.53299012076822794     2.94757916432782574
 4.36194673414390000     2.26833034317798665     0.69859415674054948
 1.17058860904405537     2.83835231888255546    -0.00405857000726147
-4.36194673414305800     1.53320317671907280     1.53332133805454451
-0.38892233987837699     2.93838566501516851    -4.36194673414404832
-0.25063356959466160    -0.00414798801968880    -1.41129586574300503
-3.07957751751033637    -2.83156401091927501     1.41123940935327119
-0.11538349054516606     1.52892262624421460     2.94331714523066079
 4.36194673414399503    -3.28560611691596716     2.75778999064846708
-0.24738004785050058     1.41239056514266004    -2.82317686002013835
 4.35938704322731141    -4.36194673414386536    -0.92788060393065752
 1.29439271764537778     1.53351961680630611     4.36194673414400569
-4.36194673414389111     0.11873229479395805     2.94779221997461249
-1.66875432859338724    -1.41397006664825109     1.41354998945974275
 2.74155816312900003    -1.47229418568599990    -2.77349080537300008
 1.17876160751563686    -0.00901522795306362     2.80515653768272788
-3.07905890751223987    -4.24604328292311628     2.82518711705506353
 4.36194673414401457    -4.36194673414401102    -4.36194673414400480
-0.25111117324742072     1.41740495080825268     0.00149706981036829
 1.16318644609791599    -4.36023810302731274    -1.41309043539566215
-1.53351964644141092    -1.53319591312234471    -4.36194673414339817
-2.94631892930776162    -0.11756948417276784    -4.36194673414386180
 4.36194673414403855     2.43009508156580845    -4.36194673414402612
-2.95382689336308024    -2.71582145238855821     4.36194673414399592
 4.20938789993900020     4.36158240670100028     4.35947335706099981
-1.53348397118299995     4.36194549523099973    -1.29608234585799997
 4.36194673414401191     4.36194673414402434    -2.43009508156579113
 2.60046364873402336    -4.36194673414392486     2.79561825542561504
-4.36194673414405631    -4.36194673414406253     1.29523116531168991
-4.36194673414401013     1.29773607364790511    -4.36194673414400924
-0.35676734752708822    -2.98188688570734639     4.36194673414377387
-0.23472138775518622    -1.43195393395472492     2.80754644035474321
-1.53393525361030747     2.94757494881988569     2.94757494882044613
 2.64586750111998503    -0.00386286820095829     1.44590168661896468
 2.69747462830627827    -1.44557714671694271     0.06069533248009006
 1.03343888034200004     4.36194111496500003    -1.51617669238800001
-2.94767409727010499     4.36194673414402168     0.11861414503189466
-1.52951863958100009     1.29549972557000004    -4.36194495849500008
 2.46731953920043923    -2.91125945465638791     4.36194673414389644
 4.36022802659300002    -2.07684002351600006     4.36175158376399974
-2.94799057185764823     4.36194673414380052     2.94747581852472207
-0.21250699584502883    -2.86285752641509461    -1.44833092423988452
 2.43001429938402236    -0.11279858545274649     4.36194673414409184
 1.19910907961639635     2.79325029917654311    -2.79325029917648671
 3.99359641451500602     4.36194673414402789     1.41524309245578839
-1.53403440957146175     4.36194673414403944     4.36194673414402878
 2.62505303248700006     1.36278603715899993    -2.85400628854899985
-4.36194673414403766     4.36194673414403855     1.53300490290561053
-4.36194673414391954     1.53300490290539293     4.36194673414400835
 1.01588151919260294     4.36194673414402523    -4.36194673414384138
-4.36194673414379608    -1.29554031331792641     4.36194673414369127
 4.36194673414388490     1.82250565536733333     4.36194673414402700
 3.84409345569256233    -4.36194673414400835     4.36194673414402434
-4.36194673414394352    -1.53351960939525656    -4.36194673414400480
 1.28299779670539604    -1.53853318542143969    -1.35019604099013635
-0.25044303574700000     2.83184369315000017    -1.41329687177500007
-2.94781410046651793    -2.94765225001799225    -1.53343868764665392
-1.53383609765299056     4.36194673414399769     1.53320317045188448
-3.08372846083213492    -1.41429158832689583     0.00009744277844517
-1.79372619894955476     4.36194673414394352    -4.36194673414378098
-0.11574558300680707     0.11524250246263572     4.36194385618823688
 2.70144445605615635    -2.94845426670788990    -1.33872350331452239
 4.36194673414409095    -0.10942971667668970     3.84462119036608918
 4.36194673414402612    -2.42177442201989379     0.58659597763958238
-2.94773655169789084     1.53357531247629320     0.11867658563608541
 3.84430864393933591     4.36194673414404921    -4.36194673414402789
-4.36194673414377121     2.94747581852414831     2.94747581852748608
 4.36039106224642836    -0.42376972636219529     0.49729415226750445
-3.08410014599187665     0.00792456749441106    -1.41576100090682111
 4.36194673414388756    -1.34543380479182106     2.27226821022369041
-0.11987993536689123     2.94767408607111658     4.36194673414399325
-1.53368146679171802    -4.36194673414401812    -1.53335777052625821
 1.29427453883725807     2.94767408607048820     2.94767408606870918
 1.24683568954713508    -0.05176042367785898     0.01747044417621844
-0.14599177851474529    -1.50619436157012809    -2.92179489078079246
-0.11987993536673579     4.36194673414398881     2.94767408607112547
-0.11925375483770720     4.36194673414404033     0.11828003436572748
 2.61777940470739701     2.84579751625792010    -1.38448726066224781
-2.95085451510281471     4.36194673414395506    -2.73067298030707795
-4.36194673414405987     2.94779225367230913     0.11873226109932314
-0.38122994438199997     4.36194520512399997    -2.93081977903199986
 1.33918695946200006    -4.35818588697399978    -4.35793849521799981
 2.46341141169088829     4.36194673414401013    -0.08931851805146596
-1.51464701575834271     0.09995763513700993     2.93215290732263378
 1.16930724959950205     1.42345013047749358     1.40946545008031410
 4.36194673414399681     1.03232542839376973    -0.87375817356880736
 1.43251924132211905    -1.68608971063915036    -4.36194673414399148
 4.36194673414396039     2.81130600038199230     2.62347790275850201
 2.61957898838214520     1.41073059998737693     0.03231255470795193
-2.94794625541332245     0.11877656349582008     1.53336560672833655
-4.36194673414401102    -1.29564999888792576     1.53374740904421647
-1.80432902660430550    -4.36194673414405365     4.36194673414405987
-2.94773317176954386    -4.36194673414394529    -2.94773317177208893
 1.25221706254263410    -0.08932262356110177    -2.72818054518343311
-2.94767412879040602     0.11864396420916198     4.36194673414391598
 1.18231495191611891    -1.49772657776791385     1.39769468524779694
-1.53351961865890751    -2.94773317176963712    -2.94757132363954932
-4.36040569134700018     2.92163507198100003    -2.92913642245399997
 1.01987599874194501    -1.53107569979334235     4.36194673414383427
-2.94784792099350046     2.94772980492790104    -1.29559603980762916
-1.53351960939531939    -4.36194673414404832    -4.36194673414405543
 2.61493151388723355    -2.89269029987624249     1.43875562006382762
-1.66813688879498145    -1.41505866938577674    -1.41521878088033559
 1.26352764566325071    -2.91956159308698071    -2.79670267783601556
-0.25805433527430588    -2.88515851965284487     1.41690205768897992
 4.36194673414393375    -4.36194673414404477     1.07211775806436105
 1.29427453883787202     4.36194673414384759     4.36194673414401368
-1.66622040379331637     2.83207481565338437    -2.82662668307093901
-2.97440676189868203     1.32224113572643653    -2.92176191011830078
-1.53292223268678129     1.53217889794280593     1.53244035712108873
 2.70854719185076842     2.94779226487840784     4.36194673414395684
 1.19910612398945959     1.38274742253078942    -1.37533576191927742
 1.09067309416199754    -4.36194673414390177     4.34321220729688573
-1.66488697435971944    -4.36194673414293543     1.41568928680505834
 4.36194673414399503    -1.52590465172585055    -3.94473570437248267
-2.94773317177080552    -1.53351960939660437    -2.94773317177080818
-0.11527761431500000    -0.11872986610000000    -4.36194413836399963
-4.36194673414396750     4.36194673413967493     4.36194673414396483
 1.08891579709039532    -4.36194673414380851     1.48595299583003682
-0.25099705734799932    -4.36194673414383249     0.00115215312046727
 2.39518496737768727     0.06698607205762346    -4.36194673414406431
 2.43009508156581822     4.36194673414401102    -2.94773317177062211
-4.36169961658599981    -4.35329590124300037     4.36194572324699958
-1.53001334533670330     1.52939698265313062     4.35822866896352146
-4.36194632250999970     1.54521817498899994    -1.47810420256699993
-4.36194673414386713    -4.36194673414399148    -4.36194673414396483
 2.70363304391399994     1.52726397444599993     2.94162324996900004
 4.36194673414406164     0.43009508156580789    -4.36194673414400746
-2.94757138380338812    -4.36194673414402079    -0.11882063684162418
 2.47846520600069820    -1.52474658800252794     2.92060782718450973
 2.43009508156599363     2.94773317177120164    -4.36194673414400569
-1.53346392605623927     2.94772979048886707     0.11844706946898953
 2.64829668174095234    -4.36194673414400924    -2.75265927221871642
-4.36194673414408829    -2.94789501527327991    -0.11914422204436366
-1.49738878263799990    -1.33510856988000004     4.36194478384599993
 2.59059251349161190     2.84265565487136396     1.42828906649779319
 4.36194673414099299    -0.18658943455871771    -2.45939576043206154
 2.70842901304142325     4.36194673414399769     2.94767408607006853
-4.36194673414402878    -1.53335776589564454    -1.53351961865857733
-4.36194673414399769    -2.71613100420250708     2.94166562880716720
 4.36194673414386713    -3.33637656232695834    -2.64491271506366576
-1.66959947227221939     0.00000519265737838    -0.00185678648887613
 4.36194673414400569    -1.83375963012165499    -1.32501031145576165
-1.66810681733462629    -2.82860400485536267     2.83413654241320900
-1.56092087608139929    -0.09269823770906409    -2.91970762247886340
 1.18877935734876949    -2.97428157984589348     0.03895817420442223
 2.62861749966937364    -4.36194673414400569     0.07433533442890823
-2.94773317176955452    -2.94773317176963001    -4.36194673414399858
