22    5.77123616632827208
-1.83651439099400005     1.81931030357600010    -1.72663523342299996
 0.00000000000000000    -0.00000000000000000    -1.41421356237309537
-0.00000000000000000    -0.00000000000000000     1.41421356237309537
-0.47140452079101597     1.88561808316413004     1.88561808316413004
-1.41421356237309559    -0.00000000000000000     0.00000000000000000
 1.41421356237309559    -0.00000000000000000     0.00000000000000000
 1.88272662950699998     1.57480642471800003     1.88126681858700007
-1.88561808316413004     0.47140452079101597     1.88561808316413004
 1.88561808316413004     1.88561808316413004    -0.47140452079101569
-1.88561808316413004    -0.47140452079101597    -1.88561808316413004
 1.88561808316413004    -0.47140452079101597     1.88561808316413004
 1.88561808316413004    -1.88561808316413004     0.47140452079101569
-0.47140452079101597    -1.88561808316413004    -1.88561808316413004
 0.00000000000000000     1.41421356237309559     0.00000000000000000
 1.56499765412299996    -1.84559521507299995    -1.86156596272500008
 0.00000000000000000    -1.41421356237309559    -0.00000000000000000
 0.47140452079101597     1.88561808316413004    -1.88561808316413004
-1.88497106473600007    -1.83210040231399995     1.84777458509000003
 1.88561808316413004     0.47140452079101597    -1.88561808316413004
 0.47140452079101597    -1.88561808316413004     1.88561808316413004
-1.88561808316413004    -1.88561808316413004    -0.47140452079101569
-1.88561808316413004     1.88561808316413004     0.47140452079101569
