27    6.00000000000000000
 1.99999999999999956     0.00000000000000000    -1.99999999999999956
 1.99999999999999956    -1.99999999999999956     1.99999999999999956
-1.99999999999999956     1.99999999999999956    -0.00000000000000000
 0.00000000000000000    -1.99999999999999956     1.99999999999999956
-1.99999999999999956     0.00000000000000000     1.99999999999999956
-0.00000000000000000     1.99999999999999956     0.00000000000000000
-1.99999999999999956     0.00000000000000000    -0.00000000000000000
-1.99999999999999956    -1.99999999999999956    -1.99999999999999956
 1.99999999999999956     0.00000000000000000    -0.00000000000000000
 0.00000000000000000     1.99999999999999956    -1.99999999999999956
 0.00000000000000000    -1.99999999999999956    -0.00000000000000000
 1.99999999999999956     0.00000000000000000     1.99999999999999956
-1.99999999999999956    -1.99999999999999956    -0.00000000000000000
 1.99999999999999956     1.99999999999999956    -0.00000000000000000
 1.99999999999999956    -1.99999999999999956    -1.99999999999999956
-1.99999999999999956    -1.99999999999999956     1.99999999999999956
 1.99999999999999956     1.99999999999999956     1.99999999999999956
 0.00000000000000000     1.99999999999999956     1.99999999999999956
 0.00000000000000000    -0.00000000000000000    -1.99999999999999956
 0.00000000000000000    -1.99999999999999956    -1.99999999999999956
 0.00000000000000000    -0.00000000000000000     1.99999999999999956
-1.99999999999999956     1.99999999999999956     1.99999999999999956
-1.99999999999999956     1.99999999999999956    -1.99999999999999956
 1.99999999999999956     1.99999999999999956    -1.99999999999999956
-1.99999999999999956     0.00000000000000000    -1.99999999999999956
-0.00000000000000000     0.00000000000000000    -0.00000000000000000
 1.99999999999999956    -1.99999999999999956     0.00000000000000000
