30    6.24264068711929010
-2.12132034355963972    -0.70710678118654535    -2.12132034355964150
-0.70710678118654369     0.70710678118654957     0.70710678118654979
 2.12131949334806436    -0.70492571295729745     2.12131968886807121
-0.70710678118654369    -2.12132034355964016     0.70710678118655035
 0.82773792109274602     2.12114696389420843     0.83903649608686925
 0.70718274252899327     0.70718274232851064    -0.70703082026853237
-2.12132034355963794     0.70710678118655135     2.12132034355964505
 0.70710678118655124     2.12132034355964594    -2.12132034355964239
 0.70710679751751504    -0.70710676485558066     0.70710679751751526
 0.70710678118655113    -2.12132034355964061     2.12132034355964549
 2.12132034355964549    -0.70710678118654147    -0.70710678118654346
-2.12132034355963794     2.12132034355964505     0.70710678118654824
-2.12132034355963972     0.70710678118654902    -0.70710678118654591
-2.12132034355963794     2.12132034355964549    -2.12132034355963972
 0.70710678118655212    -0.70710678118654480    -2.12132034355964105
-0.70710678118654391    -0.70710678118654458     2.12132034355964549
-2.12132034355963928    -0.70710678118654491     0.70710678118655013
 2.12132031725722081     2.12132031725238734    -0.68629775011211902
-2.12132034355963928    -2.12132034355964105    -0.70710678118654391
 2.12132031394819220     1.29507438683883236     2.12131910555030068
 2.12132034355964594     0.70710678118655146    -2.12132034355964061
-0.70710674197538104     2.12132034355964461     2.12132034355964461
 0.70710678118655168    -2.12132034355964061    -0.70710678118654435
 2.12132034355964549    -2.12132034355964194    -2.12132034355964061
-0.70710678118654302     0.70710678118655013    -2.12132034355964061
-2.12132034355964061    -2.12132034355964105     2.12132034355964416
-0.70710678118654302    -0.70710678118654513    -0.70710678118654569
-0.70710678118654213    -2.12132034355964061    -2.12132034355964061
 2.12132034355964594    -2.12132034355963928     0.70710678118655079
-0.70710678118654124     2.12132034355964549    -0.70710678118654480
