31    6.24264068711929099
 0.70710678118654835    -0.70710678118654946    -2.12132034355964194
-0.70710678118654735     2.12132034355964194     2.12132034355964461
 0.70710678118654879     2.12132034355964016    -2.12132034355964105
 2.12132034355964194    -0.70710678118655013     2.12132034355964594
-2.12132034355964194    -2.12132034355964461     2.12132034355964505
-2.12132034355964239    -2.12132034355964549    -0.70710678118654524
 2.12132034355964416     2.12132034355964016    -0.70710678118654502
 2.12132034355964239    -2.12132034355964594     0.70710678118655035
-0.70710678118654680    -0.70710678118654935    -0.70710678118654580
 2.12132034355964416     0.70710678118654513    -2.12132034355963972
-0.70710678118654735    -2.12132034355964505    -2.12132034355964105
-0.70710678118654702     2.12132034355964150    -0.70710678118654513
-0.70710678118654724     0.70710678118654524    -2.12132034355964150
 2.12132034355964416     0.70710678118654491     0.70710678118655057
 0.70710678118654813     0.70710678118654657     2.12132034355964461
 2.12132034355964372    -2.12132034355964416    -2.12132034355964194
-2.12132034355964327     2.12132034355964061     0.70710678118654979
 0.70710678118654791     2.12132034355964194     0.70710678118654935
-2.12132034355964283    -0.70710678118654979    -2.12132034355964016
-0.70710678118654635    -2.12132034355964549     0.70710678118654968
 0.70710678118654813    -0.70710678118654946     0.70710678118654957
-2.12132034355964194    -0.70710678118654935     0.70710678118654913
 0.70710678118654835    -2.12132034355964505    -0.70710678118654613
-2.12132034355964239     0.70710678118654491     2.12132034355964549
 0.70710678118654802     0.70710678118654580    -0.70710678118654546
-0.70710678118654635    -0.70710678118654968     2.12132034355964505
-0.70710678118654691     0.70710678118654569     0.70710678118654957
-2.12132034355964239     0.70710678118654546    -0.70710678118654557
 2.12132034355964372     2.12132034355964194     2.12132034355964416
-2.12132034355964194     2.12132034355964105    -2.12132034355964061
 2.12132034355964461    -0.70710678118655035    -0.70710678118654513
