32    6.24264068711928743
 0.70710678118654746     0.70710678118654746     2.12132034355964283
 2.12132034355964283    -0.70710678118654746    -0.70710678118654746
 2.12132034355964239     2.12132034355964239     2.12132034355964239
-0.70710678118654746     2.12132034355964239     2.12132034355964239
 0.70710678118654757    -0.70710678118654757     0.70710678118654757
 2.12132034355964239    -2.12132034355964239    -2.12132034355964239
 0.70710678118654746    -2.12132034355964239     2.12132034355964239
-0.70710678118654757     0.70710678118654757     0.70710678118654757
-0.70710678118654746    -2.12132034355964239    -2.12132034355964239
-2.12132034355964239    -2.12132034355964239     2.12132034355964239
 0.70710678118654746     2.12132034355964239    -2.12132034355964239
-2.12132034355964283    -0.70710678118654746     0.70710678118654746
 0.70710678118654746    -2.12132034355964283    -0.70710678118654746
-2.12132034355964239    -0.70710678118654746    -2.12132034355964239
-2.12132034355964239     2.12132034355964239     0.70710678118654746
 2.12132034355964283     0.70710678118654746     0.70710678118654746
 2.12132034355964239    -2.12132034355964239     0.70710678118654746
 0.70710678118654746    -0.70710678118654746    -2.12132034355964283
-0.70710678118654746     2.12132034355964283    -0.70710678118654746
-0.70710678118654746    -2.12132034355964283     0.70710678118654746
-0.70710678118654746     0.70710678118654746    -2.12132034355964283
 0.70710678118654746     2.12132034355964283     0.70710678118654746
-2.12132034355964283     0.70710678118654746    -0.70710678118654746
 2.12132034355964239     2.12132034355964239    -0.70710678118654746
 2.12132034355964239     0.70710678118654746    -2.12132034355964239
-2.12132034355964239     0.70710678118654746     2.12132034355964239
 2.12132034355964239    -0.70710678118654746     2.12132034355964239
-2.12132034355964239    -2.12132034355964239    -0.70710678118654746
-0.70710678118654757    -0.70710678118654757    -0.70710678118654757
 0.70710678118654757     0.70710678118654757    -0.70710678118654757
-2.12132034355964239     2.12132034355964239    -2.12132034355964239
-0.70710678118654746    -0.70710678118654746     2.12132034355964283
