37    6.70863448259528905
 1.00378074094995551     0.47062283151284168     0.88243511757393023
-0.88076655408919380     2.35431724129759035    -1.00204198373070752
 0.59278413311932665     2.35431724129745357    -2.35431724129748643
-0.88009254239002244     1.00124160265234963     0.47077364010447065
-2.35431724129744513    -2.35431724129744513     0.59278418346773776
-0.47062283151284950    -0.88243511757393478     1.00378074094996061
 2.35431724118300600    -2.35431724119038766    -0.59235390084692496
 2.35431724129747000     2.35388701137882705     1.40721582060625994
-1.00204198373071018     0.88076655408919247    -2.35431724129759035
 2.35431724129743758     2.35431724129744513    -0.59278413311929679
-0.58956916331957365    -2.35431724129758457    -0.34831316605217888
 0.88346817927352617    -2.35431724129764497     1.00452126111408813
 0.59278418346773976     2.35431724129744513     2.35431724129745135
-0.59235390084456341    -2.35431724119184071     2.35431724119293539
 0.88243511757393844    -1.00378074094995817    -0.47062283151284812
-1.40721581653226324     2.35431724129745534     2.35431724129747266
-2.35431724129745135     2.35431724129748599     0.59278413311932876
 0.35173940277007298    -0.59140054157760635    -2.35431724129762987
-2.35431724129760500     2.35431724129760678    -2.35431724129760589
 2.35431724129745001    -0.59278418346772732    -2.35431724129744513
 0.59140054157761035     2.35431724129762587     0.35173940277007165
-0.59278413311928146    -2.35431724129744069    -2.35431724129741671
 2.35431724129758546     0.34831316605217438    -0.58956916331956666
-2.35431724129763076    -0.35173940277006660     0.59140054157761168
 2.35431724129747533     1.40721581653227501    -2.35431724129745668
 2.35431724119837105     0.59235390084798345     2.35431724118868413
-1.00124160265234585    -0.47077364010446404    -0.88009254239001478
-2.35431724129744468     0.59278413311930089     2.35431724129743891
-2.35388701138107503    -1.40721582060625572     2.35431724129746778
-2.35431724129748687    -0.59278413311933054    -2.35431724129745268
 1.40721582060627726    -2.35431724129747133    -2.35388701138777767
 0.47077364010447181     0.88009254239002155    -1.00124160265235451
 1.00452126111408879    -0.88346817927352839     2.35431724129764497
-2.35431724129745223    -2.35431724129747488    -1.40721581653226546
-0.34831316605217344     0.58956916331957243     2.35431724129758635
-2.35431724129759079     1.00204198373070996    -0.88076655408919391
 2.35431724129764497    -1.00452126111409257     0.88346817927353138
