40    6.80000000000000604
 0.80000000000000426     2.40000000000000080    -0.80000000000000471
 2.40000000000000169    -1.20000000000001084     2.40000000000000080
 0.79999999999999749     0.00000000000000000    -0.79999999999999749
-0.79999999999999749     0.00000000000000000     0.79999999999999749
-2.40000000000000258     1.19999999999999329     0.79999999999999694
-0.79999999999999505     2.40000000000000346    -2.39999999999999991
-2.39999999999999991     2.40000000000000346    -0.79999999999999549
-0.79999999999999682     1.19999999999999329     2.40000000000000258
-2.40000000000000169     1.20000000000001084    -2.40000000000000080
 0.79999999999999871    -1.20000000000000506     0.79999999999999882
 0.79999999999999871     1.20000000000000506     0.79999999999999882
 2.39999999999999503     0.00000000000000000     0.80000000000000859
 0.80000000000000426    -2.40000000000000080    -0.80000000000000471
 2.39999999999999991     2.40000000000000346     0.79999999999999549
-0.79999999999999871    -1.20000000000000506    -0.79999999999999882
 2.40000000000000258     1.19999999999999329    -0.79999999999999694
 2.39999999999999458     2.39999999999999636    -2.39999999999999458
-2.40000000000000258    -0.00000000000000000     2.40000000000000213
-2.40000000000000258    -1.19999999999999329     0.79999999999999694
-0.80000000000000426     2.40000000000000080     0.80000000000000471
 2.40000000000000258    -0.00000000000000000    -2.40000000000000213
 0.80000000000000826     0.00000000000000000     2.39999999999999503
-2.39999999999999458    -2.39999999999999636     2.39999999999999458
-0.80000000000000426    -2.40000000000000080     0.80000000000000471
 2.39999999999999458    -2.39999999999999636    -2.39999999999999458
-0.79999999999999682    -1.19999999999999329     2.40000000000000258
 0.79999999999999505    -2.40000000000000346     2.39999999999999991
 2.40000000000000258    -1.19999999999999329    -0.79999999999999694
-0.80000000000000826    -0.00000000000000000    -2.39999999999999503
 0.79999999999999682     1.19999999999999329    -2.40000000000000258
 0.79999999999999505     2.40000000000000346     2.39999999999999991
-0.79999999999999505    -2.40000000000000346    -2.39999999999999991
-2.39999999999999991    -2.40000000000000346    -0.79999999999999549
-2.39999999999999503    -0.00000000000000000    -0.80000000000000859
 2.40000000000000169     1.20000000000001084     2.40000000000000080
-2.39999999999999458     2.39999999999999636     2.39999999999999458
-2.40000000000000169    -1.20000000000001084    -2.40000000000000080
 2.39999999999999991    -2.40000000000000346     0.79999999999999549
-0.79999999999999871     1.20000000000000506    -0.79999999999999882
 0.79999999999999682    -1.19999999999999329    -2.40000000000000258
