48    7.14495755427529033
-1.54348726628258071     2.57247877713763318     0.85749292571252611
 1.54348726628257116    -0.85749292571255165    -0.85749292571255187
-2.57247877713762829    -0.85749292571253488    -0.85749292571253488
 2.57247877713762829    -0.85749292571253488     0.85749292571253488
 2.57247877713763717    -0.85749292571256042    -2.57247877713763184
-1.54348726628257116    -0.85749292571255165     0.85749292571255187
 1.54348726628258093    -0.85749292571252600     2.57247877713763318
 1.54348726628257116     0.85749292571255165     0.85749292571255187
-0.51449575542751236     0.85749292571255342    -2.57247877713763939
 0.51449575542751236    -0.85749292571255342    -2.57247877713763939
-1.54348726628258071    -2.57247877713763318    -0.85749292571252611
 1.54348726628258071    -2.57247877713763318     0.85749292571252611
 1.54348726628256694    -2.57247877713764161    -2.57247877713764161
-0.51449575542752823    -0.85749292571254343    -0.85749292571254332
-2.57247877713763762     2.57247877713763140    -0.85749292571255997
 0.51449575542755610    -2.57247877713763407     2.57247877713763318
 2.57247877713762829     0.85749292571253488    -0.85749292571253488
 1.54348726628258071     2.57247877713763318    -0.85749292571252611
 0.51449575542751236     0.85749292571255342     2.57247877713763939
 0.51449575542752823    -0.85749292571254343     0.85749292571254332
 1.54348726628256694     2.57247877713764161     2.57247877713764161
 2.57247877713763717     0.85749292571256042     2.57247877713763184
 2.57247877713762829    -2.57247877713761897     2.57247877713761897
-2.57247877713762829     0.85749292571253488     0.85749292571253488
-0.51449575542751236    -0.85749292571255342     2.57247877713763939
 2.57247877713763762    -2.57247877713763140    -0.85749292571255997
 2.57247877713763762     2.57247877713763140     0.85749292571255997
-0.51449575542751202    -2.57247877713763939     0.85749292571255331
 1.54348726628258093     0.85749292571252600    -2.57247877713763318
 0.51449575542752823     0.85749292571254343    -0.85749292571254332
-1.54348726628256694     2.57247877713764161    -2.57247877713764161
-0.51449575542755610     2.57247877713763407     2.57247877713763318
-1.54348726628256694    -2.57247877713764161     2.57247877713764161
-1.54348726628258093    -0.85749292571252600    -2.57247877713763318
 0.51449575542751202    -2.57247877713763939    -0.85749292571255331
-2.57247877713763762    -2.57247877713763140     0.85749292571255997
-2.57247877713763717     0.85749292571256042    -2.57247877713763184
 2.57247877713762829     2.57247877713761897    -2.57247877713761897
-0.51449575542752823     0.85749292571254343     0.85749292571254332
-2.57247877713763717    -0.85749292571256042     2.57247877713763184
-0.51449575542751202     2.57247877713763939    -0.85749292571255331
-2.57247877713762829    -2.57247877713761897    -2.57247877713761897
-1.54348726628257116     0.85749292571255165    -0.85749292571255187
 0.51449575542755610     2.57247877713763407    -2.57247877713763318
-0.51449575542755610    -2.57247877713763407    -2.57247877713763318
-1.54348726628258093     0.85749292571252600     2.57247877713763318
-2.57247877713762829     2.57247877713761897     2.57247877713761897
 0.51449575542751202     2.57247877713763939     0.85749292571255331
