61    7.65685424949238502
-1.41421356237309559    -1.41421356237309492    -1.41421356237309470
 2.82842712474619029    -2.82842712474619029    -1.41421356237309492
 1.41421356237309470     2.82842712474619074     0.00000000000000045
 2.82842712474619029    -1.41421356237309492     0.00000000000000074
-0.00000000000000052     0.00000000000000054     1.41421356237309559
 1.41421356237309492     0.00000000000000002     2.82842712474619118
 2.82842712474619029     2.82842712474619118     1.41421356237309559
 1.41421356237309470     2.82842712474619029    -2.82842712474618940
 1.41421356237309470     2.82842712474619118     2.82842712474619118
-2.82842712474619162     2.82842712474618985     1.41421356237309626
 2.82842712474619029    -1.41421356237309470    -2.82842712474619029
-1.41421356237309581     2.82842712474619029    -2.82842712474618985
-1.41421356237309603     2.82842712474619029     2.82842712474619162
-2.82842712474619162     1.41421356237309537    -2.82842712474618985
-0.00000000000000031    -1.41421356237309470     0.00000000000000072
-1.41421356237309559    -2.82842712474619029     2.82842712474619118
-1.41421356237309581    -2.82842712474619029     0.00000000000000046
 2.82842712474619029     0.00000000000000009     1.41421356237309581
-2.82842712474619074    -1.41421356237309515     0.00000000000000071
-2.82842712474619118     0.00000000000000026     1.41421356237309559
 1.41421356237309470     1.41421356237309537    -1.41421356237309448
 2.82842712474618985     2.82842712474619118    -1.41421356237309448
 2.82842712474618985    -1.41421356237309537     2.82842712474619162
 1.41421356237309470    -2.82842712474619029     0.00000000000000044
-1.41421356237309559     0.00000000000000010     2.82842712474619118
 1.41421356237309448    -2.82842712474619029     2.82842712474619118
-1.41421356237309581     0.00000000000000041    -2.82842712474618985
-2.82842712474619074    -1.41421356237309492     2.82842712474619074
 1.41421356237309470     0.00000000000000053    -2.82842712474618985
 1.41421356237309470     0.00000000000000031     0.00000000000000048
-2.82842712474619162    -1.41421356237309470    -2.82842712474618985
-1.41421356237309559    -1.41421356237309515     1.41421356237309603
 1.41421356237309470    -2.82842712474618985    -2.82842712474619029
-1.41421356237309581     2.82842712474619074     0.00000000000000075
-2.82842712474619118     2.82842712474619074    -1.41421356237309470
-2.82842712474619118     0.00000000000000014    -1.41421356237309470
-2.82842712474619118     1.41421356237309515     0.00000000000000066
-2.82842712474619074    -2.82842712474619029     1.41421356237309559
 2.82842712474618985     1.41421356237309559     0.00000000000000052
 1.41421356237309470     1.41421356237309581     1.41421356237309603
-0.00000000000000018     1.41421356237309537     2.82842712474619162
-1.41421356237309581    -2.82842712474618985    -2.82842712474618985
-0.00000000000000044     1.41421356237309559    -2.82842712474618940
-0.00000000000000059    -1.41421356237309492     2.82842712474619162
 1.41421356237309492    -1.41421356237309492     1.41421356237309581
 2.82842712474618985     0.00000000000000029    -1.41421356237309448
-1.41421356237309559     0.00000000000000054     0.00000000000000045
-0.00000000000000045     1.41421356237309559     0.00000000000000097
 2.82842712474618985     1.41421356237309537    -2.82842712474618985
 2.82842712474619029     1.41421356237309537     2.82842712474619118
-0.00000000000000072     2.82842712474619074    -1.41421356237309448
-0.00000000000000065     0.00000000000000026    -1.41421356237309448
-0.00000000000000054     2.82842712474619074     1.41421356237309581
-0.00000000000000062    -1.41421356237309470    -2.82842712474619029
-0.00000000000000059    -2.82842712474619029    -1.41421356237309470
-0.00000000000000035    -2.82842712474619029     1.41421356237309559
 1.41421356237309470    -1.41421356237309492    -1.41421356237309492
 2.82842712474618940    -2.82842712474619074     1.41421356237309581
-1.41421356237309603     1.41421356237309559    -1.41421356237309470
-1.41421356237309559     1.41421356237309559     1.41421356237309581
-2.82842712474619118    -2.82842712474618985    -1.41421356237309470
