62    7.65685424949238325
-0.00000000000000056     2.82842712474619074    -2.82842712474618985
-0.00000000000000034    -2.82842712474618985    -2.82842712474618985
-1.41421356237309559    -1.41421356237309448     2.82842712474619074
-2.82842712474619029     2.82842712474619029    -2.82842712474618985
-1.41421356237309559     1.41421356237309559     2.82842712474619074
 1.41421356237309448    -1.41421356237309448     2.82842712474619074
-2.82842712474619074     0.00000000000000052     2.82842712474619029
 1.41421356237309426     1.41421356237309559    -2.82842712474618985
-2.82842712474619074    -1.41421356237309448     1.41421356237309559
-0.00000000000000062     1.41421356237309559    -1.41421356237309448
-2.82842712474619118     1.41421356237309581     1.41421356237309559
 1.41421356237309448    -2.82842712474618940    -1.41421356237309470
-1.41421356237309559     0.00000000000000056     1.41421356237309559
-2.82842712474619074    -1.41421356237309448    -1.41421356237309470
 2.82842712474618940     2.82842712474619074    -2.82842712474618940
-1.41421356237309559    -1.41421356237309448     0.00000000000000042
 1.41421356237309426    -1.41421356237309426    -2.82842712474618985
-1.41421356237309537     1.41421356237309537    -2.82842712474618985
-0.00000000000000067     2.82842712474619074     0.00000000000000058
 1.41421356237309448     2.82842712474619074     1.41421356237309559
-0.00000000000000054    -1.41421356237309448     1.41421356237309559
 2.82842712474618940    -1.41421356237309448     1.41421356237309559
 1.41421356237309448     0.00000000000000054     1.41421356237309559
-1.41421356237309559    -1.41421356237309426    -2.82842712474618985
 1.41421356237309448    -1.41421356237309448     0.00000000000000049
-2.82842712474619074     2.82842712474619074     0.00000000000000047
 2.82842712474618940     2.82842712474619074     0.00000000000000033
 2.82842712474618940     0.00000000000000045     0.00000000000000048
-0.00000000000000056     1.41421356237309559     1.41421356237309559
-0.00000000000000051     0.00000000000000051    -2.82842712474618985
 2.82842712474618985     0.00000000000000040     2.82842712474619074
-2.82842712474619074     0.00000000000000067     0.00000000000000058
 2.82842712474618985     1.41421356237309537    -1.41421356237309470
-0.00000000000000060    -1.41421356237309448    -1.41421356237309448
 1.41421356237309448     0.00000000000000060    -1.41421356237309448
-0.00000000000000053     0.00000000000000053     2.82842712474619074
-1.41421356237309537    -2.82842712474618985    -1.41421356237309470
 2.82842712474618940    -2.82842712474618940    -2.82842712474618985
-1.41421356237309559     0.00000000000000062    -1.41421356237309448
 2.82842712474618940    -2.82842712474618940     0.00000000000000056
 1.41421356237309448     2.82842712474619074    -1.41421356237309470
-2.82842712474619029    -2.82842712474618985     2.82842712474619029
 2.82842712474618985     2.82842712474619029     2.82842712474619029
-0.00000000000000040    -2.82842712474618985     2.82842712474619074
-1.41421356237309537     2.82842712474619074    -1.41421356237309470
-2.82842712474619074    -2.82842712474618940    -2.82842712474618940
-0.00000000000000052     2.82842712474619074     2.82842712474619029
-0.00000000000000045    -2.82842712474618940     0.00000000000000048
-1.41421356237309537    -2.82842712474618940     1.41421356237309537
 2.82842712474618940    -1.41421356237309448    -1.41421356237309470
-2.82842712474619074     0.00000000000000056    -2.82842712474618985
-2.82842712474619074    -2.82842712474618940     0.00000000000000033
-1.41421356237309581     2.82842712474619118     1.41421356237309559
 2.82842712474618940     1.41421356237309537     1.41421356237309537
 2.82842712474618985    -2.82842712474618985     2.82842712474619029
 1.41421356237309448    -2.82842712474618940     1.41421356237309559
-1.41421356237309559     1.41421356237309559     0.00000000000000069
 2.82842712474618985     0.00000000000000034    -2.82842712474618985
-0.00000000000000054     0.00000000000000054     0.00000000000000065
-2.82842712474619074     1.41421356237309537    -1.41421356237309470
 1.41421356237309448     1.41421356237309559     0.00000000000000042
 1.41421356237309448     1.41421356237309559     2.82842712474619074
