64    7.88994771481702717
 1.56394592533092336    -1.31217918714786497     0.11800518310991626
-1.47933338464887654     1.54848819165410689     2.94497385740837281
 0.02438632296346389     0.06947395514727026     2.94497385740832440
-1.50024171401605488     2.94497385740839457    -1.16499601177259104
 2.94497385740844075     0.21862042442251736    -2.90286692345431208
 2.94497385740828443     2.94497385740828710     0.01446065471763355
 1.49910558981319486     2.94497385740834616     1.55580097228409220
-2.94497385740820006     1.47803300532556281     1.58595433167316058
-1.41507690500181571     2.94497385740837503     1.51469455245903606
-2.94497385739025486    -1.42084565465711243     1.51505511315617980
-1.54664280172512925    -1.41921959370772544     2.94497385740842921
 1.35209555191563924    -2.87894655670320665     1.75437566819007329
-1.00435123232432644    -2.94497385740848872    -2.94497385740842255
 1.48633609255705901     1.57899812118714200     0.09499734824875353
-2.94497385740500173     0.06227697833035292     0.17328491810650218
-2.94497385740842654    -2.94497385740837991    -2.46125510956861415
-1.51630623813845444     1.46188302320894281     0.17671316259355976
-2.91105534975497982     2.94497385740830442     2.94497385740830619
-0.01699838468199371     0.14073974765536654     0.09512636204730131
-0.40805143786633852    -0.00454331754101182    -2.94497385740845985
-1.33769350812932930    -2.94497385740812767    -0.97294877461633200
-0.25355582599655857    -2.94497385740851403     2.94497385740851358
 1.50150851855819933    -1.27889914577153263     2.94497385740838569
 0.23918786917013582     2.94497385740842743    -2.94497385740830975
 1.19670912103021476     1.18908290059012134    -2.94497385740841722
 2.94497385740784434     0.13358598793768825     0.06775670715190424
 0.01876060169300000    -1.34542277532299992     1.51830293480299994
 1.43440464722672845     0.14194399253277504     1.48502560562840591
-0.01722884340400000    -1.39763677174100009    -1.33365145203100011
 2.94497385740818718     1.56624042275929076     1.46328573601027179
 1.47019435468099990     2.94453954456399991    -1.36860772596000002
-2.94497385740846251     1.56301626331445531    -1.21923844881539223
-2.94497385740841988    -2.94261420153202602     0.21727990544705486
 2.93127133528700012     2.86672001983599989    -2.94312833761500015
-2.94497385740847184     0.55215657991228828    -2.94497385740851403
 1.34073974091832882    -0.97497075584072113    -2.94497385740824047
 2.94497385740831064    -2.66630917588506300     2.94497385740830975
 2.94486159406400017     2.94227926213899993     2.94475324180700015
-0.02545213788003184     1.50717168225955001     1.55553462761921169
 1.44219314033084700     0.12020900671893903    -1.27247686330986287
 1.41310832511224871     1.50872765090348393     2.94497385740835238
 0.02127613899909488     2.94497385740840656     2.94497385740839679
 2.00948673203079808    -2.94497385740841811    -1.22098644967249581
-2.94002797071000010    -2.94402429847100011     2.81318523927399999
 0.41629975845680867    -2.94497385740835860    -0.01195573573909921
-1.35289299411898067     1.74856521866012860    -2.76089535818302245
-2.94497385740840834    -1.40014220080038476    -1.19102081907657831
-1.46075619430906012     0.06344964774719355     1.60545326738001637
 2.87415797780708004     1.51235285480819126    -1.37930481124334325
 0.99564876767567412    -2.94497385740844120    -2.94497385740848561
 0.03681580248500000     1.54560255205200003    -1.33015734603100011
-2.00252859092883639    -1.21187202521012538    -2.94497385740841811
-2.94497385740826401     2.94497385740851403     0.22651160154800265
 2.94497385740841944    -1.18985769497496752    -1.43177329607806070
-2.94497385740831019     2.94497385740830175    -2.94497385740763296
-1.55572405778451706     0.12728799673981386    -1.31234773301097962
-1.19098223966114047    -2.94497385740845719     1.17827305677356797
 2.94497385740830531     0.22288629561763876     2.94497385740830486
 2.94497385740851403    -2.94497385740842432     0.54674199051636363
 2.94497385740834128    -1.22171144013371102     1.56181176211285666
 2.94497385740837014    -2.49761304716809640    -2.94497385740832618
 0.02584277025876466     2.94497385740823514     0.12770122534853318
-2.94497385740851403     0.01070007491404316     2.94497385740851270
-1.43536537381331231    -1.26917743289779672     0.11432605276479003
