71    8.12813218396200021
-1.64985252893702095    -3.06406609198031532     1.17876423254297680
-2.61600538496748891     3.06406609198047564    -1.15500052643902262
 1.65010702078358240     1.64971152337601334    -1.23136471971731587
-1.17952143250439079     3.06406609197983615     0.23658628519581049
 2.59269687559699991    -3.06404618246700000    -3.06406129001500016
 3.06406609198042146     1.64985252960753281     3.06406609198049207
-1.64994735500246681    -3.06406609198054003    -1.64975771057012754
 3.06406609198053648     1.65037575406387349     0.23511593628638433
 3.06406609197943736    -1.21345105894567862     3.06406609197866375
-1.17857448805117104     1.65080069257284956    -1.17857448805150722
 1.64974916943429517     3.06406609198053070     0.20065913608055286
 0.33091141173289423    -3.06406609197953728     1.68312224875350713
-2.68526957288801604     1.66214507915835474     0.26971697049856669
 1.73256805123411661    -2.70580254820395094     3.06406609197940805
 1.73256805164296401     3.06406609197943292    -2.70580254825265776
-0.23582861763034357    -3.06406609185990852    -3.06406609187471179
-3.06406609198044810    -1.64985253022764033     1.17876423383369167
 0.23611144352184082     0.23572160040314014    -1.17852355273133202
 3.06406609198025270     3.06406609198050095     1.64985252960726525
-0.23573379195884131    -3.06406609198054491    -0.23554414886756089
 3.06406609198052804     0.23511593668589922     1.65037575366432088
 3.06406609197605651    -3.06406609197573099     1.61535625191320498
 1.64985252960709183     3.06406609198041657     3.06406609198043256
 1.65010702083405247    -1.23136472283318321     1.64971152336023263
 0.23550542582710715     3.06406609198054491     1.64998608362538146
-1.19802788338408606     3.06406609197888358     3.06406609197888535
-3.06406609198048541    -0.23544932926128881    -3.06406609198045610
 1.65037599581294803     0.23563901587339395     0.23563901547383323
 0.23613917332769555    -1.21415773459681575     3.06406609197969626
 0.33091141241853217     1.68312224845993286    -3.06406609197947821
-1.07530940905949879     3.06406609198048452    -2.72415860120467146
-1.64989994168636178    -0.23549673850219072    -1.64980511921923845
 1.66273477766235667    -2.65745635465490748     0.24753350420376483
 0.23573561973570473     1.65008276699125167     0.23554234007706107
-1.64989994184573141    -1.64980511950540198    -0.23549673839363272
 3.06406609191694512     1.61535625144226858    -3.06406609186096057
-3.06406609198053870    -0.23554414727809772    -0.23554414715129227
 0.23573562002267248     0.23554233979081418     1.65008276710280399
-1.17857448805108933    -1.17857448805156184     1.65080069267439145
 1.17838494553759121    -1.64985252950601735    -3.06406609198054181
-1.23797343632770196     1.65026510177995900     1.65000417221979534
-2.67070099476715006     1.71083517782950101     3.06406609197865132
 3.06406609198052449    -2.59335693175510240    -1.17800562591368507
-3.06406609198047875     1.17876423356574089    -1.64985253006128763
-1.64985252911455249     1.17876423261896868    -3.06406609198034952
 1.17838494558837370    -3.06406609198053959    -1.64985252970883733
-3.06406609197547430     3.06406609197513102     1.64490084672595338
 3.06406609198052049    -1.17800562596412317    -2.59335693170465875
 3.06406609197962254     0.23620783912668952    -1.17914327204928426
-1.64994735495167633    -1.64975771062090115    -3.06406609198054403
 3.06406609197988322    -1.17914327209673853     0.23620783917413460
-1.07530940977171929    -2.72415860012191491     3.06406609198044944
-3.06355986200700015     2.60567461598800021    -3.06127476234199980
 1.64974916984164732     0.20065913615213848     3.06406609198052537
-3.06406609197955859     0.30898429416101791     1.69290672842599288
 1.66273477711388984     0.24753350377151703    -2.65745635110318812
-1.17842693710496871     0.23581822783474163     0.23581822823321921
 1.64985252960695727     1.64985252960736606     1.64985252960701234
 0.21618411737996457     1.64985096795939756     3.06406609198054491
-0.23573379208564171    -0.23554414874074592    -3.06406609198054491
-3.06406609198051205    -3.06406609198048896    -3.06406609198049695
-1.19883317087281616     0.23644158849929106     3.06406609197969271
-3.06406609198052360    -1.64975771057015352    -1.64975771062094156
 1.65042169599766719    -1.17857454635574510    -1.17857454630511005
-2.68873113693534327    -1.09780128696333024     3.06406609198044988
 0.23611144403404327    -1.17852355284399124     0.23572160034120093
-0.23578120470703826    -1.64980511991386281    -1.64980511986307721
-3.06153091652800002    -3.04635403014099992     2.63348854915200015
 3.06406609197944890     3.06406609197946267    -1.21345105862953262
-3.06406609198049606    -3.06406609198042723    -0.23544932915973976
 0.23613917321738595     3.06406609197924285    -1.21415773496519530
