72    8.12825877028342880
-3.06412938456273931    -2.59276223623922863     0.23573963266476555
 3.06412938514171262     2.59272486435070526    -1.64991582276858395
-3.06412938514171085     1.64991582276861504     1.64991582276861637
 3.06412938514170863    -0.23570226039550277    -1.64991582276860549
-3.06412938514170818     0.23570226039548511     3.06412938514170818
 1.17854193478384150     3.06412938502835619     1.64991582262964931
 1.64991582276860371    -3.06412938514170197    -0.23570226039552003
-1.17851130197761855    -3.06412938514170552    -0.23570226039553732
 1.64991582276861037     1.17851130197758969    -1.64991582276860327
 0.23570226039551101    -0.23570226039550107    -1.64991582276861304
 0.23570226039552322     1.17851130197760789    -3.06412938514170818
 1.17851130349490818     1.64991582296086015     3.06412938502832732
-3.06268177405399999     3.06271503152400015    -2.86783509363000011
 3.06412938514170552    -1.64991582276860327    -0.23570226039551478
 0.23570226039550007    -3.06412938514170108    -1.64991582276861415
-1.17851130197758192    -0.23570226039549017    -3.06412938514171129
 3.06412938514170685    -0.23570226039551329     1.17851130197758591
 3.06409278902700022     3.06412635195099980     3.06408499530100009
-0.23570664848879186     3.06412938513506994    -2.59272925244005847
 1.64991582276858706    -3.06412938514170996     2.59272486435066885
-3.06412938514171396    -1.17851130197757215    -1.17851130197757836
-1.65202743545126807    -2.59937208312002044     1.65204623648426185
 1.64991582276861215    -0.23570226039550662    -0.23570226039551020
 1.17851130197757548     3.06412938514171485    -1.17851130197756993
 0.23570226039548925    -3.06412938514171085     1.17851130197755904
-2.59272486435068616    -1.64991582276857596    -3.06412938514171307
-1.64991582276861370    -1.17851130197757370     0.23570226039551223
-1.64991582276868054     3.06412938514168376    -1.17851130198668930
 1.17851130197758169     1.64991582276861948     0.23570226039552677
 3.06412938514170152     1.17851130197763299    -3.06412938514170330
-0.23570226039552622     1.64991582276862570    -1.17851130197758169
-2.59272486435074434    -3.06412938514170952    -1.64991582276863058
 1.17851130197757548    -1.17851130197758036     3.06412938514170907
-1.64991582276862103     0.23570226039552913    -1.17851130197758214
 2.59603149692793478     3.06412938405732671     0.23898586630692345
-0.23570226039551681     0.23570226039552286     0.23570226039551728
-0.23570226200522656    -2.59272486596042251     3.06412938514170063
-3.06412938514170996     3.06412938514170996     0.23570226039004993
-1.64991582276861504     1.64991582276861037     3.06412938514171262
 3.06412938514170374    -3.06412938514169841    -1.64991582276861015
-1.64991582276861348     1.64991582276861637     0.23570226039552161
 1.64991582276860127    -3.06412938514169841    -3.06412938514170419
-0.23570226039552053     0.23570226039551442     3.06412938514171085
-1.17851130197758458    -1.64991582276859572    -1.64991582276861815
 1.64991582276860926    -0.23570226039549749    -3.06412938514170685
 2.59336332575296602     0.23634065333206353     3.06412925069988651
-0.23570226039551842    -1.17851130197757903     1.64991582276860904
-3.06412938514171129     3.06412938514170863     3.06412938514171351
 1.64991582276861215    -1.64991582276859639    -1.64991582276861481
-0.23570225958863039     3.06412938514171040     3.06412938514171040
 1.64991582276860704     2.59272486435073279    -3.06412938514170952
-3.06412551888923801    -2.71001017479918938     3.06404418812426016
-1.64991582276861104    -1.17851130197761500     3.06412938514170685
-1.64991582276861459     3.06412938514170907     1.64991582276862059
 1.64991582276860971    -1.64991582276860749     1.17851130197757969
 3.06412938514170774    -1.64991582276859505    -3.06412938514170952
-0.23570226039551839     1.64991582276861237     1.64991582276861770
-1.64991582276861304     0.23570226039551689     1.64991582276861259
-3.06412937980211986     0.23633043476187057    -2.59335338470032761
-0.23570226039551914     3.06412938514171174     0.23570226039552583
-3.06412938514170774    -1.17851130249693314     1.64991582276860860
-3.06412938514168287     1.64991582276857374    -1.17851184689851762
 3.06412938514170952     1.17851130197759169    -0.23570226039550632
-1.65663891676637065     1.65695855574504969    -2.62139537895909980
 1.17851130197758014     0.23570226039552034     1.64991582276861792
 3.06412938514170685    -1.64991582276860660     2.59272486435068972
-3.06412938514171085     0.23570226039552111     0.23570226039551959
 3.06412938514170374    -3.06412938514170330     1.17851130197759058
 0.23570226039551440    -1.64991582276859461    -3.06412938514170952
 2.66944818989099986     1.67720188090699995     1.67818301177399998
 0.23570226039551301    -1.64991582276860238    -0.23570226039552272
-1.17851130197762033    -3.06412938514170285    -3.06412938514170152
