85    8.59966329107444771
 0.00000000000000071    -1.41421356237309448     1.41421356237309470
 1.88561808316412738    -3.29983164553722119    -0.47140452079103229
 3.29860120950199986     3.29859961582099981    -3.15247069246000011
 3.29983164553722252    -3.29983164553722119    -1.88561808316412716
-2.82842712474619118     1.41421356237309448     1.41421356237309581
 1.88561808316412582    -0.47140452079103368    -3.29983164553722430
 1.88561808316412427     3.29983164553722386     0.47140452079103184
 1.41421356237309381     1.41421356237309692    -0.00000000000000094
-0.00000000000000061     1.41421356237309559     1.41421356237309492
 1.41421356237309070     2.82842712474619473    -1.41421356237309515
 0.94280904158206402     3.29983164553722386    -3.29983164553722386
 2.82842712474618940     0.00000000000000192    -0.00000000000000163
 3.29983164553722430    -0.47140452079100692    -1.88561808316413315
-0.00000000000000100     0.00000000000000034    -2.82842712474619118
-0.00000000000000164     1.41421356237309626    -1.41421356237309537
 1.41421356237309537     0.00000000000000084     1.41421356237309448
 2.94745720348700013    -2.92331478168300007     3.29823500042000006
-3.29983164553722030    -1.88561808316412627     3.29983164553722252
 0.47140452079103184    -3.29983164553722164    -1.88561808316412693
 1.88561808316412649     3.29983164553722297     3.29983164553722075
-3.29983164553722386     3.29983164553722164     0.94280904158206746
 3.29983164553722386    -1.88561808316412582    -3.29983164553722164
-0.00000000000000053    -1.41421356237309470    -1.41421356237309559
 3.29983164553722297     1.88561808316413115     0.47140452079101874
 1.88561808316412693    -1.88561808316412671    -1.88561808316412738
 3.29983164553722252    -1.88561808316412449    -0.47140452079103301
 0.47140452079102985     3.29983164553722297     1.88561808316412760
 3.29983164553722252     3.29983164553722164     1.88561808316412383
-1.41421356237309692     2.82842712474619029     1.41421356237309714
-3.29983164553722208    -0.47140452079103279     1.88561808316412627
 3.29983164553722297    -3.29983164553722075     0.94280904158206214
-3.29983164553722386     1.88561808316412627    -0.47140452079103123
-1.41421356237309537    -1.41421356237309492    -0.00000000000000027
 0.00000000000000029    -2.82842712474618940    -0.00000000000000031
-3.29983164553722252    -0.94280904158206358    -3.29983164553722252
-3.29983164553722252    -3.29983164553722208    -0.94280904158206469
 0.47140452079103112     1.88561808316412738     3.29983164553722252
-0.47140452079103679     3.29983164553722386    -1.88561808316412582
-1.88561808316412938     1.88561808316412649    -1.88561808316412693
-3.29803914404500009    -3.14066575943799986    -3.29759936989399982
-1.88561808316412782     0.47140452079103190    -3.29983164553722252
-1.41421356237309515    -2.82842712474619029    -1.41421356237309515
-1.41421356237309581    -1.41421356237309492    -2.82842712474619074
 0.00000000000000042     0.00000000000000052     2.82842712474618985
 2.82842712474619118    -1.41421356237309337     1.41421356237309381
 3.29983164553722386     3.29983164553722297    -0.94280904158208667
 3.29817522011500008     1.58259319636199991    -2.07124518095299992
 0.94280904158206624    -3.29983164553722119     3.29983164553722164
-2.82842712474619118    -0.00000000000000051    -0.00000000000000038
 0.47140452079103029    -1.88561808316412782    -3.29983164553722297
 1.41421356237315843     1.41421356237311069    -2.82842712474620095
-0.94280904158206513    -3.29983164553722252    -3.29983164553722208
-1.88561808316412582    -1.88561808316412693     1.88561808316412693
-3.29983164553722208    -1.88561808316412760     0.47140452079103101
-0.47140452079103046    -3.29983164553722164     1.88561808316412649
-0.94280904158206480     3.29983164553722164     3.29983164553722386
-2.82842712474619029    -1.41421356237309537    -1.41421356237309559
 1.41421356237309626    -1.41421356237309404     2.82842712474618985
-3.29983164553722386     1.88561808316412582    -3.29983164553722208
-1.41421356237309537     0.00000000000000026     1.41421356237309515
 1.88561808316412605     1.88561808316412782     1.88561808316412605
 1.41421356237309626    -2.82842712474618896     1.41421356237309426
-1.41421356237309692     1.41421356237309515    -0.00000000000000005
-1.88561808316413049     3.29983164553722297    -0.47140452079102918
 1.41421356237309359     0.00000000000000167    -1.41421356237309581
-1.88561808316412516    -3.29983164553722164     3.29983164553722208
 1.41421356237309515    -1.41421356237309381    -0.00000000000000093
-3.29983164553722164     0.94280904158206091     3.29983164553722252
-1.41421356237309559     1.41421356237309470     2.82842712474619118
 3.29983164553722252     0.47140452079103373     1.88561808316412449
-3.29983164553722119    -3.29983164553722164     1.88561808316412693
-0.47140452079103001    -1.88561808316412671     3.29983164553722252
-3.29983164553722386     0.47140452079103107    -1.88561808316412671
-0.00000000000000081     0.00000000000000060    -0.00000000000000013
 1.88561808316412716     0.47140452079103290     3.29983164553722208
-1.41421356237309581     0.00000000000000031    -1.41421356237309559
 1.88561808316412671    -3.29983164553722164    -3.29983164553722252
-0.47140452079103046     1.88561808316412827    -3.29983164553722252
-3.29852736982899986     2.96672232237300015     3.16139707596100017
 3.29983164553722297    -0.94280904158206158     3.29983164553722119
-1.88561808316412605    -3.29983164553722208     0.47140452079103190
 3.29983164553722208     1.88561808316412804     3.29983164553722030
-0.00000000000000324     2.82842712474619162     0.00000000000000103
-1.88561808316412960     3.29983164553722164    -3.29983164553722297
-3.29983164553722386     3.29983164553722208    -1.88561808316412627
