86    8.59966329107444416
 1.41421356237309448    -1.41421356237309492    -0.00000000000000056
 1.41421356237309448    -1.41421356237309470     2.82842712474618940
-3.29983164553722208     3.29983164553722208    -1.88561808316412716
 0.47140452079103123    -3.29983164553722208    -1.88561808316412716
-3.29983164553722208     1.88561808316412716    -0.47140452079103207
-0.00000000000000045     2.82842712474619029    -0.00000000000000056
-3.29983164553722208     0.94280904158206369     3.29983164553722164
 1.88561808316412627     1.88561808316412693     1.88561808316412605
-3.29983164553722208    -1.88561808316412649     3.29983164553722164
-1.88561808316412693    -3.29983164553722164     3.29983164553722119
-0.00000000000000054     1.41421356237309515    -1.41421356237309559
-2.82842712474619074    -1.41421356237309515    -1.41421356237309537
 1.88561808316412627    -1.88561808316412693    -1.88561808316412716
 2.82842712474618940     1.41421356237309515    -1.41421356237309559
-1.88561808316412716     3.29983164553722208    -3.29983164553722208
 3.29983164553722119    -0.94280904158206336     3.29983164553722119
-2.82842712474619074     0.00000000000000012    -0.00000000000000033
-3.29983164553722208    -3.29983164553722208    -0.94280904158206447
 1.88561808316412627    -3.29983164553722208    -3.29983164553722208
 1.88561808316412649     3.29983164553722208     0.47140452079103107
-0.00000000000000053     0.00000000000000016    -0.00000000000000056
 2.82842712474618940    -1.41421356237309492     1.41421356237309448
-1.41421356237309537    -2.82842712474618985    -1.41421356237309537
 0.47140452079103146    -1.88561808316412693    -3.29983164553722208
 3.29983164553722119    -1.88561808316412693    -3.29983164553722208
 3.29983164553722119    -3.29983164553722208    -1.88561808316412693
 3.16314521141900018    -3.23287719738299995     3.05592779415000004
-1.88561808316412716    -1.88561808316412649     1.88561808316412627
 1.88561808316412627    -3.29983164553722208    -0.47140452079103190
 3.29983164553722119     0.94280904158206336    -3.29983164553722208
-0.47140452079103207    -3.29983164553722164     1.88561808316412627
 1.41421356237309448     2.82842712474619029    -1.41421356237309559
-0.00000000000000055    -2.82842712474618985    -0.00000000000000034
-0.00000000000000055     0.00000000000000033     2.82842712474618940
-0.00000000000000055    -1.41421356237309470    -1.41421356237309559
 1.41421356237309448     0.00000000000000030     1.41421356237309448
 3.29983164553722119     0.47140452079103190     1.88561808316412627
 3.29978711111100020     3.29978224565499989    -2.94292183886699998
 1.88561808316412627    -0.47140452079103184    -3.29983164553722208
-3.29983164553722208    -1.88561808316412671     0.47140452079103146
-3.03969910749799999     3.29967989280799978     3.05504318535199992
 1.88561808316412605     0.47140452079103201     3.29983164553722119
 1.88561808316412627     3.29983164553722208     3.29983164553722119
-0.00000000000000035     1.41421356237309537     1.41421356237309448
-3.29099265376199979    -3.29980690249499986    -3.04205470042200021
-1.41421356237309537     2.82842712474619029     1.41421356237309448
-0.00000000000000038     0.00000000000000001    -2.82842712474619118
-1.88561808316412716    -0.47140452079103140     3.29983164553722164
-0.00000000000000056    -1.41421356237309470     1.41421356237309448
-0.47140452079103207    -1.88561808316412649     3.29983164553722119
-2.82842712474619118     1.41421356237309537     1.41421356237309492
 2.82842712474618940     0.00000000000000016    -0.00000000000000053
 3.29983164553722119    -1.88561808316412671    -0.47140452079103212
 0.47140452079103118     1.88561808316412716     3.29983164553722119
-1.88561808316412716     0.47140452079103184    -3.29983164553722208
 0.47140452079103129     3.29983164553722208     1.88561808316412605
-1.41421356237309537     1.41421356237309515    -0.00000000000000055
-0.47140452079103212     3.29983164553722208    -1.88561808316412716
-1.88561808316412716    -3.29983164553722164     0.47140452079103129
 1.41421356237309448     1.41421356237309515    -2.82842712474619118
 1.41421356237309448    -2.82842712474618985     1.41421356237309448
 0.94280904158206291     3.29983164553722208    -3.29983164553722208
 3.29983164553722119     1.88561808316412693     0.47140452079103101
-3.29983164553722208    -0.94280904158206347    -3.29983164553722208
 3.29983164553722164     3.29983164553722208     1.88561808316412605
-3.29983164553722208    -3.29983164553722164     1.88561808316412649
 3.29983164553722119    -0.47140452079103173    -1.88561808316412716
-0.47140452079103234     1.88561808316412693    -3.29983164553722208
 3.29983164553722119     3.29983164553722208    -0.94280904158206424
-1.88561808316412716     1.88561808316412693    -1.88561808316412716
-1.41421356237309559    -1.41421356237309470    -0.00000000000000056
-3.29983164553722208     1.88561808316412693    -3.29983164553722208
-3.29983164553722208    -0.47140452079103151     1.88561808316412649
 1.41421356237309448     1.41421356237309537    -0.00000000000000056
 1.41421356237309448     0.00000000000000016    -1.41421356237309559
-1.41421356237309559     1.41421356237309537     2.82842712474618940
-3.29983164553722208     0.47140452079103184    -1.88561808316412716
-0.94280904158206447    -3.29983164553722208    -3.29983164553722208
-0.94280904158206447     3.29983164553722208     3.29983164553722119
 3.29983164553722119    -3.29983164553722164     0.94280904158206325
 3.29983164553722119     1.88561808316412693     3.29983164553722119
-1.41421356237309559     0.00000000000000032     1.41421356237309448
-1.88561808316412716     3.29983164553722208    -0.47140452079103212
-1.41421356237309537    -1.41421356237309515    -2.82842712474619074
 0.94280904158206302    -3.29983164553722164     3.29983164553722119
-3.29983164553722208     3.29983164553722208     0.94280904158206302
