89    8.78968670811599928
-1.12611165636646171     1.70354038655963058    -3.39484335405784643
 1.62445835335223077     1.63497130244252320     1.40271313137311804
-0.09668039199316254    -1.58106965512755604    -2.69942030016725187
-1.72990020223000007     1.52971447361499990    -1.42084205590599999
-0.97621387251766922    -3.39484335405785398    -0.24982824187996192
-3.39484335405784021    -1.97419699238584934     1.46897534867449564
-0.09071300683493323    -0.13638298557796091    -1.31636396829205093
-1.63005793405303501     3.39484335405756044    -2.45381603174495044
 1.74940043345358109    -0.12523451224628127     2.34402337064371658
-3.39484335405755244     0.44762243626575121    -1.66898251770934247
 0.30540775588513452    -1.57517563229291047     2.37015843568839202
 1.75943847978824519     3.39484335405786242    -2.24356107016078798
-1.56855654161800007    -1.56722741659300002    -1.27629292808600003
-1.42567605653856866    -3.34587964939729376     3.39484335405783666
 0.05170845549944893    -3.34045453606054155     1.46493633206035700
 0.43485031463388790    -3.39484335405784954    -1.66718418155721371
 1.60610161592966394     0.15712642991164405    -0.03979139353201631
 3.39484335405784243    -0.55916418107621679     3.39484335405784377
 0.30415123634741659     1.70236716992926573    -1.99686385446263825
-3.39484335405798676    -3.39195398039129259    -3.39484335405798676
 1.41106270804061573    -3.14065078623271976    -3.39414553095820670
 1.72627515816560884     0.29653027135272469    -2.03130460934001977
-1.93842323203822087    -1.93373108945279437    -3.39484335405778959
-3.39475897909100022     2.92947010357100002    -1.44969297623400006
-3.10532080083837414     1.41591013356323869    -3.39484335405755511
-0.57271793797927495    -3.39484335405789039    -3.39484335405798721
-3.39484335405767945     3.39484335405773097     0.57887188979620741
 3.38743560067100002     3.34458538105399983    -1.04924451225500004
-3.39484335405784599     3.39484335405788196    -3.39484335405756354
 3.39484335405792192    -3.39484335405784021     0.55912680102361390
-1.44014482815707656    -1.47261344117844617     1.39932004887744466
 3.39484335405769144     0.25993102156269465    -0.92924260084281407
 3.39484335405788640    -1.97700376756527096     1.98426513680629624
-3.39484335405755022     3.39484335405779092     3.39484335405779669
-3.39484335405754489     1.97442926720975609     1.98685762192703241
 0.06629960994894273     0.12566184160431876     3.39484335405786508
-1.39680835057982811    -1.34608799631418496     3.39484335405782245
 1.73214308179967302    -1.16659230011066906    -3.39484335405783977
 0.20034607965304688     1.61642404829875641    -0.00140945275658437
-0.02500239598400000    -1.65146619370799996    -0.00685245324900000
 3.39484335405643467    -3.39484335405765014    -3.39484335405746984
-0.43559366015733908     3.39484335405784510     3.39484335405784332
 1.98428392329591419    -3.39484335405789084     1.97698507754083730
-0.17316963531264207     1.76201463663889979     2.27011938314039341
-3.39249252153200009    -3.39325526470199978     2.90099574118500003
 2.97311627477031237     2.86922428960864284     3.39484335405784021
 1.73326712959494733     1.75964790298352258    -3.39484335405783311
-1.68803391749370135     3.28409436052872028    -0.45772649322809217
 1.97702208120467815    -1.96979743282183306     3.39484335405784643
 3.39484335405785576     1.68539476820739753     0.47363056056639469
 1.46253455833359003    -3.32957144447409137     0.04734335484185482
-1.59491720388745906     1.78568999204238610     0.86367943461855168
 1.42483022948299998    -1.67508518155299990    -1.38554626598199992
 0.25262342237044083     3.39484335405755910    -0.92845332448352791
-1.98710895014145605    -3.39484335405784066     1.47588643385180873
 3.39484335405710125     1.18096844061380968     2.40897396162749322
 0.57372449253384283    -3.39484335405784909     3.39484335405798765
 2.91508724673000019    -3.39481276182600000    -1.41580032727699989
-3.39484335405784288     0.04294911483112982     1.46783505886502330
-3.39484335405789306    -0.56302308693139291    -3.39484335405785931
 0.12958464391332752     3.26021209294593728    -3.39484335405785220
-3.39484335405786908    -1.97748853366105148    -1.98088172091222003
-3.39484335405777449    -1.43472277998905806     3.39484335405783177
 1.96036042464766780     1.92822064843456609    -0.89870114755765362
 3.17720033451958672    -1.65943827879045047    -0.41092512582510238
-1.97109427468754439     3.39484335405768656     1.99023004108026291
-3.25819437404838608     0.56060352321630091     3.39484335405783266
 3.39484335405773852     3.39484335405784998     1.51179506214304227
 1.46734175669899503     1.55292527315110118     3.39484335405784243
-0.22859557843500000     3.31509467615300002     1.01115261052100003
-3.33883716007599984    -3.27466201869300022    -0.12951149107900001
-3.31709075552516186    -0.96659926045103128    -0.25691611489499777
 3.39484335405798632    -3.39484335405632320     3.39484335405798632
 1.72504824049856520    -1.57014428370930070     0.96140168593420583
 3.30506290322600016     0.07280939186300001    -3.39482459057300012
 1.30928622819811213     3.39484335405629567     2.41740068299350241
 0.26345823472500002     0.26319030145599998    -3.39484258933600014
 3.39484335405767546     1.73305432775420698    -2.28198342034793589
 3.26598420174987902    -0.23889399881721810     1.00326067675065689
-1.84578544231435093     1.97661941633262028     3.39484335405763371
-1.98378212513081720    -3.39484335405786863    -1.97748741438074416
 0.04238139506310805     0.02540987132424964     1.20013998321709470
 3.39484335405785087     3.39484335405784066    -3.39484335405784687
-1.57293032797939891    -0.02847623711247453     0.02206344719784142
-1.61502642297199994    -0.08315051908500000    -2.61642722031599995
-3.39484335405784998     1.46528489844253373     0.05275007275768465
 3.39484335405774651    -1.66037206522056491    -2.39904751745224143
-1.59920261572552524     0.31825117477425180     2.30442523011522926
 1.69667670267942494     3.39484335405773674     0.45527718527221350
