90    8.82750061894700089
 0.03294923433136460     3.41375030947342850    -3.41375030947341962
-1.96579438559075470    -3.41375030947341385     2.13618364963899854
-1.70687768344241930    -1.70646178368476287    -1.30191974598047233
-0.00000043839220453    -0.00000003980988635    -1.32923049145331018
 1.70687663408880264     1.70645074151189680    -1.30259577219117340
-3.41290729309530594    -1.69033414824864026    -0.25827092067761787
-3.41375030947340763     3.41213041542384765    -3.41375030947339875
 1.47147469984165702     3.41375030947345293     3.41375030947344049
-1.69040199982483386     1.69040015690914425    -3.41375030947343028
-0.01605732800364933     1.70687795922821617    -0.28696868523775548
 0.72000629337545219    -1.54952665045135740     1.74146206180406304
 3.41019087308999991     3.41361317162400013     0.78961906136899995
 1.64285686459211999    -3.41375030947346891     1.68337251763743589
 3.41375030947334901     1.72334968883817896    -2.34485134634692383
-1.72377169726857860    -1.72334879496827154    -3.41375030947338987
 1.70645068677862688     0.01648701989272738    -2.37218561796382987
-1.70645844410207359     1.70729952526874329    -1.35586838894791306
-0.03294738605772228    -3.41375030947342450    -3.41375030947342095
-2.07010684818665025     1.98395462801714761     3.28474788778223070
-1.69081429746951861    -3.41375030947342939    -0.26033064401105988
 3.41375030947342983    -0.03297007417478028     0.75528835187233612
-1.70644720249917348     0.01645826121879414    -0.28626905132423985
 3.41375030947343916     1.66784496291433149     1.80753747143080168
 1.69040015690871193     3.41375030947347691    -0.26103122261302303
-3.41375030947347513    -0.00034640050799530    -1.32782255655589077
-3.41375030947342761    -2.89293645388525045     3.41375030947341962
-0.06016383087844795     0.06106362526083245     0.84852671083906395
 3.41315016318500009     3.41173836051599988     2.79008560717700016
 3.41375030947342362    -3.41375030947341074    -1.38390490368775154
 1.70687733538148700    -0.01648701413614383    -0.28697503088957044
-3.41375030947335656    -1.72292642094106951    -2.34418398993508426
 3.41375030947341429     3.41375030947292668    -1.27595203314714789
-1.72295107280310167     3.41375030947340852    -0.31291406862232035
 3.41375030945345781     0.00041124961575637    -1.32923176468762838
-3.41375030947326108     1.72458456055271991     1.82620429327118750
-0.10045196710394239     1.79052681081889320     1.92169669959615885
-0.01689912148594412    -1.70687366688666686    -2.37148614900545507
-3.41375030947344138    -3.41290508592895225    -3.41375030947342495
 3.41288521795409583     3.41375030947340630    -3.41375030947335967
-1.72372246515114358     3.41375030947292935     1.82484320598430783
 1.72291722609673581     3.41375030947342717    -2.34416712579418496
 1.18295835497121371     1.43467013961104928     3.41375030947343694
-3.41375030947343872    -3.41375030947344849     0.75653744771147458
 1.68999043120036974    -3.41375030947342273    -2.39812967268922517
 2.70368241286040956    -1.72316092857712611     1.55469967146584498
 1.71152071673872652     0.63802241667136239     1.60289158979920332
-0.26084826610304168    -3.17708428045053903     1.11777905403352906
 1.33119905833620789    -2.46051261124684828     3.41375030947347469
 3.41375030947345826    -3.41375029409459740     0.75389072283113057
 3.41372982491865784    -1.69036243270352160    -2.39876213943463323
-0.00043292646800635     3.41375030947341607    -1.32924631526014103
 0.01647590155807955     1.70687241842902071    -2.37149482526086963
-0.03211722152747608     3.41375030947340408     0.75530232548293663
-3.41375030947342184     0.03382462341313131     0.75527523980322653
-2.36106708395261045    -1.19239006324866814     3.41375030947338942
-3.41375030947341784     3.41375030947344671    -1.38390739566612342
 3.41375030947340052    -1.72334871138075640    -0.31500713628162186
-0.42702103331320634    -3.41375030947343694     3.41375030947343339
-1.69040091823325223     3.41375030947342228    -2.39882949893915898
-3.41373310616460390     1.68959132973162451    -2.39745355262184745
 1.72334874037537711    -3.41375030947347691    -0.31500709042828240
 1.72334952285118925     1.72378237299946835    -3.41375030947344671
-3.41330710659200021    -1.69074064364000010     1.77643534283100002
-0.00084872135852425     0.00000295562001195    -3.41375030947347691
-3.41375030947345071     1.72381257925445430    -0.31427639948927250
 3.41349384290999991     1.70072535303900008    -0.24312733279900001
-0.63089603758472512     0.56888647367215195     3.41375030947342317
-1.72334895342138417    -3.41375030947270997    -2.34485249347110480
-3.41375030947340719     0.50815632738792194     3.41375030947342095
-1.76635606471893869    -0.04615231134273959     1.88651168381343970
 3.33330197303300002    -3.41370754281100020     2.75236232694199989
-3.41375030947341651     3.41375030947343472     0.75535459668759752
-3.41375030947284319     3.41375030947284896     2.89705399018543330
 3.41375030947347602     0.03294884684027533    -3.41375030947347069
-0.52118960992475172     3.24261016636479038     3.41375030947336588
 1.67427862503914193    -0.49704367286359469     3.24917163857391289
-0.00041294141731573    -3.41375030534572943    -1.32922879419094442
-3.41375030947343294    -3.41375030947343294    -1.27595434329148283
-1.62664497453424928    -1.74320097730950940     0.83746133391605837
-3.41375030947340807    -0.03294775595467848    -3.41375030947344182
 3.41360535971799983    -3.41372125978200014    -3.41372550247500017
 1.68997739967060712    -1.69081249226460195    -3.41375030947341296
-0.37343771514139873    -1.41447065765247548     3.41063553365241834
 0.10557689417414505    -1.65884088206292057    -0.15867659423594974
 3.41375030947343028     0.47617373354480497     3.41375030947342140
 1.70645070712951807    -1.70645073567255379    -1.35656487652159718
-1.72419867975632646     1.72333687866218610     0.75596425766647046
 1.67919014169522929     2.63765416479622505     1.58221295811182605
 3.41375030947339875    -1.52382626645524666     3.41375030947341740
-1.70730362716796624    -0.01604652150490918    -2.37079581922814331
