94    8.92382180259999913
-1.73205395927752193     3.46191075187887831     1.73205183310645427
 3.46191090129997825     3.46191090129996093    -0.00219246651439393
-1.90266556205094761    -2.79060573819177815    -1.90024984775861894
 0.00109742989609976     0.45622824307039872     1.73095544924212441
-1.73095337692217610     1.45622824438030629     1.73095337842591390
 0.02083939449200000    -1.52979752412700010     1.04008626641599999
 3.46191090129991430    -3.46191090129985435     0.84284578589672521
-3.46191010455244097     1.45811923858465975    -0.00000218827167529
-1.76207226353495705    -2.59899565673015376     1.76207229635507501
 1.73099012286402476    -0.54749811193253983     1.73311764458427597
-1.73095544980071647     1.46001668242722960    -1.73095544989412220
-1.72986009360127491     2.46191090151301761    -3.46191090126073409
-0.00219246649479008     3.46191090129995116     3.46191090129997026
 3.46190994556878229     0.45811968538173764     1.73205449256140787
 1.73095545125282557     2.46001668218092551    -0.00109535762328313
 3.46191054649599383     1.45811984743932221     0.00000179070557478
-3.46191090129449064     3.46191090129835422    -3.46191055284616045
 1.72985801412243334    -1.54566239546937489    -3.46191090129986812
 1.73205101936885186     2.45812338042539613    -3.46191069540764085
-0.00109742819240602     0.45622824601376594    -1.73095545094685654
 0.00000000009767271     3.46191090129999290     0.00000000170371187
 0.02497076067000000    -1.46376482259900009    -1.04358280480899990
 3.46191042794955450    -0.54567181262407882     3.46191075316686225
-3.46191090129997558     3.46191090129995516     0.00219246651186604
-1.73095545115616578     2.46001668234780402     0.00109535772061148
 1.73205287923510975     0.45812246566278703     3.46191090129999335
 1.15262363907771448    -3.46191090129999335    -0.02654689618832950
-1.72986009373049088    -0.54566239547095807     1.72986009373214888
 1.73095337862593790     1.45622824732371869    -1.73095338013340316
-0.00000207116803921     1.45812246652106081    -3.46191090129994672
-1.73205098531762713     2.45812332174974646     3.46191068081023046
 3.46191019577645598    -0.54566294084938738    -3.46191090129983747
-3.46191090129990897    -3.46191090129984325    -0.84284578590958037
 1.72986009503777161     3.46191090129984724     1.72986009353403758
 1.72986009373054084    -0.54566239546909734    -1.72986009373220462
-1.73099011962465132    -0.54749811163947482    -1.73311764461558804
 0.00000206847364579     1.45812246062764950     3.46191090129994627
-1.72986009503875415     3.46191090129985302    -1.72986009353351422
 3.46191090129997647    -0.54566033602516861     0.00219158797882496
-0.00109535531444071     2.46001668079263780     1.73095545205781765
-1.72985803068656629     0.45433760452870248     3.46191090129999335
-1.72985801412155271    -1.54566239547131179     3.46191090129983392
 1.72985802457353843     0.45433760453064714    -3.46191090129999335
 3.46191090129981527    -3.46191090129992629    -1.15715421410327535
 3.46191089518484674     3.46191090129784351     3.46191045644562712
 3.46191090129994583    -1.54566239546813744    -1.72985977885517306
-1.15433783420700009    -3.46190434000099989     3.46188952126200000
 3.46191090129627943     1.46191090129778001     3.46191090129863177
-3.37235070040199991    -2.87320523127699978     3.46147021044600001
-1.73205287903568639     0.45812246600646844    -3.46191090129999335
 1.72989005566878795     0.45439155726508179     0.00215956284731177
 1.15124084120299996    -3.46190570571600009    -3.46178504656599983
 0.00000000000000165     1.45812246322870309    -0.00000000000000055
-3.46191090129983925     0.45433760453114264     1.72986040861456303
 3.46191090129339862     1.45433814995571420    -3.46191090129573498
-1.73095400928729282    -1.54755206772025922    -0.00109799010146686
 1.73205348764555089     3.46191076047363921    -1.73205179206748627
 1.76207226353239577    -2.59899565672453559    -1.76207229635276286
-3.46191090129495249     1.45433814996403310     3.46191090129532952
 1.72986008753508513     2.46191090143077940     3.46191090117887956
-3.46191079394954260    -0.54566294086304712     3.46191090129984103
-3.46191090129994894    -1.54566239546991069     1.72985977884816045
-3.46180055087100014    -3.45148528834699997    -3.40219059959200010
 3.46172507082299985    -2.83529245796100016    -3.46190534466899980
 3.36164293395699998    -3.01908359518500014     3.41991623548199986
 3.46191055496199995     3.46191055713300022    -3.46190988656399989
 0.03762945965707228    -3.46191090129993562     1.63381089051250328
 3.46191090129990853     2.46191089903797522     1.72985833975253867
 0.84883248637662267    -3.46191090129990142     3.46191090129994405
-3.46191027446799993     3.46191057272100000     3.46191042885299982
 3.46191063700617274     2.45812028631049984    -1.73204922395417005
 1.73095545150446917     1.46001667948376146     1.73095544838838555
-3.46191049059500067    -0.54567020532954102    -3.46191078264220309
-1.15262363936207302    -3.46191090129999335     0.02654689219881015
-1.72992140978064701    -1.55311868298360567    -3.46191090129770274
 0.00219485849784142    -0.54566597225191893     3.46191090129125278
-0.84883249565162777    -3.46191090129990897    -3.46191090129994450
-3.46191063790252462     2.45811963291134195     1.73204884480104271
-3.46191090129983392    -3.46191090129992141     1.15715421409042207
 3.46191090129986412     0.45433760453288202    -1.72986040860780443
 1.73095400938754107    -1.54755206789260291     0.00109799000051692
-3.46191090129992496     2.46191089903623883    -1.72985833975317527
-0.00219485849875836    -0.54566597225340585    -3.46191090129154144
-3.46191090129615864     1.46191090129807599    -3.46191090129825962
 3.46191090129994494    -1.54945225946313281     1.73204758615927923
-1.72989005573939725     0.45439155738663234    -0.00215956277881810
-3.46191090129997825    -0.54566033602590347    -0.00219158797264902
 0.00109535701817417     2.46001668373600468    -1.73095545035309084
 1.72992140964254326    -1.55311868321901958     3.46191090129776180
-3.46191090129994672    -1.54945225357751082    -1.73204758956881277
-3.46191027596027689     0.45812046460416839    -1.73205404039761990
-0.03762945994143103    -3.46191090129993562    -1.63381089450202310
 0.00219246649822645     3.46191090129995249    -3.46191090129996981
 1.90266556257011210    -2.79060574369230618     1.90024985200338348
