100    19.45484725280000049
-0.06716958854438090     -7.72742362639073388
 1.66488121902467734     -6.72742362639103941
-8.72462305018620121      8.72625050031915350
 5.26604081513049316     -6.73212537554108437
-0.06716958854229543      0.27257637360986570
-0.71861941244588390      8.68452398057270969
-1.79922039611145279     -0.72742362638965485
 1.66488121902543651     -4.72742362639096481
-8.72742362638858360     -8.72742362639317371
 1.66488122016253159      1.27257637164234527
-5.67875797633285107      6.88379547028263961
 3.41560040028226197      0.27243522164742412
 4.31798727959201489      7.01730890227893589
 3.39693202659391735     -5.72742362639166469
-0.06716958854273851     -1.72742362639016322
-1.79922039611339035     -8.72742362639063884
-2.71815926460904400      8.72742362639094615
-5.26332201124918431     -0.72742362638868341
 8.72742362639007041      7.27256901630804986
 1.66488121902575603     -2.72742362639096037
-1.79922039611260565     -4.72742362638991054
-0.65431017905088240      4.91244850124624488
 3.28092043971729908      8.72742362639316127
-6.99537281881742690      2.27257637361181786
-8.72742362639317193      5.27257637360683429
-5.26332201124974208     -2.72742362638880520
 1.28092043971729885      8.72742362638988389
 6.99537281882147877     -3.72743098369193238
 5.25222033455434367      1.25308898886997100
-0.06716958854348061     -3.72742362639033864
 8.72742362639315417      3.27256901630725938
-3.53127120366957215      0.27257637362898068
 5.14180472662669441      3.25003876127937419
 6.99537281882187401      4.27256901630309738
-1.79922039609858198      1.27257637363167819
-7.67670740071759994      6.97433881681155476
 6.99537281881265205      0.27256901629211050
 3.39696338452039948     -1.72747794187835302
-4.71610868899389679      8.63688027986431806
-6.99537281881833195     -1.72742362638824520
 3.40737027675791859     -3.72745086584356633
 5.13417836919269810     -4.73647703594030567
-5.26332201124866206      1.27257637361131826
 3.39693202659408167     -7.72742362639169666
-6.99537281881918904     -5.72742362638867508
-1.79922039611288787     -6.72742362639001090
 8.72742362637769631      1.27256901630725938
 1.31830634146105541      5.24227279235289956
-3.53127120368110559     -3.72742362638923064
-2.64231665007010186      5.13114982997052493
 6.98120453291476384     -1.72745950260968306
 1.66514339620767471      3.27257635445828843
 8.72742362638994962     -4.72743098369273973
-8.72742362639021074     -0.72742362639316649
-3.53127120368161229     -5.72742362638969116
 7.35505411947034116      8.72742362639007929
-0.06705257817221506      2.27277901020481776
-5.26332201124811760      3.27257637361132003
-6.99537281881944750     -7.72742362638999936
 6.99537281882061723     -5.72743098369195103
-5.26332201125066845     -6.72742362638953484
-0.06716958854381219     -5.72742362639034575
 6.83920344374039235      6.56042442333929898
 6.92549080013203877     -7.84847019113453737
-6.99537281881886752     -3.72742362638842639
 5.12898283416296508     -8.72742362639314351
 5.13825749737840454     -0.74366148921756692
 2.31845106513240351      6.97424003560907391
 3.44711706473745316      4.32775582363729328
 8.72199876244637018     -8.72742362639209368
 5.24890364816679522      5.24716915787468619
-8.72742362639050739     -2.72742362639316660
-3.53127120368059622     -1.72742362638920754
-6.99537281881782214      0.27257637361178594
 0.31830269671863570      6.97432149562365833
 6.98721771390491408      2.27258118116849106
-8.72742362639071168     -4.72742362639316749
 8.72742362638807911      5.27256901630804897
-6.67504384365579462      4.93063113683809906
 8.72742362639002245     -6.72743098369276282
-8.72742362638990521      1.27257637360683340
-4.64186663994080551      5.17357432770629799
-6.71405811337864833      8.72742362639317193
-1.67966736270695183      6.88423463953968096
 1.66494393655689787     -0.72742362737431920
 8.72742362639097813     -2.72743098369274017
-5.26332201125060894     -8.72742362639009173
 3.39706310087214547      2.27234931193496559
-3.67921735257707772      6.92665913730232852
-8.72742362638978264      3.27257637360683340
 5.35505411947031362      8.72742362639098879
-1.79922039609672435      3.27257637363176412
-5.26332201125013199     -4.72742362638897351
-1.79922039611197104     -2.72742362638965874
 8.72742362639028180     -0.72743098369274029
 1.66488121902465624     -8.72742362639144353
-3.53127120368189429     -7.72742362638980307
 5.25601704706197470     -2.74019165138850784
-8.72742362639015745     -6.72742362639317015
-3.53127120366836111      2.27257637363011833
