101    19.57776388483329555
 3.64527497400993816      6.82295455543256502
 8.78888194241630138     -2.78888194241439002
-7.05683113484419700     -3.78888197515177527
-8.78888194241252663      1.21111802485003506
-7.03903822262396073     -7.81970023341060738
 7.05683113484013180      2.21111805758722424
 5.30837579571775819      3.18215046028786741
-5.30728780852017135      3.21072969304432432
 8.78888194241450549     -8.78888194241473286
-1.55606260760865389      8.78888194241438470
 7.05683113484536495     -7.78888194241499399
-8.78888194202971995      5.21111802485087861
 2.79211433239053441      8.78888194241664422
 3.59272951970660337     -5.78888194241673482
-7.05683113484407620      0.21111802484856398
 5.79211433238909734      7.05683113484530011
-0.09256709861052213      4.19538313698216747
-3.58008903864032302      4.21983786944375616
-7.05683113484423341     -1.78888197515163827
-1.85238837652699218     -6.80443226361405262
-1.85202650376950828     -4.80443229635182956
 7.05683113484416502     -3.78888194241425902
-7.05683113484426361     -5.78888197515185254
-8.78888194241435983     -6.78888197515000513
-7.05646929455530181      2.21111800877324116
 8.78888194241391396     -6.78888194241442555
 1.86067871206402713     -8.78888194241664777
 7.05683113484749924     -1.78888194241425880
 8.78888194241276821      1.21111805758870283
 5.32478032727648909     -6.78888194241499132
-3.58395769270400821      2.19577486059025651
-7.55979243369893439      8.78888194241473464
-1.85178729129401098     -2.80443231063095366
 1.84427418058389447      1.18215046028043314
 5.32478032727628303     -8.78888194241512011
 5.07645902215528899     -2.80435768470897218
-1.85178729129386377      1.19556768936906144
 3.34440821457934234     -1.80435768471131142
 5.11975333427606749      5.17323598508074767
-3.55606260760865389      8.78888194241664777
-1.85178729129385911     -0.80443231063094134
-8.78888194241428522     -4.78888197515000513
-0.27954601535506501      6.51110070789644091
 1.61235740701145436     -2.80435768471363556
-0.11973648371257212     -1.80443231063965470
 1.62667149062632932      3.17027748573008328
-8.78888194241425147     -0.78888197515000080
 3.57632498815059874      2.18215046028444526
-8.78888194241419818     -2.78888197515000424
-4.55792752065345752      7.05790918237398124
-5.28955604523318357     -8.78888194241664777
-1.85178729129363573      3.19556768936921420
 5.32478032727565775     -4.78888194241492737
-5.32459941921097890      1.21080461741391776
 8.78888194241664600      8.67521967272674210
-0.11973648374654872     -3.80443231066805376
-3.58395769270414055      0.19577486058993862
 0.44393739239134672      8.78888194241663889
-3.58431956550067055     -5.80422510667243507
-5.55979243369892551      8.78888194241628184
 3.59272951967810084     -7.78888194246586707
 4.79211433239053530      8.78888194241511123
 1.61235740699373387     -4.80435768471364266
-0.11973648372491323      2.19556768936893576
 1.65384087574217897      5.17009293334330433
 0.12860346638732195     -7.78892427164886847
 7.05683113484495284     -5.78888194241425946
 7.05683113484401492      0.21111805758671229
-5.32496129204172952     -6.78919534984809481
-5.32459941921143898     -4.78919538258608135
-8.78888194241452148      7.21111802485124898
 3.34440821458196735     -3.80435768471132718
-5.32459941921128266     -2.78919538258608180
-2.55606260760936754      7.05683113484591562
 7.78888194241527376      6.94316886515839116
 5.30837579572195395      1.18215046028785808
 5.30837579572569140     -0.81784953971263630
-3.58395769270402642     -1.80422513941025509
-8.78852009310675086     -8.78888194241627474
-5.32451337746101672      5.21065551161226903
 6.79211433239053708      8.78888194241483944
 6.96390174796786443      4.39265357071309559
-8.78888194241664777      3.21111802485003928
-3.58395769270414499     -3.80422513941032481
 8.78888194240825449      3.21111805758870617
-1.60347177929085349     -8.78888194240798981
 1.61235740699403873     -0.80435768471363078
-1.82461790617931530      5.19538313698244814
 8.78888194241396725      5.21111805758871327
 3.38770252670913408      4.17323598507733262
 3.57632498815507738      0.18215046028439072
-5.32459941921128443     -0.78919538258608202
-7.05683113465273593      4.21111802451222950
 8.78888194241403475     -4.78888194241442555
 1.86067871213763558     -6.78888194241664777
 8.78888194241469556     -0.78888194241132126
-6.87547345321299819      6.56086712326975974
-3.44651391226348780     -8.01222519963945068
 1.61802586239094248      7.16977222883512155
-0.11973648372490224      0.19556768936893046
-0.11997569621111910     -5.80443229637609370
