105    19.90329056190000045
 3.75175958797284492     -5.95826252652113908
 2.02333150559238417     -2.95183676563014874
 5.48750832219517726      5.04829349844164632
-5.48756790703937369      0.89880673117547449
-5.48759525216164246      4.89893806199644022
-8.95163375477869749      8.95163301379618659
-2.05495760137937200      6.95155593600905064
 2.02333150559387454      1.04816323437055026
-3.75556868582920123      3.89889607611851696
-6.67775902088154361     -4.02644026783705211
 5.47193056625901786     -8.95164528091998335
 5.48750832217752649      1.04829349844012643
-8.95164528092024625     -4.95164528092044431
 1.40909242737767015      8.95164528091971512
-1.48161148005947996     -5.02644872339893301
 8.95164528092652745      7.04835471782351597
 0.25036838176901860     -0.02630893700420747
-3.21366228803300835     -6.02644872416711408
-3.75556868584977899      1.89889607608355493
 3.75538231315307058      2.04816323439023185
-7.21964605973080431      3.89893806199668935
 2.02333150559296726     -0.95183676562983832
-2.05490601500105097      8.95164528091971512
-8.95164528092025868      4.89902740690506722
 2.01991806811471619     -6.95862493591583942
-8.95164528090435674     -8.95164528092099232
-3.78695682256879529      7.95164528091753109
 0.25046356595865138     -6.02640673999832099
-7.21959447335309346      7.89902740690898408
-6.67775902089407403     -2.02644026779591879
-5.48754366551475226     -8.95164528091996559
-3.75554444459493242      5.89893806200036330
 1.40911977250148834      4.95151395009560069
 3.75538231315420612      4.04816323439027048
-7.21959447337155868     -0.10123525470289259
 2.02338284625227427     -4.95192568496188379
-5.51900763013649698      8.95164528091960854
 7.21959447331163595      4.04835471775541933
 8.95164528091986966      3.04835471782351597
-3.21373323337226635     -0.02630893700948040
 8.95164528091983058     -2.95164528217648492
-2.02342849682140891     -8.95164528089124012
-5.48754366578431529      6.89902740690880467
-5.48754366576459507     -6.95164528091995049
 7.21959447329616477      2.04835471775514710
-0.08522662294304489     -8.45831628375762001
-0.32293103504668463      5.95151395013154794
 7.21175257890284627     -7.96522784169638243
-2.02351787826226959      4.89889607612281974
 8.95164528090696976      1.04835471782351597
-8.95164528092272249     -1.10123525473357442
 7.21959447330994131     -3.95164528224492706
-2.02351787828069130      2.89889607608321320
 7.21959447329344783      0.04835471775512956
-7.21959447324668435     -7.95164528107239388
 7.21959447330946968     -5.95164528224505407
 0.25041508627330333     -4.02640673751934131
-5.48761949339837951      2.89889607611871414
-7.21961871458814475      1.89880673121060894
 3.66245290847669036     -8.09971182928289579
 8.95164528092028711     -6.95164528217648581
-4.94570821333078836     -3.02644026780560349
 8.95164528092054290      5.04835471782351597
 0.25036838176857895     -2.02630893700424553
 3.75538231316997217     -1.95183676561576136
-8.95164528092027467      0.89876474533202788
 7.21959447331245130      6.04835471775561473
 5.48750832219514884     -0.95170650156185299
-1.48168242580314624      0.97369106299011854
 2.02333150556591068      3.04816323437444670
 3.75538231317077109      0.04816323438443701
 5.48757901145282201     -6.95170650031617754
 4.87316980125896393      6.95160329500538854
 3.14117058007074723      5.95151395009493989
-1.48163083942107954     -3.02639828191233828
 8.95164528091991052     -4.95164528217648581
-1.48156300358712545     -7.02644872281147137
 3.75538231316948279     -3.95183676561591746
-8.95164528091969913     -6.95164528092081468
 5.48750832218056317      3.04829349844142117
-0.29146707071403338      3.89889607608705724
-8.40980982844518010     -3.02644026782669906
 1.40911977252264120      6.95151395013199558
 3.14111899371070935      7.95160329504270358
-4.94570821330399379     -5.02644026782217246
-0.32290679381171078      7.95155593601116450
 5.48750832219416651     -2.95170650156235848
 8.95164528090303868     -0.95164528217648414
-8.95164528092070455      2.89884871708846470
-4.94573245456186150     -1.02639828191756521
 7.21959447331072646     -1.95164528224488865
 5.48750832219349238     -4.95170650156283632
-3.21368164699851988     -2.02639828192715798
-1.48168242580889764     -1.02630893701907300
 1.85297525007953912     -8.95164528089824429
 4.87314556004376520      8.95164528091958367
 8.95157459153428725     -8.95164528092723799
-3.21365740575323011     -4.02644026779079578
 6.60519636759198470      7.95164528088230416
-7.21959447334226123     -5.95164528093481771
-7.21959447335104976      5.89902740690485494
-8.95164528091981815      6.89902740690508676
 8.33724717513491953      8.95164528092723799
-3.75548608115799976     -7.95165701868216424
 0.25036838176972848      1.97369106299579311
