107    20.19950368823829123
 7.34441568572855186     -1.08806325643308921
 5.10632551576040239      2.17535167493521353
-2.91003572210924411      5.64134703387592928
 5.98455394686775133      0.37848918080970512
-5.24683305267068434      5.48432162234529663
-2.17154861384020847     -9.09975184411666049
-9.09975184411647398     -7.09975184411914118
-0.91003572209827421      2.17724541872748034
-2.17228949522574855     -3.09846969623630786
 9.09975184411914562     -6.15489363847087390
 3.09976715838287875      9.09975184411914562
-0.17260321911816287     -5.03481103311027578
 5.58167833398593505     -8.14121391004805872
-2.01060252607377388      0.50728951811597600
-2.91983860261357586      9.09975184411634430
 5.58167833398627788     -6.14121391004803385
-1.21663182594762098     -1.32839804277194395
 3.09976715838336325      5.63565022897956514
-3.92967008977983268     -0.05589756086515093
-7.36770103654602249     -0.09975184411436076
-7.36770103654964803      3.98795672240242016
 1.93610456899134542     -3.10276606124358034
 6.09976715850971463      7.36770103640381979
 7.33701449237569925     -7.09975184411793592
-4.91983860261569106      9.09975184411575277
-3.91983860261104988      7.36770103654563080
 7.09976715838287742      9.09975184411449511
-9.09975184411625548      4.98795672240647914
-7.36770103654644259     -2.09975184411694160
-7.39377170492492475      1.94410243913828151
-3.91003572209622163      3.90929622629953366
 2.09976715854803464      3.90359942131502891
-3.87865583436880623     -2.05524684532876911
-5.63565022897802947     -1.09975184411608162
 5.49042431002570286     -1.84236636384290708
 7.33701449237529957     -9.09975184411793592
-9.09975184411735150     -5.09975184411914118
-0.91003572210722095      5.64134703387297698
-9.09975184411690563     -3.09975184411914073
 7.34441568572930326     -3.08806325643310364
-5.63565022897712264     -3.09975184411617644
-7.36770103654635289     -8.09975184411747762
-3.90359942138614935     -4.09975184407793414
 2.93610456900157590     -1.37071525368059755
 4.09976715848928031      7.36770103648729968
 9.09975184411914739      9.09192517046672144
 1.98590510904326889      0.38914865761906375
 1.09976715838331729      5.63565022898113988
 7.10261197605830219      5.63729580294591592
-5.66172089735774176      2.94410243914121539
-9.09975184411590199     -9.09975184411914562
 3.82634217560023027     -5.09975184411913229
-2.17154861383925812     -7.09975184411587978
-9.09975184411914562      0.90024815588085982
-0.90023284161712058      9.09975184411914562
 9.09975184407706372      5.49844400948383782
-5.63565022897733670     -5.09975184411627769
 3.98509169341149860      0.33211357295613647
 0.93610456863040792     -1.37071525388309046
 9.09975184411588600     -8.15489363847087390
-5.91983860261107697      7.36770103654418129
-9.03235762044982060      7.09655483217240501
-3.57555853491478493      1.93720483322469894
 1.82634217559755663     -7.09975184411666405
-1.91003572211293871      7.37339784144693944
 6.17922034733976844      3.86321916984600078
 9.09975184411603344      1.95226815430393708
 5.64477580079491847     -4.14220948041750869
 2.09976715838424477      7.36770103654948105
 5.09976715838287831      9.09975184411785420
 8.17446313182721696      3.72535608188206213
 1.82634217559684986     -9.09975184411673510
 3.93610456900604078     -3.10276606124689769
-0.17260321912168239     -9.03481103311289324
 3.09232158019775394      2.13414085872626114
-7.07128020462133033      9.08948476388348681
-5.63565022897785006     -7.09975184411636917
 4.09976715854979989      3.90359942150674666
 1.82634217560022760     -5.09975184411664184
 3.82634217559689382     -9.09975184411914562
-5.66172089734770534      0.94410243913658953
-2.17154861383671172     -5.09975184411160587
 9.09975184411875659     -4.04660119050320155
 1.08996427790301564      2.17724541873009469
-7.36770103654661757     -4.09975184411697224
 1.09976715838287942      9.09975184411760551
 7.40011195918428477     -5.10074741448734059
-9.09975184411700866      2.98795672239926580
 0.08996427790377784      3.90929622629941198
-0.17260321912083953     -7.03481103311035927
-7.36770103654394770      5.98795672240257026
 9.05220196716018322     -0.04716651809767729
 5.10147692318818624      5.63466281085180842
-9.09975184411680438     -1.09975184411914007
 8.22127402054206158      7.29518459000178066
-0.17330285440256735     -3.03481115548257030
-5.63565022897693524     -9.09975184411670668
-3.90359942140569682     -6.09975184411149662
-1.91003572209622186      3.90929622629754414
 7.10156829840004722      2.03748856049000926
 9.09975184411776539     -2.04660119050320155
 0.09976715838150609      7.36770103654945530
-0.01409489095673530      0.38914865761708450
-3.90359942140842131     -8.09975184411544014
-9.08497140616972310      9.09743686693183307
-7.36770103654718600     -6.09975184411715610
 3.82634217559755818     -7.09975184411913229
