108    20.30724010022467141
-7.40435556752198742      2.84637994984470621
 4.03885618824869486      7.42156924255554706
 0.02489967877832259      3.94944729561262298
 8.15362005020967651      4.02631169574221204
 6.15299881139261107      0.56256882789363882
 1.29336516311934147     -4.15362005018562552
 0.03885618824865885      7.42156924189648581
-9.15362005011164648      3.81595396452869817
-2.17073645201284693     -4.15362005015151237
-3.90278725937617521      0.84637995017900558
-7.40435556752141810     -3.15362005015538216
-2.17073645169105989      1.84637994997826360
-7.40435556752081325     -5.15362005015538482
 1.03885618822775583      9.15362004998606515
 9.15362005011205682     -5.16216763016151337
 3.03885618822775605      9.15362005011233570
 5.02294145654279323     -7.15789384012367602
 1.29336516309968408     -6.15362005019522407
 5.03225095321054283      5.68572165680776731
 5.15299881248566205     -1.16948198030683237
-9.15362005010406676     -0.18404603547132711
 2.02489967877876298      3.94944711996986175
 8.15334199822154915      0.56237064357653377
-5.65357141354334658     -0.18679284418437342
 7.15334199837621210      2.29442145123470720
 7.09623811929553572      5.72394046911402565
 5.15362005010021740     -5.16216763014736468
-0.96774904678946194      5.68572165675604602
-1.96114381175211960      7.42156924250337013
 3.03241582113306674     -1.16584361551248361
-9.15362005011048829     -4.18404603547141196
-5.96114381176827468      7.42156924254049333
-2.96114381177224484      9.15362005011200353
 9.15362005011040303      9.15362005011119884
 3.03225095321054283      5.68572165649965555
-5.65357141355134019      3.81320715581562775
 9.15362005010873325      5.75836250336937372
-4.96114381177225106      9.15362005011166602
-0.43585401724783462      0.85130056330973025
-3.90278725950050509     -3.15362005001082180
-9.15362005011068369     -6.18404603547145637
-7.28212887450554813      5.06617980756416042
-2.17073645189642894     -0.15362005002173648
 5.03885618827396176      9.15362005010996960
-5.65357141355088899     -2.18679284418437314
-9.15362005011106739     -2.18404603547140264
-2.17073645192493059     -2.15362005002197243
-9.15362005011192892      5.81595396452870883
-6.96114381177225106      9.15362005011197333
 6.03885618836677818      7.42156924247574068
-0.43868236929375404     -7.15362576168709108
-3.81604556250929683      3.01780468098950916
 9.15362005007859203      2.29426088807353867
-0.43585403254815380     -1.14869943934651064
-7.96114381176827912      7.42156924254077932
 3.02294145654279234     -7.15789384013480312
 6.09596006746295593      3.99205022460600967
 5.03241597178033029     -3.16584361551458304
-7.40435556751407109     -1.15362005015533575
 9.15362005011233570     -1.16951960089786189
 1.35986258132117532     -8.26905766489152327
 7.03885618827420512      9.15362005010704038
-4.96114381176795227      5.68951843497175691
 3.02489573590146543      2.21739403409172375
 4.09561688174361915      0.52814679317246793
-3.90278725957962536     -5.15362005015519209
-2.96455564703299146      5.57274643281725979
 3.03241597178032718     -3.16584361551248383
-5.65355819069145227     -8.18679284497694582
 1.29335587418632580     -2.15360396140913135
 7.02294145654279411     -7.15789384009750496
-3.96114381175788077      7.42156924253482231
 9.15362005011162161     -9.15362005011233570
-9.13893327936206568      9.09187823449900989
-3.90278725957984207     -7.15362005015535107
-2.16833228744758255     -8.15777274412363163
-9.15361924172402830     -8.18404616792044948
 9.03241597178033295     -3.16584361552967897
 5.09561688064778906      2.26019760137404457
 7.15362005010032576     -5.16216763012075308
 7.15362005010131252     -9.15362005007425772
-0.43868564443728197     -3.15362005016279623
 5.15362005010130897     -9.15362005010010193
-0.96114381177224473      9.15362005009765234
-3.90277402582234423     -9.15362005011160917
-5.65357141355040227     -6.18679284418439135
-5.65357141353152404      1.81320715581562797
 9.02294145654279411     -7.15789384013690988
 3.15362005010130408     -9.15362005011090396
-7.40434234524734602     -9.15362005011170687
-9.15362005009417778      1.81595396452867841
-7.40435556752092783     -7.15362005015540525
-0.43389053646673154     -9.15362002952761067
-0.43868564445659708     -5.15362005017340064
 1.42833115079948403      0.11485009220078800
 1.02489568881630233      2.21739364266015260
-2.17073316566816477     -6.15362574228965009
 3.15362005009998159     -5.16216763015421076
-5.65357141355027171     -4.18679284418437359
-7.40435556750400004      0.84637994984468823
-3.90278725948389260     -1.15362004999466161
 4.02489967878087818      3.94944733827693506
 7.03241597178033118     -3.16584361548732174
 7.15299881248650671     -1.16948198027953287
 2.03885618824869086      7.42156924232235582
 1.03225095321053972      5.68572165517834094
-1.97190692382509813      3.83647211338399607
 8.09623811919554548      7.45599127674074058
