113    20.72212953895214227
-5.89696315433344598      4.11135318384496617
 7.79958439722626817     -2.12485579276862957
-0.86066964058766404     -3.12485579281442760
 2.43286153919470038      5.12485579280557157
-0.86066964058704210     -5.12485579281487347
 4.16491234676501065      6.12485579280641979
-0.87138116697730306      7.36106476946725508
-7.62901396190076486     -5.36106476946998534
-7.62901396190205894     -7.36106476947040278
-9.36106476947425037     -2.36106476947361177
-4.16491234678663425      5.11135318388786342
-4.32477125572671284     -1.12485579281664672
 5.89696315433290419      7.12485579281103387
-2.43286153919631287     -8.36106476947399280
 4.33548278209169968     -0.12485579276311516
 6.05682206330695827      9.36106476947307087
-7.62901396192685421      7.11135318388358950
 0.87138116698190793     -0.12485579281235482
-5.89696315433132234     -6.36106476946900923
-4.16491234676294386      3.11135318384778126
-4.33548278211664062      9.36106476946900301
-2.60343197453618691      6.36106476944761035
 6.06753358966074252     -1.12485579276282710
-9.36106476947061239     -8.36106476947452748
 0.87138116697865142     -6.12485579282039261
-2.60343197454892872      8.36106476946666533
 5.89696315433428797      5.12485579280709214
-2.59272044815711489     -0.12485579281571613
 0.86066964060019391      6.36106476947329114
 2.60343197455134145     -3.12485579281352566
-4.32477125573344878      0.87514420718335328
-6.05682206330181394     -0.12485579281753398
-2.59272044816511116      1.87514420718428743
 7.62901396190353243      2.12485579280722181
 7.18107605693277140     -8.90788210615893483
-7.62901396190015202     -9.36106476947182742
-6.05682206329530537     -2.12485579281754866
 5.23309621266463054     -9.36106476946941513
 7.62901396190404135      8.12485579280845549
-7.62901396190207048     -3.36106476946966204
-9.36106476947227151      0.11135318384214365
-9.36106476947259303      6.11135318384319692
-9.36106476947121813      2.11135318384228432
-0.87138116696058321      5.36106476945926147
-7.79958439722638630      9.36106476947607113
 9.36106476947607113     -0.87514420721033903
 2.60343197454718478     -5.12485579281949999
 9.36106476947245092      7.12485579280733461
 7.62901396190242043      6.12485579280839332
-0.86066964058869710      0.87514420718639863
 9.36106476947279020      1.12485579280724401
 3.23309621266456126     -9.36106476946606314
 7.62901396191053571      0.12485579279572757
-7.62901396190299419      5.11135318384386039
 0.87138116698183865     -4.12485579281335024
-7.78887287087100599     -1.12485579281700088
 6.06753358974637980     -3.12485579292516702
-6.06753358967550493      8.36106476944490140
 4.16491234677246336      2.12485579279519810
 2.59272044815826952      9.36106476947271737
 0.87138116695291712      1.87514420723509789
-4.16491234676223776     -7.36106476946870991
 5.89696315362073875     -7.37456737931790229
 9.36106476947249533      3.12485579280727022
 9.36106476946177857     -5.37456737832691900
-9.36106476947607291      8.11135318391763604
 7.62901396190328107      4.12485579280726089
-9.36106476947210275      4.11135318384233450
-4.32477125572583798     -3.12485579281664672
 2.60343197455111408     -1.12485579281283621
 2.43286153920274817      3.12485579279375170
 7.62901396125419140     -6.37456737942974883
 9.12905590119934196     -9.36106476947607113
-5.89696315435704754      6.11135318388520066
 0.86066964058816242      8.36106476947382049
 4.33548278213509608     -4.12485579285196557
-4.16491234676543964     -9.36106476947368016
-0.70081073162775531     -7.36106476947316590
-4.16491234676291722     -5.36106476946817878
 4.16491234607055105     -6.37456737928550954
 4.16491234676442090      4.12485579280639136
-5.89696315433297968      2.11135318384467574
-2.43286153919353243     -6.36106476946750110
-0.86066964058693574     -1.12485579281398307
 1.26614274051863207     -8.99899566223207792
 9.36106476947297672     -7.37456737832691900
 2.59272044816940239      7.36106476947271737
 0.70081073162896756      4.12485579278525893
 9.36106476947218802      5.12485579280730796
-2.43286153921027770      4.11135318390082105
-0.70081073162602692     -9.36106476947331423
 9.35237514583434049      9.35636083665565721
-5.89696315433254359     -4.36106476946883603
 9.36106476947607113     -3.37456737832691944
 2.60343197452271102      0.87514420723668895
 0.87138116698243251     -2.12485579281329251
-4.33548278210646831      7.36106476944517762
 5.89696315433448248      3.12485579280708414
-9.36106476947176880     -4.36106476947361177
-7.62901396190267622      3.11135318384325954
-5.89696315433207641     -8.36106476946945598
 4.32477125573555465      8.36106476947744071
 7.62901396127440901     -4.37456737939217444
-0.87138116698233425      9.36106476947123411
-9.36106476947313659     -6.36106476947378052
-0.86066964062076401      2.87514420722677411
-2.59272044815641456     -4.12485579281572790
-2.59272044815730496     -2.12485579281572745
 4.33548278213885752     -2.12485579284575676
 5.89696315366019697     -5.37456737931783035
 5.89696315434144314      1.12485579279537462
 2.43286153850255493     -7.37456737928708961
-7.62901396190182624      1.11135318384316584
