118    21.02060826199999966
 1.54457835859150872     -9.51030413098103367
 0.52867616863170497     -0.86840824779118941
-3.48657516173998783      2.59592229306980560
-4.48657516176488347      4.32797310062430984
 9.51030413098068728     -3.07409424598978154
 1.54457835859566317     -2.59118006681662738
 2.55200290968280408      9.51030413098123972
-7.51030413097790728      9.51030413098066774
-7.50248223739964537      6.05074209889833448
 9.05093619880140565      9.38817539465624229
-0.47132871702878881      0.86363973903123015
-8.50248223740047848      4.31869129132975704
-9.51030413098014904      6.04620251584364965
 6.70245926818895832      5.97049087080616214
-1.46284619254922155      9.51030413097927685
 7.55471002634512523      7.77981910117848496
 6.56830732782973126     -0.86387148550160442
-1.47914572495066809     -4.32797027987239069
-4.48657516174133697      0.86387148550170556
-5.48697250422766025     -4.32343351758556693
-6.48658004743958827      4.32797027987110372
 4.55200290976396982      9.51030413097765859
 3.55200290972030031      7.77825332343399012
 6.55200290977092159      9.51030413098124150
 2.54457835862720971      6.05051035242946700
 9.38514614080738419     -7.07017427381831176
-0.45542164140852859     -9.51030413098049365
-8.49440194101905810      0.86840824778820869
 4.55240025217637800     -7.78279290646839517
-3.47915061061197939     -4.32797310061883778
 7.71906912380764698     -5.96374426092763787
-5.48658004743826666      6.06002108743921930
 3.54458324428736260      4.31846236560696717
-3.48696761853006887     -7.78753231195535545
-0.47914572494929564     -2.59591947230430575
-1.47132871706626056      2.59569054657883047
-5.50287469415407315     -7.77825614415963962
 0.53715380749679076      9.51030413098123084
 9.02077634476741075     -1.01214905134474908
 9.51030413097966942      3.37124728465660750
-2.46285107822649740      7.77825614416653721
 9.36523501685541149      5.36597908420445879
 6.71906423812977671     -7.69579224773990145
-3.47875326818431407      6.05548432513767843
-9.51030413097954863      2.59118006681544433
-4.50286980849239082     -9.51030413098124150
 5.56830732783443683      0.86817932207000215
 9.51030413098081162      1.37124728465660040
-6.50287469418997599     -6.04620533661149118
 3.56048543423016284      0.86363973902494029
 3.55240025217452393     -6.05074209890011705
-2.47875326815940245      4.32343351758317596
-2.47106542856641243     -9.51030413098077432
 5.56830244213238856     -6.06002108743878409
-0.45542652710870191      4.31846236560758800
 5.56022214576027274     -9.51030413097982574
 1.54457835858984716      7.78256115997678588
 4.56048543425106256      2.59569054658175302
-8.51029924530921811     -2.58641155805337641
 2.54457835859298642     -7.77825332341299269
 4.55200779538031419      6.04620533661138371
-7.48658004744017269      2.59591947230256137
-4.48697250419086924     -6.05548432513323398
-2.47915061061136566     -2.59592229305021860
-2.47914572495120389     -6.06002108744098145
-9.51030413098019167      9.51030413098068905
-1.47915061060973163     -0.86387148548197357
 5.56790998534406700      4.32343351758613803
-2.47915061064688436      0.86817932206547654
-9.51030413098107985     -7.78256115997674591
-3.46285596390009909      9.51030413098125926
-8.51030413094987104     -6.05051035242584145
 9.51030413098080096      7.36071088375221727
 5.55471247134603630      7.77669178059078980
-6.49439705532079259     -2.59569054658122766
-8.50287957988773968     -9.51030413098122551
-7.51029924528309856     -4.31846236560717500
 4.56830244213095593     -4.32797027987073424
-1.46324353498761894     -7.78279290646621291
 2.54458324426638782      2.58641155805019851
-4.47875815385772391      7.78753231195260298
 1.54457835860619697      4.31845954487267747
-3.47915061064823128     -0.86387148550262305
-1.46285107820179383      6.04620533661192194
-6.48657516176708437      0.86387148548749670
 7.57573187892272237      0.86387148550279325
 3.54457835859467840     -9.51030413098111715
 3.56830244213564995     -2.59591947229914721
 9.51030413098039240     -5.07409424598979886
 0.54457835859298653     -7.77825332341126963
 4.56830732781352200     -0.86387148548680026
-8.51030413097912408      7.77825332341237186
 0.54457835856855907      6.05051035242019619
-5.49466034381788937      9.51030413097992700
 7.56022214576420204     -9.51030413098125393
 2.55240025217895639     -4.31869129132846119
 6.56830732781090187     -4.32797310062606755
-9.51030413098125393     -0.85436357123775153
 6.57573187892744215      2.59592229307440370
-6.50287957981993436     -9.51030413097914007
-7.50287957985581944     -7.77825332343076870
 1.54457835858879178      0.85436357123778395
-7.49439705534613232     -0.86363973902693669
-9.51030413097777583     -4.31845954487176442
 7.56830732783188420     -2.59592229306923894
-5.48657516176641114      2.59592229305611921
 5.56830732780880577     -2.59592229305840050
 2.56048054855235829     -0.86840824778736747
-6.50248223739840014      7.78279290646652466
-0.46324353498714571     -6.05074209889758396
 9.51030413098124150     -9.06625430164677759
-0.46284619252463899      7.77825332342459141
 0.54457347292846026      2.58641155806016654
-4.47915061064879261     -2.59592229307118982
-5.48657516174192761     -0.86817932206686577
 0.53675646501426133     -4.31869129132951457
 1.54457835859748660     -6.04620251584135904
 7.71028116177248890      4.24297964629437807
