119    21.03286236299999956
 7.78438037373000036     -6.51643118184089598
 4.33967217523239146      9.51643118147057088
-2.58822795202299583      3.51590628355253720
 9.51643118146528622      0.48356881850319822
 6.05232954104358445      2.48356877471922566
-4.32027875963106744      4.51590628353311541
-0.88585457019539582      2.46618019125647780
-7.27061531128743788     -9.51643118147157629
-6.05232956659741017      5.51590628458145016
-6.05232956099415098     -4.58354591174636550
 6.05232954104292631     -1.51643122528084384
 0.85077324727560855      1.47415003869336858
 4.32027871756310500      3.48356874719209308
-2.58853105354606550      7.51643118094833351
 4.32027858982876900     -4.51643147414783819
 2.58822790997136343      0.48356874716799020
 0.85077324735314885     -2.52584996130691586
 0.87557056127470212      9.51643118149744893
-9.51643118147407563     -2.58354592099200531
 0.87557056101522146      5.51643117994268728
-7.78438037390834570      6.51590628503611669
-0.88585457014478775     -1.53381980879523350
-5.27061531128738991     -9.51643118143456768
 2.60762136858777849      6.51643117993637766
 7.78438037371609237      3.48356881818902098
-9.51643118143549493      1.51590628155785945
-4.32027875957578011      2.51590628352463064
-6.05248111738572980      7.51616873326176282
-4.34995617924614564     -1.53381981929129063
 0.62250380768385938     -8.90516145115810609
 6.05232954107676857     -5.51643122528826613
 4.32027871758500126     -2.51643125281003366
 2.58822791003217034     -3.51643125283978453
-0.85632869552716218      4.51616873178784761
 6.07172298283290512      8.51643118148710698
-0.85648024657935884      6.51643117990523546
 4.28901309081677073     -8.57058605832512121
-2.67075882374330664     -6.71451182497460763
-9.51643118147046074      9.51643118146480660
-9.51643118146734679      7.51590628505708302
 2.58878289130661932     -7.51739183852956305
-6.05232956099247765     -6.58354591174647652
 4.32027871755349402     -0.51643125280964697
 9.51643118149742406     -7.51643118149701106
 9.51643118147056022      2.48356881850323186
-2.58837950312006626      5.51616873174653755
 7.78384184682738134     -8.51736438844711863
-6.05232956729054283      3.51590628332598865
-2.61790537777475674      1.46618019118522369
-4.32027858421396971     -5.58354561866374777
 4.33967217583528075      7.51643118049760695
-9.51643118147084799     -6.58354592099225133
 7.78438037370712443     -0.51643118182272518
 6.05232954108088173      6.48356877471936155
 2.58822790999439745      2.48356874716799192
 0.85077359784007023     -4.52584996130816819
 7.78438037371457980      7.48356881821095943
-2.61790537772523768     -0.53381980881527713
-0.88585421965813960     -3.53381980879651891
 2.58822790999661612     -1.51643125283201474
 9.51643113609409674     -9.51643118149701372
-2.58853105330011779      9.51643118146875722
-7.81405780518120174     -1.53381981972115633
 0.85077324730738846     -0.52584996130670514
-7.78453192494416868      8.51616873328060819
 9.51643118149731926      4.48356881850323319
 2.60762136824551183      8.51643118046155401
-9.51643118146916400     -0.48409371844224991
 2.58822790998048946      4.48356874716855813
-4.40280961680378979     -7.71451185010397555
-0.85648024599917716      8.51643118098648522
-0.90196287834218103     -5.56186249415080969
 9.51643118146862044      6.48356881851028266
 7.78438037370539337     -4.51643118182754311
-7.78438037382781367      0.51590628162506880
 6.05232974331067908     -7.51643148869823818
-1.28179378380167974     -9.51643118146859734
-9.51643118146796674      5.51590628500919866
-0.88585457017501512      0.46618019123416998
-6.05232956693885438      1.51590628316695919
-3.27620454754326085     -9.36701329274111849
-7.78438036856381910     -5.58354591174557235
-7.78438036856359972     -3.58354591174530057
 4.32027871757655380      1.48356874719080434
-6.05263266840622816      9.51643118144411559
 7.78438037370099511     -2.51643118182524228
 9.51643118146561129     -3.51643118149682321
 6.05232954104917198      4.48356877471930382
-7.78438037465030508      2.51590628292001739
-6.08200698655238892     -2.53381981974699810
-4.32058186084716223      8.51643118142487054
 0.85077324731130610      3.47415003869379913
-9.51643118149757505      3.51590628416988293
-2.61790536296816745     -2.53381983433613867
-4.32043031008658041      6.51616873279061259
-7.78438037415331241      4.51590628455895970
 9.51643118146923683     -1.51643118149681544
 6.05122108474243259     -9.51643118142180633
 6.05232954104788146     -3.51643122528086449
 7.78438037374704361      5.48356881818910047
-4.34995619081699569      0.46618018161881214
-4.34995617860965389     -3.53381982035402009
 9.51643118147080003     -5.51643118149682543
-9.38195879321043336     -9.51279464579422829
 2.58822795900220459     -5.51643178169987003
 0.87557056097024577      7.51643117994784493
-7.78438036856332261     -7.58354591174558657
 0.85187641634676048     -6.52584965725645993
 2.52680139913574964     -9.51643118147119438
 9.51643118147436162      8.48356881851072409
 7.80377379040838370      9.51643118147572054
 4.32027871758040494      5.48356874719511733
-2.61790501246632523     -4.53381983436382630
 4.32027891065709468     -6.51643153213677095
 7.78438037371011049      1.48356881818768249
-9.51643118147172018     -4.58354592099215807
-6.08200699759735919     -0.53381981974698611
-0.85902010306918009     -7.56162622575555243
 6.05232954104613619      0.48356877471918130
