121    21.32559941990000141
-5.44617939159292330     -0.93621475065572102
 7.66279970993266346      9.66279970987077164
-6.19081591561170086      3.44762611770272720
-6.19081591538945197      5.44762611770427885
 5.66279970992930526     -9.66279970985230818
-4.33720029016617836      6.19869809423420737
-4.33720029009067076     -6.19869809480224010
 1.66279970992975290     -6.19869809469566846
-6.33720029006759766      9.66279970993307202
 3.66279970992919601     -2.73459645805891105
 6.66279970986852810      2.46664728710665226
-9.53993316030158844      9.66174273887808255
 9.66279970986634318      6.19869809468037314
-0.33716808656987357      0.72952372789273745
 3.66279970986059400      6.19869809466687460
 2.66279970985859782      7.93074890223526818
-3.33926813868562178      2.46540715688155831
 8.66591857153861334     -1.00074873649903773
-1.33720029008158936     -7.93074890235616436
-5.33720029014179964     -7.93074890238757924
-7.93074890236074381     -1.56107894929816382
 9.66279970993320525      0.73459647957351593
 4.66279972852883517     -1.00254566122718369
 3.66279970992929726     -9.66279970985337755
-0.33720029007028185     -6.19869809479378553
 0.66279970993059756     -4.46664728712246983
 8.66279970986859382      2.46664728710731307
-5.85047771027807428      7.61047201954824537
 2.66279970996011706      2.46664728703407476
-0.33720029007081020     -2.73459645778699878
 0.66279970993167014     -7.93074890236155383
-2.33720029038585153      4.19869809416237061
 6.66279970993376036     -4.46664728710647374
-4.33720029009236985     -9.66279970992857251
-3.33720027057168966     -1.00254566082947272
-4.33715535143918718      0.72953108003603462
 9.66279970992987991     -6.19869809466833477
 7.66279970986341574      4.19869809467865451
 3.66281910376224396      0.72951633249352210
 6.66279970993545589     -7.93074890226067630
 5.66279970992978132     -6.19869809468594024
-1.33720028985560324      2.46664728689954593
-9.66279970993098480     -0.56107894929903512
 0.66279971004974070      2.46662770587215130
-4.33720029006752039      9.66279970966537327
-9.66279970993323367      3.45641518997550934
-6.33690027100033415     -2.76923727514399687
 1.66279970984434211      6.19869809453754428
-0.33720029015582459      6.19869809464152155
-7.92570532460070964      8.44762410317370716
-2.33720029007083729     -2.73459647965618791
-3.33720030830822134     -4.46664727671423201
 4.66279970993281001     -4.46664728711177172
-9.66279970992914627     -2.56107894929904223
 5.66279970984962056      4.19869809466461330
 1.66282551795425992      0.73458157946882541
-8.76010640817826847     -9.66279970992079562
-3.33720029008159091     -7.93074890236587571
 3.66279970984957437      4.19869809466682931
 8.66279970993689830     -7.93074890225854023
 3.66279970993266302      9.66279970987748094
 8.66279970986749959      7.93074890226071449
-2.33716170972829929      0.73457420565605513
 6.66279970986704306      7.93074890225577356
 1.66279970992928661     -9.66279970993189963
 7.66279970986394865      6.19869809467920252
-1.33720029007405006     -4.46664728722705018
-6.33720029023216025     -9.66279970991436166
 2.66279970993210835     -4.46664728711862669
 1.66279970992919224     -2.73459647954879781
-9.66279970992718695     -7.87810231176621123
 9.66279970992920845     -2.73459647950772622
-7.67280807279258958     -4.30091900654043968
-1.33720029035989008      7.93074890209338967
-9.66279970992836823     -4.56107894929905022
-9.65996110835752120      5.45641317555976979
-3.33720029036050336      7.93074890191557635
 7.66280619987695566      0.72950141010397551
-0.33720029015438496      4.19869809464106147
 1.66279970993264858      9.66279970986861514
 5.66281267077155981      0.73458899662142529
 7.66279970992979909     -6.19869809467857191
 9.66279970992956727     -9.66279970983901926
-4.33720029007099495     -2.73459645715078148
-2.33720029016597675      6.19869809416405460
 6.66279972852894531     -1.00254566121651489
 9.66279970986607140      4.19869809467772814
 4.66279970993537862     -7.93074890227110973
-7.54865334920943898     -8.07145390026311027
-8.54506136701752084     -6.21959063053223282
 2.66279970993469783     -7.93074890227242335
-9.66279970993300807      7.45641116114403157
 9.66279970993266346      9.66279970983804404
 2.66279972865047387     -1.00252346578547424
 5.66279970992920312     -2.73459647953814144
 0.66279972877361315     -1.00254566109794241
 7.66279970992920667     -2.73459647952689178
 4.66279970990483328      2.46663241137369660
-2.33720029007225483     -9.66279970993047144
-7.93582856092675826      2.44766812033949011
 5.66279970993266257      9.66279970988711767
-7.92286672302511796      6.44762611758944626
 5.66279970986179926      6.19869809466475274
 4.66279970986390513      7.93074890224445550
-7.92286672324702046      4.44762611758944448
-6.20377775335746851      1.44766812034020176
 8.66279970993599946     -4.46664728709233305
 0.66279970985747272      7.93074890220875339
-5.54865334910978891     -4.60735228518284057
-2.33720029006740271      9.66279970983938874
-0.33720029006735547      9.66279970983725889
-1.33720027090594140     -1.00250861741762742
-2.33720029009041674     -6.19869809478839340
-9.66279970993190851      1.43892105070110032
-6.54865334912657815     -6.33940309274203617
-0.33720029007153818     -9.66279970992870396
-4.33720029038624144      4.19869809423071594
 7.66279970992931059     -9.66279970984291126
 1.66279970984591663      4.19869809453753984
-7.93074890236258856      0.43892105070186382
 3.66279970992975823     -6.19869809469116539
