123    21.57553383272118808
-6.32366530121950454      5.78776691636028939
 9.78776691635777496     -6.21913028014054525
-4.54929520974444657     -9.78776691636059404
-2.84622692787174136     -4.18876892284168267
-1.12050853586272181      2.79999812532818337
-6.32366530121630532     -4.21223308363970972
-1.12050853584919508      8.79999812533565873
 7.78777899089095182      7.78781939501457554
-1.12050853587287524      6.79999812532818471
 9.78776691635123619     -2.21913028013662794
-9.78776691635685125      1.78776691635865759
-6.32366530121984471      3.78776691636028939
 2.57222374019989530      2.82183539663405414
 1.79379454937181815     -9.78776691636059404
 4.08371002299212194     -6.18601560726566557
-9.78776691635749430      9.78776691635922624
 9.78776691636033469     -9.78776691635755469
-5.55255761760626232     -8.05760376192361605
-9.78776691635750495     -2.21223308364136262
-4.59161449364062246      2.78776691635903617
 7.78777899089151582      1.78781939501407972
 7.78777899088832726     -0.21218060498603972
 2.58671207615303755      6.82178291799689074
-4.59161449364386076      8.78776691636951135
 2.57222374018831124     -3.17816460336597073
-1.12050853587392596      4.79999812532818471
 9.78776691635608387      3.78086971986755938
-6.32366530121074888      1.78776691636028962
-2.85956368608171685      5.78776691635964990
 0.63044615848015539     -6.16683257298969778
 9.78776691635573926     -0.21913028013466568
 9.78337981436653337      9.78510449575103713
 2.49798853522074316     -7.46950354992364129
 9.78776691635894913      1.78086971986533582
 0.63044615847508023     -4.16683257298969867
-6.32366530121923187     -2.21223308363970972
 5.79379454937181926     -9.78776691635864893
 7.78777899088385261     -2.21218060498604441
 7.78777899088387215     -4.21218060498614921
-4.59161449364011620      0.78776691635903584
-2.85956368608065548      7.78776691635967389
-8.05571610878876498     -1.21223308364079241
 4.31647865553386278     -0.19960709849667271
 8.88432453299247449     -8.00344859814017084
-8.05571610878759792      0.78776691635922280
-9.78776691635788332     -8.21223308364182358
-2.54929520974444612     -9.78776691635679796
-9.78776691635773943      3.78776691635865781
-6.55582002547068310     -9.78776691635924223
 0.61710940026799266      3.80970326620899336
-2.85956368607103828      1.78776691635887430
-9.78776691635898999     -6.21223308364182358
 0.61854661436387981      9.78776691636058871
 6.05572818332104834      0.78781939501673526
-4.58332354673551201     -5.21452945102080534
 6.05572818329793794      2.78781939501873532
 7.79078073286603878     -9.67801181199789262
-9.78776691635795970     -0.21223308364134233
-0.54929520974444612     -9.78776691636059404
 2.57222374020042110      4.82183539663405458
 4.31647865551065912      1.80039290150332731
 6.05572818331833762      4.78781939502009735
 0.61854661433440927      7.78776691636057361
 0.82699750012656181      5.79865952151924002
 9.78776691635851925      7.78086971986934728
-0.89763264811995735     -1.18754466381457768
-0.89763264814270882      0.81245533618550503
 3.79379454937181926     -9.78776691635912321
-2.84622692787602150     -2.18876892284140023
 0.83998528802438366      1.82216047707040496
 0.83998528802515238     -2.17783952292959437
-8.05571610878811661     -3.21223308364079418
-1.10717177766929620     -3.17653771387481987
 7.78777899089044023      5.78781939501455067
-6.32366530121800086     -0.21223308363971008
-2.85956368606389733      9.78776691635969165
-9.78776691636014462     -4.21223308364136972
 4.31647865553350751      5.80039290150353448
-3.54929520974602308     -8.05571610878869393
-1.10717177766493879     -5.17653771387496509
 9.78776691635785667      5.78086971986934550
 2.57222374020067823     -1.17816460336597006
-4.59161449364559626     -3.21223308364131999
-4.59161449365024765      4.78776691635904861
 4.33096699166847543      7.80034042284407914
-7.91369080204546105     -7.45667165969015144
-6.32366530122120185     -6.21223308363970972
 2.57222374017719835      0.82183539663404170
 0.83998528800166627     -0.17783952292959471
-4.59161449365039331      6.78776691636000340
 6.05572818331826301      6.78781939502117293
 2.36280152972064572      8.80920941153065229
-8.05571610879070654     -5.21223308364079418
 6.05572818331330520     -1.21218060498610458
-2.83213221886861000     -6.18871925701956016
 4.31647865552409815     -2.19960709849701530
 9.78776691635145468     -4.21913028013693037
 6.05572818331440121     -3.21218060498610480
 2.36268461065735114     -5.16715765342809696
 6.79078073286466655     -7.94596100442942355
 7.77329065531773633      9.78776691635924223
-1.53439551029451104     -7.85392062071002783
-8.05571610878926414      4.78776691635935414
 4.31647865553304477      3.80039290150341413
-6.32366530121871051      9.78776691636040219
 0.62224966981368612     -8.16681577731255892
 4.79379454937040084     -8.05571610878941513
-8.05571610878844702      8.78776691635949803
-2.85956368607108224      3.78776691635890383
-6.32366530121907111      7.78776691636035245
 5.94017355129645086      8.98796588925719142
-9.78776691635803431      7.78776691635895268
-8.05571610878892130      6.78776691635935592
-8.05571610878822675      2.78776691635922802
-9.78776691635847307      5.78776691635892160
 4.10705644507738121      9.78776691635914631
 7.78777899089040737     -6.21218060498615277
-8.55582002547068754     -9.78776691635801832
 7.78777899088863901      3.78781939501410747
 5.97649540029138482     -5.34936372615314060
 4.31647865552569066     -4.19960709849702507
-4.59161449364962682     -1.21223308364096871
-2.63668779832695721     -0.19977587278116846
