124    21.69209059119999949
 5.93329040892824455      5.79767598587454991
 2.02053552012591142      6.38194368044310334
 8.84604529617549140     -6.37461083022236252
 4.93329040879258773      4.06562517838357884
 9.84604529559048913      9.84604529556095542
-5.15480826712417706     -2.91001552413460685
-6.15395470440889003     -8.10666163813031559
-4.14451139169000093      2.29106288422648197
 0.84604529559037533     -6.37461083055972821
-1.14464862885338858      0.55893284998886450
 5.85546721576885520      2.29091676946817024
 4.84604529559071473     -6.37461083056070965
-7.91282584576112402     -2.11940618294178718
-9.84604529558998998      6.38194368045763838
-2.15395470440888337     -8.10666163812891050
 2.84604529559050112     -6.37461083056078159
-9.61460807702423992     -1.06872200710340692
-9.78603475295563285     -9.43866008939396295
 1.02037007778923217      4.64979736523712983
 2.85535137114661985      0.55893284998897985
 4.93329040798716978      7.52972679290817659
-8.84604529558472663      8.11399448802352907
 9.84604529559054775     -4.64256002197067907
 0.85535137114661874      0.55893284998775827
-1.15395470440963965     -6.37461083055948219
-6.15395470440949133     -4.64256002299161974
 4.85885509499126744     -9.84604529558997221
 1.02053552012923010      8.11399448801661904
-0.91292033006409912      4.13755894525840517
 2.85885509499126123     -9.84604529559003261
 5.84616114470797577     -1.17839152749969989
-1.91275488772749047      5.86970526047027263
 6.84604529559719754     -2.91050921541834562
 9.01868233082978143      0.66384397768773484
-5.14464862257566935      0.55909131419527969
-6.91292026030741358      4.13703071014148716
 0.85885509499126134     -9.84604529559044650
 3.85535137114698578      2.29098365755790923
-3.15395470440964765     -6.37461083055935251
-9.84604529558929897      9.84604529559012143
 0.84604529559529551     -2.91050921541923513
-4.15395470440949133     -4.64256002298651005
-0.97946447987094254      8.11399448801996925
-7.14114490500875476     -9.84604529559101316
 2.02053552013121163      9.84604529558555264
-9.84604529559114461      2.91784206532475654
-2.15383885529212193     -1.17839152749933795
-2.15395470440949088     -4.64256002298951209
 3.84604529559054553     -4.64256002299192971
 8.84604529699750408      8.11399448716826655
-4.91275488772445712      7.60175606804250314
 3.02053552023748706      8.11399448794760048
 9.84604529558989583     -1.15699937761562999
-1.15395470440540504     -2.91050921541944341
 2.93317456318733472      4.06569206596233279
-4.15395470440888470     -8.10666163812902951
-7.84604529558098562      6.38194368045670135
-0.15383885529212013     -1.17839152749957421
 3.93329040785850648      5.79767598541357287
-0.15395470440948891     -4.64256002299068449
 9.39565852197688223      4.43331550638167737
 7.84604529559054509     -4.64256002299120496
-8.08235480751852009     -4.11220821303044382
 0.02053552013120799      9.84604529558832375
 4.84604529559682007     -2.91050921541828167
 6.85885509499128077     -9.84604529559002906
-4.15383885529212193     -1.17839152749794107
 7.84616114023478506     -1.17852529594223210
 5.84604529559054509     -4.64256002299103621
 4.85535137114661985      0.55893284998865500
-9.84604529559047492      0.91784206532474977
 5.84604529559112329     -8.10666163812952156
 8.85929999622986664     -2.90292392867239979
 1.85413659038810397      2.38170496285052602
-9.84604529559044650     -3.05528607953157438
 8.85885509499130208     -9.84604529558973951
 9.84604529555400809      6.38194367876018820
-5.84604529557500197      9.84604529559117836
-2.91275488772432212      7.60175606804097903
 7.84604529559112329     -8.10666163812938301
-4.91292033006526996      4.13755894526343848
-8.84604529558603758      4.64989287289068542
-7.84604529558067210      9.84604529559032748
-9.84604529559060282     -5.05528607953157572
-3.91275488772199642      9.33380687561119871
 1.84604529559051111     -4.64256002299091186
-5.15395470440974801     -6.37461083056064748
-0.15395470440888284     -8.10666163812905616
 3.84604529559112107     -8.10666163812982354
 6.93329040884898173      7.52972679348930107
-6.14869765873572494      2.28879809078665053
 6.84604529559071473     -6.37461083056035438
 1.84604529559111841     -8.10666163813001539
-5.91275488772817859      5.86970526047558749
-8.15390023899690419     -8.12142167477429133
 7.85546721129538827      2.29078300103392252
 7.84604529559039676      9.84604529558949615
-5.14114490500875032     -9.84604529558922437
 6.85535136667399758      0.55879908155121116
-9.84604529559119790     -7.05528607953158104
-2.14451139169000093      2.29106288422209037
-0.14451139169000105      2.29106288422096238
-7.90984333663841266     -6.11881080832014579
 7.93329040892843018      5.79767597998821049
-6.15380994440803430     -1.16763779788848177
-3.14464862885338903      0.55893284998914139
-3.15395470440599102     -2.91050921541841179
 5.93329040786081574      9.26177760055004384
-1.97946447986879503      9.84604529559044295
 6.93331557508139618      4.06553048680982165
-8.11399448801318535      1.91784206531736201
-6.84604529557720820      8.11399448802344914
 1.84616114470797510     -1.17839152750059473
 9.84604529558478880      2.48468733400968400
 9.84604529559112862     -8.10666163812911122
 3.84616114470797577     -1.17839152749942699
 2.84604529559568675     -2.91050921542008467
-7.88135429655732356     -0.07019370134211500
 0.02053552012582763      6.38194368044921934
-2.91292033006466689      4.13755894525951096
-1.14114490500874011     -9.84604529558933095
-3.91275488772787972      5.86970526047153829
-3.14114490500874810     -9.84604529558936292
 4.02053552013121251      9.84604529558932740
