127    21.89915149453869603
 2.30715613324749480     -4.99999999677178408
-4.30715613366597072      4.99999999999867040
 1.02131674926720284     -0.05032765142847705
 9.94957574726880445      7.94957574726714089
 6.48547413212876922     -9.94957574726678828
-6.03920694123496027      7.99999999999945643
 4.03920694120427548     -7.99999999744440871
 6.48547413213063617      1.94957574725410310
-6.48547151605909455     -9.94957574726726079
-9.94957574726657867      9.94957574726713467
-0.71598289806014326      2.95881921345005550
-8.21752493969784581      1.05042425273282691
-4.74674208675879417     -8.96123358573438011
 8.21752493969931308      2.94957574725453053
-8.21752493969981046     -6.94957574726872895
-6.48547413212893975      9.94957574726713467
-2.55555669429929333      5.96534936888568623
-3.00272214656009373     -9.94957574726934979
-9.94957574726887195     -3.94957574726803395
 6.48537318597479384      9.94957574726479876
-2.43985981779193573      7.96200012271481761
 4.03920694042960893     -5.99999999744439183
 9.94957574726777949      1.94957574725330685
 6.03920694120428259     -8.00000000000666134
 1.02142299756190336      7.94966317962542579
 7.77125774877329611     -7.00000000000689671
-1.17013972587232296     -9.14855035978887265
 4.48547413359899494      7.94957574981699988
-9.94957574726665150      2.05042425273296436
-3.01708792757995248     -5.94966787786803142
 4.48547413213514101      5.94957574981699988
-9.94957574726571714     -9.94957574726839411
-3.02131674777824921      0.05032765139690078
-9.94957574726745442      0.05042425273296414
 8.21752493969962750      6.94957574726765515
-1.18174295056666923     -4.95620250399143192
 2.30715613419722310     -2.99999999647205939
-2.45328254690859993      1.96796608098741488
 7.77125774877332098     -5.00000000000689671
 4.48547413212610646     -0.05042425018416974
-7.77125774880387166      4.99999999999993960
 1.02131674927182980      3.94967234857160365
 0.55555669565000521     -5.96534936886923184
 1.01708792886385146      5.94966787783609607
 8.21747449835879706      8.94966311537638504
 8.21752493969898268      0.94957574725316751
 4.48537318133780705      9.94957574726916860
 0.66244269493131080     -9.94957574726930893
-0.71279127558641997      6.95341980835005469
 2.27641197486791791     -7.01477048363711830
-1.28720872451626844     -6.95341981077741433
 0.43985981911736927     -7.96200012269690127
-4.57395841294687777      9.36126659782282822
 0.55555669676504593     -3.96534936886921185
-6.48547413213009261     -3.94957574726880045
 4.03920694120472401     -3.99999999744439183
 8.21752493969750475     -3.05042425274683238
 9.94957574726782212     -0.05042425274689894
-1.28401709892575355     -0.95881921614283050
-6.48547413212934476      0.05042425273217419
-4.75342332456131800     -6.94957574726947236
-9.94957574726898919     -7.94957574726835592
-9.94957574726672611      4.05042425273296480
-8.21752493969727205      3.05042425273282714
-6.03920694123443180      5.99999999999944578
 6.48547413213276069      3.94957574725929828
 9.50330855634219773     -6.00000000000692246
 6.03920694120472668     -4.00000000000640021
-8.21752493969982289     -2.94957574726831329
 0.45328254840304849     -1.96796608102062387
 2.75342332382448696     -1.05042424891511965
 4.48547413213245871      3.94957574981675741
 6.48547413213514101      5.94957574726004612
-6.48547413213066815     -1.94957574726879002
-4.75342332455965799     -2.94957574726945815
 8.21752493970277875      4.94957574725788962
 1.00272214785088432      9.94957574726934801
 1.02131674926831661      1.94967234857155569
 2.74404770952523824      8.96581479890552124
-8.21752493969774278      8.94957574726700322
 6.48547413359916458      7.94957574981240001
-0.81825704545086264      4.95620250134837548
-9.94957574726796956     -1.94957574726703586
 9.94957574726656446     -4.05042425274689943
 2.75342332382949984      0.94957575108502923
 4.48547413212824342     -2.05042425018417473
 9.94957574726643124     -2.05042425274689943
-9.94957574726667282      7.94957574726709026
-8.21752493969925268     -4.94957574726831329
-8.21752493969861675     -0.94957574726717675
 2.57395841352963828     -9.36126659592811095
 9.94957574726662841     -7.94957574726694549
-9.50330855637307081      6.00000000000001776
 2.75342332383101862      2.94957575108510373
 2.75342332529767519      6.94957575108519610
-3.02131674777843484     -3.94967234860309713
 4.48547413212876123     -9.94957574726669058
 9.94957574591671978      9.94957574726717375
-4.24172502025471942      7.04368925456855166
-6.48547413213075252     -5.94957574726896610
-2.66244269376549747      9.94957574726934979
-0.71598289806375393      0.95881921344995547
-6.03920694123530133      3.99999999999940803
-4.30715613366677896      2.99999999999855849
 8.21752493969752962     -1.05042425274683238
 6.48547413212610735     -0.05042425274613374
-0.82986027290161191      9.14855035993747023
 4.48547413213062729      1.94957574981675630
-3.02131674777563575     -1.94967234860309824
-9.94957574726829108     -5.94957574726803440
-6.48547413212819990      2.05042425273218187
-3.02142299904394829     -7.94966317965136238
-1.28401709892858507     -2.95881921614283261
 9.94957574726652005     -9.94957574726703697
-6.48547413213048607     -7.94957574726896965
-7.77125774880413189      6.99999999999993960
 9.94957574726734606      5.94957574726551108
-4.75342332456159067     -4.94957574726945815
-4.75342332456140504     -0.94957574726945837
 6.03920694043008943     -6.00000000000648992
 9.94957574726903182      3.94957574725332483
 6.48547413212827806     -2.05042425274618578
-2.55555669430022547      3.96534936888568712
 8.21752493969771614     -8.94957574726690730
-8.21752374000281272     -8.94957782520147127
-4.75342332455918193      1.05042425273120066
 2.75342332383407662      4.94957575108518544
