131    22.27804984294304447
 7.55846429063962333     -6.67492330633349340
 2.55846429063908687     -8.40697411390192073
 6.55846429063910019     -8.40697411390209837
-6.44153570936107744     -10.13902492147070333
-7.43865741381672052     -1.37150999793554229
-7.26171009383656507     10.13902492147063406
-0.44153570935975323     -3.21082169119461458
-0.44153570936191316      7.18148315422053152
-6.44153570935975139     -3.21082169119422378
 8.55846429063952741     -8.40697411390243410
 8.13902492147111012     -0.25327992394256726
-5.26171009383656507     10.13902492147080814
 0.55846429063931091     -4.94287249876403489
-9.87496889241486109     -10.13902492147152401
 4.13902492147073886      3.21082169119498939
-10.13902492147079393      1.41351295499630747
 5.13902492147078060      4.94287249876388657
 5.13902492147075485      1.47877088362610598
 7.55846429063906289     -10.13902492147110479
 1.55846429063900094     -10.13902492147079037
 2.13902492147081835      6.67492330633294184
-10.13902492147086321      8.34171618527252434
-8.43865741381378776     -3.10356080550611146
 0.55846429063789749     -1.47877088362438092
 7.13902492147075662      1.47877088362610642
 1.55846429063785741      3.71738153908240276
-7.13902492147060208      6.60966537770394602
 0.55846429063785119      5.44943234665148424
-8.13902492147071932      1.41351295499707885
 7.13902492147078416      4.94287249876385637
-9.26171009383659083     10.13902492147040668
-3.43865741381620449      5.55669323233966139
 4.13902492147153112     10.13902492147092538
-3.44153570936072484     -4.94287249876384305
-9.13902492147061807      6.60966537770378260
-0.44153570936200337      0.25327992394455395
 0.55846429063790837      1.98533073151348649
-4.43865741381619472      3.82464242477078065
10.13902492147152401     10.13902492147080991
10.13902492147104262      6.67492330633271802
-0.44153570936214276      3.71738153908259861
-6.43865741381613255      0.36054080963299390
-3.44153570936209841      1.98533073151396677
10.13902492147111012     -0.25327992394270277
-10.13902492147067846      4.87761457013492095
-8.15825230088820241     -9.11292349160346227
 1.55846429063802749      0.25327992394442095
 5.55846429063915526     -6.67492330633312747
 0.13902492147153442     10.13902492147152401
 2.55846429063798864     -1.47877088362448705
 4.55846429063908687     -8.40697411390197047
10.13902492147101775     -7.18148315421867522
 3.55846429063915259     -6.67492330633305553
 9.13902492147116341      1.47877088362628006
-8.13902492147072998      8.34171618527274994
-9.13902492147294154     -0.31853785257413025
-3.44153570936099618     -8.40697411390164895
 9.13902492147081347      4.94287249876385193
 6.13902492147083034      6.67492330633276154
-6.13902492147069268      8.34171618527290448
 1.55846429064024639     -3.21082169119466787
 6.55846429063970149     -4.94287249876456425
10.13902492147124512      3.21082169119521410
-1.44153570936072484     -4.94287249876394608
-0.44153570936101044     -10.13902492147072287
 5.55846429064024594     -3.21082169119537264
-7.13902492147071310      3.14556376256595449
 4.13902492147083034      6.67492330633279707
 7.13902492147140144     -1.98533073151161354
-3.26171009383656552     10.13902492147152223
-3.44153570936223208     -1.47877088362402764
-2.44153570936214503      3.71738153908287838
 1.55846429063914127     -6.67492330633301201
-4.44153570935975228     -3.21082169119434635
 9.13902492147144052     -1.98533073151177630
-9.13902492147073708      3.14556376256595849
 8.13902492147152756     10.13902492147082057
 8.13902492147077794      3.21082169119497207
-2.44153570936105080     -10.13902492147061807
10.10744894272092687     -10.12971715238973758
-5.13902492147060119      6.60966537770400020
-5.44153570936072573     -4.94287249876366364
-1.56134258618251431      9.08605277610662831
-6.44153570936099218     -6.67492330633238762
-2.44153570936201003      0.25327992394473131
-4.44153570936202158      0.25327992394503496
 3.55846429063803704      0.25327992394436238
-10.13902492147053813     -2.05058866014499319
 3.55846429064024594     -3.21082169119473981
 6.13902492147075218      3.21082169119498495
 7.13902492147107459      8.40697411390178928
-2.44153570935975273     -3.21082169119450622
 5.55846429063903091     -10.13902492147093781
-5.44153570936248698     -1.47877088362357689
-10.13902492147093604     -8.15653295086505103
-1.44153570936209841      1.98533073151366035
 9.13902492147115986      8.40697411390169691
 8.13902492147087742     -3.71738153908081337
 3.55846429063902780     -10.13902492147084899
 2.13902492147153289     10.13902492147098222
 3.13902492147103684      8.40697411390179816
-2.44153570936089848     -6.67492330633282371
-5.43865741381614765      2.09259161720187814
 5.13902492147104795      8.40697411390176441
10.13902492147101064     -3.71738153908092972
 3.13902492147077306      4.94287249876389367
-2.43865741381596468      7.28874403990839781
-10.13902492147098755     -6.15653295086505192
 4.55846429063800773     -1.47877088362456699
-4.44153570936107389     -10.13902492147048129
 1.13902492147103662      8.40697411390197580
-1.44153570936216413     -1.47877088362423503
 2.55846429063935643     -4.94287249876406065
 4.55846429063944036     -4.94287249876408197
-4.44153570936098241     -6.67492330633275088
-4.13902492147038981      8.34171618527297021
-8.13902492147064649      4.87761457013488720
-7.64485268155106734     -5.03547127744012624
-1.44153570936214948      5.44943234665178977
-8.38991496154184979     -7.12638569642840114
-6.13902492147064649      4.87761457013504263
 9.13902492147084011     -5.44943234664976828
-1.44153570936097752     -8.40697411390178218
-0.44153570936087294     -6.67492330633290898
 6.13902492147152934     10.13902492147093426
-5.44153570936138120     -8.40697411390150329
 8.13902492147091472      6.67492330633280773
 2.55846429063794245      1.98533073151334727
-10.13902492147152401     -4.15653295086505281
 6.13902492147078949     -0.25327992394287402
 0.55846429063905789     -8.40697411390184968
