132    22.34818107270881526
-6.57693983616491273     -4.88610562380696489
-7.17409053635350880      4.97793811364711036
10.13548602387999864     -7.65140261397854715
-10.17409053635361893      3.24588730607828202
 8.42306016383549938     -6.61815643137593490
-0.17409053635306032     10.17409053635349458
-9.17409053635369709     -1.95026511662835977
-8.17409053635372373     -3.68231592419726361
10.17409053635419269     -5.65177522578427904
-10.17409053635362426      6.70998892121598889
 0.42306016383515826     -3.15405481623819917
 7.42306016383523293     -8.35020723894490224
 2.42306016383542344      3.77414841403733492
10.17409053635361005     -2.18767361064720811
 1.42306016383520761     -1.42200400866932375
-8.17409053635357274      3.24588730607826248
 1.42306016383514078     -4.88610562380708835
 0.42306016383527650      0.31004679889960973
-4.57693983616481059     -1.42200400866921983
-6.57693983616496869     -8.35020723894472638
 6.17409053635345728      4.74052961962833219
 9.82590946364811479     10.17409053635345018
-10.15998733157034195     -10.15344187674572751
-6.17409053635331961     10.17409053635380012
-2.57693983616479594     -1.42200400866926113
 8.17409053635363669      8.20463123476601019
-0.57693983616465339      2.04209760646853455
-8.57693983616497313     -8.35020723894468553
-1.57693983616490740     -6.61815643137592957
-2.17409053635322413     10.17409053635370597
-1.57693983616472733      0.31004679889964104
 0.42306016383509265     -6.61815643137596332
 8.24369998582281482     -10.17409053635440763
 6.24369998582281482     -10.17409053635403104
 1.82590946364694084     10.17409053635370597
-10.17409053635373262     -3.68231592419721654
 5.42306016383515743     -8.35020723894487382
-2.57693983616466005      2.04209760646855809
-7.17409053635360383      1.51383649850934732
 2.42306016383528222      0.31004679889955417
 7.17409053635340754      3.00847881205939993
-0.57693983616479494     -1.42200400866929466
-6.17409053635355409      3.24588730607820652
-3.57693983616474531      0.31004679889965314
 7.82590946364770179     10.17409053635346616
-0.57693983616487610     -4.88610562380706615
-0.57693983616492805     -8.35020723894483474
-2.57693983616489364     -4.88610562380704305
-5.75630001417718429     -10.17409053635381788
-3.17409053635335425      8.44203972878482212
 7.42306016383535550     -4.88610562380714075
-4.17409053635354965      3.24588730607815545
-1.57693983616459277      3.77414841403745083
-5.17409053635359584      1.51383649850930113
-4.17409053635329297     10.17409053635375571
-10.17409053635378768     -7.14641753933499491
 1.42306016383534906      2.04209760646847327
-2.17409053635342175      6.70998892121590274
-6.17409053635344041      6.70998892121598445
-5.17409053635336846      8.44203972878487185
 7.17409053635354343      6.47258042719717608
-7.17409053635368821     -1.95026511662840552
 8.17409053635343064      1.27642800449047633
 2.24369998582281527     -10.17409053635398308
 1.42306016383548206      5.50619922160624853
 9.17409053635346972     -0.45562280307838976
-5.57693983616493849     -6.61815643137586473
-10.17409053635368643     -0.21821430905944930
 8.17409053635315352     -2.18767361064712240
-7.75630001417723403     -10.17409053635383032
-1.57693983616486499     -3.15405481623818185
-7.17409053635336846      8.44203972878490561
 4.17409053635331873      4.74052961962850894
 5.82590946364696460     10.17409053635343419
 0.24369998582281599     -10.17409053635394933
 7.17409053635315264     -0.45562280307824565
10.17409053635440763     -9.65103000217281171
 3.17409053635338667      6.47258042719742921
 2.42306016383516942     -3.15405481623822448
 6.42306016383521694     -6.61815643137602638
-5.17409053635350080      4.97793811364706595
 5.42306016383520184     -4.88610562380715763
 9.17409053635357630      6.47258042719705973
 8.17409053635347504      4.74052961962824071
-3.75630001417718384     -10.17409053635385341
10.17409053635362071      1.27642800449040417
-3.57693983616493760     -6.61815643137589582
 2.42306016383511258     -6.61815643137598197
 5.42306016383526579     -1.42200400866943033
-8.17409053635365446     -0.21821430905950578
-1.75630001417718362     -10.17409053635389782
 4.42306016383514589     -6.61815643137600329
-6.17409053635364380     -0.21821430905955333
 9.17409053635358873      3.00847881205926493
 5.17409053635351146      6.47258042719727555
10.17409053635363669      8.20463123476590717
-0.57693983616452116      5.50619922160632846
-5.57693983616487898     -3.15405481623810680
 3.42306016383510459     -8.35020723894489869
-8.17409053635335603     10.17409053635381788
-10.17409053635353899     10.17409053635374150
 3.42306016383521605     -1.42200400866936882
-7.57693983616494471     -6.61815643137582388
 0.42306016383555040      7.23825002917516613
 0.42306016383540873      3.77414841403740153
-9.17409053635345728      8.44203972878490561
 2.17409053635344618      8.20463123476634770
-8.17409053635344307      6.70998892121603330
-4.57693983616496780     -8.35020723894476014
 1.42306016383508038     -8.35020723894487027
 5.17409053635325389      3.00847881205957224
 9.17409053635325122     -3.91972441821594364
-4.57693983616491007     -4.88610562380700220
 4.17409053635357274      8.20463123476620204
-3.17409053635349547      4.97793811364702599
 6.42306016383526757     -3.15405481623831285
 3.42306016383535150      2.04209760646840932
 6.17409053635361360      8.20463123476609368
 4.42306016383528622      0.31004679889946896
 3.42306016383514988     -4.88610562380712299
-9.17409053635354077      4.97793811364715921
-4.17409053635343952      6.70998892121595070
 4.42306016383519474     -3.15405481623826667
 3.82590946364694462     10.17409053635354610
-2.57693983616496203     -8.35020723894479211
-9.17409053635375926     -5.41436673176613059
 4.24369998582281482     -10.17409053635402394
-1.17409053635335270      8.44203972878474751
-3.57693983616487321     -3.15405481623814588
 6.17409053635317839      1.27642800449065130
-9.17409053635361005      1.51383649850940194
10.17409053635361182      4.74052961962812969
