133    22.41667865020000150
 3.60044274268524278     -10.20833932508427466
 5.01218689026926079      1.20833935654470337
 3.28013604399112024     -3.79166057640856557
10.20813453005155402     10.20833932508546482
-5.48919054779426130     -0.57285498958153680
-8.47628851751008838     10.20833932507813202
 6.74423770993906579      0.20833933558439244
 8.47628851750822676      1.20833933558396223
-2.02482476863206173      5.42714497488092018
 1.86839193837764816     -9.20833931943556294
-8.47628852076939232     -3.13005010022227648
 1.54808523641823892     -4.79166057640163245
10.20833932508475073     -3.79166066442934824
-6.81392366844945840      9.09633972588411766
 8.47628851750877210      3.20833933558403350
-8.95329215967693237      1.42714501605643829
 6.74413532125335458      6.20851669895940983
-10.20833932508278252     -4.13005010586146426
-10.20833932508545772     -8.13005014204455811
-3.28013610850779180     -4.13005011831901037
-2.02508892220702696      1.42714499232240044
-3.28013611232061475     -6.13005012491970724
10.20833932508546482     -7.79166066442934735
10.20833932508529074     -1.79166066442934890
 8.47628851750889822     -0.79166066441603977
-1.59570966306673734     -9.20833930700204029
 5.33249355025506500     -9.20833932508591069
-5.08187286136852379      6.09633972503727239
-2.02508894310023635     -0.57285500767826558
 5.01218689026978392     -2.79166064345587905
-6.74423770331123063      4.98434011520218689
 6.74434011704780989      8.20851668893656949
 3.27369412542038685      8.21993866023614217
-5.48919052364220672      3.42714501605598798
 6.74423770993958893      2.20833933558439233
 8.47628851750826939     -6.79166066441603977
-8.47628851751755974     -7.13005014204281906
 0.13634114124681063     -6.20833930135962664
-5.48919054453509414      1.42714501605588584
 3.28013604399089820     -5.79166057640856557
10.15357693181180565     -10.20782186376417222
-8.54597447601794435      8.09633972588327566
-10.20833932508358011     -2.13005009458463901
 3.28013604399041592     -1.79166057640855270
 8.47628851750817347     -4.79166066441603977
 6.74423770993924343     -7.79166066441591543
10.20833932508546482      0.20833933557065101
-10.20833932508369202     -0.13005009458463851
-5.01218691607573863     -3.13005011831739877
-10.20833932508546482     -6.13005014204113508
 8.46291981654436398      9.23149460671984734
-3.32776047063496838     -8.20833930699914127
-10.20833932508315378      6.98434012669608428
-7.22124135210654572      0.42714501605904992
-0.29277397150993756      4.42714495678660658
 1.54808523641797380     -0.79166057640162935
 5.01218691447678832      5.20833935655235525
-4.85930171290795787      8.22251935400215572
-5.15155881939248861     10.20833932508362274
-5.05981126776291390     -9.20833932508336694
-6.79186207533068664     -10.20833932508545416
-8.47628852795904386     -5.13005012395426974
-0.29303812508565730     -3.57285502577205483
 6.71770510304305013     10.20833932507933817
 3.28013606820278980      4.20833942359157387
-10.20833932508546482      2.98434012669608162
 6.74423770993976746     -1.79166066441560878
 5.00574489428371194      7.21993859319406006
-0.04647628764404042      8.41561908952392379
-3.15155881939246241     10.20833932508456598
 4.88815567494008185      9.40041055957251004
-3.75713975067132466     -1.57285500767443720
 1.54808524852230067      3.20833944455701747
-8.47628851751270496      5.98434012669525739
 1.54808523641754237     -2.79166057640163112
 8.47628851750787149      5.20833933558580853
 0.13634114124469879     -8.20833930135998635
 7.06454435782419843     -10.20833932508546660
-3.79204711847322207      4.48718871041601819
 8.47628851750550716      7.20833933558726692
-2.04234422681074790      8.54411488481101777
-1.54808530475078299     -5.13005012492136014
-3.32776046019518512     -10.20833932508539910
-10.20833932508365827      4.98434012669608162
10.20833932508501718     -5.79166066442934913
 3.28013604399092351      0.20833942359145136
-10.20833932507867914      9.20833932507722075
 6.74423770993981186      4.20833933558439277
 5.01218689026870567     -6.79166064345682763
 1.86839194881452841     -7.20833930136163481
-0.29303812508522786     -1.57285502577204994
10.20833932508412722      8.20833933557071305
 1.54823757570663489      7.20860306061744538
10.20833932508546482      6.20833933557071216
 3.28028834457018759      6.20860299357785284
 3.60044274594774016     -8.20833931943673711
 6.74423770993867322     -5.79166066441570671
-6.74423772039021330     -6.13005012395755244
-5.01218691607765976     -5.13005011831741520
 8.47628851750890533     -8.79166066441604066
-0.29303810408870556      2.42714497422810993
 3.28013604399113934      2.20833942359148372
 1.54808523641828288      1.20833942359837287
-1.59570966632301880     -7.20833930135797729
 3.05860624555403549     10.20833932507598441
-0.93312963422896533     10.20833932508488928
-6.74423772364609420     -4.13005011831483859
10.20833932508542397      4.20833933557066597
-6.81392366844857111      7.09633972588402795
 1.54823749829614088      5.20860306061717182
 5.01218689027005393     -4.79166064345673792
 6.74423770993954452     -3.79166066441560945
 1.06273830644371281     10.07984352891317670
-2.02508890121345120      3.42714499232241065
-8.47628851751159651     -1.13005009458340200
 5.01218689026921460      3.20833935654518498
 8.47628851750869750     -2.79166066441603977
-3.75713971928817303      2.42714501048768971
10.20833932508481645      2.20833933557065087
 5.01218689026895703     -0.79166064345565945
 0.13634113406596809     -10.20833932508021036
-0.29279417120930884      6.42718035371790553
-3.75713974022275821      0.42714501041538555
-0.29303812508494614      0.42714497422801695
-6.74423771376051384     -8.13005014864510756
-3.28697920069024407      6.97858501227712225
-5.01218691663259097     -7.13005013056084014
-7.22124135210215456      2.42714501605905086
-8.47628851751543522      3.98434012669487059
-6.74423771319927123     -2.13005010022402130
-8.47628852132841715     -9.13005014864734221
-10.20598311373994882     -10.20737029290767772
-2.02508894310058452     -2.57285500767827680
