134    22.43951440861078339
 9.09922797248986548     -8.33130777484841190
-8.48770639671897698     -5.21975720430519274
-6.75565558915564246      1.78024279569779287
 4.23323800417292961     -10.21975720428787504
 1.90977468834733677      0.77125041165715880
 5.02360589360192034      5.21716981901024379
-5.02360478157256640      4.78024279567593346
 3.29305020061683118     10.21975720429252732
-10.21965003252116944     10.21972951770302807
-3.29155397399056904     -0.21975720433728840
-1.55949925958736935      4.78023602879256604
-10.21975720429370504      5.78024279569976862
-6.75565558915443098      3.78024279569837907
 8.23323800417304952     -10.21975720428662093
-1.55949925960430780      2.78023602879022080
-3.29155397398742267     -4.21975720433760060
 3.64182934530636970     -0.22875625570717309
 5.02435289490160475      7.21846254863784864
10.21975720429267653      2.21716789294245320
 6.75565558914895714      2.21716789294945782
10.21975720429555956      6.21716789295618888
-6.75565558914901487     -8.21975720430439694
-5.36720383723766137      9.21975720431191803
-8.48770639673511340      0.78024279569876309
 5.37388015289450394      0.77124374425966813
10.21975720427911050     -4.67468040551134489
-6.75565394577795075     -10.21975720430376455
10.21975720428965850     -2.67468040443075594
 5.02509989617055552      9.21975527822525365
-3.29155397399164151     -6.21975720433772850
 0.17514717149418765      3.77572674149289522
 1.90976687395986522     -5.22874958832836434
-8.48770639672149230     -7.21975720430532064
 6.23323800417298646     -10.21975720429030154
 3.29155508602797120      4.21716981901863441
 0.17514717151508480      1.77572674149288812
-3.63515302967372822      8.21975720430335421
 6.75565670117138684      6.21716981901111776
 1.56099939305232782      9.21975720428491741
-6.75565558915067221     -2.21975720430433965
 0.17513935712153594     -6.22427325849187074
 5.02360478158431345      3.21716789295832983
-8.48770639672412486      2.78024279569877431
10.21975720430537926     10.21975720430537748
 3.64182934530449787     -2.22875625570726177
-10.21975720429386847     -8.21975720430496359
-10.21975720429394308      3.78024279569885513
-5.02129490687926427     -9.22376585983298902
 3.63921033629560409     -6.23325210728290813
-6.75565558915022280     -4.21975720430438361
 8.48770639672792448      5.21716789295105254
 8.83798176803089497     -1.22875625574521474
-5.02360478157371304      6.78024279567594590
-10.21975720428834578     -10.21975720430496715
 5.37388015285427567     -3.22875625574108005
-1.55949925953627178     -3.21976397128664482
-1.55950707363281005     -7.21976397179422769
 6.75565558915885145      4.21716789295070615
 6.75640370246740041      8.21846254864319015
 0.17514717151618425     -0.22427325850713226
-5.02360478158751889      0.78024279567557664
 1.90977468834757613     -3.22874958834343539
-10.21975720430304513      7.78024279569986366
-6.75565558915559983      5.78024279569844790
10.21975720428839907      0.21716789294162378
-8.48770639673356442      8.78024279569888044
-8.48770607459844229     -9.21975776223149346
-6.75565558916799347     -0.21975720430433970
 8.48770639702439844     -3.67468040495854886
-3.29155397399378247      3.78024279566370902
-3.63515302965060139     10.21975720430341994
 8.48770750873742585      7.21716981901680388
10.21975720429357359      8.21717174507924675
-3.29155397399660599      5.78024279566372012
 1.56099828103588711      7.21975527821704333
-8.48770639672429716      6.78024279569885469
-5.02360478157311086      2.78024279567589039
-6.75565558914812758     -6.21975720430438894
-1.55949925958318025      0.78023602878945719
-8.48770639672102511     -3.21975720430485213
 7.33672364223964735     -7.38601497055472667
-7.09925464481080315     10.21975720430458345
-5.02360478156699397     -1.21975720432448087
-3.28635500575130735     -10.21975720429249712
 3.29230208733262364      6.21846254863802805
 2.26870055605017606     -9.84480038687510550
 1.56025127974754740      5.21846254866608295
 8.48770639672443750      3.21716789294461059
 0.17514717151815268     -2.22427325850713586
-5.02360478156739543     -7.21975720432603474
-8.48770639673661265     -1.21975720430478729
-10.21975720430377699     -0.21975720430175724
-10.21975720429057866     -6.21975720430496271
 5.37388015289281906     -1.22875625574045366
-0.17105141451786782      8.21975720428370948
 7.10593096046316841     -0.22875625574275144
10.21975720428903678     -9.98793514413986649
-1.55949925953847579     -5.21976397128785941
-1.90310222210644620      7.21975720430058754
-5.02360478156465096     -5.21975720432588108
 0.30416310793089452     -10.21975720430525314
-3.29155788120871495     -8.21976397178210227
 3.64259571400163118     -4.23008864497817250
 5.63675097575517192     -6.33240549203442882
 0.16993638869770361     -8.22426649076032312
-3.29155397401133953      1.78024279566292898
-3.29155397398948857     -2.21975720433751311
-10.21975720430394219      1.78024279569885402
-0.17105252655189632      6.21975527823774499
 6.75565558913569042     -4.67468040440499255
 1.90977468834681541      2.77125041165726449
 3.64182934530361591      1.77124374429307196
 3.57428545996500002     -8.32972677194070776
 7.10593096074982000     -2.22875625627310381
 5.57428473493453946     -8.33142974620470333
-1.55949925957634461     -1.21976397122059077
-8.48770639672466842      4.78024279569877475
-1.90310222208332247      9.21975720430063106
 8.46964096230424168     -5.70663916018146544
-10.21975720430539170     -2.21975720430496093
-5.02360478156546275     -3.21975720432548407
10.21975720429366952      4.21716789294518790
 6.75714959172508145     10.21975720428872769
-10.21975720429195356     -4.21975720430496093
 3.29304908860579637      8.21975527821800966
 1.90977468835000885     -1.22874958834286163
 0.17514717151559064     -4.22427325850713586
10.21975720422253175     -6.67468040551247199
-6.75565558915280029      7.78024279569910249
 1.90458281946108521     -7.22877577743894406
 8.48845339802348242      9.21846447470338148
-1.49109621311319218     -9.33825515240022952
-0.17105141451131972     10.21975720429524337
 8.48770639672067340      1.21716789294417538
