141    22.90506330239999855
 5.25637766807512907     -4.54746564610352433
-1.74814163650947996     -8.45538048111307106
-1.74649530336320269      1.54746564610594595
-1.74649530336652070     -6.45253435389791985
 1.76048831566291408     -6.49026657298526377
-6.94106283122502443     -9.45527461766328514
 6.98842847564927006      0.45253435389437824
 5.25637766808278784      7.45253435389742247
-8.28804793769971404     10.02729613321053392
 0.01734324148176233     -1.50973342701807045
 2.14397629288594649     -10.45253165118911021
 6.98842847564935887      2.45253435389456831
 8.72047928321429389     -4.54746564610587001
-5.21059691849874884      5.54746564611121507
10.45253165118366034     -3.54746834880357964
10.45253165118762873      4.45253165119683025
 1.76048831566813635     -0.49026657298526483
-10.24231883863699544     10.45253165118828420
-10.45253165118836236     -5.53639031144363347
-6.94264772606995795      4.54746564611096638
 5.25637766807188100     -6.54746564610352699
 5.25637766807863116     -0.54746564610258219
 6.98842847564906755     -1.54746564610562176
-3.47854611092799271      6.54746564610811621
-3.47854611093063504      4.54746564610810200
-5.20730893656945959     -10.45253165118648475
10.31871407857072320     -10.02729975750869329
 6.98842847565157044      8.45253435389759744
-3.42436987194192533     -9.54637035632440245
 3.52432686050817434     -3.54746564610018700
-3.47854611093275379      0.54746564610710247
-8.67470009403730558      7.54746834880379414
-10.45252914412024481     -9.53639182777462047
 0.25127274932684274     -9.80625516523046414
 1.76048831567135333      5.50973342701473445
 6.98842847564249325     -5.54746564610616577
-6.94264772607263048     -1.45253435388925056
 6.98842847565003300      6.45253435389458208
 8.11160859392513345     -10.45253165118829131
 3.52432686050414157     -5.54746564610151349
 8.71887217691169703      9.45531288887901766
-1.74649530336295711      3.54746564610598458
-8.67470009403939279     -8.45253165119683203
 1.76048831566798092     -2.49026657298526422
-8.67470009403923292     -6.45253165119678762
10.45253165118707805     -1.54746834880345263
 8.72047928321881649      7.45253435389474461
-6.94264772607069780      8.54746564611096815
-8.67469440103310774     -10.45253165118874250
-10.45253165118754346      2.46360968855637186
10.45253165118787742      6.45253165119686756
10.45252576738831252     10.45253165118821492
-5.21059691850363471     -0.45253435388944468
 6.98842847564466485     -7.54746564610617288
 3.52432686050835953     -1.54746564610017523
 0.01734324148156679     -3.50973342701807978
 0.02051518133790184      8.49026405767978787
-6.94264772607201763      2.54746564611096327
-8.67470009403511888      5.54746834880337492
10.45253165118718641     -7.54746834880417161
-10.45253165118550420      4.46360968855637452
 3.52432686050537169      6.45253435391179675
 5.20220142733875157      9.54637035735340866
 5.25637766807951579      5.45253435389742247
10.45253165118741556      2.45253165119681071
-3.47854611092945154      8.54746564610812953
-1.64143079420528815     -10.45253165118878158
 8.72047928321874011      5.45253435389426055
 8.72047928321844878      3.45253435389425301
-10.45253165118821848     -3.53639031144363258
-6.94264772607237290      0.54746564611079995
 8.72047928321822319      1.45253435389424768
-0.36614473572515444     10.45253165118909422
-6.94264772607274239     -3.45253435388930763
 4.12779244340533413     -10.19861536392411416
 3.52432686050413313      4.45253435390868990
 8.72047928321780752     -2.54746564610586823
 3.52432686050809219      0.45253435390061125
-3.47854611093302557     -5.45253435389326935
-3.47854611093775468     -7.45253435389384133
-10.45253165118443128      6.46360968855637630
-8.67470009403871067     -0.45253165119664984
-10.45253165118763583      8.46360968855637630
-5.21059691850014239      7.54746564611126747
 0.01417130162010541     -7.50973091171589324
-5.21059691850110696      3.54746564611084469
 8.72047928321748955     -8.54746564610587001
-5.21059691850410278     -6.45253435388946084
-5.21059691850391804     -4.45253435388944485
 3.52597319365214990      8.45538048111257368
 0.01734324147667910     -5.50973342701808821
 1.76048831566779107     -4.49026657298526377
 1.75731637580633482     -8.49026405768306880
10.45253165118823269      8.45253165119686756
-1.74649530336363190     -4.45253435389415930
-3.47854611093289057     -3.45253435389315833
-6.94264772607282676     -7.45253435388972729
10.45253165118302796     -5.54746834880379858
-6.94264772607290581     -5.45253435388931962
-8.67470009403621667      3.54746834880336914
 5.25637766807843576     -2.54746564610258330
-1.74649530336344694     -2.45253435389413488
 1.76048831566849562      3.50973342701473445
 5.25637766807915785      3.45253435389742247
-8.67470009403907305     -4.45253165119677075
 1.76048831566823583      1.50973342701473467
 5.25637766807425422     -8.54746564610352699
-10.45253165118811367     -1.53639031144362970
-4.33377703676245574     10.45253165118692351
-1.74649530336028280      5.54746564610603343
-1.74649530336331149     -0.45253435389408408
-3.47854611093275912     -1.45253435389309660
 6.98842847564539049     -3.54746564610591575
 6.98514049241661805     10.45253165118734273
 1.76366025552409345      7.50973091171254570
 3.52358808544546598     -7.54760199985521663
-5.21059691850623796     -8.45253435389453323
 6.98842847564967773      4.45253435389457852
 8.72047928321806687     -0.54746564610580295
 0.01734324148515054      6.49026657298197129
 6.11160859392513345     -10.45253165118588967
 0.01734324148203033      2.49026657298195175
-5.21059691850376705     -2.45253435388944485
-5.21059691850335938      1.54746564611056381
 0.01734324148192360      0.49026657298194060
-2.34996088624366717     10.19861536391721124
-6.94264772606884684      6.54746564611096726
 1.52655880783586273      9.80625516520524343
-10.45253165118850092     -7.53639031144363880
10.45253165118724326      0.45253165119673466
-8.67470009403827014      1.54746834880336159
 8.72047928321337551     -6.54746564610587001
 5.25637766807883100      1.45253435389741892
-10.45253165118795557      0.46360968855637064
-8.67470009403895759     -2.45253165119673122
-1.74451221069372409      7.54942250538009141
 3.41926235135948486     10.45253165118889171
 3.52432686050510657      2.45253435390638419
 0.01734324148229286      4.49026657298195619
-6.33377703676245751     10.45253165118838545
-3.47854611093260724      2.54746564610731729
