144    23.25376756301048076
 8.89483297393492123     -3.63703075496977268
-1.68298377375107400     10.62671383442783046
 3.32015005409130115      8.89483297394825101
-8.89483297389483951     -2.62688378150240665
 0.14565698241834199      6.99668961562544300
 1.50842545127736360      1.35389942887429271
 5.24047625884611090     -1.64610057112415586
 5.43073135879514712     -5.63703075496929085
10.62639481747948622     10.62457460864002812
 7.15295105968793177      5.34574459922570622
-3.77842736373049792      4.50001084890485981
-8.89483297389455529     -4.62688378150250479
-8.89483297393705641      1.37311621857533384
 5.42090025211637005      2.34574459922746659
-1.97905125798713577      3.37307764462070114
-7.16278216632557552     -7.62688378150315671
-7.16278216636753839      2.37311621857437816
-8.89483297392713546      7.62690547933346075
-1.96662974361921639     -4.62688378150266288
-10.61756762065690829     10.62688378150220281
-8.97457978644637322      5.50001084898019421
-1.97984090450241790      7.37307748873672608
-3.69868055118751249     -7.62688378150264956
-7.16278216632569098     -5.62688378150254565
-8.89483297389364580     -10.62688378150364343
10.62688378150388679     -4.63703075496983974
 7.16278216636467935     -6.63703075497023498
 4.32015005411187314     10.62688378150524748
 5.43073135879578750     -3.63703075496871930
-1.96662974361892706     -10.62688378150358481
-5.51047817132597562      3.50001084895013204
-7.16278216632583575     -3.62688378150223123
-3.69868055118800587     -1.62688378150234492
-5.51047817131806550      5.50001084895013292
 1.50842545127780991     -0.64610057112570562
 4.33059516591202964      7.16885479448045526
-8.89483297389417871     -8.62688378150363278
 3.50982227201268682      1.35882319810736107
-5.51515504318011462      7.50806803350570728
 3.50842545127710004     -2.64610057112392427
10.62688378150524215      3.36296924503015848
 8.89483297393658923      4.36296924503054484
 8.89483297393470096      0.36296924503043776
 3.69469827618957281      3.35580733901466433
 8.89483297393357120     -7.63703075497021366
 3.49747187151916039     -10.62688378150408575
10.42567510179636869     -10.62688378150495083
-3.69868055118794103     -3.62688378150237867
-1.96662974361878296      1.37311621849748788
-7.16278216632501596     -9.62688378150316559
10.62688378150346047      7.36296924503310279
 6.96157348665764886     -8.62688378150524571
10.62688378150349244     -0.63703075496984052
 3.49747187152071115     -6.62688378150360435
-1.96662974361896703     -2.62688378150251189
 1.69868055122675554     -4.63703075497021455
-10.62688378150389568     -3.62688378157258073
-10.62688378150246926     -9.62688378157264601
 6.33059516594538163      7.16885479447635987
 5.32977875971998660      4.52238810812330261
-10.62688378150515511     -1.62688378157258096
 6.34104027775711376     10.62688378150376245
 1.49747187151983718     -8.62688378150524393
-3.68326745792120835     10.62688378073979401
 5.24047625884770252      0.35389942887586445
-10.62688378149571200      4.37311621861580502
-1.97905125790478365      5.37307764462215598
 7.16278216636571674     -2.63703075497024031
-1.96662974361903231     -0.62688378150251201
 1.50579183918867243      5.33625944963020604
10.62688378150281210     -6.63703075496983974
-8.80272154570734777      9.78644715427762968
 1.50842545127709182     -2.64610057112570374
-10.62688378150355284      0.37311621857056976
-7.24252897889124192      4.50001084895638570
-5.43073135875691015     -6.62688378150276769
-5.43073135875643498     -10.62688378150379620
-7.16745903838744436      8.63496266363847909
-7.16278216641048893      0.37311621850204679
 9.34104027776928447      8.89483297392828298
-10.62688378149628576      8.62690547933300778
-0.23457893605024446     -3.62688378150282720
 3.50842545127794248     -0.64610057112268449
 3.49747187151985317     -8.62688378150360435
10.62688378150406443     -2.63703075496984018
 8.51340957563366452      6.86447594545816298
-0.23457893605005015     -9.62688378150355462
 7.16278216636462783     -4.63703075497023764
 1.31883702929802760      8.89559171300906470
 8.89483297393499228      2.36296924503046135
 1.49747187151991556     -6.62688378150524571
 5.33059516593274907      8.90090560203793935
-6.98787546344128874     10.62688378145670498
 6.97252706641590514     -0.64610057112574459
-0.21750406298333000      2.37305182954569416
-3.69868055121408146      0.37311621854325061
 2.32015005406558483     10.62688378150335211
10.62688378150275703     -8.63703075496984063
-0.24700045037750332      4.37307764455010783
-5.43073135875684798     -2.62688378150242308
-10.62688378150344803     -5.62688378157258029
-3.78310423576861687      6.50806803323306760
-3.69868055118778560     -9.62688378150339297
-7.24252897886601499      6.50001084898639014
 8.69362429422698391     -9.62688378150531143
-0.23457893605003038      0.37311621849727178
-3.69868055118811556     -5.62688378150262469
 1.69472638666064634      3.34520351451146780
-5.43073135875688440     -4.62688378150242308
-10.62688378150357771      6.62690547933300689
 8.89483297393420180     -1.63703075496956196
-7.16278216632849762     -1.62688378149795310
-1.96662974361853338     -6.62688378150266821
-0.68116239577221771      8.89407523066875783
 8.34104027777989465     10.62688378150465951
-5.43073135875632573     -8.62688378150276769
-8.89483297397679351     -0.62688378150240687
10.62688378150374469      1.36296924503015893
-0.23457893605005287     -7.62688378150335566
-0.23457893604969060     -1.62688378150272817
-3.53350009428880263      8.63249922985702334
-10.62688378150245150      2.37311621858140542
-5.43073135883903202      1.37311621849757648
-5.43073135875695368     -0.62688378150242330
 8.89483297393373462     -5.63703075496995609
-3.77842736379962263      2.50001084887647851
 7.15295105968610567      1.34574459922571221
-10.62688378150291690     -7.62688378157258828
 3.50576372871796549      5.34686327413345452
-8.89483297393359429      3.37311621858178290
 3.69868055122675532     -4.63703075496845063
 2.31883702932291591      7.16354090545455691
 7.15295105968629930      3.34574459922570933
-0.23457893604851007     -5.62688378150283430
 7.34104027776927470      8.89483297394190586
 5.22952267908836888     -9.62688378150462931
10.62688378150422430      5.36296924503303618
 5.22952267908920643     -7.62688378150441704
 0.31752400453279017     10.62688378150458313
 1.49747187151902628     -10.62688378150524215
-5.33557146764130774      9.49998915218822226
 6.96157348665749875     -10.62688378150524215
-1.96662974361897103     -8.62688378150328461
-8.89483297389433680     -6.62688378150294710
