152    23.93500986403575226
 7.96750493201695775      2.30725089417293816
-1.66852056950958993     -9.23545412447801084
 0.33147943053641354     -2.30725089417564133
-5.66844613549218401     -2.32451124335526815
 2.33147943054025175     -9.23545412444854996
 5.33147943054065809     -10.96750493201769316
-7.30454607093613095      9.23545412444896741
 1.96750493201631915      9.23545412444843095
 6.96750493201526577      4.03930170174084324
-9.97084015331311946      0.92626930986032852
-1.66852056946080585      4.62095233610143286
 8.33147943054077444     -9.23545412444883951
-3.66852056983677510     -9.23545412430423873
-2.66852056964234352     -0.57520008670952827
 4.33147943054069895     -5.77135250931105226
-3.66844613549970200     -2.32450575769667545
 9.96750493201633070      9.23545412444760139
 2.33147943053641971     -2.30725089417574258
-5.30454607093613095      9.23545412444887148
 5.96750493201632004      9.23545412444800817
-10.96750493201787613      2.66024143158038751
10.96750493201749954     -2.88890152853362858
 0.33147943053849038      1.15685072096322883
-8.85391611409928814     -4.15525269886870152
-6.81806362989125159     -4.13405244943905803
 9.96750493201723664      5.77135250931053889
10.96750493201745869      4.03930170174175096
 8.96750493201751553     -6.35300314367152730
 9.96750493201728993     -1.15685072096473807
 2.33147943053849094      1.15685072096318864
 2.96750493201640486     10.96750493201725973
-8.66908174558296452     -0.59209331082814920
 5.96750493201552690      5.77135250930988253
 7.33147943054074780     -7.50340331687996009
 2.96750493201521470      4.03930170174118608
-10.96750493189000863     -0.80770281194332616
-1.03249506798359758     10.96750493201754217
 7.96750493201632803      9.23545412444779679
 0.96750493201640453     10.96750493201744625
-3.66852056946080696      4.62095233610150924
-3.81801275073037649     -5.86673972126892362
 2.33147943054044049     -5.77135250931111354
10.96750493201734145      0.57520008660412714
-1.66852056945998450      8.08505395123961179
 3.33147943054065765     -10.96750493201761500
 1.33147943053607221     -4.03930170174474945
-9.66907605845785767     -2.32891366541504174
 3.96750493201632004      9.23545412444811120
-4.68342650262794358      2.88020963506829952
10.96750493201643017     10.96750493201643195
-4.30454607093602970     10.96750493201781573
-0.66852056946116367      2.88890152853234872
 7.96750493201728993     -1.15685072096481711
 1.33147943053685869     -0.57520008660660293
-2.66852056946014216      6.35300314367070573
-5.66844613549764098      1.13959585744234837
10.96750493201744803      7.50340331687934015
 4.96750493201640708     10.96750493201694532
-4.81801275105014692     -7.59879052865321913
 8.96750493201642307     10.96750493201690801
-6.66844613571285905     -0.59246043591379827
-4.81806374074835819     -4.13471835380140540
-10.71869486669519844     10.67186163547187050
-7.81806363021433626     -5.86610325682147860
-0.66852056945934157     -10.96750493201787613
-6.30454607093624375      7.50340331688002582
-9.96750493219139599      6.39229223936697366
-0.03249506798368142      9.23545412444860148
-6.30454607093603681     10.96750493201784238
-1.66852056946151039      1.15685072096332697
 5.96750493201489451      2.30725089417178042
-8.96746700668218821      4.66026332865467285
-0.66852056946014182      6.35300314367064090
 4.96750493201522048      4.03930170174084680
-6.77619982823148082      2.92975184445827397
 3.33147943054051110     -4.03930170174227587
-10.96750493201787613      8.12434304703603338
 0.33147943053976081     -9.23545412444848068
 8.96750493201706966      4.03930170174175718
-0.66852056946320015     -0.57520008660653366
 4.96750493201615573      7.50340331687912876
-4.66852056946014304      6.35300314367077057
 1.96750493201551824      5.77135250931031596
 3.96750493201486742      2.30725089417205442
 1.33147943054004037     -7.50340331687976470
-7.66908174561021383     -2.32414411841278579
 6.33147943054077711     -5.77135250931103894
-7.96802536083168622     -9.23515375896200652
-9.30454607093613184      9.23545412444895497
 9.96750493201749066     -4.62095233610259903
 3.33147943053689488     -0.57520008660661615
 0.33147943053919482      4.62095233610138045
-4.66852056960905948     -10.96750493201339971
 5.33147943054072648     -4.03930170174217640
 5.33147943054074780     -7.50340331687990147
 4.96750493201351873      0.57520008660195276
 6.33147943054068740     -9.23545412444882530
-1.66852056946358718     -2.30725089417521634
 4.33147943054068385     -9.23545412444874536
-10.15234498748054826     -5.67646355236322453
-6.81806374083361089     -7.59881996888998845
 6.96750493201641063     10.96750493201683518
-2.66852056960897688     -10.96750493198957344
-7.66844613549011900      1.13959037178367728
10.96750493201754928     -6.35300314367146335
 6.96750493201692667      0.57520008660407240
 4.33147943054053908     -2.30725089417340046
-5.81801275081556746     -9.33084133635754576
 0.96750493201615584      7.50340331687961548
-0.66852056946533489     -4.03930170174510650
-9.96802536086629409     -9.23515375885184397
 7.33147943054068829     -10.96750493201774113
-5.81806374107147484     -5.86676916118377711
-2.66852056945990546      9.81710475880858624
-3.66852056946152993      1.15685072096374753
-2.66852056946117289      2.88890152853242066
 3.33147943054062834     -7.50340331687988993
 0.33147943053551671     -5.77135250931349919
-7.30446051563545495      5.77130311675248464
 8.96750493201744447     -2.88890152853370807
 7.96750493201553400      5.77135250930975907
 6.96750493201742938     -2.88890152853377868
-8.30454607093608566     10.96750493201787435
 1.33147943053885576      2.88890152853230120
10.96750493201750842     -9.81710475880933409
 9.33147943054074780     -10.96750493201776600
-8.30454607108042531      7.50340331675764816
-10.96750493199072274     -7.50280258575407455
-8.96750493213775179      2.66026332901425855
-4.66844613568665068     -0.59245495023567984
 9.96750493201725973      2.30725089417296214
-10.96750493185222197      4.66024143158083248
 8.96750493201713361      0.57520008660415245
 9.96750493201753862     -8.08505395124039161
-3.66852056945998761      8.08505395123967752
-2.66852056946478111     -7.50340331688326412
 1.33147943054065809     -10.96750493201766652
 2.96750493201615573      7.50340331687919981
-8.96750493199055754     -7.50280258588930860
-6.96750493201649501     -10.96750493201733967
-2.81801275068652934     -4.13468891362185875
-10.96750493183368746     -3.85012451890796203
-10.96750493201670373     -10.96750493194816478
 7.96750493201748000     -4.62095233610264255
-0.66852056946477567     -7.50340331688221340
 5.96750493201724552     -1.15685072096499986
 6.96750493201615573      7.50340331687900886
-5.66852056214681266      4.62078129228344014
-1.66852056950174421     -5.77135250929296362
 3.96750493201551979      5.77135250930991184
-8.96750493201653676     -10.96750493201676768
 8.96750493201616017      7.50340331687882234
