154    24.06627089499999883
 2.96952916695068403      4.06970736300291058
 3.49777081400229095     -7.56903383235780236
-1.50222918600890232     -5.83698302478810227
-2.57276240837709302      2.78058654223492185
10.03313544749215858     -4.55532182062348934
-3.50222918784228598     -9.30108463891848025
-5.76768231680119392     -9.48438486264897485
 8.03313544748763420      5.83698302478591913
-5.50000000000494182      4.55265608056263016
 2.49777081400277856     -9.30108463992696599
 4.49777081400618606     -9.30108463992488588
 2.03313544748807029      9.30108463992519319
 2.49777081399795398     -5.83698302479132547
 5.49777081401217060     -7.56903383235940641
11.03313544749372355     -2.82327101305527339
10.03313544749300057     -1.09122020548669418
-5.57232824428712359      1.00686478722010353
 2.49777081400577927      1.09122020548143550
 6.49777081401236956     -9.30108463992819701
-7.57232824365957580      1.00681468504232607
-0.57276240862427774     -0.68351507304579429
 4.03313544748750097      5.83698302478709152
 0.42723759162305991      1.04853573467154848
-2.50000000000514788      6.28470688813770728
-6.03313544749339403      7.56903383235464133
 8.03313544748983333      9.30108463992287859
-10.04259587785511876      0.63536782899567013
 6.03313544748443764      2.37288140964756833
 3.49777081400534051     -0.64083060208769527
 5.03313544748492614      4.10493221721672796
 9.03313544748878350      0.64083060207979614
-10.03313544749663144     11.03313544749136987
-9.03313544749328123      5.83698302478197117
 0.03313544748807015      9.30108463992553958
 9.03313544748545283      4.10493221721541524
 4.49777081400444434     -2.37288140965709227
-11.03313544660137602     -3.84016355250100583
-11.03313544738084317     -1.10211062013807881
 7.03313544748565711     -2.82327101305627393
-7.03313544748631614     -11.03313544748800012
-2.50222918611347023     -11.03313544748332298
 8.03313544748935016     -4.55532182062320334
 1.42723759162298869      2.78058654224049340
11.03313544749419783     -9.75147424332787871
-9.03313544749023123      2.37284627810174786
 7.03313544748996478     11.03313544749247832
-8.03313544749596709     11.03313544749171804
11.03313544749464015     -6.28737262819093790
 8.03313544748752939     -1.09122020548840215
-3.50000000000489697      4.55265608056356896
-11.03313544749332920      5.83698302475101727
-11.03313544746624864     -7.56661703999393787
-10.03523137691465728     -9.29987624335575980
 3.03313544748754360      7.56903383235599847
 2.03313544748748498      5.83698302478650710
 6.03313544748808361      9.30108463992466561
 7.03313544748517483      4.10493221721608670
-7.57519470381726467     -2.45562881645646280
-4.76768231853409308     -7.75233405407959619
 3.49777081400437284     -4.10493221722615065
 6.03313544748148001     -1.09122020548955256
-4.03313544749500696     11.03313544749492259
-1.57276240862364958     -2.41556588061515187
-0.50222918603156963     -7.56903383237013117
 8.03313544748471031      2.37288140964648742
 9.03313544749000386     11.03313544749175001
-1.50000000000366285      8.01675769570754859
-9.57513457636510523     -2.47113708449966074
11.03313544749139652      4.10493221721620927
-4.57232824730620813     -0.72518602209189142
-0.50222918601546884     -11.03313544749024899
-4.76804498419223233     -4.28844187675412236
 5.49777081400852552     -4.10493221722362023
 1.03313544748806940     11.03313544749441810
 0.49777081399349843     -5.83698302479449715
-2.76768231673362441     -4.28823243998132320
 5.03313544748782338      7.56903383235579152
-5.76804498598680659     -6.02049268328692566
-11.03313544749029873      2.37284627806945059
-0.50000000000492206      6.28470688813794442
-6.76804285151550822     -4.28552113222970199
 6.03313544748760222      5.83698302478637654
-8.03313544749387098      7.56903383235327620
-9.03313544746521302     -7.56661704082021380
 0.49777081399803708     -2.37288140965312211
 4.03313544748807029      9.30108463992483614
-6.03313544749586761     11.03313544749452291
-9.03313544749492436      9.30108463992201351
-3.50000000000366285      8.01675769570744201
10.03313544749032893      9.30108463992215206
-8.84823286476022908     -4.33436382906798290
-10.03313544751429198      7.56903383233907689
10.03313544749359032     -8.01942343575920980
-9.03313544748634101     -11.03313544747246411
11.03313544749355657      0.64083060208190346
 9.49777081401613898     -11.03313544749491193
 7.03313544748354857      0.64083060207817732
 7.49777081401612655     -11.03313544749491903
-2.50000000000372857      9.74880850327638804
-7.03313544749492348      9.30108463992305623
-7.03313544749321196      5.83698302478477782
 5.03313544748232555      0.64083060207987264
 5.03313544748816355     11.03313544749369512
 1.49777081399636258     -11.03313544749219588
 9.03313544749161146     -2.82327101305492478
11.03313544749039465     11.03313544749111230
 5.49777081400661238     -11.03313544749386921
10.03313544748785091      5.83698302478307784
-1.50222918605931088     -9.30108463994512213
 4.49777081400863299     -5.83698302479256981
 1.49777081400531697     -0.64083060208784914
-1.57276240837696268      1.04853573466610506
-6.76804498426974810     -7.75254349184727420
 0.49999999999522038      4.55265608056914939
-6.57232824428728346      2.73891559478889590
 1.49777081399787004     -4.10493221722247803
-0.50222918600215039     -4.10493221722303847
 7.49777081401225587     -7.56903383235922256
-3.57232824453386399     -2.45723682806015864
-2.50222918603195277     -7.56903383236029548
 6.49777081401205603     -5.83698302479045950
-8.57519470079135360     -0.72357800714056797
-4.50222918611354039     -11.03313544748594133
-3.57276240837697801      1.04853573466519534
-11.03313544749492614      9.30108463991990675
 7.03313544748782515      7.56903383235513072
 1.49777081399850798     -7.56903383236052374
-8.03316587291713446      4.10491465144274148
-1.50000000000484679      4.55265608056900373
-2.57276241139267947     -0.68351507464492189
-4.50000000000523581      6.28470688813228051
 9.03313544748963970      7.56903383235366611
-10.03316587291718243      4.10491465141064005
 9.03313544748989194     -6.28737262819201614
-7.76804285329872091     -6.01757193877012853
 3.49777081400630374     -11.03313544749389763
-0.57276240837707248      2.78058654224034951
 4.03313544748267017      2.37288140964910088
 1.03313544748734265      7.56903383235531457
-4.57276240837710279      2.78058654223400081
 3.03313544748806940     11.03313544749408415
-3.76768231674471288     -6.02028324754381039
-6.57232824668297866     -0.72523612427323014
10.03313544748924890      2.37288140964841254
-10.30623373303807355     -5.70339029634935279
-5.57232824390635439     -2.45728693023903633
-11.03313544748673003     -11.03313544671886248
-8.03523137688871181     -9.29987624415464786
 8.49777081401597378     -9.30108463992595347
-0.96686455251200043     11.03313544749439146
-5.03313544749492436      9.30108463992599610
11.03313544748965391      7.56903383235096072
 2.49777081400435375     -2.37288140965728278
 0.49777081399184936     -9.30108463992558221
