157    24.25986238699999831
 7.66582920550381974     -9.12993183262265617
-4.38047687863933621      9.12993119321243363
 7.66582958461543384      8.00552993592685347
-9.39788038564375761     -4.12993119321198243
-11.12993119321259883      4.87006880678947063
-0.91637534805388476      7.12993104676340383
-11.12993119321278535     -7.12993119321264324
 7.66582957807199961      2.00552968130794707
-7.66582957807285315     -7.12993119321255708
 2.91215274683664749     -3.56220079110916688
-2.46967715400572763     -0.12993119321161814
-7.66582957807299703     -9.12993119321261304
 4.64420355440614419     -4.56220079110809351
 4.20172803970861786      6.00552981428313704
11.12993119321247804     -9.12993119321079938
-9.39788038564429051      3.87006880678829779
-7.66582957807514553     -5.12993119321244517
 2.54772621117853104     11.12993119321287416
-9.39788038564361727      5.87006880678951948
-0.55194865023011086     -5.56220116882178228
-4.20172796293508011      2.87006880678812637
-9.39788038564400097     -6.12993119321248336
11.12993119321101787      2.00552968130743192
 7.74387862081457001     10.12993119317450486
 8.05733084836283631     -0.47869635879017758
-4.20172796293498685     -9.12993119321266100
-9.39788038564370432     -2.12993119321189317
-2.64842614129915965      8.12993107157276285
 6.37625435802628981     -3.56220078426862141
 5.93377884727750349      7.00552981428322141
-4.20052562803222163      4.87006844538578942
-5.93377877050600411     -2.12993119321195623
-7.66582957807472187      6.87006880678961984
 1.18010215733881463     -6.56220116882190219
 2.54772627486062220      7.12993106022694523
 0.81567546730005835      8.12993106024152468
 2.46967723213797319      5.00552981428619681
-11.12993119321282265      0.87006880678772525
-7.84457849377687122     11.12993119321281732
-2.20172796293478656     -11.12993119321186342
-5.93377877050403058      1.87006880678825227
-7.66582957807482135     -1.12993119321184987
 9.39788038564132577      1.00552968130700604
-5.93377877050390978      3.87006880678826137
 6.01182781325456972     11.12993119320207036
 4.20129487913681743     -9.13060399965896963
 4.27977708242949273      8.12993106022699941
-0.91637533372865343      9.12993107156994199
 2.54772627487189363      9.12993106024669210
-7.66582957807293663     -11.12993119321268942
 4.59322930345920533      1.52130376285888369
11.12993118967876782     -11.12993119321088109
-9.39788038564356398      7.87006880678968024
-2.46967715536852861     -2.12993119321242208
 1.18010200306476265     -0.56220065830981214
-6.11252768620756726     10.12993119321355451
-7.66582957807479293      0.87006880678821441
-2.46967715536480226     -6.12993119321249669
-9.39788038564367234      1.87006880678821186
 9.39788039206792369      7.00552993572523164
-2.46967715536603905      1.87006880678841036
 7.71680389530736655     -5.04642682436527323
-4.20172796293383222     -5.12993119321262281
 6.01182781976992153      9.12993118187420727
-9.39788038564343431      9.87006880678968734
 9.39788038564194572      3.00552968130711662
 7.66582965466095523      6.00552981396198948
 4.20172803951428175      4.00552981395265739
 2.15071807194794573     -11.05738065867597797
 9.39788002305753523     -8.12993182122849056
 9.39788002996266414     -6.12993180017942940
-9.39788038564197414     -8.12993119321258995
 9.39784925032329888     -10.12998511582126682
-4.38047687863659263     11.12993119321245494
 4.64420355018229358     -2.56220078379429195
 5.93336816158600477     -8.13064271837794905
 5.93377884073542905      3.00552980295806638
-5.93377877050652813      5.87006880678828669
-11.12993119321110491     -9.12993119321268409
-1.02484678265190299     -9.51285027764332014
-5.93377877050593838     -0.12993119321182531
 9.39788045587503795      5.00552980295485384
-7.66582957807291709      2.87006880678828402
-0.55194881182617961      2.43779937702743998
 4.25272502822158938     -7.04646622411264012
 7.66582964830614166      4.00552980295488670
 5.93377884708595982      5.00552981395137309
 8.10830514924523804     -2.56220075594960361
-9.39788038564198303     -10.12993119321262725
-2.46557270438617637      5.86502490310188129
 4.14940174469887246     -11.12993116803017024
-11.12993119321106406     -11.12993119321269830
 5.98475309168651304     -6.04642683120353652
11.12993119321287594      6.00552992459864488
 1.12912769486022113      3.52130377418836460
11.12993119321105162      4.00552968130749587
-7.66582957807346954      8.87006880678962162
-0.55194879806673569     -1.56220066945967817
-0.52487433973786468      4.64570492304435767
-5.93377877050391955     -10.12993119321260771
-11.12317667619867656     11.12308079549617545
 2.86117850222998049      2.52130377384347204
 4.64420353410689568     -0.56220075595054753
-5.93377877050507685      7.87006880678829202
-4.20172796293712558     -1.12993119321193736
 0.81567547384025985     10.12993107156988160
 2.91215274244444400     -1.56220078350132363
11.12993118957494687     -7.12993119320846791
 9.39788038566586792      9.00552994722120381
-11.12993119321282265     -3.12993119321230751
-0.91637526349929754     11.12993119321132696
-11.12993119321262370      6.87006880678953724
 9.44885468652565308     -4.04642679604512789
-4.20172796293483763     -11.12993119321267343
-0.54993278452722705     -7.56829225241242387
-5.93377877050623592     -4.12993119321250202
-11.12993119321247448      8.87006880678968024
-4.20172754577104968      6.87006808423419457
-5.93377877050387870     -6.12993119321254731
-4.20172796293495932      0.87006880678809684
 4.27977701221074103     10.12993118189102226
-2.46967715536394561     -4.12993119321246471
-2.46967715536605503     -8.12993119321257396
 2.52065169539862932     -8.04642720821335189
11.12993119321175506      0.00552968130741912
-0.55194880211449415      0.43779934954956656
 2.91215279677220273      0.43779936569889927
-5.93377877050394709     -8.12993119321256330
11.12993119321094859     -5.12993119320809843
-4.20172796293499751     -7.12993119321266100
 1.18010215733986956     -4.56220116882186044
 6.37625434167571115     -1.56220075595070651
-2.36723953782849028      3.86744371823370869
-7.66582957807486576     -3.12993119321200464
-9.39788038564370076     -0.12993119321185309
11.12993119320967494     10.00552994726580991
-4.20172796293736717     -3.12993119321248736
-11.12993119321283864      2.87006880678772625
 0.81567546728962625      6.12993106022936995
 6.32528004079417094      0.52130364121018957
 0.15203439763071933     -11.12993119321209434
11.12993119315290080      8.00552994707683752
 2.91217547616831096     -5.56224016047969272
11.12993119321258995     -2.96292239888468423
-0.55194865022897499     -3.56220116882174453
 9.47592942836246088     11.12993119321085977
 1.18010193926784712     -2.56220079110903409
-2.64842607106811778     10.12993119321111024
-7.66582957807542709      4.87006880678832310
 0.96402696034692170     -9.30218173606711218
-11.12993119321282265     -1.12993119321229218
-11.12993119321278890     -5.12993119321231106
 7.66422993624276305     -11.12993119320709390
 7.66582920891020336     -7.12993183262264907
 9.78938165593240761     -1.47869635878906314
 5.90681584625269629     -10.17520834139803654
 1.18010199375116942      1.43779937357792353
