161    24.38408973359999976
-10.17458624252566146      6.02648569750364071
 2.03491724850749689      2.58277958463404644
-10.17458624254721578     -4.30463264107135402
-3.05237587277014466      0.86092652821103888
-7.12221036977956157      7.74833875392775351
11.19204486678337140     11.19204486678439103
 3.05237587277011224      0.86092652821092586
-2.03491724850746714      2.58277958463412327
-5.08729312125512756      0.86092652821711113
-5.08729312125098421      7.74833875392968707
-3.05237587276144318     -9.47019181035384960
11.19204486678647648     -6.02648569750815888
 2.03491724850363687     -7.74833875392775884
-7.12221036976136102      4.30463264107458965
-6.10475174551365196      6.02648569750658503
-4.06983449702413136     -7.74833875393074845
-1.01745862426831502     11.19204486678681221
 4.06983449701783329     -0.86092652822099314
-3.05237587274328748     11.19204486678644095
 8.13966899401745003      2.58277958464750190
 9.15712761826983446      7.74833875393082927
 1.01745862424076039      0.86092652821335824
-10.17458624253118771      9.47019181035508062
10.17458624254706301     -4.30463264107132737
-5.08729312126477495     -6.02648569749461327
-9.15712761828307897      4.30463264106868770
-6.10475174553404631     -11.19204486678612831
10.17458624253108113      9.47019181035514812
-9.15712761828086208     -9.47019181036614377
-3.05237587275089517     -2.58277958464167456
 7.12221036977956157      7.74833875392762206
 1.01745862424748124     -6.02648569750082608
 5.08729312126489397     -6.02648569749465945
 4.06983449700714761     -11.19204486678684241
-9.15712761828302391     -2.58277958464912727
 1.01745862426813383     11.19204486678681221
-10.17458624254845567     -11.19204486678633081
-6.10475174553168642     -4.30463264107385513
10.17458624251822208     -7.74833875392795690
 2.03491724850337796     -0.86092652820975568
-2.03491724850399658      6.02648569750816598
-11.19204486678511046      4.30463264107801447
 3.05237587274346156     11.19204486678643917
-0.00000000000008902      9.47019181036700175
-6.10475174551691691      9.47019181035085822
-9.15712761826986110      7.74833875393079108
 1.01745862426682976      4.30463264107013188
-7.12221036976906507     -2.58277958463579482
 8.13966899402733546      6.02648569749573593
-4.06983449701007061      9.47019181036571744
-9.15712761828307897     11.19204486678681576
 8.13966899401455635     -4.30463264106892129
-11.19204486678624022     -9.47019181034805868
-1.01745862425607725     -9.47019181035992119
-7.12221036977460376     -9.47019181034994517
-5.08729312127572886      4.30463264106887866
 5.08729312127386724     -2.58277958464800017
-6.10475174552338107      2.58277958463690727
-3.05237587277222966      7.74833875392796223
-7.12221036977925515      0.86092652820980686
 3.05237587275100886     -2.58277958464172519
-2.03491724851025024     -4.30463264107777910
11.19204486678684063      0.86092652820962967
 2.03491724850401079      6.02648569750827701
-8.13966899401396127     -11.19204486678680865
 1.01745862426259204     -2.58277958464577040
11.19204486678544797     -2.58277958463376844
 6.10475174553394329     -11.19204486678613542
-5.08729312127006850     -9.47019181036375812
-11.19204486678684418      0.86092652820976179
-5.08729312127366029     -2.58277958464802726
-8.13966899402189092      9.47019181036285573
 8.13966899403721023     -0.86092652821594196
-2.03491724850362354     -7.74833875392789917
-8.13966899402722177      6.02648569749579721
 2.03491724850547717      9.47019181034875857
10.17458624254863686     -11.19204486678634325
-11.19204486678667010      7.74833875392770555
 0.00000000000010052      2.58277958464944746
 1.01745862423725786      7.74833875392895255
 5.08729312126987754     -9.47019181036378122
-10.17458624254144972      2.58277958464305568
-4.06983449701306110      6.02648569749196739
 3.05237587274469835      4.30463264107219779
 9.15712761828331345      4.30463264106869836
-5.08729312127607525     11.19204486678685306
-11.19204486678649779     -6.02648569750826901
11.19204486678668609      7.74833875392785387
 7.12221036976896471     -2.58277958463574597
 7.12221036975915744     11.19204486678596844
-10.17458624252106780     -0.86092652821149063
 5.08729312127628663     11.19204486678684418
 0.00000000000007935      6.02648569749080565
 7.12221036977463484     -9.47019181035004287
-2.03491724850338995     -0.86092652820963034
 8.13966899401416910     -11.19204486678679800
-2.03491724850550337      9.47019181034865021
 5.08729312125100730      7.74833875392962312
-1.01745862426274991     -2.58277958464573132
-1.01745862424757161     -6.02648569750090513
11.19204486678518506      4.30463264107807753
-7.12221036975923916     11.19204486678598620
-10.17458624251824517     -7.74833875392807681
 6.10475174551699329      9.47019181035076762
 3.05237587277222566      7.74833875392808391
 7.12221036976145250      4.30463264107454613
-6.10475174551101141     -0.86092652820998283
-1.01745862426664924      4.30463264107011945
-7.12221036977744060     -6.02648569750696961
 6.10475174552327804      2.58277958463697210
 5.08729312125504052      0.86092652821716731
 3.05237587276132594     -9.47019181035378566
-4.06983449700690247     -4.30463264106869481
 8.13966899402173105      9.47019181036281843
 2.03491724851020406     -4.30463264107775245
-9.15712761827552590      0.86092652822171434
 9.15712761827874289     -6.02648569749116980
 0.00000000000012293     -11.19204486678684241
-0.00000000000004493     -0.86092652822266147
 9.15712761828105748     -9.47019181036612423
10.17458624254151189      2.58277958464296642
 3.05237587276636146     -6.02648569750470564
11.19204486678624377     -9.47019181034795032
 7.12221036977740507     -6.02648569750708507
-4.06983449700749755      2.58277958464908197
 6.10475174551063215     -7.74833875392774729
-9.15712761827889565     -6.02648569749118312
-8.13966899403734523     -0.86092652821600257
 1.01745862425622335     -9.47019181035986080
-6.10475174551065081     -7.74833875392762028
-4.06983449701775424     -0.86092652822094418
 6.10475174553177702     -4.30463264107389776
 4.06983449700712807     -4.30463264106867882
-4.06983449700737321     -11.19204486678682819
 0.00000000000001653     -7.74833875393292448
-11.19204486678546751     -2.58277958463368540
 5.08729312127551747      4.30463264106887156
 6.10475174551360400      6.02648569750648111
 4.06983449700729416      2.58277958464906998
 8.13966899404153921     -7.74833875392932914
-8.13966899401722976      2.58277958464748281
-8.13966899404152855     -7.74833875392922788
 9.15712761827561295      0.86092652822170102
 6.10475174551104693     -0.86092652820985438
-2.03491724851393485     -11.19204486678604837
 4.06983449701291189      6.02648569749200913
-3.05237587276627309     -6.02648569750480334
-11.19204486678335719     11.19204486678438037
-1.01745862424070155      0.86092652821344218
 9.15712761828286048     11.19204486678681221
 2.03491724851392508     -11.19204486678601462
-0.00000000000011209     -4.30463264106883337
 4.06983449702409672     -7.74833875393070581
10.17458624252101629     -0.86092652821159465
 4.06983449701024025      9.47019181036573876
-1.01745862423726985      7.74833875392885307
-3.05237587274482358      4.30463264107217114
-8.13966899401477484     -4.30463264106891508
10.17458624252575028      6.02648569750373753
 9.15712761828278943     -2.58277958464912460
 7.12221036977927913      0.86092652820994209
