169    25.12222402920000164
 4.63290878431512265      8.56111201458096716
-2.25854340318389912     -1.50000000000944134
-11.24826294466557641     -5.67820734872230481
 9.82906120702371133     -4.56111201459157911
 1.16880716917891370      8.56111201458087123
 2.90085797674713319      7.56111201457940574
-0.52649259561213357      7.49999999999436540
-9.56204990733540150      0.31585353479516309
 6.40171063466019064      1.49999999999064615
 8.13376144222879027      0.49999999999016298
-0.52649259561571182     -4.50000000000978151
-5.72264501831943839      4.49999999999337863
-7.45469582589125856     -8.50000000000971490
 8.09701039945358048     -11.56111201459234472
 9.82906120702313757     -8.56111201459165194
 4.63290878431562270      6.56111201457809301
11.56111201459315652     -3.56111201459166171
-9.56111201459132332     -11.56111201459105686
-0.56324363839023817     -8.56111201459065363
-0.56324363838781688     11.56111201458834614
11.56111201459168747     -11.56111201459208004
 6.40171063466068802     -0.50000000001118816
 8.09701039945145951      8.56111201458144855
 8.09701039945218781      6.56111201457851045
-2.25854340317985836      8.49999999999636024
-9.30398008740554872      6.26167428740422327
11.56111201459235893     -7.56111201459166260
-2.29529444595892063     -9.56111201459100890
-2.25854340318448221     -5.50000000000996625
-7.49307610566259541     -4.50036788110897223
-7.66025403784308256     -10.93922862340440716
11.56111201459222571     -9.56111201459167859
-4.02734525352789952     -10.56111201459084370
-11.56111201459318494      8.18371150268108138
-9.27106745967730461     -1.66286554965186917
 9.82906120702265440     -10.56111201459167148
-0.52649259561362005      3.49999999999088995
 1.16880716917887617     -5.56111201459043603
 2.93760901952230613     -2.50000000001023759
 9.82906120701869668     11.56111201458631221
-9.41794478310238325     11.56111201459321514
 6.36495959188499505     -10.56111201459171589
-9.56117204531436826     -7.59519200202175071
-5.72264501832059125      2.49999999999337863
-5.72264501832170591     -1.50000000000841482
 9.82906120702432951     -2.56111201459157511
-2.29529444595565790     10.56111201458652182
 1.20555821195398316      4.49999999999314770
-11.30304219466230542      6.20043139940750532
 1.16880716917886374     -7.56111201459082327
-11.56111201459316007      0.25461064679860740
-7.48893178713753738     -0.50029186639901602
-11.56111201459316007      4.21715129613392481
 4.66965982709152527      2.49999999999123812
 9.82906120702150687      3.56111201457552440
-2.29529444595915422     -11.56111201459157733
 1.16880716917841965     -9.56111201459104798
-7.49477875972787988      3.49959970483574700
-7.45469582589089175     -6.50000000000971401
-2.25854340318440761     -3.50000000000944134
 2.90085797674813284     -4.56111201459065008
 1.16880716917843164     -11.56111201459171234
-9.24920083740879129     -5.61696446072653011
 6.36495959188555638     -6.56111201459122384
 4.63290878431682707     -5.56111201459096716
-2.25854340318194780      4.49999999999184119
 1.20555821195366608     -1.50000000000978129
-7.45469582588918733      1.49999999999288525
-7.48952231645926503      9.55085138574232673
-4.02734525352263795     11.56111201458995197
 1.20555821195491464      2.49999999999029709
-11.56111201459316007     -11.56111201459322047
 6.36495959188511229     -8.56111201459122739
 6.36495959188361127      7.56111201457963755
-0.56324363838991265     -6.56111201459064919
-11.56111201459316185     -7.65358717534944155
 1.20555821195604196      6.49999999999315126
-9.28897867012655709      2.29712385946295816
 9.82906120701946762      9.56111201458295668
 6.36495959188421612      5.56111201457694193
-11.56111201459316007     -3.70282752209516897
-3.99059421075113718      3.49999999999238121
 4.66965982709208571      0.49999999998928740
-2.25854340318250379      6.49999999999559641
-3.99059421075250365     -0.50000000000896905
 6.36495959188264671     11.56111201458598181
-9.56204990733629501      4.27839418413063033
 6.36495959188289895      9.56111201458287852
11.56111201458871918      6.56111201457948567
 2.93760901952285991     -0.50000000001023770
 4.66965982709273497      4.49999999999131450
-0.52649259561521677     -2.50000000000977884
-0.52649259561429096      1.49999999999080802
 9.82906120702372021     -0.56111201458996640
-3.99059421074988752      7.49999999999830624
11.56111201459271776     -5.56111201459166171
-11.27012956693407020     -1.72410843764828114
11.56111201458836035      8.56111201458132243
 8.09701039945452905     -5.56111201459138726
 2.90085797674758306     -8.56111201459109594
 4.66965982709146488     -1.50000000001072453
11.56111201458748106     10.56111201458459448
-5.72264501831667083      8.50000000000210498
 4.63290878431568309     -11.56111201459189886
 2.90085797674765011     -6.56111201459065541
-0.52649259561516160     -0.50000000000919831
-11.56111201459318139     11.56111201459318139
 2.93760901952276310      3.49999999999213207
-3.99059421075232335      1.49999999999229860
 9.82906120702085495      5.56111201457766491
-0.56324363838886526      9.56111201458288740
 9.86581224979866178      1.49999999999009437
-7.41794478310237704     11.56111201459318494
-5.72264501831406580     10.50000000000250289
-7.45469582588657165      5.49999999999639932
-7.45469582588410162      7.49999999999959677
-5.75939606109570246     -11.56111201459270532
 2.93760901952348386      1.49999999998976374
11.56111201459271243     -1.56111201459070714
 1.20555821195424850      0.49999999999022277
 2.90085797674698753      9.56111201458232074
 9.82906120701997743      7.56111201458043958
 8.09701039945283085      4.56111201457618254
-3.99059421075317378     -4.50000000000964562
-5.72264501832224060     -5.50000000000932143
11.56111201459065363      2.56111201457503279
-9.30398008740439053      8.26167428740423304
-9.56204990733433391     -3.64158463409906830
 6.36495959188629445     -2.56111201459099469
 1.16880716917901517     10.56111201458462645
-5.72264501832101669      0.49999999999166150
 8.09701039945557000     -1.56111201459137172
 2.93760901952433562      5.49999999999214140
 6.40171063466124224      3.49999999999067457
 8.09701039945494649     -3.56111201459138460
-11.28804077738331380      2.23588097146626597
-3.99059421074660614      9.50000000000004796
-9.13365204588798463     -9.58678701287576196
-2.25854340318385249      0.49999999999142880
-2.25854340318280933      2.49999999999142997
 4.63290878431703224     -3.56111201459067184
-3.99059421075023923      5.49999999999285549
-5.72264501832186312     -3.50000000000932143
-11.13354633814884487     -9.60734959497131769
 1.20555821195341206     -3.50000000001020872
-10.48952839884777077      9.87241175863713138
 8.09701039945094792     10.56111201458433513
-7.45469582589039970     -2.50000000000873257
 2.90085797674655943     11.56111201458697479
 6.36495959188572336     -4.56111201459099913
-5.72264501831737871      6.49999999999586553
 8.13376144222983655      2.49999999999018474
 8.09701039945384515     -9.56111201459147964
 4.63290878431638564     -7.56111201459096716
-2.29529444595903165     -7.56111201459046178
 8.09701039945431056     -7.56111201459146098
-5.75939606109679136     -9.56111201459061633
11.56111201458974413      4.56111201457666304
-4.02734525352770234     -8.56111201459084370
 4.63290878431630837     -9.56111201459135884
-0.52649259561437822      5.49999999999424194
 9.82906120702331698     -6.56111201459162441
 2.90085797674711454     -10.56111201459136417
-0.56324363839026159     -10.56111201459138726
11.56111201459316007      0.43888798540929308
-3.99059421075354281     -6.50000000000964828
-5.72264501832219619     -7.50000000001003553
 4.63290878431466879     10.56111201458441862
-3.99059421075316534     -2.50000000000901057
