171    25.32559465530000153
 9.93074652005921976     -3.33720267237887214
-10.44762133934707826     -9.92570741503855380
-8.44762334796886982     -9.92287289865383215
-11.66279732763359611     -8.33720267236641099
-9.93074651996837154      6.66279732756210130
-2.19869571237101269     -2.33720267239279078
 6.46664490489701382      0.66279732762604615
 4.73459245485362779     11.66279732762884258
 8.19869571246509032      1.66279732762974231
 8.19869571244478301     11.66279732762976806
-0.46660043953774138     -1.33720267132313975
-0.46539997657622001     -5.33933966116188330
 6.46664490492856192     -3.33720267237396939
 3.00254328974196705      6.66279732764070420
11.66279732761520371      1.66279732762914079
 6.46664490488234023      8.66279732763704935
 9.93074652002997027     10.66279732763210397
 9.87809837066678398     -11.66279732762745525
-11.66279732755005938     11.66279732763360144
-9.62265498356704363     -8.10374914665896462
 6.46664490489282429      2.66279732762795707
 3.00254328960772732      2.66279732788172652
11.66279732763353039     -0.33720267237086282
 3.00254328972943618      8.66279732764092891
 9.93074652003719294      2.66279732763209376
 4.73459409473914583     -6.33720267237070001
11.66279732762776078     -10.76010710776867363
 3.00252126301258038      4.66279732776086142
 0.56106999709957506     -11.66279732763328703
 1.26542813514137320     -0.33716416381312614
 1.26543545237864352     -4.33715148922051785
-4.19869571166025768     -0.33720267287569283
-8.19869571032083932     -4.33720267245047708
 1.27045928995312107     -6.33714517947457079
-6.19869571240246131      5.66279732703488214
-6.44762535659064628     -9.92570741502721354
-6.19869571242910045     11.66279732704245120
 4.76923461535778159     -8.33690265845143053
-5.44762736859864916     -8.19081977032542952
 9.93074652006448666     -5.33720267237887214
 6.46664490489170785      4.66279732762886123
 1.26542077501057948      3.66282308758908348
 6.33026902390423718     -9.65915336927077028
-2.19869571183668899     -6.33720267281770422
-4.19869571242908801     11.66279732712604655
 8.19869571245910223      9.66279732762975208
-7.45640256753667163     -11.65996281125354628
-4.19869571237105799     -2.33720267287575512
-6.19869571238498018      7.66279732703510241
 4.73459409732560843     -0.33720267237065016
-1.45640859998304006     -11.66279732763360322
 1.27047392449414875      1.66282947117919711
 9.93074652006446890     -7.33720267239774060
 6.46664490386076629     -5.33720267423544659
-0.46662997257618466      6.66279732772346645
 1.56106999710034144     -9.93074652006483305
-3.45640658807072532     -11.65996049044671246
 8.19869571249887663     -6.33720267238453250
-9.93074651982486145     -3.33720267265019377
-2.19869571032031841     -4.33720267281769178
-7.44762736859866603     -8.19081976977934012
-8.19869571166114497     -0.33720267245010876
-6.19869571166085898     -0.33720267296992795
 9.93074652003968161      0.66279732763209376
-2.19869571236490646      1.66279732760803589
11.66279732760759202      7.66279732762914811
 3.00254328921617430     -1.33720267143485594
-0.46664490444346601      0.66279732821851922
 2.75843490592372609     -8.07416321511821522
 8.33940006995397631     -8.54865489007741886
11.66279732762890653     -2.33720267237274149
-4.19869571032033662     -4.33720267287580441
-4.44762736850295237     -9.92287057784864501
 1.27046658587770378     -2.33715781730660099
-2.19869571243671524      9.66279732761459620
 4.73459409703545830      1.66279732762937860
-8.19869571243967599      9.66279732756956022
-11.66279732755103815     -2.33720267236641011
-0.46664490483671062      8.66279732766827060
 9.93074652003480374      4.66279732763209775
 1.26541337165588597      7.66281026433468160
-1.44762736855301322     -8.19081977020247365
-4.19869571238438866      7.66279732712527384
 4.56106999710151761     -11.66279732762937549
-9.93074651994277779      0.66279732755750653
-9.45640055891489517     -11.66279732763359789
 8.19869571246874251     -0.33720267237026036
-4.19869571193481939     -6.33720267287581329
-0.46664490482878007     10.66279732766852462
 4.73459409730613690      9.66279732762946963
 9.93074652006281511     -1.33720267236790602
 0.55233069855875250     -8.20377083188105694
-6.19869571237111749     -2.33720267297098383
-0.46661516000067993      2.66279732799739399
-6.19869571032034639     -4.33720267297141326
-6.19869571243700168      9.66279732703762662
-11.66279732757884879      5.66279732763359345
-9.93074651993581092     -1.33720267244280966
 4.73459409730438718      5.66279732762942700
-0.46664490473649500      4.66279732777891187
-6.19869571220729387      3.66279732703482797
 6.60734926239088161     -7.54865489006739665
-11.66279732744514241     -6.33720267236641099
-2.19869571165998012     -0.33720267239274354
-11.66279732759607235      9.66279732763359789
-5.45640457615843655     -11.66279732762251520
-4.19869571240205897      5.66279732712525252
-11.66279732754521348      1.66279732763359145
-6.19869571236620853      1.66279732703052052
-8.19869571220775839      3.66279732755030629
 8.19869571246454321      3.66279732762974364
 3.00055684869194206     10.66624300569060502
-2.19869571220713134      3.66279732760840249
-4.19869571243674589      9.66279732712539818
-2.19869571240182138      5.66279732761237753
 4.73459409732245806      3.66279732762942611
-0.46664490389925034     -3.33720267082930055
 4.73459409625022332     -2.33720267237065471
 3.56106999710034433     -9.93074652006112402
 9.93074652003413583      6.66279732763209953
-11.66279732756716747     -4.33720267236641011
 4.73459409735777204     -4.33720267237065649
-9.93074652000754021      8.66279732756585474
 8.19869571249529727     -2.33720267237026036
-2.44762736850295015     -9.92287057780032988
11.66279732762802546     -6.33720267238824153
 3.00250620179602823      0.66279732822306403
-9.93074652000189140     10.66279732758978049
-8.19869571237111927     -2.33720267245015556
11.66279732761235444      3.66279732762914456
-8.19869571236663930      1.66279732754994769
-9.93074651993108937      2.66279732755837717
-11.66279732762192367      7.66279732763359434
-11.66279732759297616      3.66279732763359211
 6.46664409095015458     10.66279873738921324
-2.19869571238221662      7.66279732761275234
-3.44762736858295415     -8.19081977023314067
-6.19869571197628488     -6.33720267297343298
-11.66178834140570331     -11.66151273156878077
 3.00249151298208661     -3.33720267076599431
-4.19869571220726545      3.66279732712512596
 1.26540590276505349     11.66279732763357657
-8.19869571240498729      5.66279732755149379
 8.19869571249147100     -4.33720267238430690
-8.19869571238668193      7.66279732755364851
 6.46664490489418320     -1.33720267237396939
 1.27049622215742208      9.66280380548194628
-11.66279732755956644     -0.33720267236641022
 6.56106999710151761     -11.66279732762776256
-9.93074651998009550      4.66279732755955756
11.66279732761250898      5.66279732762914456
 3.00254328847847018     -5.33720267010093519
 4.73459409731774539      7.66279732762943588
 1.27048130614693888      5.66281668533498994
11.66279732762564691     -8.33720267241661261
-9.93074651970486322     -5.33720267265057480
 8.19869571246374917      5.66279732762974675
-8.19869571242930739     11.66279732758813026
-0.44766930144200262     -9.93582163944950558
-4.19869571236560102      1.66279732712471295
 8.21958418388402201     -10.54506270248583455
11.66279732763165100     -4.33720267237274637
11.66279732760141918     11.66279732762943233
 6.46664490489016686      6.66279732763020771
11.66279732760398957      9.66279732762915700
-2.19869571242896100     11.66279732761489285
 2.56106999710151761     -11.66279732763303123
-8.19869571202043623     -6.33720267245051616
 8.19869571246224282      7.66279732762974675
 9.93074652003234348      8.66279732763210042
10.07145087751332291     -9.54865489009393542
