174    25.52352383024369686
10.76176191512028879     -10.02971110755057893
-1.96630817348893583     -3.82669535302886477
 1.03369182654041336     -2.09464454544277645
-7.96630817344702891      6.56560949240859237
 2.76176191511968483     -6.56560949241351377
 4.03369182655402891     -0.36259373786580784
-3.96630817343953668     10.02971110755108519
-0.96630817345527931      4.83355868483535200
-0.96630817345630848      1.36945706969687020
10.03369182656046554     10.02971110755290596
 5.76176191512139102     -11.76176191512072577
 2.03369182654407155      3.10150787726619726
 4.03369182654407421      3.10150787726628563
 5.03369182656045044     11.76176191512016445
 0.76176191511757940     -10.02971110755020412
 4.76176191511946811     -3.10150787727562038
-5.69437826324351626     -11.76176191500742974
 6.03369182655297287      6.56560949240919101
 0.03369182656046078     10.02971110755125217
-0.96630817343954789     11.76176191512016267
-8.96630817343954512     11.76176191512176850
-2.96630817345990261     -2.09464454544322543
 8.76176191511930824      3.82669535300001229
-11.76176191511476787     -11.76176191511734714
-7.69437826324807173     -11.76176191502255364
 9.03369182656044956     11.76176191512177382
-5.99437999005846134     -3.84276285364244696
 3.03369182655296754      8.29766029997806420
 9.76176191511995839     -8.29766029998188159
 8.76176191511953384     -3.10150787727537836
-3.96630817345774878     -0.36259373787310489
 6.76176191511931979      0.36259373786225119
 1.03369182654369385      1.36945706969700454
-4.96630817344716480      8.29766029997773913
-3.96630817345593290      3.10150787726584110
 5.76176191511939439     -1.36945706970667369
-0.23823808487860773     -11.76176191512184843
 7.76176191511961466     -4.83355868484430218
 3.03369182656045089     11.76176191512014846
-3.96630817344702935      6.56560949240885883
-10.72807008925132521     -10.04960502711229786
 5.76176191511982783     -8.29766029998218535
 1.03369182655433911     -5.55874616057261406
11.76176191512017688     -4.83355868484390072
 4.03369182655297198      6.56560949240919012
 8.03369182655395875      6.56560949240973901
-8.01628584221628593      3.13134045702065800
-2.96630817345528630      4.83355868483521434
10.76176191511957292      0.36259373786239624
 2.03369182655423097     -3.82669535300367603
-9.72807008926860739     -8.31755421953344154
 7.76176191511939439     -1.36945706970658221
-6.96630817345528630      4.83355868483494788
 7.03369182656044956     11.76176191512013425
 1.76176191512139169     -11.76176191512100644
 7.03369182655394010      4.83355868484087292
-8.96630724863755013      1.37138042129786819
 9.76176191511933666      5.55874616056888371
 5.03369182655297820      8.29766029997807131
-8.76215083359945268     -6.56626897962317813
 2.03369182656045977     10.02971110755126638
 9.03369182655408487      8.29766029997861132
 1.76176191511978852     -8.29766029998249799
 5.03369182655395253      1.36945706970311254
 3.76176191512139146     -11.76176191512085367
 7.03369182655299419      8.29766029997805887
-5.96630817345593290      3.10150787726569765
-2.96630817345630859      1.36945706969674696
-6.69437826325436536     -10.02971110742474714
 0.03369182655297032      6.56560949240908887
-7.71894647697873193     -8.28347148336927930
-0.96630817345988529     -2.09464454544307221
 3.76176191511979185     -8.29766029998232924
-9.75850171390999144     -4.82756248552963019
11.76176191512056235     -8.29766029998147658
 5.03369182654487446      4.83355868483563800
-7.99351509887909373     -0.37723777084345400
 2.03369182655297065      6.56560949240917502
 1.03369182656045155     11.76176191512014668
-7.72881057886639944     -4.85389988449553922
11.76176191512184843      9.02284777570520546
-10.76176810997512057     -6.60539375463904044
 3.03369182655411507     -2.09464454543473355
 6.03369182655394187      3.10150787727199528
-0.96630817344769881     -9.02284777570918806
 0.03369182654406717      3.10150787726609733
-11.27106411031937583      5.98788450443942111
 9.76176191511942015      2.09464454543118528
 7.76176191512139013     -11.76176191512049840
-11.76176191512185021      9.92675419174747375
-1.96630817345593267      3.10150787726596411
 2.03369182654226677     -0.36259373787269661
-10.96630817343954512     11.76176191512185021
-11.76176191512184843      4.04901481713136846
 6.76176191511971325     -6.56560949241324199
11.76176191511995661      5.55874616056912618
-9.69437826326402785     -11.76176191504285384
-11.76176191512185021      2.04901481713137068
-1.96630817344702957      6.56560949240899649
-6.96630817344769770      8.29766029997785637
 8.76176191511940772      0.36259373786229904
-1.96630817344363762     -10.75489858328040782
-3.96630817348894826     -3.82669535302636143
 4.76176191511968483     -6.56560949241338943
-2.96630817344713549      8.29766029997781907
-9.15981532473673532      4.90596263041768310
 1.03369182654472813      4.83355868483545326
-11.76176191512162106     -1.32999755102111150
 0.03369182655446415     -7.29079696814156186
-10.83376288931870235     -3.10166846188527057
-3.69437826200866404     -11.76176191512185198
-9.76345038838612922     -1.41216227651854687
-11.76176191495135015     -8.33744813889181735
-8.69397550539547836     -3.10219880708589590
 8.76176191511975411     -6.56560949241309899
-7.96630817343953446     10.02971110755289530
 9.76176191511957825     -1.36945706970648451
 8.76176191512004188     -10.02971110755084005
 7.76176191511931446      2.09464454543113154
-4.96630817349478182     -5.55874616059188043
 0.03369182654225860     -0.36259373787283417
 8.03369182656045844     10.02971110755116868
10.76176191511944324      7.29079696813771516
-6.96630817345810804      1.36945706969807612
10.76176191511988556     -6.56560949241295777
 5.76176191511957736     -4.83355868484444340
-2.96630817343954734     11.76176191512004365
 6.76176191511947255     -3.10150787727550581
-9.84697146256610267      9.34919248699087468
 2.76176191511993574     -10.02971110755128947
-5.96630817343953535     10.02971110755102124
11.76176191512139191     -11.76176191511962266
-0.96630817344710940      8.29766029997792032
-6.69437826205483244     -6.56560949244188752
-1.96630817345774145     -0.36259373787295729
 1.03369182655290048      8.29766029997801091
 9.76176191511967239     -4.83355868484417517
 4.03369182656045933     10.02971110755126816
-6.96630817343954600     11.76176191512180935
-2.96630817395258539     -9.02284777599395049
-5.69437826251864898     -8.29766030027854562
 3.03369182654474168      4.83355868483554740
-11.76176191505304125     -4.87333937044499343
 7.76176191511985802     -8.29766029998203614
-10.01546664601147896      3.07410311136095604
-4.96630817345992792     -2.09464454544072920
 0.03369182651106795     -3.82669535302871955
-1.96630817343953779     10.02971110755117223
-10.69144941212037736      0.35950863308861580
-6.96630817345992792     -2.09464454543906253
11.76176191511994418      2.09464454543143486
-4.96630817343954689     11.76176191512000635
11.76137041279746320     11.75291927404347092
 4.76176191511993530     -10.02971110755112427
 9.76176191512139013     -11.76176191512010583
-3.96630817395162616     -7.29079696842451774
-5.96630817344702979      6.56560949240873626
 3.76176191511957736     -4.83355868484457396
11.76176191511995661     -1.36945706970628955
-1.96630817391190771     -7.29079696840831204
-11.76176191512184666      7.92675419174747553
 3.03369182654369540      1.36945706969710312
10.76176191511954094      3.82669535300008645
-4.69437826251586188     -10.02971110784580944
-4.96630817345630948      1.36945706969660308
-0.96630817349441200     -5.55874616060090343
-9.80623954008835241      7.34960730238601201
-8.69437826326023000     -10.02971110746039685
 6.03369182656045844     10.02971110755124506
-4.96630817345528630      4.83355868483509177
10.76176191511978431     -3.10150787727524380
 6.76176191511998592     -10.02971110755101947
-5.96630817345848463     -0.36259373787101856
-2.96630817349477338     -5.55874616059860216
