181    25.97526048880000005
-3.61924211666353779     -1.59532539897074632
-11.98763024438380498      1.59532539897102121
-1.98763024438298852      8.52352862924661281
 8.98763024438359359      4.79160879018298491
10.98763024438366998     -5.60069605523022851
 4.98763024438356872      1.32750717504524851
 0.38075788333643884     -5.05942701410854667
10.98763024438362557     -2.13659444009250254
-0.38075788332935334      9.71431039571034383
-8.61924211666392637     -10.25557943681492468
10.98763024438368063     -9.06479767036798378
-5.61924211666355866     -1.59532539897068393
 6.98763024438357228      1.32750717504523918
-2.98763024436834046     10.25557943682394679
 1.96474232462996534     11.98763024438392222
11.98763024438379432      9.98776121288951835
-1.61924211666371587     -11.98763024438397551
 0.98763024438360658      8.25571040532089206
 7.98763024438359093     -3.86864524766138951
 3.98763024438359359      6.52365959775193449
 4.38075788333648575     -5.05942701410855911
-3.61924211666371631     -8.52352862924621490
 1.38075788333644045     -6.79147782167743053
 1.38075788333640559     -10.25557943681517159
-9.98763024438354030      1.59532539897104653
-7.61924211666392015     -11.98763024438383695
 9.98763024438359714     -0.40454363252363423
-0.61924211666345552      3.60082702373587704
-11.98763024438378366     11.98763024438401459
 0.38075788333653177      1.86877621616698475
10.98763024438361136      1.32750717504523741
-1.61924211666357620     -5.05942701410852624
-0.01144395984950963     11.67991646660411931
-7.61924211666372564     -5.05942701410834417
-4.98763024438302249      6.79147782167777514
-7.98763024438343638     11.98763024438417446
-10.98763024438365399     -0.13672540859777210
-6.98763024438317437     -0.13672540859771995
 4.98763024438358560      4.79160879018303021
 6.98763024438363178      8.25571040532076417
-3.98763024438322899     11.98763024438422953
 8.98763024438360958     -5.60069605523025604
-0.61924211666354700     -3.32737620653966060
 7.98763024438357228     -0.40454363252363834
-5.61924211666368656     -5.05942701410842322
11.98763024438370017     -7.33274686279908838
 9.98763024438361668     -3.86864524766137663
 4.38075788333650085     -1.59532539897081360
-6.98763024438333602      6.79147782167760639
 3.98763024438357272      3.05955798261415879
 4.98763024438363090      8.25571040532079259
 2.98763024438358471      4.79160879018306129
-5.98763024438304647      5.05942701410889395
-4.61924211666379669     -10.25557943681505613
 0.38075788333634475     -11.98763024438401992
 8.98763024438363445      8.25571040532074107
11.98763024438367530      6.52365959775183057
-9.98763024438344615     -5.33287783130421200
-9.98763024438360070     11.98763024438408920
 6.98763024438357050     -2.13659444009252342
-3.98763024438303981      5.05942701410888596
 3.38075788333646665     -6.79147782167743230
-7.61924211666386952     -8.52352862924607990
 3.38075788333651284      0.13672540859807070
-11.98763024438368596     -5.33287783130402726
-8.98763024438321168     -0.13672540859764698
-10.98763024438371083      6.79147782167749003
-2.61924211666349338      0.13672540859812640
 0.38075788333657473      5.33287783130473780
 3.96474232463000886     11.98763024438386005
 5.98763024438357050     -0.40454363252363912
 5.98763024438357405      3.05955798261412548
-5.98763024438328273      8.52352862924650267
-10.98763024438364511     -7.06492863887297595
 9.96474232463036991     11.98763024438374991
 5.38075788333650085     -6.79147782167743674
 5.38075788333650440     -3.32737620653968902
-0.61924211666339024      7.06492863887363498
 3.38075788333645688     -10.25557943681518580
-5.98763024438310865      1.59532539897112025
-2.61924211666355644     -3.32737620653963484
-4.61924211666349471      0.13672540859815641
-9.98763024438332359     -1.86877621616646827
-7.98763024438313263      1.59532539897118486
-4.98763024438305802      3.32737620654000610
 5.98763024438364688      9.98776121288966046
-8.98763024438335378     -3.60082702373538144
 2.38075788333648086     -1.59532539897080028
-3.61924211666346896      1.86877621616701917
 4.38075788333647598     -8.52352862924630905
 1.38075788333645533     -3.32737620653967481
 0.38075788333640853     -8.52352862924628951
 5.96474232463006881     11.98763024438381741
11.98763024438369307     -3.86864524766134554
-11.98763024438373925     -8.79697944644182606
 8.98763024438358826     -2.13659444009250699
 2.38075788333643867     -8.52352862924631083
-10.98763024438370373      3.32737620653984045
 6.38075788333651861     -8.52352862924630372
-5.61924211666388818     -11.98763024438388314
 7.96474232463010612     11.98763024438378721
10.38075788333659588     -11.98763024438403590
-0.61924211666349149      0.13672540859811666
-2.61924211666345785      3.60082702373589125
-9.61924211666394768     -11.98763024438379077
10.98763024438361668      4.79160879018297514
-1.61924211666352957     -1.59532539897077230
 8.38075788333655858     -11.98763024438404123
-2.98763024438302249      6.79147782167775471
-4.61924211666360662     -3.32737620653958954
-9.61924211666389084     -8.52352862924600352
 7.98763024438357494      3.05955798261411571
-3.98763024438298874      8.52352862924665189
-1.61924211666365747     -8.52352862924626287
-11.98763024438382452      5.05942701410866569
-6.98763024438334668     10.25557943681534745
 5.38075788333650618     -10.25557943681517870
 9.38075788333658700     -10.25557943681515560
 3.38075788333647331     -3.32737620653968191
10.98763024438367175      8.25571040532070732
-1.98763024433089086     11.98763024437121061
-1.61924211666343032      5.33287783130477067
-3.61924211666361861     -5.05942701410847739
 9.98763024438362201      6.52365959775185633
-10.61924211666395834     -10.25557943681484296
-5.61924211666378426     -8.52352862924615451
-0.61924211666365003     -10.25557943681513606
 7.98763024438365310      9.98776121288963559
 9.98763024438364866     -7.33274686279911236
11.96474232463082288     11.98763024438369840
11.98763024438373037     -10.79684847793683566
 6.98763024438359270      4.79160879018300712
-6.98763024438306335      3.32737620654002475
 9.98763024438368241      9.98776121288959295
-9.98763024438359359      8.52352862924635879
 2.38075788333653238      1.86877621616695899
 6.38075788333653815     -11.98763024438403946
-6.61924211666389439     -10.25557943681497264
-4.61924211666370077     -6.79147782167731595
11.98763024438365576     -0.40454363252361669
-2.61924211666372520     -10.25557943681510231
 1.98763024438358715      6.52365959775197357
-10.98763024438341063     -3.60082702373530195
 4.38075788333649552     -11.98763024438405367
 1.38075788333655458      3.60082702373584906
11.98763024438364688      3.05955798261411216
 7.98763024438361402      6.52365959775187587
-3.61924211666380824     -11.98763024438393998
 2.38075788333646443     -5.05942701410855467
 8.98763024438358293      1.32750717504523497
-11.98763024438374991     -1.86877621616659484
-7.98763024438341418      8.52352862924644050
 0.38075788333647237     -1.59532539897078651
-10.98763024438369484     10.25557943681518225
 3.98763024438363756      9.98776121288970664
-5.98763024438329783     11.98763024438422775
-9.98763024438358471      5.05942701410868434
 7.38075788333652838     -6.79147782167742964
-7.98763024438326230     -1.86877621616655687
-4.98763024438326319     10.25557943681537054
-8.61924211666381446     -6.79147782167717029
 1.98763024438362979      9.98776121288975816
-8.98763024438353320     10.25557943681524975
 9.98763024438359537      3.05955798261410550
-8.98763024438350833      6.79147782167753000
-6.61924211666377005     -6.79147782167725378
-6.61924211666363593     -3.32737620653951671
-7.98763024438336178      5.05942701410873319
 8.38075788333657279     -8.52352862924628418
 1.38075788333651017      0.13672540859809448
-8.98763024438345326      3.32737620653987731
-2.61924211666364481     -6.79147782167737279
-0.61924211666359230     -6.79147782167741276
-1.61924211666346896      1.86877621616700740
 5.98763024438360159      6.52365959775189808
 2.98763024438361180      8.25571040532084410
-11.98759915935495890     -11.98762931330289305
 7.38075788333654881     -10.25557943681516804
-11.98763024438384228      8.52352862924630017
 6.38075788333650884     -5.05942701410856355
 2.38075788333642091     -11.98763024438404479
