191    26.63532394684290239
-12.31766197342083302     12.31766197341953806
 1.68233802658050302      5.18761756149690001
-9.31766197342002833      3.45556675392825063
 2.58873505338427146     -3.53123244263765912
-8.31766197341966951     -8.85356035828112908
 7.68233726298666930     -5.31579935376937129
 4.68233802658042286     -10.58561116585034867
-4.31766197341961266     -12.31766197341846691
10.02871906164906335     -5.34324195639060040
 6.62206115790107930      6.95309778978043447
-4.31766197342080549     12.31766197341925029
-2.31766197342146629     -5.31405167907096132
10.55506288045663865     10.51811999574316303
-4.31766197342144764     -1.74841320620372098
-12.31766197341976721     -12.31766197341951496
 7.68233802658048237     -12.31766197342009228
-11.32447166441888520     -0.01244862992213850
 7.70743484013316671     -8.86829450231941330
12.31766197342145119      1.57874607407571066
-0.31766197341956526     -8.85356035828057308
 4.58873505338427101     -3.53123244263798819
-1.32447166441874287     -0.01244862992254494
-1.44493711954336268     10.51811999574149148
-1.41126494661572810     -3.53123244263735225
-10.31766197341968549     -8.85356035828131027
-8.31766197342144764     -1.74841320620387974
-7.32447166441876707     -0.01244862992266407
 3.68233802658038911     -12.31766197341923785
-1.31766197341958469     -10.58561116584944806
 0.67552833558126291     -0.01244862992264355
-8.31766197342146008     -5.31405167907127129
 0.61398687536862073     -7.08380601867531290
 6.58873505338427012     -3.53123244263832214
-4.31766197342115987      8.71857801806376109
 8.62206115790107930      6.95309778978110593
-11.37793884209902728      6.95309778978021775
-7.41126494661579471     -3.53123244263757297
-6.31766197342002656      5.18761756149727660
-5.37793884209892070      6.95309778978080484
-12.31766197342144764     -1.74841320620349872
-12.31766197342030189     -8.85356035828137955
 6.61398687536862884     -7.08380601867618065
 6.67552833558126490     -0.01244862992351299
-8.31766197341966773     -12.31766197341907620
 4.68233802658045217      3.45556675392763868
 5.68233802658125420      5.18761756149605535
-11.31766197341961089     -10.58561116585030071
12.31766197342142455      9.57300389838807320
-3.41126494661572943     -3.53123244263734204
 7.68233726298669595     -1.75016088090214361
-12.31766197342125224      8.71857801806323707
-11.41126494661599899     -3.53123244263735891
-6.31766197342146185     -5.31405167907106080
-11.31766197342015090      3.45556675392822665
-10.31766197341967306     -12.31766197341935509
10.58561116585266326     -7.42125392593368360
-6.31766197342118119      8.71857801806371846
-5.44493711954336312     10.51811999574138845
-5.32447166441876707     -0.01244862992258705
-11.44493711954352833     10.51811999574105272
-10.31766197342010472      5.18761756149709541
 3.68233802657852927     -5.31405167907159548
 7.68243905411263039      1.72193277280915491
-5.38601312463150794     -7.08380601867539017
 5.68233802658039000     -12.31766197342012426
 7.68233802657928688     12.31766197341976010
 7.68233802658128528      5.18761756149572495
-4.31766197341966329     -8.85356035828051802
-9.38601312463156567     -7.08380601867600301
 5.68233802657852838     -5.31405167907192943
-2.31766197341985780      5.18761756149722775
 0.68233802658024711      3.45556675392816937
 0.62206115790107952      6.95309778978083681
 2.68233802658034648      3.45556675392790469
-5.31766197342001412      3.45556675392840473
-0.31766197342144747     -1.74841320620382490
-6.31766197341966329     -8.85356035828066901
 2.68233802658041975     -10.58561116584997031
 7.68233802657894049      8.71857801806408617
-1.31766197341985780      3.45556675392832480
10.58561116571804206     -9.42125392596330080
 5.68233802657893872      8.71857801806357990
12.31766197342098224      7.57300389838807231
12.31766197342145119     -6.42125392593353173
-4.31766197341995372      5.18761756149726327
-1.37793884209892026      6.95309778978086346
-3.44493711954336268     10.51811999574142931
-2.31766197342113323      8.71857801806380195
 3.68233802657926113     12.31766197341930003
 4.62206115790107930      6.95309778978057480
 1.68233802658038889     -12.31766197341890390
-9.44493711954352477     10.51811999574128542
-7.44493711954342796     10.51811999574130674
-10.31766197342083302     12.31766197341933200
 8.67552757198940760     -0.01419630462096336
 3.68233802658062004      5.18761756149665398
 2.61398687536862706     -7.08380601867551984
 2.67552833558126313     -0.01244862992285953
-7.31766197342002478      3.45556675392831503
 0.58873505338427179     -3.53123244263744374
-7.31766197341958957     -10.58561116584997919
-8.31766197342007807      5.18761756149717801
10.58561116585274320      0.57874607407541800
 1.68233802658005827      1.72351594635918315
 1.68233802657922626     12.31766197341931246
-3.31766197341958469     -10.58561116584940009
-10.31766197342009050      1.72351594635937921
-11.38601312463162252     -7.08380601867625970
-2.31766197341961133     -12.31766197341832303
-7.38601312463155146     -7.08380601867581206
 1.68233802657892717      8.71857801806370425
11.68233802658050458     -12.31766197342068025
-12.31766197342065894      1.72351594635960592
 3.68233802658052189     -8.85356035828115040
-10.31766197342145652     -5.31405167907135301
 1.68233802657853038     -5.31405167907126685
-3.37793884209892026      6.95309778978083060
10.58561116585507378     -3.42125392592920274
-6.31766197342144764     -1.74841320620381113
10.33820294549961538      4.58762493628251633
-1.38601312463140225     -7.08380601867523296
10.44216392488606360     -1.41711867119684909
 9.71112048802277528      8.63162662369639477
 4.61398687536862706     -7.08380601867584847
11.91202316239501968     12.17954831513629443
-2.31766197342144720     -1.74841320620373319
 5.68233802657855325     -1.74841320620470198
 2.62206115790107930      6.95309778978071513
12.31766197341959490     -10.42125392593383637
 9.68233802658048681     -12.31766197341545066
-3.32447166441875108     -0.01244862992252324
-0.31766197342109848      8.71857801806379840
-5.41126494661573787     -3.53123244263744418
-8.31766197341997504      1.72351594635938721
 8.55506288045663865     10.51811999574178991
-3.38601312463145909     -7.08380601867525517
-9.31766197341960023     -10.58561116585015327
 6.55506288045663865     10.51811999574140444
-10.31766197342144764     -1.74841320620386109
-6.31766197342080549     12.31766197341920765
-3.31766197341993019      3.45556675392839230
-2.31766197341960289     -8.85356035828050203
-10.31766197342123803      8.71857801806354793
12.31766197342145119     -8.42125392593383637
10.58561116585233464      6.57300389838764332
-9.41126494661590307     -3.53123244263764313
-0.31766197341994995      1.72351594635939431
-9.37793884209892781      6.95309778978064763
 8.58873428979241105     -3.53298011733576445
-7.37793884209892425      6.95309778978068582
-4.31766197341995372      1.72351594635952665
12.31766197342145119     -0.42125392592487443
 6.68233802658142828      3.45556675392676516
-0.31766197341967695      5.18761756149710163
-12.31766197342052926      5.18761756149689379
 4.67552833558126313     -0.01244862992318837
-5.31766197341958780     -10.58561116584957595
 1.68233802657855236     -1.74841320620404028
12.21053537434386627      3.57587498623187638
 2.55506288045663776     10.51811999574143641
 3.68233802658017417      1.72351594635892091
-6.31766197341962776     -12.31766197341891278
-6.31766197341996794      1.72351594635946492
 5.68233802658053833     -8.85356035828151278
 9.68233802657931086     12.31766197342108882
 8.61398611177695095     -7.08555369337352658
 0.55506288045663732     10.51811999574149503
 1.68233802658048970     -8.85356035828080756
-0.31766197341961122     -12.31766197341853442
 8.68233802658143361      3.45556675392692281
 5.68233802658018039      1.72351594635860006
-8.31766197342082592     12.31766197341916325
 3.68233802657893383      8.71857801806362964
-2.31766197341995372      1.72351594635950134
-0.31766197342077818     12.31766197341932845
 0.68233802658041787     -10.58561116584964523
 4.55506288045663776     10.51811999574141332
-8.31766197342120428      8.71857801806359056
-2.31766197342078550     12.31766197341932667
12.31766197342145119     -4.42125392593353084
12.31766197342144764      5.57300389838804211
-4.31766197342146452     -5.31405167907095333
 5.68233802657926557     12.31766197341935865
-0.31766197342146801     -5.31405167907105191
-12.31766197342145475     -5.31405167907143205
10.47848456677503926      2.57587498623178801
 6.68233802658042819     -10.58561116585122086
 3.68233802657855236     -1.74841320620436913
 8.88972349915045257     -10.48142609235142153
12.31766197342145119     -2.42125392592487421
-9.32447166441877684     -0.01244862992260760
