196    26.99246722499999862
 9.50370970128226311     -9.02356341423890740
 5.50370970128481840     -12.49623361247790854
-3.50371955167561833     -10.75989851336875880
-3.17899471709753856     12.49623361248028175
-12.49623361247783926      8.33871781025329639
-5.50277518632451024      6.61044378208223371
 4.57107380388960216     10.49984688981352221
-4.49626195560681019      8.33871781023622738
 3.49718229900423561      8.33496557669271354
-1.50373372323431975     -7.27969930217290617
-5.50370046216699116      3.13830845310275919
-8.50276101476286961      8.33496557668165750
-1.50280352944308948      6.61044378208616479
 6.49625210520639484     -7.28722831513645097
 4.49625210520639484     -7.28722831514170544
-7.50368629060770509      3.13077944013209297
 0.49625210520580848     -10.75989851336777114
 3.50370970128082959      4.86711172799253156
-6.49624778404174386     -9.01603440128738676
 5.50370970128112535     -5.55089321602349806
12.49623361248250397     -10.75129789992452878
-12.49623361248250042      4.86711172799579206
11.50369615097639731     -2.06961955084467153
-0.49629029871944641      4.86711172798832159
-6.49935132006041982      8.37499448299093352
11.92223746835187548      8.58037129316869240
-1.50373372323490684     -10.75236950039759520
 2.60639433305894697     10.12563494866708247
 9.50370970128137849     -2.07822301791872066
-9.50369118406760549     -0.34188793283288971
 2.49625702315514442      3.13077944014688025
-8.49623361248244890     -12.49623361248250220
 4.49718229899762179      6.60291476911979380
 7.49718229898801614      8.33496557670418348
 7.50370970128136072     -2.07822301792617514
-10.49938801289073353      8.45107303057923609
 1.50370970128058890     -9.02356341424934350
-0.49629029871916402     -2.07822301794503739
 1.50370970128233195     -12.49623361247597764
-9.22551353659298989     10.19980572859500612
10.49625210520581220     -10.75989851335520520
 1.50370970128120196     -2.07822301793747855
-6.49624778404174297     -5.54336420306304056
-3.50371955167503124     -7.28722831514407510
 3.50370970128119019      1.39444715228639637
 7.50370970128124437     -5.55089321601430896
-7.24814778853967745     10.49984688981387393
-5.27365463979318427     10.18144964492447713
 4.49625210520580776     -10.75989851336696823
 5.50370970128138381      1.39444715229499683
 0.64171486222831775     10.49984688981378689
-0.49629029871795444     -12.49623361248135289
-10.81210731353762000     11.41747571137382700
 0.49718229899762278      6.60291476911519393
10.49718229899762889      6.60291476915043241
 1.50055340692364547      8.45104409485198893
 9.50370970128126835     -5.55089321600888841
-5.50370538011634203     -10.75236950040085659
 0.49625702315514425      3.13077944013546983
-4.49626195560102193     -5.55089321603192065
-7.50369120855706129     -10.75989851336996495
 2.49625210532771158     -3.81455811698134228
-12.49623361247611619     10.33871781025346337
-9.50368629060770509      3.13077944013321696
-10.49623361248245423     -12.49623361248137776
-8.49623361248248266      1.39444715227955984
12.49623361248250397      6.66450897386585961
 6.49625210520580776     -10.75989851336240299
 3.50370970128097659     -5.55089321602920638
 9.50370970128144954      1.39444715231343230
-12.49623361248250397     -2.07822301794060715
-2.49627782073148419      8.34742066232754532
 4.49625702315514442      3.13077944013951415
10.49625212969525379     -0.34188793280145569
-7.50369120855646710     -7.28722831514532920
 5.50370970128135628     -2.07822301793514486
-3.50371955155371717     -3.81455811698911296
 3.50370970128120618     -2.07822301794231912
-7.12798101459058397     12.49623361248028175
-9.50369120855646621     -7.28722831514421987
-11.50369120855649996     -7.28722831514078440
10.55005010174609659     12.03539769530349446
12.49623361247412490     10.49623361247392239
-10.49623361248248266      1.39444715228067539
-12.49623361248228193     12.49623361248186093
-6.49624778404056169     -12.48870459952140877
-3.50371952718617230     -0.34188793283271574
10.49625210532773423     -3.81455811696284286
-8.49623361248245601      4.86711172798464009
 2.49625212969524668     -0.34188793282283375
-11.50369120843520854     -3.81455811698442515
 6.49625210532771913     -3.81455811697955083
 4.49625212969524668     -0.34188793282800778
 2.72656110700808263     12.12202167133349739
-2.49627612716016278      4.87464074095921962
-6.49624778404173853     -2.07069400497742162
-12.49623361248250397     -9.02356341425318398
-2.49627612715882830     -12.48870459952102330
12.49623361248251818      3.14045632719961354
 3.50370970128235326     -12.49623361248059794
 2.49718229899762223      6.60291476912736375
-9.50369120855706129     -10.75989851336886005
-5.15348786584404372     12.17783636759095778
-4.49626195560101749     -2.07822301794628972
 6.52738681047757208     10.08410728350357566
 9.49718229898801702      8.33496557671425720
-4.49626195560100328      4.86711172798595992
-8.49623361248247200     -9.02356341425747566
-10.49623361248245956      4.86711172798577074
-11.50276101476527302      6.60291476912377462
-2.49627612716031022     -5.54336420306074018
-10.49623361248247555     -5.55089321603206809
 1.50370970128077586      4.86711172800022585
-1.50373369874546570     -0.33435891986019728
-4.49626195559980690     -12.49623361248197106
-0.49629029872425995      8.33871781023931113
 6.49625702315515241      3.13077944014866194
11.50379952411076623     -12.49622327546326872
 2.49625210520580820     -10.75989851336210457
-0.49629029871959401     -5.55089321603092056
-9.50369120843515347     -3.81455811698926173
-10.49623361248248266     -2.07822301794646114
-10.49623361248249154     -9.02356341425637076
 1.50370970128085601     -5.55089321602442975
11.50462574779999869      1.40358735034206106
12.49623361248252174     -3.80595747518694072
 8.49625210520581042     -10.75989851335512348
 8.49625212969525201     -0.34188793281123581
 8.49625210532772890     -3.81455811697032088
11.50369120867638451     -9.01496280074341527
-5.50370535562689156     -0.33435891986347055
11.50369123315728537     -5.54229258837898353
-9.50276101476522328      6.60291476911290509
-6.49624778404172165      4.87464074095538447
10.55005010173933222     10.03539769530345538
-11.50369120855706129     -10.75989851336580294
-2.49627612716031200     -9.01603440128509703
 1.50370970128117731      1.39444715229220573
-5.50370538011575139     -7.27969930217522432
 8.49625210520639662     -7.28722831512753100
 5.49730260133009008      8.35902447357015355
-0.49629029871922825      1.39444715228261429
12.49623361248250397     -0.33328162649555748
12.49623361247827624     12.49623361247412667
 8.54131380432218634     10.48476151387326816
12.49623361248246134     -7.27862770155406835
-3.29916149104668888     10.49984688981386149
-6.49624778404174386      1.40197616525010571
 5.50370970128096992      4.86711172800228997
-11.50368629060807102      3.13077944014228082
 3.50370970128088555     -9.02356341425418051
 7.50370970128711701     -12.49623361247328823
-5.50370537999443776     -3.80702910402023198
-2.49627612716001579      1.40197616525357871
-1.50373372311300479     -3.80702910401788719
 7.50370970128177195     -9.02356341424119002
-12.49623361248250397     -5.55089321602823738
 5.50370970128111558     -9.02356341424919428
 7.50370970128100723      4.86711172801191427
-12.49623361248250397      1.39444715228908267
 0.76188163617745686     12.49623361248020359
 6.64755358442659272     12.08049400617003322
10.49625210520639662     -7.28722831512340896
-1.50372880528556796      3.13830845310655793
 8.49625702315516307      3.13077944015766985
-7.50369118406760549     -0.34188793283400082
 8.60386659101495255     12.49623361247814657
 2.49625210520639529     -7.28722831513699010
-4.49626195560102371     -9.02356341425626773
 6.49718229899762179      6.60291476912974051
-4.49626195560102371      1.39444715228085458
 7.50370970128140868      1.39444715230376759
10.49625702315517195      3.13077944016856113
 8.49718229899762179      6.60291476913979558
-3.50278935788379231      6.60291476911275144
-1.20855654046004779     12.15363560891119477
 4.49625210532771558     -3.81455811698591729
11.55005010105189989      4.90248265012965945
 0.49625212969524668     -0.34188793283119201
-7.50369120843515347     -3.81455811699037639
-8.49623361248247022     -2.07822301794757003
-12.49623361248250042     -12.49623361247865638
-3.50371463372627234      3.13077944013340126
-7.50276101476522328      6.60291476911142095
 4.69124057783867876     12.49623361248023556
 0.49625210520639546     -7.28722831514307678
 0.49625210532771075     -3.81455811698810532
 6.49625212969524668     -0.34188793282025365
-11.50369118406785773     -0.34188793282569946
-2.49627612715991587     -2.07069400497482947
-1.32872331440919433     10.15724888624480116
-0.49629029871959579     -9.02356341425523745
-8.49623361248247377     -5.55089321603317831
 9.50370970128104098      4.86711172802198178
 9.50370970128818016     -12.49623361247297915
-9.12798101459059374     12.49623361247973641
