199    27.27216320150801110
-11.63550559180657373     -7.44092723782746646
-4.63377754425306598     -9.17197999752315951
 3.08502104594327520      2.25749379193707833
 1.08510883151048221      2.23875520707842801
 0.06872299633561105      7.44416215480042531
-12.63608160074573306      8.67098544537597071
-12.63608160070141473     -2.24481887147988646
-9.63435357418079263     -10.90436347984946686
 3.91139308050986978     -9.63420883552254637
-10.63633160554803858      1.21884972494321864
-0.63377751932704052     -9.17197998290308547
-12.37244715747779367     10.65353352305870516
-0.91266419990926784     -1.22663097338677507
-11.93201412064319555      6.79901082389651545
-6.63377756496899096     -12.63608160070536535
 3.66762010735880928     -7.64912074237368245
-4.93857315848819667     12.63608160074976006
-2.93857315848571732     12.63608160075365028
 0.36622247637877575     -10.90403079296124922
 2.36622247637878935     -10.90403079317220936
 7.20735183345684582      5.73840027786797879
 8.07601915115451874     10.90403079318459945
12.63526905091610431     -12.63608160075401088
12.63608160074422848      3.36391823418663938
-6.63377758593669054     -9.17198002158236214
-9.64957803681561543      2.95848112113046557
-3.63377756862125878     -7.43992917588230895
-0.92398084885188736     12.63608160075333942
 1.07009541498134197      5.71290443881010734
 6.07601915115449742     10.90403079318458701
 3.31492998780109893     -1.35642445097589004
-6.93857315848827838     12.63608160074795883
-3.93127700366440669      7.44416215479420895
12.63608160075400555      9.38460041697119607
 5.68867217023432481     -0.67011132495683579
 9.17197998557095318      1.36391823411207680
-12.63608160075373377      4.92703620241964213
-0.63377752362583339     -12.63608160065883190
 5.68867217022556737     -2.67011132495683512
 1.07601915114990776     12.63608160075390963
 2.11855839751898856      7.41605603929912682
 5.36622247637429872     -12.63608160075364850
12.63608160074303122     -10.63608176581332998
10.89844311774850105      6.37362607533878478
 3.14322937578108963      5.66999381264091884
-1.63460371029147700     -3.97535073949432149
-9.81520323733231237      6.52410986641514601
-4.63633184761372075      1.22046875680762956
 0.36622243141961913     -7.43992914689694285
-2.63402727878640475     -5.70773422208042724
 3.95662136258020825     -5.67011132489217928
 3.07601915115285562      9.17197998561660555
-10.63575559457455633     -5.70873211514796974
 7.07601915115325042      9.17197998561499439
 1.08733577332917331     -1.22630379382857013
 9.17197998552502725     -6.63608176588893439
-9.63608162149120595     -0.51305673020796139
-7.63435359506136102     -7.44026190076584371
 2.05884579629737408     -8.83733167730162528
 9.17197998556031280     -8.63608176588895482
12.63608160075400910     -4.63608176581334774
 5.72726944929078741     -10.66894025266804924
-12.63608160075400733     -12.63608160075400910
 2.07126979277430312      3.98153218962425504
-4.63377752362664541     -12.63608160074615228
10.88486367785214171     -11.66856879465860075
-4.92990395688686522      5.71131934360283289
 7.43992917790067576     -1.63608176606747291
 8.51397709194044694      7.25257676490397163
-7.63575561757997789     -0.51257972726913892
-10.63492958298673940     -9.17264535884253007
 7.43992917788121932     -7.63608176607619260
 3.36622247637424676     -12.63608160074378262
 1.36622247637420080     -12.63608160074002384
-7.63492960385620378     -3.97649297219649656
-5.63377754425896260     -10.90403080508864164
 2.07601915115314473     10.90403079318647528
-8.65015415623560635      4.69086442367831147
10.74250090303165983     10.53528717973059692
-5.63377758593074596     -7.43992921401685336
10.90403076350142975     -9.63608181720728929
-5.63460359981058634     -3.97601596937400226
 9.17197994504780389     -10.63608183689517794
 4.26158762639241040      3.87480362056306316
 9.13445830478325327     -12.63608160074044484
-8.66532546711602336      8.16285835536170801
-10.78732737961864352     11.87312168708950821
-10.65015404561898293      4.69019924213458150
 9.17197976628548162      5.36391785431218970
 5.66359535730148345     -8.66995410714093850
 7.07601915115544777     12.63608160075400910
-6.63633173699709200      1.21980357527256622
 7.43949351001767045      2.36316325512792469
-7.66464456872815969      6.43120084314881524
-3.63575583881320696     -0.51124936419614075
12.63608160074181264     -2.63608176581335130
 7.43992917809939325     -9.63608176607622013
 2.08568557712621994      0.50669870739824829
-8.63550561265662964     -2.24477485119260578
-12.63608160075022901     12.63608160074703157
-4.63402727880589715     -5.70773427019417667
 7.40085561540581871      0.36353651168304807
-5.93857315848468925     10.90403079317874457
-8.63460357684336088     -9.17216835723082902
-0.93127700366772126      9.17621296236739781
-5.63575572819659421     -0.51191454573273265
 5.14322937578109052      5.66999381264156632
12.63608160071482622      5.36391823418663627
-9.63550561267218342     -3.97682565875250305
-5.64957816826430204      2.95943497145773771
 5.68867217021966809     -6.67011132495683334
12.63608160071451536      1.36391823418664226
-1.92872911919295298      3.97859077422949303
12.63608160075401088      7.36391823418663360
12.63608160073831677     -8.63608176581333531
 1.08790246611946806     -4.69040536265424457
-1.91431432485857433      0.50690539517670286
10.91004252847196554      8.37425932557889929
-2.63377752362588513     -12.63608160075215281
11.07601915115552771     12.63608160075212083
 9.17197998556411243     -4.63608176588890508
-2.92990395688686522      5.71131934360294213
10.90403079314153700     -1.63608176586719223
-7.63402714515067338     -10.90388672209896548
 6.25894568589303013      3.97756928675521459
 3.95662136261934716     -3.67011132489217928
 9.17110832495077233      3.36391804416450135
10.90403079313534995     -5.63608176588501042
-7.93857315848470169     10.90403079317630208
12.63608160074691256     -6.63608176581334153
-11.84822464734069491      3.08875400944937528
 0.07127042090610849      3.97994709440933958
-12.63608160075401265      1.25047181648816275
-6.63517960873446810     -2.24429784829905543
-1.63377756858204304     -7.43992914908068048
-0.63402727877097043     -5.70773419526528603
 0.07601915114939259     10.90403079318504531
10.90403079312135581      2.36391823414543545
-3.63377752362127904     -10.90403079318028290
 3.07601915115545355     12.63608160075401088
 5.68867217018646176     -4.67011132495683423
-2.91489033365909433      2.23862351618046951
-11.66359212889283903     -0.49717353352479310
10.90403079312742385     -7.63608176588507437
-6.93857315848120848      9.17197998560476258
-3.63460371029149032     -3.97535078761933569
-3.93857315848453515     10.90403079318272184
 7.43992917788733799     -3.63608176607578848
-2.63377752114348018     -9.17197998403871395
 4.11855839751899833      7.41605603929747215
 2.08802514671084216     -6.42238533475748863
-11.63550559195353529     -10.90436347975022002
-10.63492958315304548     -12.63608160075400733
 0.08568560388783857      0.50637152784001005
-8.63492960386404818     -5.70854377976083960
-4.93857315848120670      9.17197998561187511
 1.07601915115281699      9.17197998561779571
-3.92872911919295298      3.97859077422313767
-11.63633160344619633     -3.97701399416639090
 7.43992917784809382     -5.63608176607608424
-12.63608160070260311     -5.70920911683693344
 2.08761910630830538     -2.95819098812390280
-8.63633162638046237      1.21913839373464961
 4.08559460591847667      0.52577425601951588
 5.32796818101290981      2.11635903108354384
-1.63377752362127748     -10.90403079303831824
 9.17197998553318250     -0.63608176588794196
-8.63377756519769513     -12.63608160074776521
-1.93127700366439314      7.44416215479431198
-0.92990395688686489      5.71131934360906790
12.63608160075243880     11.38460041697119784
-0.91489079356025893      2.23997983636033648
 4.07601915115449120     10.90403079318454971
-10.65744163348874451      8.34026517506279674
-8.93857315848829082     12.63608160075004783
-6.63435359505562161     -5.70821109320028253
-9.78732737961750310     10.14107087952125141
 0.08761913306996535     -2.95851816831841319
-2.63517982975202747     -2.24296748505375687
-12.63608160075395581     -9.17264535874639364
12.63608160075175846     -0.63608176581335463
-5.93720011170422080      7.43913717442055411
10.90403079315187895      0.36391823413294677
 9.17197998557316119     -2.63608176588800847
-10.63608162152789838     -2.24510753777415717
-9.63517958576560218     -7.44045023615677437
-7.64957805764769017      2.95876978991981199
 5.07601915115544955     12.63608160075400910
-2.93127700366780086      9.17621296236504769
 6.11855839751901076      7.41605603929780344
 7.25034050633510141     -11.96518658542812297
 9.07601915115549751     12.63608160075315290
10.90403079315179014      4.36391823414644264
-4.63517971934867656     -2.24363266676385287
10.90403079314728529     -3.63608176587891041
-1.93127700366879940     10.90826376993577540
 9.07601915115324687      9.17197998561499084
 5.07601915115307012      9.17197998561481320
-6.65015417706802214      4.69115309246202905
