204    27.52338197739999970
11.76169099259592166     11.02964017887843440
 5.76169098870403218      7.56553856598634766
 8.44698730431383105     -12.76169098869624463
 3.76169098869863161     11.02964018112765032
12.76169098869828211     12.76169098869774210
-8.76163156918617148      1.07353953355309684
-11.75364286041489770     -7.58200860989589298
11.76169098869165275     -7.76740983157692533
 6.76169098869827856      9.29758937355859594
-10.76169098869546659      1.07350522632386514
-6.23813493352105475      4.10133645866046681
-10.74349399731669585     -9.30816018909789022
10.44698730431656664     -12.76169098869504204
-11.76169098869617180      2.80555603389235042
10.76169098869828211     12.76169098869805829
12.03473283787124792      3.94399717355862567
 7.81275616756447544      0.60855283924316328
 1.76186506648194952      4.10133645865922780
 3.86090456869883081     -9.81130461331935599
 1.81275617766491526      0.60835183735259546
-10.76169098869671714      4.53760684146156468
-11.75154212559814582     -11.03553940949747236
10.60433914650472786     -9.39852500635354282
-4.23813493352096327      4.10133645866186303
10.99611013928189962     -0.97728328795255126
-7.73328571470792170     -7.57024446038790533
12.76169098869614693     -6.03535902401063140
-3.23830901130177118     12.76169098869700846
-1.13909543130517643     -4.61515219061519311
 0.86090456869644205     -8.07925380575267482
-2.72517816692040515     -5.83348775842209477
 8.61095499445310786     -9.21030851210381840
-11.76163156918916464     -4.12261288915370905
 9.76186505639736524      4.10153746054130153
-3.16018177172915893     -1.13904386672459501
-6.75358344090813301      1.07821112072129521
-9.75358344090764540     -4.11794130198562325
 4.76169098869826701     12.76169098869677754
-1.23830901130176763     12.76169098869793217
 4.86090456077734689     -4.61497422642852406
-5.23830901130178006      9.29758937355906667
 3.86090456869831433     -6.34720299818088929
-12.76169098869826968     11.46581007173710276
-5.73328571470786574     -4.10614284525017403
-3.23830901129533233      5.83348775841766898
-0.23830901129601251      7.56553856598803165
-8.74343457780939026     -5.84409288118765957
12.76169098869470986     -9.49946063914438810
 3.76169098870402907      7.56553856598596042
 6.44698730431375910     -12.76169098869663010
-4.72517816691906400     -12.76169098869774565
 2.86090456869484777     -4.61515219061399495
-1.72517816691970061     -7.56553856599067842
-4.23830901129626003      7.56553856598604035
-7.23830901130177917     12.76169098869793928
-6.74343457780917888     -2.37999126605002775
 8.76169098870481022      5.83348775841820633
 7.76169098870403573      7.56553856598692587
 8.76169098869828211     12.76169098869760177
-9.73334513421523795     -11.03431176829817240
 3.81275617766491504      0.60835183735320131
11.77793730898989288      7.55625979150388805
12.76169098869828211      9.29758936905693467
 9.81258209986142660      0.63493920906996915
 7.76186506648308416      4.10133645866015772
 1.76169098869863094     11.02964018112888311
 5.44698730431235845     -11.02964018112851363
-5.72517816691975412     -11.02964018112926681
-3.21519663306765580      2.35624321322336883
10.78462928912949081      2.38283058493863464
 1.27482183308263664     -12.76169098869640273
-12.76169098869734420     -2.39059638881281300
10.76186505639719115      5.83358826811029552
-8.76169098869669583      4.53760684146235782
 7.01814979886645141     -4.69331567335424804
 5.86075043530820938     -2.88283444362112951
12.76169098869671359      5.80720189847539103
-9.23830901130178006     12.76169098869784158
 0.76169098869823881     12.76169098869810981
-0.72517816691906889     -9.29758937355919102
 6.76169098869827145     12.76169098869698892
-7.74343457780861133     -4.11204207361923224
-7.75358344090736207     -0.65383968684802873
-0.18724382233508455      0.60835183735223375
-8.75358344090679630     -2.38589049441723500
-12.76169098869728202      4.53760684146064985
 0.27482183308327213     -11.02964018112678701
12.76169098869693386     -4.03535902401053370
 9.77042788974334542     -7.58067132251460851
 8.78480335683201474      2.35644421511212121
 0.78480336693234654      2.35624321322125141
-9.76163156918596187     -0.65851127401621934
-5.72523758642383029     -7.56557287321782290
-2.23830901129624937      7.56553856598708929
-8.23830901129629822      7.56553856598678287
-11.76169098869858409      9.73375926416803772
 4.86090456869903775     -8.07925380574935481
-8.23830901130165216     11.02964018112896838
 4.76169098870468765      5.83348775841707656
-5.23830901129534343      5.83348775841626566
-10.76163156918801889     -2.39056208158508188
-2.18724382233508408      0.60835183735301113
 1.86075044322597072     -2.88301240780745305
 6.83981821817044011     -1.13884286483446884
 2.78480336693234953      2.35624321322161512
-10.74139326249686377     -12.76169098869771013
-7.72523758642530023     -11.02967448835491560
 2.83981822827084240     -1.13904386672440516
-3.23830901130177518      9.29758937355813941
-7.76163156918692998      2.80559034112242456
 0.86090456869483778     -4.61515219061456694
-2.13924955677405082     -2.88301240780847534
-0.23813493352057971      4.10133645866144025
-8.72529700593197965     -12.76169098869671892
-4.73328571470865800     -2.37409203768083898
12.69256093425087073      0.08198754627699475
 7.44689258931804066     -7.56548388571604047
 7.86060511216225155     -2.85872487155893573
 4.78480336693236019      2.35624321322221286
 6.44698730431193212     -9.29758937355933490
-4.23830901130165216     11.02964018112801448
-5.74343457780997824     -0.64794045848068949
-12.76169098869828211      8.00170845659858720
 8.84544233377433819     -1.11650502823764697
 2.86090456869797727     -11.54335542088963784
 8.61930089524344467     -5.94515713959425707
-3.72523758642521585     -4.10147125807926560
 2.76169098869827989      9.29758937355892812
12.76169098869736729      2.08079244810518560
 9.41917050621483654     -4.11206996069509678
-10.76169098869828211      8.00170845659920715
 7.76169098869864360     11.02964018112824007
-9.76169098869715945      6.26965764903096723
-6.23830901129626714      7.56553856598700669
-3.72517816691835923     -11.02964018112927036
-11.76169098869656438     -0.65854558124438589
11.06524019372819545     -2.97608818978070966
12.76169098869621088     -12.76169098869632279
-10.23830901130200388     11.02964018112896305
-1.23830901130174098      9.29758937355914483
12.76169098869731400     -1.91681735555140609
-12.76169098869589114     -5.85462938949546796
 5.81275617766491504      0.60835183735379883
-11.76169098869772078      6.26965764902996447
-6.72517816692048243     -12.76169098869772611
-9.74343457781010081     -7.57614368875612687
10.76169098869827856      9.29758937355976478
-6.23830901130165216     11.02964018112806599
 0.83981822827084240     -1.13904386672501978
 6.76169098870470986      5.83348775841765832
 2.76169098870468765      5.83348775841669376
-5.21519663306765668      2.35624321322225949
-8.73328571470863224     -9.30229526795641348
-0.13909543130432017     -6.34720299818397571
-11.23830901130185822     12.76169098869815777
-12.76169098869750229     -9.30938783029487027
-2.72517816691764070     -12.76169098869777585
-1.72517816691834791     -11.02964018112848699
 4.83981822827087527     -1.13904386672383628
 9.76169098870436081      7.56553856598734420
-0.23830901130165050     11.02964018112912115
-6.73328571470727066     -5.83819365281940073
 5.86090456078051947     -6.34702503399558893
-4.72517816691908710     -9.29758937356072934
 4.44698730431243217     -12.76169098869758578
10.76497853150862660     -5.62870062687243777
 7.44698730431374578     -11.02964018112716538
 9.76169098869864449     11.02964018112887956
-0.13924955677404452     -2.88301240780806189
-9.76169098869600127      2.80555603389305164
-2.72517816691906933     -9.29758937355997084
 5.76186506648257257      4.10133645865984953
-5.23830901130177118     12.76169098869702445
 8.76169098869827856      9.29758937355913062
-1.21519663306765535      2.35624321322204233
 5.76169098869863205     11.02964018112774269
 0.76169098870468688      5.83348775841744427
-3.72517816691971726     -7.56553856599146002
-12.76169098869731577      1.07350522632411760
 1.76169098870399088      7.56553856598672336
 3.86075044322599759     -2.88301240780688106
-10.75358344090848739     -5.84999210955401949
 4.76169098869827945      9.29758937355817494
-6.72523758642454350     -9.29762368078638346
-4.72523758642442093     -5.83352206564860154
 6.78480336693236552      2.35624321322280839
-1.16018177172915804     -1.13904386672541014
-7.23830901129534343      5.83348775841759615
-0.72517816691736581     -12.76169098869688945
 0.76169098869828011      9.29758937356020354
 2.86090456869902887     -8.07925380575032293
 9.44698730431375822     -11.02964018112729860
11.60433914650731957     -11.13057581392103401
-2.23830901130165039     11.02964018112819922
 2.76169098869825991     12.76169098869797658
 1.86090456869569842     -6.34720299818336819
-1.23830901129531412      5.83348775841875167
 1.86090456869881105     -9.81130461332023351
 3.76186506648247487      4.10133645865931484
-7.23830901130178006      9.29758937355882509
-12.76169098869828389     -12.76169098869829810
-4.18724382233508408      0.60835183735435028
-2.23813493352082560      4.10133645866289509
-9.23830901130179249      9.29758937356016091
