207    27.67731169320000006
-7.61337476032918925     -0.86602388689999743
-12.83865584657555736     -9.37423439545255199
 2.61278894937037043      5.91062174759734127
 1.61274834502630249     11.10675072674180086
 9.61307793932647137     -12.83865584657835512
-8.83918518725621816     -2.44633677049208975
-8.84064698398050908      4.17725564381716463
-9.84064699275572963      5.90930645731776405
-4.83865976558714994     11.10660503900926521
 5.61278895362471530      0.71446932734695046
-6.61337476005472791      4.33012853604094428
-10.83918518725630165     -2.44633676665605959
-12.83865584657731773     -5.87732815306443790
 5.61253274124737800     -9.37457767472424486
 7.61308185063289056     11.10660503913664598
-9.84037172807330585      9.37356695660051642
-1.61308185460687881     -11.25815959849503933
-7.83865976558684707     12.83865584657889869
 7.61304125068806492      7.64252686502337042
 9.61308185438651464      7.64250342615254219
 2.61300064142773181     12.83865584644366464
-12.83865584657692871      7.55868697635748354
 2.61253273755377968     -7.64252686502744893
 5.61304125022154210     11.10662847989178559
-10.83893282811468417     -5.91061252523356906
-5.83865587757069271     -7.64250340580394205
11.83861524642395580      0.86587819640887931
 7.61257334547667242     -12.83865584648530067
 6.83836294560224456     -0.86602692073093224
-5.61312246375380841     -0.86587819884939499
 0.38695874183550788     -4.32997981154039824
-0.38750395109036495     11.10660503900816387
-1.61308185467669940      2.59819997547477843
 8.83836294560228275     -0.86602692073062260
-3.61333415567904037      6.06215590008518301
-11.83866637389971110     12.83865211509594495
 4.61253273755694249     -11.10662848016337811
 9.83836294561893254     -2.59807772828993988
-6.61337476000346403      0.86602692090973188
-8.83865587214684290     -9.37455421667947242
 8.83861524202401760      2.59792900649753378
-0.61282956224094665      7.79420670713545594
 8.83836294561635327     -4.33012853586055524
 9.83861524640702001      4.32997981153686595
 6.61257334148111386     -11.10660504117765512
-11.83867404853626049     -11.10659452988026530
-2.61308185939415916     -2.59790556285902197
-12.83865584657890047     11.10264574344139632
-11.91124597774605931      9.33066636004090633
-7.83893288765349805     -4.17824188831726673
 1.38695874557628507     -6.06203061694953860
-5.61312245851328395     -4.32997981153026767
-5.83865587213887327     -11.10660502424948604
 3.38721104263417283      0.86602692072981768
 1.61274834971825642      7.64264911431169924
 4.38721104637492498     -0.86602388467935354
-4.83865587214637838     -9.37455421667625011
-3.83865587213862147     -11.10660502424921425
 0.61249213736440233     -11.10660503900658291
 4.61253274122627488     -7.64252686715153473
-7.84064698399991311      5.90930645140187760
-2.61308185940626192      4.33025078032768729
-6.61312246371191037     -2.59792900645925728
 0.38691814494921639     -7.79405798310096731
-4.61333415930962598      4.33010509461228121
 0.61274834502308106      9.37469991917034484
11.61308185459900422     11.10660504116772174
-6.83865587214644233     -9.37455421653985077
12.83865584657747938      9.52610879308976521
 2.38721104263308304      2.59807772829806671
 3.38721104637523052     -2.59807469224840704
-10.83865976558781519     11.10660503887224593
 2.38721104263447170     -0.86602388683924880
-8.83865976558779920     11.10660503901057083
-1.61282956224507390      6.06215589956372547
-7.61337476004269575      2.59807772845904417
-2.61308185833014273      0.86614917001521630
-4.61312246376233404      0.86617260873118351
11.83865584657654324      7.79405798552135831
 8.61282563852533478     -7.64264911430871230
-1.61304125870656745     -0.86587819671561006
-8.83893285368424486     -5.91029271552772251
-6.83893285368424486     -5.91029271570172110
 1.61249213692323190     -9.37455423118228204
-9.83865587217932003     -11.10660502422959972
 2.61274834971733316      9.37469992188110979
 0.38717044246834553      6.06215590228548784
 3.61249213737051855     -12.83865584656999737
-12.83865584634606449      1.79188319388290940
-9.83918518393863017     -0.71428596100261277
-7.83865587759380134     -7.64250340596579303
-10.84064698398065829      4.17725563773181019
 7.83836294560253144     -2.59807772829964678
-3.61308185833976525      9.52611182698108294
12.83865584657796255     -11.25816263455084076
-12.04628532528652052     -4.04098696552963332
-0.61308185460856957     -9.52610879092515717
 4.61278894988214283      5.91062174789372019
-2.61308185879257371     -6.06200717769279418
 6.61278895362415486      2.44652013491615117
-0.61304125816560850     -2.59792900397216497
-5.83865976558684441     12.83865584657831960
-5.84037172800132343      9.37356695667887330
11.83840354982528886     -6.06215589994379833
-3.83865976558684041     12.83865584657889691
 4.61304124580168295      9.37457767484816529
-6.83865976558715083     11.10660503881191907
-4.83865584657743319     -12.83865584657612047
-9.84064701411332798      2.44520481276579593
 9.61282564249198757     -9.37469991958767856
 3.61300064609595184     11.10660504156558659
-0.38750786263401610     -12.83865584657654324
12.83865584657725378     -7.79406101941272311
 5.61278503835245601     -2.44652013275723768
 0.38695874550206344     -0.86587819852078718
12.83766727840627553     12.83664739949550082
11.83865584657671910     -9.52611182698261949
10.61307793932650867     -11.10660503900887441
10.61308185459848907      9.37455423359912210
-1.61308185879970201     -4.32995637011971723
 7.61282563852589433     -9.37469992187791590
-9.83865976573584256     12.83865584653117331
12.83865584657891823     -0.86614917001514080
-12.83865584657888981     -12.83865584629374013
 8.61308185064012299      9.37455423156461265
-8.61337476000356084      0.86602692085730093
 3.61278894937589490      7.64267255517039867
 0.38721104210142004      2.59807772799075787
11.83865584226463774     -2.59819997509316902
-10.83865587214686421     -9.37455421657761967
 6.61308185014276173     12.83865584645914026
-5.61333415913863387      6.06215590227988077
-8.83865584657744385     -12.83865584657342929
 8.61282564248203641     -11.10675072716271927
 9.83840354577552390     -6.06215590228271584
-0.61282955753124457      4.33010509471637395
-4.61312245897747797     -2.59792900369338708
 3.61253274122676826     -5.91047605957916122
 6.61304124630430490      5.91047605998544157
-3.61308186304708512      2.59819997486076559
 1.38721104263338746      0.86602692072900300
-6.83865584657743941     -12.83865584657627323
-8.84037175116607088      7.64151613559403753
 5.61257333772663713     -12.83865584657889514
-10.84037175116612950      7.64151616220566421
-1.61308185833974793      9.52611182698153947
 7.61304125004535948      4.17842525457603209
-1.38750395109098656     12.83865584657702641
 2.38695874924925500     -4.32997981150125177
-12.83865584634822987     -2.20464577790861505
 1.38695874550763043     -2.59792900609160826
-12.16575368709931837      5.67528508515601171
 5.61304124629984802      7.64252686755566391
-12.75535491953007394     -0.20638129201282920
-3.61308185937233040     -4.32995637044180537
-4.61333415555080428      7.79420670777732560
 7.83836294560171343      0.86602388683827380
 8.61308185085635536     12.83865584657653613
-5.61337476002241509      2.59807772849058560
12.83865584637770674     -4.33025078031618627
-4.61308185901669088     -6.06200717833441161
-10.83865584657887027     -12.83865584657890757
 8.61304125442873669      5.91047605961416878
-9.83918674947096505     -4.17838847617289755
11.61307793932648025     -12.83865584657783465
 7.61278503835696529     -5.91062174789241279
 0.61249604890911402     12.83865584657758596
-11.86761944532243618     -7.62578127682217932
 3.61253273755050142     -9.37457767259821928
10.61308185085730571     12.83865584657760195
-2.61308185834789430     -9.52610879308603664
 5.61278503834952058     -5.91062174789709172
 1.38721104210411506      4.33012853556156241
-6.84037175116607088      7.64151613596677137
-7.83865587213927029     -11.10660502424560470
-11.06645743804988236      0.86489193090706884
-1.61308185834934781     -7.79405798551601503
 6.61278503835273668     -4.17857094032595899
 6.61304125068699378      9.37457767259163610
 3.61278894988288846      4.17857094032436471
10.83861524640644092      2.59792900396764770
12.83865584641151791      2.59790556293103148
-2.61308185834012852     11.25816263455019772
 4.61300065052228003     12.83865584657893599
-12.83865584636872903      3.79188319388301842
 9.83861524202625404      0.86587819892767259
 5.61278894988322552      4.17857094032545984
 4.61278503835273668     -4.17857094032630894
-7.84037172807322680      9.37356695686830932
-9.83865587760007365     -7.64250340584281851
10.83840354981473375     -7.79420670751955491
10.83861524205726035     -0.86617260863950019
-3.61312245899567541     -0.86587819611400285
 2.61249213736444164     -11.10660503900452056
-3.61308185834934825     -7.79405798551799833
 6.61278503835707809     -7.64267255546170965
 4.61278894988397870      2.44652013275611235
 1.61249213736599706     -12.83865584657453951
-0.61308185879220833     -6.06200717769145214
11.83865584637371171      4.32995637050005477
 9.61308185085728617     11.10660503900819229
10.83865584636484947      6.06200717807470202
-0.61304125504594054      0.86617260874767976
12.83865584657657877      6.06200717795194777
-2.83865584657740211     -12.83865584657836934
10.83840354577483645     -4.33010509471343585
-2.61308185848685426      7.79406101932728212
