208    27.71021875390000133
 0.42897812461423096      6.01708726654673409
12.85510937693245737      2.64316677129728728
11.85510937693229572     -6.01708726654691972
-7.71306562615934332     -7.74913807411450062
11.85510937693161004     11.12305856936321824
-3.57102187538596061     -0.91111596372873760
 6.71306562615908131     -0.91111596372981496
-3.57102187538588112      2.55298565140902456
 0.42897812461250517     -11.12305856936377957
-0.42897812461422730     -6.01708726654672965
 1.42897812461418017      4.28503645897782537
 8.71306562615941438      9.48118888168333740
 3.71306562615868962     -12.85510937693277889
 8.71306562615932023      6.01708726654558834
-9.71306562615934155     -4.28503645897670005
-10.85510937693227618      0.82093484384037485
-10.85510937693141642     -12.85510937693227440
-11.71306562615910885     12.85510937693269895
-4.71306562615914704     -2.55298565140797917
-12.85510937693189071     -5.92690614665642013
-6.71306562615917191     -2.55298565140791478
 9.71306562615894897     -12.85510937693273981
11.85510937693229927     -9.48118888168457730
 3.57102187538587890     -2.55298565140902189
-3.57102187538751847     -11.12305856936368542
 4.57102187538749849      9.39100776179474117
 7.71306562615903513     -2.64316677129872080
 4.57102187538591664     -0.82093484384016213
-0.57102187538590976      0.82093484384009563
-9.71306562615923852     -0.82093484383898918
12.85510937693240763     -4.28503645897808827
-9.71306562615895253     12.85510937693274336
-2.57102187538747762     -9.39100776179482644
 9.71306562615938418      7.74913807411442868
-1.57102187538568905      9.48118888168453466
-9.85510937693208788      6.01708726654693660
-4.71306562615872071     11.12305856936391457
 8.71306562615886904     -7.65895695422618150
-12.85510937693245204     -2.64316677129729927
 2.57102187538591664     -0.82093484384012283
 0.57102187538572580     -7.74913807411563393
-7.71306562615923141     -4.28503645897675778
 4.57102187538759441     12.85510937693251954
12.85510937693240052     -11.21323968925341497
-0.57102187538752147     -12.85510937693264744
 5.57102187538578431     -6.01708726654683090
-5.57102187538578253      6.01708726654683623
-7.71306562615892499      5.92690614665727455
10.85510937693215183     -7.74913807411578315
-1.42897812461417995     -4.28503645897782359
-11.85510937693229039      2.55298565140925859
-10.71306562615933977     -2.55298565140782152
 0.57102187538745319      9.39100776179487617
 2.57102187538601079      2.64316677129764654
-5.71306562615933000     -7.74913807411456990
12.85510937693185696      9.39100776179422070
-3.57102187538741278     -7.65895695422591150
-8.85510937693137734     -12.85510937693236855
-12.85510937693175748     -12.85510937693200439
-7.71306562615916214     -0.82093484383903170
-12.85510937693241829     11.21323968925340608
 9.85510937693219269     -2.55298565140920575
 1.57102187538568350     -9.48118888168453644
-11.85510937693235789     -0.91111596372845782
-4.57102187538582605      4.28503645897793373
 6.57102187538582871     -4.28503645897796748
-3.57102187538568971      9.48118888168457019
 6.71306562615938862      9.48118888168341201
 4.57102187538582161     -4.28503645897793195
-1.42897812461248330     12.85510937693270428
-0.42897812461413615     -2.55298565140895972
 6.57102187538760951     12.85510937693245559
 2.57102187538754201     12.85510937693259237
-12.85510937693240763      7.74913807411573519
-12.85510937693186406     -9.39100776179419228
-5.57102187538754468     -11.12305856936359838
-9.85510937693145905     -11.12305856936337101
 0.42897812461412649      2.55298565140895617
-4.57102187538591487      0.82093484384016613
-11.85510937693229927      6.01708726654691795
-6.71306562615885039      7.65895695422615663
-12.85510937693239519      0.82093484384040805
 4.71306562615925539      6.01708726654573312
-3.71306562615919189     -4.28503645897688568
-7.71306562615883173      9.39100776179504848
-6.57102187538583049      4.28503645897797192
-7.71306562615943481     -11.21323968925226744
 5.71306562615933444      7.74913807411456546
-10.85510937693217137      7.74913807411577960
 2.57102187538563598     -11.21323968925344161
11.85510937693179123      7.65895695422536971
-6.57102187538759885     -12.85510937693245559
10.71306562615942681      6.01708726654556170
 4.57102187538572569     -7.74913807411570765
-4.57102187538572924      7.74913807411570854
 8.71306562615925095      2.55298565140787392
 3.57102187538751448     11.12305856936368542
-11.85510937693176459     -7.65895695422535994
 5.57102187538588201     -2.55298565140905964
 2.57102187538747140      9.39100776179483177
-6.71306562615877578     11.12305856936391990
 3.57102187538596239      0.91111596372874171
12.85510937693241473     -7.74913807411573785
-4.57102187538759885     -12.85510937693253375
10.85510937693157985      9.39100776179435393
-10.71306562615900937     11.12305856936386661
 3.57102187538577587     -6.01708726654680159
11.85510937693236322      0.91111596372846404
-12.85510937693241296      4.28503645897806695
 6.71306562615885838     -7.65895695422614509
-0.57102187538581950      4.28503645897786445
10.71306562615898450     -11.12305856936387904
 1.57102187538750093     11.12305856936372983
-6.71306562615927760     -6.01708726654566117
-2.57102187538572924      7.74913807411567035
-9.85510937693218736      2.55298565140920264
 7.71306562615924651      4.28503645897675334
-8.71306562615886371      7.65895695422618950
 9.71306562615925095      0.82093484383898652
 7.71306562615935487      7.74913807411449440
-8.71306562615885660     11.12305856936391635
 5.57102187538754823     11.12305856936358950
-5.57102187538588822      2.55298565140906097
-2.57102187538735638     -5.92690614665706672
-6.71306562615939040     -9.48118888168341378
 3.71306562615919455      4.28503645897689101
 7.71306562615915947      0.82093484383902404
 8.85510937693210387     -4.28503645897804120
-1.57102187538749716     -11.12305856936373161
 3.57102187538741500      7.65895695422591238
12.85510937693188183      5.92690614665642634
-0.57102187538572680      7.74913807411563571
-1.57102187538587490      2.55298565140899303
 2.57102187538582072     -4.28503645897789820
-11.71306562615942859     -4.28503645897665120
-10.71306562615942859     -6.01708726654552972
-3.57102187538577676      6.01708726654680426
-8.71306562615912661      0.91111596372987147
-2.57102187538591487      0.82093484384012783
11.71306562615943747      4.28503645897664587
 5.71306562615910885      0.82093484383907811
-2.57102187538601079     -2.64316677129764432
-11.85510937693152655     -11.12305856936325910
 8.71306562615913904     -0.91111596372986736
-8.71306562615924385     -2.55298565140787082
-8.71306562615939129     -9.48118888168334983
-8.85510937693211098      4.28503645897803676
10.71306562615933267      2.55298565140782152
-5.71306562615910440     -0.82093484383907644
11.85510937693229394     -2.55298565140926348
 8.85510937693144839     12.85510937693233480
 7.71306562615880509     -9.39100776179505381
 7.71306562615943569     11.21323968925226211
 9.71306562615888325     -9.39100776179505559
-1.57102187538577054      6.01708726654676962
 8.71306562615883529     -11.12305856936391635
-4.57102187538748961     -9.39100776179474472
 0.57102187538582028     -4.28503645897786356
-5.71306562615921187     -4.28503645897682173
 6.71306562615918079      2.55298565140791389
11.71306562615910885     -12.85510937693269540
 6.71306562615877311     -11.12305856936391812
 5.71306562615921187      4.28503645897682173
 5.71306562615874292     -12.85510937693277889
-10.85510937693218558      4.28503645897810426
-3.71306562615868430     12.85510937693277889
 1.42897812461248530     -12.85510937693270961
-8.71306562615932556     -6.01708726654558301
 9.85510937693152300     11.12305856936332660
-1.57102187538740501     -7.65895695422597189
 5.71306562615879354     -9.39100776179502716
-2.57102187538563465     11.21323968925344339
-7.71306562615882019     12.85510937693277889
-6.71306562615908931      0.91111596372981185
-2.57102187538753801     -12.85510937693258882
-10.85510937693162425     -9.39100776179432373
-9.71306562615888680      9.39100776179505381
-5.71306562615878644      9.39100776179503427
-0.42897812461250817     11.12305856936377602
 9.71306562615933267      4.28503645897671159
 1.57102187538577587     -6.01708726654676695
 4.71306562615872604     -11.12305856936391102
-2.57102187538581939      4.28503645897790264
-4.71306562615924474     -6.01708726654573312
 2.57102187538735949      5.92690614665706672
 2.57102187538572569     -7.74913807411567390
10.85510937693144839     12.85510937693225308
-9.71306562615938240     -7.74913807411443045
12.85510937693240052     -0.82093484384041071
10.85510937693220157     -4.28503645897809449
 0.57102187538753790     12.85510937693263855
 1.57102187538596239      0.91111596372878079
 6.71306562615928293      6.01708726654565851
-0.57102187538745219     -9.39100776179487617
 7.71306562615891611     -5.92690614665727633
 9.85510937693209144     -6.01708726654693926
 1.57102187538586890     -2.55298565140899303
-5.71306562615874380     12.85510937693277889
-11.85510937693231170      9.48118888168458440
-7.71306562615903868      2.64316677129872124
 1.57102187538741100      7.65895695422597456
10.85510937693227795     -0.82093484384036952
 7.71306562615880775     -12.85510937693277889
 4.71306562615914881      2.55298565140798051
 0.57102187538590077     -0.82093484384009741
12.85510937693175215     12.85510937693201328
-1.57102187538595928     -0.91111596372877524
 3.57102187538568305     -9.48118888168457552
