210    27.86526494021513400
-11.20058166253648047     -8.25525424822589216
-12.93263247010756700      4.74474575178073987
-7.79422863405793898     11.83868911094452514
-10.94440927529622876     -12.93263247010622230
 0.86602540378522463      4.83868911094186060
-7.73648004740138528     -8.25525424822082066
 6.11992641314498353     -2.25525424822723730
-7.73648004740110995      3.74474575178086244
 4.33012701892304186      2.83868911094186238
-2.54032762469392592     -5.25525424822013409
 4.27237843226315750     10.93263247010652783
-0.80827681712566513     -0.25525424821926335
 4.35128999826640683     -5.31610190680527328
 9.52627944162692764     -4.34919760738526584
 3.21731074482826651     -12.93263247010756700
-4.33012701892130636      7.83868911094220522
-9.46853085496991120     -3.25525424821979792
 0.92377399044372110     -5.25525424821957632
-6.00442923983219412      0.74474575178047653
-2.65582479801085070     10.93263247010465555
-6.00442923983228916      2.74474575178076208
12.93263247010746042     11.93263247010644790
12.93263247010756700     -6.44314096654546198
 4.33012701892311380      0.83868911094185805
 5.57131373686811227     -12.93263247010756700
 9.52627944162957085      1.83868911094220411
11.25833024919480252     -5.34919760738707772
-11.20058166253874710     -0.25525424821953713
 2.54032762469426832     11.93263247010676942
 7.93545515248833144     -5.56133542178043072
11.20058166248270659     -9.86741659542708227
-11.92965438609962625     -10.98558224112328041
 2.59807621135411848      3.83868911094183485
-0.86602540378369119      7.83868911094225940
-9.46853085497009062      6.74474575178141134
 6.06217782649200654     -0.16131088905811641
-2.54032762469469686      2.74474575178091262
-2.54032762469441753     -1.25525424821948239
12.93260873246256004     -12.86799680469651541
11.20058166253868137      4.93263247010634043
-12.93263247010704298      8.74474575178286528
-2.65582479801183835     12.93263247010720995
-11.20058166253878440     -4.25525424821988096
-4.27237843226353764      3.74474575178097924
-5.86294397784458710     -11.25024345135838821
-12.93263247010580130     -9.25525424822602183
-6.00442923983199162     -7.25525424821958698
-9.52627944162758133      8.83868911094271326
 9.46853085497114400      3.93263247010402051
 0.80827681712555255     12.93263247010713002
-6.00442923983203602     -5.25525424821958786
-0.86602540378363091      5.83868911094195830
12.93263247010750838      9.93263247010637684
-12.93263247010633421     10.93263247010564676
 7.73648004740056194     12.93263247010724726
 2.54032762469432205      9.93263247010638395
 6.00442923983185395     11.93263247010689909
 4.27237843226314240      8.93263247010628625
-4.78147868039294721     -12.93263247010756878
 2.59807621135420153      1.83868911094179777
-9.46853085496985614      2.74474575178063640
 7.79422863405887156     -3.34919760738384209
 9.46853085496968916      9.93263247010628625
-9.46853085496995561      4.74474575178092017
 0.80827681712671207      8.93263247010419015
 0.80827681712550303     10.93263247010648520
-7.94171161506734435     -11.14225591441672591
 0.21731074483237639     -11.20058166252962728
 9.46853085496977087      5.93263247010628092
-12.93263247010755101      6.74474575178121771
 6.06217782649176939      3.83868911094212262
 2.65582479801214610     -2.25525424821917930
 6.20340434492523496     -6.56133542179050977
-4.33012701892124241      9.83868911094266529
-4.33012701892130725      5.83868911094202137
 0.86602540378524850      2.83868911094182241
-2.57691323201082190     -9.31610190681262118
11.34180818096891663     -7.65527878094057268
-9.46853085497032509     -7.25525424822092901
11.20058166254004917      2.93263247010401784
-12.93263247010756700      0.74474575178056179
-1.78208396777845879     -11.15138020743077085
 0.88718838312789783     -9.31610190681141681
-6.00442923983217547     -1.25525424821957454
 9.66750596005617879     -6.56133542178221418
-7.73648004740105044     -0.25525424821955622
12.93263247010750305      7.93263247010637684
12.93263247010757055      3.93263247010636352
-12.93263247010585992     -7.25525424822586995
 0.92377399044339126     -3.25525424821938669
12.93263247010683159     -10.86741659533642412
11.20058166253835630     -3.25525424822488807
-6.06217782649015025      6.83868911094214660
 4.38787560558088963     -1.25525424821895215
-12.93263247010756523      2.74474575178065772
-9.94103494027277712     -11.19863786690987517
-11.20058166253870979      3.74474575178069546
-11.20058166253881460      5.74474575178095570
 7.79422863406085398      0.83868911094193088
-7.73648004740103623      1.74474575178053737
 7.79422863405628874     -1.16131088906666280
-11.20058166253881282      7.74474575178167957
-8.94440927529622876     -12.93263247010515116
-2.54032762469320517     -7.25525424822101783
-6.11992641314749974     12.93263247010658290
-0.84486242444175208     -8.31610190681273487
-11.20058166253872400     -2.25525424821968690
 2.65582479801238458     -4.25525424821918463
-9.46853085496744207     -9.25525424822575005
 9.60975737340592318     -8.65527878095077163
 6.00442923983198984      9.93263247010633776
-6.06217782648987491     10.83868911094311649
 2.65582479801199645     -0.25525424821897991
 4.42240405759813537     -3.31419795797350991
11.20058166253864229      6.93263247010634043
12.93263247010756523      5.93263247010636352
-6.00442923983179266     -9.25525424821958431
-0.80827681712526511     -4.25525424821976461
-9.52627944162687967     10.83868911094404730
 2.61923919069521149     -6.31610190680974881
11.20058166259001631     -11.86741659542710003
-0.92377399044320208     11.93263247010678363
 1.21731074482826718     -12.93263247010171035
-7.79422863405893107      7.83868911094231802
-6.94440927529622964     -12.93263247010756878
-12.93263247010616901     12.93263247010604999
12.93263247010698791     -2.25525424822446263
12.93263247010511385      1.93263247009455341
11.20058166253891052     -1.25525424822302223
 7.73648004740083195      8.93263247010625250
-7.73648004740124673      5.74474575178121150
 0.92377399044308406      0.74474575178095903
 7.53958561109168901     -12.57780035608685232
 7.73648004740082040     10.93263247010648342
12.93263247010756700     -0.25525424822263998
-7.79422863405873745      9.83868911094277188
 2.59807621135398215      5.83868911094206489
 9.46782055223217611     -10.86851433960842783
 4.39431224084818783     -11.31563912492433488
 9.46853085496962166     11.93263247010671613
-11.20058166253744325     11.93263247010578709
 9.50785748531538744     -12.93263247010693640
-2.59807621135247624      4.83868911094190324
-0.80827681712493193     -6.25525424821996978
-7.73648004740142969     -6.25525424822056308
-12.93263247010756878     -1.25525424821963205
-11.20058166253871335      1.74474575178060221
11.20058166253859788      8.93263247010633954
 2.54032762469553619      7.93263247010408357
 7.79422863406068078      2.83868911094218124
-9.46853085496853986     12.93263247010616546
-0.86602540378363368      3.83868911094183130
 4.35128999826667506     -7.31610190680527328
 9.46853085497023805     -2.25525424822338483
-6.00442923983237797      4.74474575178111291
-4.27237843226283687     -4.25525424822014653
 7.87770656584820550     -9.65527878097014280
-2.78208396778239342     -12.88343101499738985
11.20058166253857657     10.93263247010638750
-4.27237843226194514     -8.25525424822125942
-9.46853085497020253     -5.25525424822038723
 2.61923919069593358     -8.31610190680979144
11.25833024919375625      0.83868911093407650
-9.46853085496989877     -1.25525424821960163
-6.06217782649003922      8.83868911094246101
-12.93263247010757233     -3.25525424821973175
 9.52627944162498785     -0.16131088906630667
-9.46853085496989344      0.74474575178050317
 4.27237843226296299     12.93263247010713712
11.20058166253829057     12.93263247010708561
 4.35128999826742824     -9.31610190680527239
-4.27237843226235192     -6.25525424822091125
-2.59807621135246469      6.83868911094208087
-0.80827681712550370     -2.25525424821941822
 6.00442923983329635      5.93263247010396011
-0.92377399044213293      9.93263247010432337
12.93263247010700745     -8.86741659533640458
-11.25833024919573155      9.83868911094399756
 6.20340434493510884     -8.56133542181219376
-4.38787560557948719     11.93263247010508188
12.93263247010620809     -4.25525424822667375
 0.86602540378514470      6.83868911094213416
 6.06217782649195858      1.83868911094191345
-6.00442923983212129     -3.25525424821957454
-3.89352650717553805     -10.87473873934673918
-0.78268925517173216     -12.93263247010320249
-2.59807621135252376      8.83868911094237042
-4.27237843226344793      1.74474575178069813
 4.33012701892286156      4.83868911094206933
-12.93263247010756700     -5.25525424822004350
-0.80827681712582111      1.74474575178091040
-7.73648004740128137     -4.25525424822022558
 6.20340434492027715     -4.56133542177900608
-7.73648004740107975     -2.25525424821971532
 0.92377399044324793     -1.25525424821920195
-4.27237843226332181     -0.25525424821953030
 4.27237843226437786      6.93263247010400541
-4.27237843226308822     -2.25525424821984144
-2.54032762469457074      0.74474575178068858
 7.73648004740086392      6.93263247010622852
 7.93545515249285849     -7.56133542179271423
 6.36258411507175925     -10.96080701090359533
-12.93263247010756523     -12.71591023402002030
 7.73648004740222195      4.93263247010397965
 9.46853085496972469      7.93263247010628092
-11.20058166253941678     -6.25525424822130116
-2.54032762469416928     -3.25525424821978460
 2.38414977349552881     -10.82933468719388515
 6.00442923983197829      7.93263247010621431
 0.88718838312634818     -7.31610190681088746
