213    27.96730167759999830
-4.32339680094886702     -2.03950997336037387
-10.50676219155316993     -12.98365083878777781
-6.05597578076416010     -5.04042423710422671
-0.87222744951003572      7.98273657504093936
 9.51954922365430711     11.98365083878956128
-12.98365083879261128     -1.03950997335916906
-7.78802658833280415     -10.04042423710541598
 6.06164965426718361      1.97115616892969903
 8.92687801593728558     -12.06096314618867993
 0.86602540373243064     -9.05109037952573026
 0.87169927725890850     -3.03950997335006745
 4.33580089239669775      0.96049002665014838
 7.24070400537032999     -10.98540877467204346
 9.51954922365571043     -6.06084225799568088
-9.51954922365583300      6.96231855414769196
-6.05544760851775088     -3.03950997336036455
-9.51954922365558609     -5.03950997336037876
 2.60375008482766157     -4.03950997335028283
 0.85982335805904053     10.98273657504185152
-7.78802658833834638      1.96140429039505482
 4.33012701887547014     -7.05109037951226902
-12.98365083879353321      6.96231855414780298
-2.59187416563174100      4.96140429039518249
-7.79370046179002518      9.97298469643543051
 7.78802658833406891      8.98273657504127598
-2.59187416562580930     -11.04042423710460419
-11.25160003122464047      7.96231855414781364
 6.05597578076492304      5.98273657504019774
11.25160003122466712      0.98182231129528752
11.25160003122200081     12.98365083879161119
-6.05597578076393450     -11.04042423710547638
-0.85982335805770027     -6.04042423710454468
-2.60427825707882032      8.98273657504110012
11.25160003122459251     -11.06084225799565424
 2.59187416562794049     11.98273657504218548
 6.06785169996536133     -4.03950997335025175
-11.25212820347618248      3.96140429039496222
-11.25160003122376118     -2.03950997335922279
 0.87222744951118791     -5.04042423710455267
-4.32392497319519098     -10.04042423710522947
-12.98365083879261483      0.96049002664083538
 2.59187416563387885     -10.06175652175254953
-4.33580089239659650     11.98365083879337334
 9.51954922365577616     -8.06084225799569332
-2.59187416563177964      2.96140429039508879
-9.51954922365483114      0.96049002664081728
 7.78749841608708238      2.98182231129558151
11.25160003122462093     -7.06084225799562315
-0.85982335806325039      1.96140429039448572
-6.52912520165926580     -12.98365083879324899
 0.85982335805884369      6.98273657504094292
-2.59187416563214246      0.96140429039443509
 2.60375008482775172     -2.03950997335000217
12.98365083879211035      9.98365083878760551
 9.52575126933917815     -4.05017611574165137
-11.25160003122465646      9.96231855414792733
 9.52575126940704919     -0.02884383107463541
12.97995910489704130     -12.13768858004401174
-4.32392497320061064      3.96140429039516873
-6.05597578076950338      2.96140429039511544
-4.32392497319532954     -6.04042423710430842
-4.26452938873357379     -12.77893520531072191
12.98365083879353143     -10.06084225799569509
-7.78802658833305639     -6.04042423710420717
 6.06785169996537466     -2.03950997335020778
 0.93582255760671285     -11.18313650710574514
-7.78802658833837214      3.96140429039513009
 7.78802658833371453      6.98273657504040735
-11.25160003122473107      5.96231855414767153
 2.59187416562764295      9.98273657504137546
11.25160003122469199      4.98182231129590214
 2.59187416562769668      7.98273657504113743
12.98365083879349591      3.98182231129577557
11.25780207690806733     -3.05017611574162695
-0.12136667938530048     -12.88088528628032314
12.98365083879352966      5.98182231129603803
 0.87222744951116582     -7.04042423710456422
 7.79990250753424075     -3.03950997335022688
-6.06164965422036506      8.97298469643385310
-0.87169927725898788     11.98365083879340176
-4.33012701890191387      7.97207043268034532
-9.51954922365522194     -3.03950997335985429
 0.86035153030980083     12.98365083879356519
-12.98365083879272674      2.96049002664084338
 4.33012701894438656      2.97207043267413606
 0.87222744950564990      2.96140429039455277
-4.32392497319548497     -8.04042423710456333
-2.59187416562660333     -9.04042423710456156
11.25160003122468133     -9.06084225799564891
 5.15243516762567388     -12.98365083878035087
-6.05597578076950604      0.96140429039499098
 9.51954922365591472      3.98182231129569209
 6.06785169996550700     -0.03950997334997024
11.25160003122353025     10.98365083878842086
-0.85982335805756194     -4.04042423710433063
11.25212820347114473      6.98273657504009382
-2.11872474473480210     -12.98365083879329873
-12.98365083879350124      8.96231855414785628
12.98365083879350479     -6.06084225799560272
-0.85982335806354071     -0.03859570960604142
 4.32339680094775591     12.98365083879106585
-9.53195331510311306     12.98365083879347459
-9.51954922365486134     -1.03950997335924478
-6.06785169996539331     10.98365083879322768
 0.86602540380666426      4.97207043267646753
-9.51954922365579748      8.96231855414788825
-9.52575126936024041     10.97298469643781083
 0.85982335805881449      8.98273657504113210
-0.85982335805690557     -8.04042423710598086
 9.52007739590256641      7.98273657504061163
 4.32392497319607116      4.98273657504003165
-4.33580089239658406      9.98365083879310866
 7.79990250753425407     -1.03950997335019935
 6.05597578076522947      7.98273657504108591
 1.87599138596421255     -12.98365083879307136
-7.78802658833287698     -8.04042423710466814
-12.98365083879279247     -3.03950997335916906
-9.52007739590156454     -9.04042423710504828
11.25780207697627766     -1.02884383107526345
-7.78749841608664806     -4.03950997336038853
-12.98365083879290260     -5.03950997336027839
-6.05597578076410059     -9.04042423710501630
-9.52007739590722402      2.96140429039507902
-11.25160003122372565     -0.03950997335918145
 7.78749841608606008     10.98365083878844928
-7.78749841608633986     -2.03950997335986184
 2.60427825707422800      1.96140429039402719
-2.59187416562659090     -7.04042423710455179
12.98365083879198068     11.98365083878916693
12.98365083879349591     -0.01817768870480783
-12.98365083879349591     -11.04133850084809332
 7.78802658833932160     -9.06175652174997381
-0.87222744950999131      9.98273657504125644
-6.05597578076421961     -7.04042423710428711
-7.78749841608598015     -0.03950997335925085
 7.79370046176924980     -5.05017611574346859
 4.32392497319651792     10.98273657504165968
-2.60375008482780013     12.98365083879351367
 4.33580089239663113     -1.03950997334997619
-4.32392497319527802     -4.04042423710422849
-4.32392497320098546     -0.03859570960562674
 6.05597578076534138      9.98273657504154599
-11.25160003122434382     -10.04133850084841661
-8.51794369660588657     -12.77246136424892242
-9.51954922365519174     -11.04133850084944868
 5.24626408435765423     -10.83638058448322816
-0.79002620429721671     -10.17247036488327971
-6.05597578076952736      6.96140429039515940
12.98365083879349591      1.98182231129538966
-12.98365083879337867     -9.04133850084808977
12.98365083879222937      7.98365083878636028
-0.86602540376305048      5.97207043267843929
 2.59187416562760253      5.98273657504073864
 6.06164965419907364     -6.05017611574581160
-6.06785169996544127     12.98365083879345860
 2.60375008482779968     -0.03950997334989698
 2.60427825708005445     -6.04042423710458376
-2.59187416563239381     -1.03859570960612202
 0.87222744950533970      0.96140429039398789
 2.59807621137579714      3.97207043267477466
10.70132086424646545     -12.98365083879351012
 4.32392497319648772      8.98273657504132039
-11.25780207692979928     11.97298469643916974
 4.32392497320148905     -9.06175652175003776
-0.85982335806288035      3.96140429039515363
-6.05544760851745600     -1.03950997335987294
-4.32392497320064972      1.96140429039507525
-7.79990250753424430     11.98365083879330228
-2.59807621133239586      6.97207043267925108
-11.25160003122370078      1.96049002664083227
 7.78802658833349071      4.98273657503965239
-12.98365083879304116     -7.03950997336120299
11.25160003122472574      2.98182231129557618
 9.51954922365589873      1.98182231129547604
-11.25160003122429764     -6.03950997336080686
-12.98365083879357940      4.96231855414761025
-4.32392497320062841      5.96140429039519049
 4.33580089239650324     -3.03950997335021933
 7.78749841608685323     -7.06084225799577148
 2.59807621130285016     -8.05109037951862128
 4.32392497319644242      6.98273657504088785
 7.15243516762567477     -12.98365083878882409
-2.60375008482777304     10.98365083879324189
-12.98365083879349413     10.96231855414805523
 6.05597578077038445     -8.06175652175006796
-2.59187416562639239     -3.04042423710424092
 7.79370046183737042      0.97115616892725931
 6.05597578076466903      3.98273657503954670
12.98365083878206327     -2.03950997346795004
-12.50676219155317170     -12.98365083879313175
 9.47661568187281311     -10.13383255609419464
 6.05544760851635200     11.98365083879011195
 9.53195331510312727     -2.03950997335020690
-0.86035153030991829     -2.03950997334997997
 3.51421327679018614     -11.83638058448566888
 4.33580089239651922     -5.03950997335031747
11.25160003122461205     -5.06084225799562049
-2.59187416562644657     -5.04042423710431819
-11.25160003122415731     -4.03950997335977124
-7.78802658833838901      5.96140429039513009
 0.87169927725892615     -1.03950997334991357
-11.25212820347047327     -8.04042423710495591
11.25160003122361374      8.98365083878694115
 7.78749841608478022     12.98365083879166093
-7.78749841608698379      7.96231855414774081
-12.98365083877204817     12.98365083876818105
 9.51954922365504608      9.98365083878773518
 9.52007739590231772      5.98273657503993395
-9.52007739590175461     -7.04042423710460596
-9.52007739590727553      4.96140429039508657
-6.05597578076949983      4.96140429039514785
12.98365083879353321     -8.06084225799560272
12.98365083879349591     -4.06084225799560183
