216    27.99989034548740818
-4.33969112753600950      4.99994517274359218
11.26789435894720626      2.00005486148257638
-7.78467507677810655     -4.99996345430568301
11.26789436510984999     -7.99994517267849936
-9.52532446085748141     -6.00002716431752248
-9.52532445970591546     -10.00002716431753136
-2.58852265017154259     -1.99996345376712736
 4.32056817889572820      5.99995407408230186
 0.86702842738237085     -11.99994521908507394
-11.25737526836455160     -7.00002716442489969
-2.59707389505657193     -9.99994517273728789
 4.32056834129817169     11.99995407530106384
 7.80379273935412332     -11.99994519081146471
11.25308127948107639     10.00000002425245604
-7.79322631833360813     -6.99994517328921262
-4.33969113479810442     -1.00005482725640626
 9.53584356155598201     -4.99994516572272296
-11.26783106126759648     -12.99994517267832883
 4.33755391253968892     -12.00365589590075999
-6.07174191547049702      7.99994520120558228
-6.05262426820264565     -3.99996345386821961
12.99994515164635445      7.00005486157678103
11.26789434743097118      4.00005486149521250
-4.33969113479538748      0.99994517274359318
 4.33968571474280029      0.00004543938686245
 9.53584344957591235     12.99994515233881209
 2.60762977264127294      1.00003654606287751
12.99994516950852841     -2.99994514910390686
 2.58851235770246113      8.99994517268055105
-7.80379274316116867      6.99994517266675764
-9.53584355754730950     -0.00005482735733331
-2.59707371280737043     -11.99994548835999986
11.26789436980099879     -3.99994516455543891
-9.53584355756070501      1.99994517264946436
-4.32057345774996548     -2.99996345377519846
-2.60764031859223300      3.99994517455915544
12.99994517267906780     -6.99994517267868677
-2.60764018611793347      9.99994519487049160
12.99994511995038060     10.99994515066480538
-2.60764032621253872      1.99994517447858611
-4.32057345972555584     -4.99996345377519802
-0.87558925447631941     12.99994517274374317
 6.07174191885452963      3.00005484802426814
-2.58852265017667182     -3.99996345376761520
-0.87558951176043776      2.99994517274394967
-7.80379274998255745      2.99994517265810856
-6.07174194236381837     -2.00005482732133855
 2.60762977263986473     -6.99996345393714314
 7.78893218843841773      7.99999999639280190
 6.07174194240278720     -8.99994517267860061
-4.32912470264871807     -10.99994517274358330
 9.53584355754035684     -10.99994517267892746
-0.85647184260412024     -4.99996345377463047
-11.26789436509466746     -5.00005482745160901
-9.53584355751609536     -2.00005482735735329
-12.99994517267553107     -2.00005482741001739
 4.32056832867421736      3.99995407408144255
-4.33969113479118462      2.99994517274359263
-11.26789435479443569     10.99994517267891325
12.99994515531508910      5.00005486137849875
-0.85647184261354636     -8.99996345377454965
-6.07174193377863869      5.99994517559882912
 4.32056830746580456      7.99995407413622939
 9.53584355553780938     -0.99994514651208732
 0.85646129626069933      1.99994517322322185
 6.05261927086123563      8.99995430374474914
 9.52103041444300047      7.00000000444238069
 9.53584355754055224     -6.99994517267859884
11.26789430191097452     11.99994521028375338
 6.07174183397250644     -12.99994517267874095
-4.33969112433415738      6.99994517274359129
-0.86502308745014878     -10.99994517274389594
-4.33969101042037941     10.99994517274358863
 6.07174191420338261      1.00005484531048183
 2.58851222895874233      6.99994517268055461
-9.52612225510690536     -12.00129923026619316
11.26789436510934372     -5.99994517267788297
 7.80379273001871443      2.00005485424800389
-7.80379274997362682      4.99994517266626293
-9.53584353079001446      9.99994520100257844
-4.33969103918981691      8.99994517274358863
-2.58852265019933947     -7.99996345376798867
 0.87557896498110244     -3.99996345378203122
-0.85647184259164055     -0.99996345377471119
-6.06117551032888890     -9.99994517288773288
 2.58851229787651205      4.99994517268055283
11.26789436507558229     -11.99994517273730743
 7.80379274997205208     -7.99994517267925698
12.99994517170361341     -0.99994514274500113
 6.05690507386701693      6.99995889553815065
-11.26789427852240166     12.99994517267892569
 6.07174194224778052     -10.99994517267860061
-6.07174194239642695      1.99994517268793448
 7.80379275287024310     -3.99994516765709385
-6.07174177264120196     11.99994525158235348
-9.53584355568964170      5.99994517587552867
 6.05262441793085504      4.99996347646680217
 6.07174194378655230     -4.99994517028132357
-12.99994517267639260     -4.00005482747033803
 7.80379275175645937     -5.99994516958689239
 2.60762977263954454     -2.99996345393712627
11.26789436293410063     -1.99994514684559732
-0.87558950917695100      4.99994517274390926
 6.07174194584651783     -2.99994516671279499
-6.07174194240217791     -0.00005482731457142
-11.26789436512340536      0.99994517263018023
-0.87558941816896829      6.99994517274386752
 7.78897961103637115      5.99999999694961517
-0.87558951964513099      0.99994517274398986
-11.26789435977872955      8.99994517267890970
-0.85647184260795839     -6.99996345377458962
-2.58852265018968941     -5.99996345376763340
12.99994517268017802     -4.99994517267860594
 4.32056832864639695      9.99995407475708475
 4.33968571367867906     -1.99995456245262360
-6.05262426848270785     -5.99996345386835284
 7.80379274993954652     -9.99994517273423256
 4.33968569902459933     -5.99995458783694691
 9.53584355317668653      1.00005485807456540
 4.33968569883203781     -7.99995458816913096
-12.99994515247419713     11.99994528380770653
 7.80379274796989453      0.00005485397157278
 4.33968556146087892      2.00004544326487821
-7.79322631813575573     -8.99994517329797716
-9.53584355750581558     -4.00005482735737061
-12.99994517267949590      3.99994517268277372
 2.60762977263917151     -0.99996345393712616
12.99994516818697932      3.00005486022582879
 9.53584353479299551      5.00005485861452836
 0.87557896487351516      0.00003654640716072
-11.26789436510408926      6.99994517267890792
 7.78752939521266097     12.00288450471262891
 9.53584353584533417      3.00005485823390838
-9.53584345286116708     11.99994520128790043
-7.79329038666887097     -12.99994517268200944
-12.99988620846260012     -10.00005482661069145
 9.52103046320386603     11.00000000919475873
 2.58851210593804026      2.99994517268056082
-0.87558939125095003      8.99994517274382666
 7.80379272470831609      4.00005485440356701
-7.80379273951210894      8.99994517267396965
-7.80379262732231549     12.99994517267726835
-4.32057345777237867     -6.99996345377519802
 0.87557896498398791     -7.99996345378646279
 9.53584355739202572     -12.99994517267909799
 6.05689983171480950     10.99994972390441461
 6.07174194799530387     -0.99994516299458491
11.25308128438532584      8.00000000467240824
-12.99994517248583215     -8.00005482747561736
 0.87557897209920976     -9.99996349651773997
-9.53584355754509794      3.99994517266910155
-4.32912470260995441     -12.99994517274358330
-2.60764007821594657     11.99994519563792927
 2.58851239133430422     12.99994517268085303
 7.80379275366381897     -1.99994516628614294
 2.59907926694863134     -12.99994516499778996
-7.80379266150414974     10.99994517267397320
11.26789434311348437      6.00005486176610603
-11.26789436512216191     -3.00005482743899821
 6.05262429957869319     12.99994515401695239
 0.87557896497845489     -1.99996345377818452
12.99994517267859351     -8.99994517267889904
12.99994514510837362     12.99994515071849044
-12.99994517248469350     -12.00005482574814408
12.99994516810322054      1.00005485848666109
-6.06119890083981527     -11.99998568759431272
-7.80379274970634018     -3.00005482774750387
-6.07174194073895990      3.99994517555149365
-2.60764021430769155      7.99994519388896563
 2.60762976698001259     -8.99996346345227671
-6.06117551051107206     -7.99994517284988049
-7.80379274995080152     -1.00005482735098505
-11.25740691979288144     -10.99997233854415946
-9.52532446065569260     -8.00002716431752781
 2.58851237262648803     10.99994517268056171
-7.79322631742407523     -10.99994517370820901
-0.86502242399138229     -12.99994517274374495
-0.85647184259982434     -2.99996345377467089
11.26789436090683516      0.00005485741343353
-4.33969090256277923     12.99994517274358685
-11.26789436511724674      2.99994517267090055
-11.26786252008122702     -8.99999966862451828
-12.99994517266279992     -6.00005482747382768
 9.53584356174736136     -2.99994516539499756
-12.99994517267774441     -0.00005482739839784
 0.87557896498266818     -5.99996345378286033
 7.78897966313719348      9.99999999607672940
 9.52103047880550690      9.00000000829233038
12.99994517267805882     -12.99994517267919214
-12.99994517267851357      1.99994517265567584
12.99994517267902516     -10.99994517267900029
 4.33968570087311356     -3.99995458463329978
-4.32912470284315720     -8.99994517274358330
 2.60762977264063878     -4.99996345393713693
 4.33968569749599009     -9.99995459020495403
-9.53584354946284485      7.99994517647831582
 6.07174194324927807     -6.99994517121376258
-12.99994516847086601      9.99994518263268972
 0.85646156850752753     11.99994519484655875
-7.80379274998708450      0.99994517265767591
 0.85646140344367905      5.99994519471726839
 9.53584355754115798     -8.99994517267887773
 0.85646130887652461      3.99994519087986600
-11.26789436511020348     -1.00005482740099394
 2.60764001899068321     -10.99996348549721148
-11.26789436510836140      4.99994517267887062
-6.07174183615065299      9.99994520120587715
-12.99994517267795757      5.99994517268736871
-12.99994517171707642      7.99994517944811978
12.98513209059492723      9.00000000773887621
11.26789436510987308     -9.99994517267919925
 0.85646143023192667      7.99994519472488808
-2.60764032722154537     -0.00005482724831240
 0.85646154866503665      9.99994519483505329
-2.60764030476026054      5.99994519350354949
-0.87558927595081515     10.99994517274378403
