218    28.39627420403412827
 9.43104368700241302     -11.80023478709067852
-11.46608629444583904      6.19813710201590684
 2.51714372567964206     -5.80186289799001731
-0.94695788929536884     -7.80186289827211166
 2.51714372568201528     -7.80186289799195176
13.19813710201606938     -9.22669186119879470
-7.99929512539240051     -13.19813710201506751
-0.94695788945608517     10.19813710201535173
 6.01443535002007401     -5.74203567934635473
 7.77967616678814533     -2.80186289798370813
-13.19813710201537305     -2.80186289798379118
 6.01443535001972940      0.25796432065364716
-3.99915361024185811     -9.73411719833507227
-0.94695788945616777     -5.80186289799255306
 0.78509291811100590     -4.80186289798959010
-11.46608629444568450     12.19813710201593437
 4.02799301485906014     -9.31007048742328003
12.86138249928821153     -13.19813710201653834
 6.00070487471697955     -13.19813710201242429
-6.16833701417414026     13.19813710201706947
-6.03792421387758171     -9.12365306419218669
13.19813710201481527     -1.22669186119321716
-6.16833701417447511     -4.80186289798290300
-4.42367285559993384     10.22030942098809270
 4.24919453325012952     13.19813710201615109
-2.67900869702473488      3.19813710201491386
-1.99929512528312969     -13.19813710201706769
-7.95118625052533545      4.29179908535740395
-6.16833701417427704     -0.80186289798290578
13.19813710201441204      2.77330813880722227
 9.51172697435800352     -9.80186289799154942
 4.24919453324908769     -4.80186289798874455
-4.42367285560027490     -5.77969057901193661
-2.67900869702494093      9.19813710201531443
-2.67900869702461053      1.19813710201479440
 7.77967616678788687      1.19813710201656787
 7.77967616678745166      7.19813710201681278
13.19813710201412960     -11.22669186119879470
-11.45299256270233812     -11.82454190663450433
11.24377778192540767      5.19813710201704993
-9.73403548688217057     -6.80186289799079713
-0.94695788945566506     -1.80186289798549049
-4.42367285560009194     -1.77969057901194438
-7.95118625052527772      0.29179908535740473
-13.19813710201507817     -10.84757182678491638
-9.73403548687677223     11.19813710201598944
-4.42367285560011947      8.22030942098804651
-4.42367285560008305      0.22030942098805240
-13.19813710201490586      3.19813710201621060
-0.94695788945561432     -3.80186289798562704
-7.95314815816367293     -9.70819995237196309
11.24377778192505062     13.19813710201706414
11.24377778192512878      9.19813710201704993
13.19813710201706414     -7.22669186119879292
13.19813710201447776     12.77330813880970872
10.86138249928815291     -13.19813710201439783
-4.99929512532101761     -11.46608629442632754
 4.24919453325067575      3.19813710201515855
 4.24919453325062779      7.19813710201542101
-9.73403548687703335      3.19813710201576384
 9.51172697435716508     -3.80186289798357890
 7.37714964348824509     -11.27139237736637511
-7.95118625052528305      6.29179908535740395
 6.01443535002027119     -7.74203567934635384
-2.67900869702486011     11.19813710201554713
 4.24919453325074947      1.19813710201503332
-11.46608629444590832      0.19813710201562473
 2.00070487471686631     -13.19813710201188073
-2.67900869702449684     -2.80186289798557064
-11.46608629444741823     -5.80186289798450883
-0.94695788945602299      8.19813710201534818
-0.94695788945599058      6.19813710201519630
 9.51172697435583281     12.19813710201690604
-2.67900869702449951     -0.80186289798541621
 6.01443535001984309     -3.74203567934635517
-9.73403548687714526     -0.80186289798457266
 6.01443535001944785      4.25796432065365593
 2.51714372568166977     10.19813710201553469
-2.00611326843363313     -9.56739184975227097
13.19813710201440848      4.77330813880795368
-9.73403548687702447      1.19813710201564505
-7.95118625052714734     -7.70820091464259072
-13.19813710201489876      5.19813710201622126
-7.95118625052539940     -3.70820091464259294
-9.74743311691061010     -8.82471736238249527
 7.77967616678769414      3.19813710201670309
-13.15350546933522935     -13.00879682531966353
-7.95118625052519512     10.29179908535741284
-11.46608629444611260     -1.80186289798443755
 0.78509291811282733      7.19813710201529844
 9.51172697435664283      2.19813710201678747
-6.16833701417432501      3.19813710201708945
-6.16833701417430902      9.19813710201707835
 0.78509291811299176      3.19813710201505685
11.24377778192642907     -2.80186289798295007
-3.99929512528313635     -13.19813710200280354
11.24377778192581800      1.19813710201704970
-4.42367285559934498     12.22030942098826500
-7.95118625052528749     -1.70820091464259427
 0.78509291811242610     -6.80186289799305221
 7.77967616679294149     -8.80186289798494137
 6.01443535001926133      8.25796432065365593
-6.16833701417416957     11.19813710201707302
 7.77967616678853879     -4.80186289798401322
 0.00838418550469501     -9.55894044924131947
-13.19813710201706414     -6.80186289798379118
 7.77967616678887897     -6.80186289798419708
 7.77967616678698626     11.19813710201685275
-13.19813710201486856     -8.80186289800043831
 0.78509291811268545     13.19813710201595924
 4.24919453325049901      9.19813710201544055
-13.19813710201514212      1.19813710201620993
-7.95118625052550421     -5.70820091464259161
 2.51714372568197309     -1.80186289798529020
 7.77967616678728824      9.19813710201682078
 4.24919453325060825      5.19813710201529489
-13.19813710201512968     -0.80186289798379007
-2.67900869686928678     -6.80186289826277068
-2.98465444753595888     -11.45771559960754260
 2.51714372568168177      8.19813710201533752
-6.16833701417426727      1.19813710201709234
-13.19813710201452217     13.19813710201627721
 6.01443535001897445     10.25796432065365593
 9.51172697435641723      6.19813710201685630
-11.46608629444637373     -3.80186289798450616
 7.77967616678753249      5.19813710201671508
-9.73403548687688769      7.19813710201592283
-9.73403548687735842     -2.80186289798474020
-11.46608629444587457      2.19813710201569146
 9.51172697435612946     10.19813710201688473
 2.51714372568189448      0.19813710201489107
 0.78509291811304682      1.19813710201494295
 9.51172697435631065      8.19813710201687762
 9.51172697435772641     -5.80186289798412602
 9.51172697435694481     -1.80186289798356980
-9.99929512539247689     -13.19813710201004398
11.24377778192667066     -8.80186289799112309
-13.19813710201495738      7.19813710201622925
11.24377778192490851     11.19813710201705526
 4.00070487471686409     -13.19813710201706769
-4.42367285560194912     -7.77969057901193217
 4.24919453325083296     -0.80186289798507315
13.19813710201434986      8.77330813880901594
13.19813710201495560     -5.22669186119617812
-2.67900869702485078      7.19813710201522561
13.19813710201426993     10.77330813880958260
-4.42367285560018519     -3.77969057901194061
 3.00070487470170955     -11.46608629443395699
-6.16833701417613867     -6.80186289798290211
 2.00070487469937897     -9.73403548686587783
 4.24919453324885943     -2.80186289798873966
-4.42367285560013990      2.22030942098805006
 4.24919453324919694     -6.80186289798885024
-6.16833701417437208     -2.80186289798290433
-4.42367285560007950      6.22030942098804740
 2.51714372568173950      6.19813710201533574
11.24377778192954480     -6.80186289798295007
-9.73403548687695697     13.19813710201623813
11.23008948111480620     -10.83794171529090100
-13.19813710201589885     -4.80186289798379118
 7.77967616678656526     13.19813710201687407
-6.99929512533603315     -11.46608629447872829
 0.78509291811287873      5.19813710201517676
-6.16833701417426727      7.19813710201708279
 9.51172697435652914      4.19813710201678969
11.24377778192558353      3.19813710201704993
-9.66683826668213619     -10.91563843525764810
-9.73403548687694986      5.19813710201591661
 2.51714372567982680     -3.80186289798940891
-7.95118625052532746      8.29179908535740573
-11.46608629444583016      4.19813710201590595
 0.00070487471686828     -13.19813710201385959
 9.51172697435688086      0.19813710201664703
11.24377778192531707      7.19813710201704993
 2.51714372568147216     12.19813710201573009
-9.73403548687769238     -4.80186289798519628
11.24377778192686073     -4.80186289798295007
 0.78509291811310311     -0.80186289798527777
13.19813710201447599      6.77330813880872018
-7.95118625052539585     12.29179908535748389
-0.99161581430367540     -11.29099125692111727
 2.51714372568186917      2.19813710201503731
-4.42367285560011148      4.22030942098804829
-6.16833701417429747      5.19813710201708634
13.19813710201462698      0.77330813880709015
 8.00070487471700709     -13.19813710201482237
-11.46608629444581418     10.19813710201592194
-9.73403548687693032      9.19813710201593082
 1.00070487470143665     -11.46608629443595007
 4.24919453325040308     11.19813710201581358
-13.19813710201488455      9.19813710201625057
-2.67900869702458433     13.19813710201632695
-11.46608629444579641      8.19813710201590773
 5.00070487470178193     -11.46608629443948679
 2.51714372568178657      4.19813710201519896
-13.19813710201474599     11.19813710201625057
 6.01443535001960061      2.25796432065364971
-0.94695788945605364     12.19813710201569279
-7.95118625052533723      2.29179908535740440
 6.01443535002398288     -9.74203567934635295
13.19813710201494494     -3.22669186119431695
-5.99929512528314568     -13.19813710201706769
-11.46608629445169036     -7.80186289798985921
11.24377778192605959     -0.80186289798295018
-0.94695788945582859      2.19813710201495871
-2.67900869702283151     -4.80186289798851274
-0.94695788945594006      4.19813710201507551
 0.78509291811320303     -2.80186289798550670
 0.78509291811284643      9.19813710201541213
 0.78509291811272341     11.19813710201547075
-0.94695788945573833      0.19813710201478421
 6.01443535001853657     12.25796432065369679
-11.47948392447354671     -9.82471736239279281
 9.51172697436154735     -7.80186289798447330
 7.77967616678808405     -0.80186289798349319
-2.67900869702480771      5.19813710201509238
 6.01443535001988394     -1.74203567934635517
 6.01443535001941232      6.25796432065365593
