221    28.64797038570543108
-11.05939891832142585     -4.41859641934539749
 9.52792198457001227     -11.43223345944814007
-1.18806016975420947     13.32398519284804017
 8.12783277013958205      0.32398519279347515
-8.11626340003150659      9.32398519284458338
-4.03502499334414733     -6.60444770346281729
-9.84544386472420641     -9.35032538321205742
-4.04317810724900806     -0.59045717919621010
13.32398519284838123      1.32398519278829396
11.59193438528300568      4.32398519278984406
-4.04317810716258208      3.40954282093784133
-8.10626638223574325     -10.36277199106224067
 2.93168034386441478     -2.67601480719941076
-11.58036501516720485     11.32398519285272265
13.32398519285198724      9.32398519284988403
 2.46610610756474502     -13.32398519284393679
-7.59134893115414400     -8.43019339789354838
-9.84544386473011635      0.51313254445579082
-11.58036501517102579      9.32398519285272442
13.32398519284842386     -0.67601480721170737
 8.12783277013513583     -3.67601480720749008
 6.39578196267953203      9.32398519296977568
-2.30439067549891474      8.42112195276812159
-5.76707579493007838     -1.60444769315965874
-3.53389389243525454     -13.32398519284929250
-11.58036501519002393      7.32398519285272798
 4.66373115499918978     -1.67601480720240792
 9.85988357770542478     -2.67601480720920426
 8.12783277024812456     10.32398519297117190
-9.24593863167903862      2.42116647380410477
 8.12783277016190375      8.32398519281994176
 6.39580766753990293     11.32402971377452694
13.32398519285122696     11.32398519284992489
-2.53389389243847285     -11.59193438527855591
 6.39578196256493303     -4.67601480720557383
-0.57092337817752858     -4.60444770351163157
 1.16066057750241391     -7.60525588170905120
-13.32398519283879423     10.34429714249078280
-12.80588943885924635     -5.39315830125517426
-5.76707579496161227     -3.60444769315966695
-2.31112729967672692      2.40954282079403015
-13.32398519285271732     -11.32488726508366916
11.59193438528180842     10.32398519285085747
-5.77916771805978602      0.40272840941521998
 8.12783277014528771      4.32398519279446614
-7.58865231853152977     -4.43019521436631791
-4.03644148312217865      7.42112195286232268
-11.57749467230553186     -8.35032538318498041
 2.93168034743490491      1.32398519280088567
-4.03595832132291754     -8.60444748568998286
 4.66375685997160438     10.32402971377352152
 2.91927481209247563     -8.67597633250264266
-13.32398519285271732      6.34429714247775589
-9.84544386475302780     -11.35032538321205564
-13.32398519285233363      0.53857066257332453
-4.03502498736707516     -4.60444769320911007
-13.32398519285260363     -1.46142933742667447
 1.15971093958238525     10.42112195286590293
-5.76849229067989544      8.42112195288189191
-2.30439067554701982     10.42112195289036336
 1.15297431546664408      4.40954282078510129
-5.76849229069471292      6.42112195286865717
-4.03502498736575532     -2.60444769320639891
-7.52790751438053096     -13.16935765488556775
11.59193438527779740      0.32398519278984417
-4.04317810725131999      1.40954282080379500
-0.57905078709913715      7.40958734164567989
 8.12783277014258942      2.32398519279429161
 2.93170605240138826      9.32402971377581125
 2.93168034745206274      3.32398519282669058
-8.11626340002646174     11.32398519284458338
13.32398519284409133     -2.67601480721170759
-2.31112729969583253     -1.59045717922399898
-9.23259390583996442      4.42112195288164500
-2.31112729959195162      4.40954282093488104
 4.66373115510896952      8.32398519297145612
-9.84831420760376375      8.32398519284850558
 6.39578196259242038      5.32398519282220750
-0.57907649201940414      5.40954282092856520
 4.66373115499423374     -5.67601480720264906
-9.84831420759797638     10.32398519284889460
 8.12783277016261607      6.32398519281992755
11.59193438528452269      6.32398519279199611
-9.32734811076831782     -5.41859641937270808
-2.31110159472268339      6.40958734174036948
 9.85988357771277713      3.32398519279203963
 8.12207429174805107     12.33398197533233720
13.32398519283971261     -6.67601480721171114
-6.45040261197957321     -11.48442941151675711
 9.85988357773154789      7.32398519281985916
 9.85988357770978929      1.32398519279138149
 3.44729209368392198     -11.30547162120672056
-7.58865231853441013     -6.43019521436633124
 6.39578196259168852      7.32398519282220928
-11.57749467231489504     -2.48686745551689636
11.59193438527385389     -3.67601480721016527
-5.77520320986608393      4.40958734175014921
13.32398519284982896     -10.67601480721176266
-5.76977240805024838     -7.60444587522832816
-2.31112729967447539      0.40954282079399429
13.32398519283782612     -8.67601480721171292
-7.50730542602732331      1.40958734242034334
-11.57749467230853391     -10.35032538318529483
 9.85988357770803781     -0.67601480720862772
-0.57907649210590573      3.40954282079140958
-13.32398519284954119     -9.32488726508367094
-10.97798943923695347      3.42116647382309491
-5.76707579496449796     -5.60444769315966695
 9.85985840812853098     13.32398519284791938
-13.32398519284156890      8.34429714249026944
-8.11626340002003843     13.32398519284461891
-8.10674807249217544     -0.49846625053746846
 6.39450149533672896     -8.67823307446133541
 2.93168034753404116      7.32398519298080952
-6.38421259245397099     12.32398519283853666
-2.30297417979822017     -3.60444769320907188
-7.50725401744045318      3.40958734175966249
11.59193438527152864     -5.67601480721016749
13.32398519285204763      5.32398519278963356
 1.15297436329005065     -3.59045728089076777
-4.04315240229521677      5.40958734174670219
 1.16066057680261325     -5.60525588036439970
-7.50054309825243859      7.42112195288823884
 8.45871172046301822     -13.32398519283719907
 9.85988357773026891      9.32398519282082816
-13.26392293191062599     -13.32398519285271909
 8.12783277013271110     -5.67601480720750384
 2.93168034743216799     -0.67601480719915141
-2.30297418574457469     -5.60444770351540189
-4.03644148310374895      9.42112195286931531
-9.23259390582375872      6.42112195289230137
-13.32398519285271732     -3.46142933742667358
 0.46610610756474513     -13.32398519284804017
 4.66373115500242630      0.32398519279846327
 8.12783277012511185     -9.67601480720776586
 4.55298944264093919     12.51588450843805056
11.59193438527930198     -11.67601480721027585
-9.84831420759314113     12.32398519284899230
11.59192180156895091     12.32400698848754850
-12.70826489106056911      4.44143390252566128
 5.49472674490829061     -11.48944663607561978
 6.39578196257242126      1.32398519279652738
-2.30344103836366942     -7.60525588031498767
 9.85988357779721980     11.32398519300560125
-0.55773279331121695     -11.27400264146525721
 4.66373115500493363      2.32398519279894566
11.59193438529965547      8.32398519282120830
13.32398519284187621     -4.67601480721170937
 9.85988357771549140      5.32398519279220928
 1.15297431546842089      2.40954282078510085
 8.12783277012905714     -7.67601480720775164
-0.57907649210409762      1.40954282079140758
-7.50054309826580656      5.42112195287249676
 1.15417282951357936     -9.61640973848950509
 4.66373115501839663      4.32398519283111948
 9.85988357770017387     -6.67601480721001916
 6.39578196257246301      3.32398519280128868
 6.45871172046301822     -13.32398519284238425
 6.39578196256955867     -0.67601480720456308
10.45871172046301822     -13.32398519285051286
-0.57907649212207002     -2.59045717923725860
 4.66373115499783530     -3.67601480720244389
-9.84544386473024247     -1.48686745554420741
 0.76772788686413573     12.90578299583114585
-9.52192113632553117     -13.32398519285271732
-0.57233986797569880     11.42112195288613385
-11.58036501516341232     13.32398519285271909
-0.57907649212141110     -0.59045717923360197
 6.38246294172588868     13.32398519285224481
 2.93168034742720485     -4.67601480719941165
 1.15297431544618756     -1.59045717923618501
 2.93168034742164574     -6.67601480719941431
11.59193438526913411     -7.67601480721017015
-7.58865231849999411     -2.43019521436631614
 2.72351594348160830     13.32398519285223237
-2.92011097732300229     12.32398519284778615
-1.53389389243525476     -13.32398519284562433
-5.77522891473713784      2.40954282094767258
 4.66373115501683611      6.32398519283114879
 2.93168034744822581      5.32398519283068161
13.26448867268485898     -13.30436134507021961
 7.49299793251543900     -11.57258664316789698
-11.39292203412247062     -12.61733418954491093
 1.15297431560685437      6.40954282082936366
11.59193438526567732     -9.67601480721021900
13.32398519285100491      3.32398519278829774
 1.15297431544890738      0.40954282076390125
 6.39578196256794040     -2.67601480720456975
 2.93841697157215753     11.33556432489554489
 6.39578196256062714     -6.67601480720696916
 9.85988357769634405     -8.67601480721058671
-13.32398519285271554     -7.32488726508367360
-11.05939891835331856     -6.41859641934540104
13.32398519285259830      7.32398519279340299
-9.32734811073678038     -3.41859641937270986
-0.57233986798900749      9.42112195287026033
 4.46240891401383433     -13.20243230327116457
-13.32398519285196592      2.53857066257332376
-11.57749467231451135      1.51313254448310097
-5.53389389243525454     -13.32398519284915039
 4.66373115498871549     -7.67601480720271123
 1.46610610755471438     -11.59193438527337072
 4.65132561965942770     -9.67597633250597688
-9.32734811077120796     -7.41859641937270453
-13.32398519283663063     12.34429714249325905
-4.65216178489108767     13.32398519284920013
-11.57749467231477070     -0.48686745551689781
-5.76801050675673999     -9.60444509915413747
 9.85988357770295920     -4.67601480720933171
13.32398519269425741     13.32398519285089833
 8.12783277013801175     -1.67601480720663787
11.59193438527609388     -1.67601480721015594
-6.38421259245875294     10.32398519283841232
11.59193438528039799      2.32398519278984406
-0.57139023076331708     -6.60525588036950406
-0.57139023083305762     -8.60525588038127687
-4.65216178488092069     11.32398519282635441
-4.48109238614464012     -11.13540615379937471
-10.96464471339787572      5.42112195290063514
-2.30344103844062031     -9.60525588031499211
 1.15300002041050620      8.40958734174832578
