222    28.68866781142181210
 7.60033348006390330     11.57916877577402204
-9.88023229057211338     -0.47267779696316609
-1.21997825272751581     12.34433390571152422
 4.68407986786484010      1.65566609428966527
 9.88023229057138686      4.65566609428998301
 1.21848228433503714     -10.34692948645400179
 9.88023229057117724      8.65566609429003542
 9.88023229057126073      6.65566609429001055
 4.68407986786350516      9.65566609428973877
11.61228309814081960     -8.34433390571027722
 4.68407986786492359     -0.34433390571033679
-0.62197706927228213      2.43582805437390126
-5.81812949197903695      3.43582805437357974
-5.71121691433359935     -10.34433390571058808
-2.35402787684153525      7.43582805437381111
-0.62197706927198471     -3.56417194562615780
 6.41613067543371240      2.65566609428977918
 8.14818148300333434     -12.34433390571077993
 1.21848228433489325     -6.34692948645400179
 6.41613067543385895     -1.34433390571024636
-9.88023229057156094     -6.47267779696320922
 1.21848228433372308      7.65307051354599999
13.34433390570948852      0.65566609428982203
 2.95202906029598422      0.65566609428955680
-4.68407986786482766     -5.47267779696299428
11.61228309814118376     -12.34433390571068934
11.61228309814083204     -6.34433390571027633
-0.51506449162688450     -9.34433390571045841
11.61228309814037551      7.65566609428972278
-8.14818148300287604     -3.47267779696311729
 6.41613067543347881      6.65566609428984624
 4.68407986786501507     -2.34433390571036515
-6.41613067543369020     -6.47267779696305734
 1.21848228433273342      9.65307051354600176
 6.41613067543441584     -11.34433390571077993
-2.35402787684136827      5.43582805437381111
 0.51207255484172209     13.34433390571090250
 4.68407986786517672     -6.34433390571037847
 1.21848228433496208     -8.34692948645400179
13.01627982025658703     13.08929818230024011
 4.68407986786465447      5.65566609428968459
11.61228309814057980     -0.34433390571027611
-13.34433390570980293     -2.47267779696332113
 3.52639525823965005     11.41352465901544377
-8.14818148300307854     12.34433390571047440
-6.41613067543422755     11.34433390571042111
11.61228309814171489     11.65566609428972278
-5.71121691433349454     -12.34433390571063960
-6.41613067543397975      9.34433390571040867
13.34433390570945832      8.65566609428985956
-13.34433390570945122     -6.47267779696333978
 6.41613067543402238     -5.34433390571029854
-6.41613067543367155     -8.47267779696306000
 6.41613067543360405      4.65566609428979739
-2.35402787684113735      1.43582805437380512
 2.95202906029656464     -13.34433390571089362
-2.35402787684102632     -0.56417194562619577
 2.95202906029624756     -5.34433390571046818
13.34433390570974787     -7.34433390571021505
-4.68407986786478148     -7.47267779696304135
-9.28223110711683397      3.43582805437340699
-11.61228309814076631      8.34433390571012268
-2.35402787684094017     -2.56417194562624928
 8.14818148300263090      1.65566609428984401
-5.81812949197938245      7.43582805437358019
-1.21997825272701821     -5.47267779696285483
-10.90736933704018874     -13.34433390571083677
 6.41613067543409521     -7.34433390571031630
-6.41613067543401883     -2.47267779696305601
-13.34433390570971234      7.34433390570991662
-12.74633272225474556      3.43582805437325334
 9.88023229057168706     -3.34433390571012934
-8.14818148300306433     -1.47267779696311663
 9.88023229057197305     -9.34433390571033051
 1.21848228433494765     -12.34692948645400534
-0.62197706927239160      4.43582805437390526
 1.21848228433412586      1.65307051354600021
-2.95202906029675072     13.34433390571090605
-11.61228309814078230     -3.47267779696319767
 2.95202906029654022     -7.34433390571079681
-9.88023229057201036     13.34433390571038025
 2.95202906029661039     -9.34433390571080835
-11.61228309814043413     -7.47267779696322076
-0.62197706927207430     -1.56417194562614204
 6.41613067543378435      0.65566609428977274
-9.88023229057178121      7.34433390571018840
-11.61228309814086224     12.34433390571017419
-11.61228309814057269     -5.47267779696321988
-4.68407986786541475     12.34433390571053479
-4.68407986786512787     10.34433390571052946
13.34433390571070177     10.65566609428991285
 2.95202906029616496     -3.34433390571046685
-3.97916610676442506     -13.34433390571088474
-2.95202906029597933     -4.47267779696293655
-6.41613067543421600     13.34433390571078526
 8.14818148300285827     -4.34433390571022304
11.61228309814073079     -4.34433390571027633
 4.55211579510604558     13.13046885907903061
 2.95202906029666279     -11.34433390571083144
-0.51506449162695944     -7.34433390571043621
 2.95202906029589895      2.65566609428956202
13.34433390570941746      4.65566609428984535
-0.51506449162680001     -11.34433390571051525
-13.34433390570970879     11.34433390571003741
13.34433390570958800     -3.34433390571020839
 9.62348953534633900     11.23315097632500148
-6.41613067543384918     -4.47267779696305734
-5.81812949197915685      5.43582805437358019
-4.08607868441021083      4.43582805437367522
-11.01428191468568762      2.43582805437335903
 6.41613067543320881      8.65566609429007805
-9.28223110711671140      1.43582805437340721
-8.14818148300285650      8.34433390571029676
 1.21848228433395356      5.65307051354599999
 6.54064835501791375     13.34433390570976918
-11.61228309814099546     -1.47267779696319612
 1.53782789501801997     11.62741049970239970
-9.88023229057150054     -10.47267779696322876
-11.61228309814044302     -9.47267779696323409
13.34433390571008005     -13.34433390571065914
 8.14818148300220813      9.65566609428991462
10.54064835501792174     13.34433390571090605
-13.34433390570947608     -8.47267779696334600
 8.14818148300294709     -6.34433390571022748
11.61228309814035065      9.65566609428972278
-13.34433390570998945     -0.47267779696331885
 9.88023229057223418     -11.34433390571072131
-13.34433390570971234      9.34433390571001254
 9.88023229057154140      0.65566609428988432
 4.68407986786476460      3.65566609428967926
 1.21848228433404127      3.65307051354599999
-13.34433390570978339     13.34433390571012801
 6.41613067543436877     -9.34433390571070177
-11.61228309814071480      6.34433390571012268
-7.44326772190243968     -11.34433390571067513
 9.88023229057228569     -13.34433390571074440
 8.14818148300254741      3.65566609428987155
13.34433390570945654      6.65566609428985601
 9.88023229057146146      2.65566609428993017
-9.88023229057185759      9.34433390571018840
-2.24711529919578457     -10.34433390571052058
-9.88023229057150765     -8.47267779696321810
-8.14818148300271261     -5.47267779696311862
-13.34433390570970168     -10.47267779696334600
 8.14818148300242662      5.65566609428989242
 8.14818148300302703     -8.34433390571032163
-4.08607868441056787      8.43582805437369210
-7.44326772190224073     -13.34433390571090072
-9.88023229057171015     -4.47267779696319323
 8.14818148300276768     -2.34433390571019196
-4.08607868441009803      2.43582805437367478
-2.24711529919568864     -12.34433390571058453
-5.81812949197881490     -0.56417194562642037
11.61228309814091375     -10.34433390571035538
-9.17531852947131910     -12.34433390571077638
11.61228309814051229      1.65566609428972367
-8.14818148300259182     -9.47267779696317902
 8.14818148300269662     -0.34433390571017392
-0.62197706927253060      6.43582805437393990
 4.68407986786550978     -10.34433390571077815
-0.62197706927219554      0.43582805437390043
-0.62197706927276064      8.43582805437406869
-2.35402787684123016      3.43582805437380534
11.61228309814064907     -2.34433390571027589
11.61228309814046966      3.65566609428972322
13.34433390570969102     -5.34433390571021327
-4.08607868440998789      0.43582805437367372
-5.81812949197892060      1.43582805437357974
13.34433390570972122     -9.34433390571023459
 4.68407986786555330     -12.34433390571081191
-7.55018029954775027      0.43582805437348499
 6.41613067543393800     -3.34433390571029543
 2.95202906029608236     -1.34433390571045375
 5.60586076102905739     11.43058017249041214
-7.55018029954798564      4.43582805437348604
-9.28223110711704358      5.43582805437340699
-11.01428191468591677      4.43582805437335992
 1.21848228433440919     -4.34692948645400179
-4.08607868440986710     -1.56417194562633299
 9.88023229057178298     -5.34433390571015643
-9.88023229057192331     11.34433390571027545
 1.21848228433432504     -2.34692948645400090
-4.08607868441033606      6.43582805437367789
-13.34433390570959332     -4.47267779696333356
13.34433390570940681      2.65566609428982225
-3.97916610676468530     -9.34433390571054545
-11.61228309814072013     -11.47267779696323764
 2.95202906029567602      6.65566609428959044
 1.21848228433421135     -0.34692948645400018
 8.14818148300232181      7.65566609428991462
-11.61228309814076276     10.34433390571014044
-3.97916610676461779     -11.34433390571059697
 2.95202906029470524      8.65566609428960376
 4.68407986786451414      7.65566609428972811
-4.68407986786498842     -3.47267779696299428
-7.55018029954787906      2.43582805437348515
-7.55018029954820591      6.43582805437348693
-13.34433390571015643      1.52732220303668220
-0.51506449162670165     -13.34433390571081191
 9.88023229057161068     -1.34433390571011691
 4.68407986786545738     -8.34433390571073197
 2.56358323519430353     13.34433390571090605
-2.95202906029587453     -6.47267779696295609
-2.35402787684178794      9.43582805437386085
 8.14818148300326328     -10.34433390571072309
 8.54064835501791642     13.34433390570968037
-13.26035331726420452     -13.24525015366805469
-13.34433390570986155      5.34433390570991662
-11.61228309814115356      0.52732220303680466
 4.68407986786510211     -4.34433390571037137
11.61228309814043413      5.65566609428972278
13.34433390570986866     -11.34433390571023637
-2.95202906029625245     11.34433390571073019
 6.41613067543440252     -13.34433390571087408
13.34433390570950628     -1.34433390571020683
 2.95202906029582079      4.65566609428959044
 9.88023229057187713     -7.34433390571024169
-2.24711529919579789     -8.34433390571050460
-0.62197706927331953     10.43582805437457139
-8.14818148300260070     -7.47267779696313994
-8.14818148300303413     10.34433390571029676
-9.88023229057192331     -2.47267779696316614
