223    28.74492548070000097
 5.52317431618937160      4.70970951612987676
-2.47682568381278623     -2.21849371414734042
 6.52317431619079180      6.44176032369947649
-10.37246274036085936      0.60798720663611650
13.37246274034512616     10.87624856562172226
-1.47682568381499668      2.97765870855833370
 8.52317431619092503      6.44176032369944096
 1.52317431619099319     -5.68259532928273092
10.37246274034485971     -4.71220870249809654
13.37246274034507465     -2.98015789492918293
-3.37246274034618665     -11.51636844634723111
 2.52317431619074606      6.44176032369960794
-5.37246274034619109     -11.51636844634488632
-4.47682568381682700     -2.21849371414993657
 8.37246274034787596     -11.64041193277524044
-6.47682568381757484      1.24560790098738838
 4.52317431619075716      6.44176032369955731
13.37246274034505866      0.48394372020847121
-4.62753725965419616     -13.37246274034395732
-6.37246274035329652     -6.32021602363503909
10.37246274034481353      2.21599452777732520
12.37246274034513149      9.14419775805276736
-5.47682568381520252     -3.95054452172058701
-13.37246274034619553     -11.51636844630217560
 3.52317431619090993     11.63791274640623641
-1.47248441978603495     13.37246274034514393
13.37246274034550275     -9.90836112520442391
 5.37246274034522031     -9.90836112520507939
-6.62753725965421747     -13.37246274034482418
 1.37246274034616578     -13.37246274034620619
-13.11885094752575220      8.76404188588724331
 4.52317431619086641      9.90586193883732946
-1.47682568381294255     -0.48644290657836819
-3.47682568380930457      6.44176032369938412
 3.52317431618906651      4.70970951612972755
-13.37238189514520492     -1.02910762131348110
-7.47248441978603939     13.37246274034491300
-9.37246274480465225     -1.12406360349838597
 0.52317431619115584     -7.41464613685170182
 5.37246274034616622     -13.37246274034537308
-6.37246274035870552     -9.78431763876959337
-12.37247087050678829     -9.78431294480175850
-7.47682568380932810      6.44176032369918428
-4.47682568381753043      1.24560790098767571
 4.52751558021396683     13.37246274034485616
 5.52317431619103250     11.63791274640614049
 6.37246274034481264     -4.71220870249828128
 7.37246274034476112     -2.98015789492933614
 6.37246274034472826     -1.24810708736047182
-11.37459792978917683     -1.12346908635178000
10.37246274034787596     -11.64041193277501840
12.37246274034518656     -8.17631031763570348
-10.37246274036347060     -9.78431763876263716
 5.52317431619072874      1.24560790099292640
 0.52317431618946786     -3.95054452171473347
-0.47682568381504720      4.70970951612727085
 1.52317431618908317      1.24560790099189744
 9.52317431619105470     11.63791274640599482
-8.37246274036039217     -9.78431763876872473
-0.47682568380916496     11.63791274640634299
-9.37246274036244031     -8.05226683119434128
11.52317431619105825     11.63791274640599482
 0.52317431618704147      2.97765870855959935
-7.37246274035813531     -4.58816521606894945
10.37246274034507998     -8.17631031763586691
12.54033940255341761     13.37226571055360935
-5.47682568380918333      9.90586193883721045
-13.37246266153994689     -4.58432589294906023
-13.37246274034562887      6.78018678569904942
 9.37246274034486682      3.94804533534623614
-8.37246632744403385     -6.32021395262787333
-11.02927253050057210      4.23857456150326772
 6.52751558021397482     13.37246274034471583
 3.37246274034616578     -13.37246274034544768
-9.37246274034619553     -11.51636844634585266
12.37246274034499827     -4.71220870249806367
-6.47682568380922952      8.17381113126818093
-9.47682568380964341      9.90586193883679123
-1.47682568381056978     -3.95054452171493864
-3.47682568381259838     -3.95054452171637260
 3.37246274034490279     -6.44425951006738451
-6.47682568380923041     11.63791274640610318
-10.37246753555529111     -6.32021325512651533
-2.62753725965389595     -13.37246274034615823
-11.37246274036288263     -8.05226683119226294
 2.37246274034504978     -8.17631031763639093
 0.52317431619074517      6.44176032369956175
10.37246274034476379     -1.24810708736039677
 4.52317431618930943      2.97765870856098580
-3.47682568380917756      9.90586193883736321
 3.52317431619080867     -2.21849371414487173
-8.62753725965443863     -13.37246274034502136
-11.37246633232519244     -4.58816170882094188
-13.37246274034495741      2.87453428859058224
 4.52317431619075894     -0.48644290657596695
11.37246274034488991     -2.98015789492921890
 3.37246274034522031     -9.90836112520517531
-7.47682568381501689      2.97765870855774617
-2.47682568381676127      1.24560790098830565
 3.52317431618928900      1.24560790099206287
 8.37246274034481708     -4.71220870249818535
 1.52317431618935339     -2.21849371414578966
13.37246274034500892      3.94804533534613933
 8.52317431619100496      9.90586193883714650
-11.37246274034619553     -11.51636844634215251
 2.52317431619083754      9.90586193883739696
-0.47682568380921336      8.17381113126848469
10.37246274034495919      5.68009614291508047
-8.47682568380942492     11.63791274640584383
-8.47682568380926327      8.17381113126812942
-2.47682568380954926     -9.14669694442401671
-9.47248441978604916     13.37246274034476556
-6.47682568381736612     -2.21849371415295860
-1.47682568380928259      6.44176032369947826
-13.37246274034038507     -8.05225734418697670
-10.67858305872390012      8.04673369101194602
 0.52317431619083299      9.90586193883745558
-10.37383361417026428     -2.85532221905816064
-5.47248441978603761     13.37246274034500892
-8.47682568381793722      1.24560790098449781
-12.94064143128552402      4.82736053714479407
-3.47682568381501644      2.97765870855819026
 2.52317431619087751     -3.95054452171378756
-6.47682568381513324      4.70970951612683830
-3.47682568381685275     -0.48644290658081063
 1.52317431618710475      4.70970951612855870
 3.52317431619079624      8.17381113126846337
 2.52751558021396550     13.37246274034500892
-4.47682568381037438     -5.68259532928667710
 6.37246274034505067     -8.17631031763609428
-1.47682568380916868      9.90586193883740762
-11.47682568380964874      9.90586193883699906
 5.37246274034490323     -6.44425951006722286
-0.47682568380860790     -9.14669694442071446
-8.47682568381732615      4.70970951612530175
 2.52317431618927968     -0.48644290657686901
-0.62753725965389184     -13.37246274034437299
-13.37246274034504978     12.74789698607559529
-0.47682568381037338     -5.68259532928370348
 6.52317431619096322      9.90586193883722288
11.37246274034497517     -6.44425951006692710
-0.47682568381305568      1.24560790099057628
12.37246274034788307     -11.64041193277467734
 1.37246274034521054     -9.90836112520559986
-3.47682568381029089     -7.41464613685551122
-4.47682568380921708      8.17381113126831238
-12.45380046592401335     -2.80776961442263007
10.52317431619106713      9.90586193883711097
 7.37246274034490678     -6.44425951006711717
-10.47682568380943380     11.63791274640579942
 9.52317431619100496      8.17381113126826975
-2.47682568381037349     -5.68259532928396727
 9.37246274034475313      0.48394372020847837
-1.47682568381026913     -7.41464613685278540
 7.37246274034616622     -13.37246274034529669
-12.92871860800957329      0.92111573671635705
-7.47682568466437036     -0.48644290707309862
-7.37246274035985216     -8.05226683120015885
 1.52317431619079002      8.17381113126853620
-3.47248441978603495     13.37246274034510307
-13.37246274034464300     10.74789698607557575
 7.37246274034522209     -9.90836112520494972
-5.47682568381963986     -0.48644290658268186
-10.62753725965622031     -13.37246274034258953
 6.37246274034787419     -11.64041193277537722
12.37246274034498228      5.68009614291500231
 5.37246274034475846     -2.98015789492942584
12.37246274034495208     -1.24810708736035503
 4.37246274034480109     -4.71220870249840296
11.37246274034484017      0.48394372020845999
-7.47682568380923751      9.90586193883706301
11.37246274034489346      3.94804533534615976
-4.37246274035248472     -9.78431763877235028
 8.52751558021403078     13.37246274034466964
 9.37246274034476201     -2.98015789492927530
10.52751558021406098     13.37246274034490767
-11.46109383956000194      2.28574831294907499
-12.37570406951965474     -6.31833917838885384
-7.37246274034619109     -11.51636844634575496
-2.47682568380918289     11.63791274640629325
-9.37246633194654954     -4.58816314246200552
 0.52751558021396505     13.37246274034508708
 7.52317431619083354      4.70970951613061750
-0.47682568381072993     -2.21849371414596863
 8.37246274034474069     -1.24810708736039611
 8.37246274034505333     -8.17631031763596283
-11.46109383956073557      6.19140081005728860
 6.52317431619075272      2.97765870856178871
 5.52317431619083798      8.17381113126840297
-2.47682568381507995      4.70970951612716426
13.37246274034524696     -6.44425951006681874
 2.37246274034787286     -11.64041193277558506
11.37246274034503735      7.41214695048391903
 0.37246274034787191     -11.64041193277629915
 7.52317431619104493     11.63791274640605344
-11.47248441978606337     13.37246274034485438
-4.47682568381511459      4.70970951612702660
13.37246274034619198     -13.37246274034499294
-8.37246274036032645     -2.85611440850133258
-1.47682568380584711     -10.87874775199118638
 9.37246274034491655     -6.44425951006700704
-4.47682568380921708     11.63791274640621864
 9.37246274034524518     -9.90836112520484491
-5.47682568380930856      6.44176032369925711
 7.52317431619088861      8.17381113126830172
-2.47682568380921619      8.17381113126840120
-12.62753725966650897     -13.37246274031191895
11.37246274034616533     -13.37246274034488991
 7.37246274034474336      0.48394372020848436
-9.47682568381501866      2.97765870855506565
-5.37246274035321303     -8.05226683120387321
 2.52317431618906340      2.97765870856080994
12.37246274034492544      2.21599452777729811
 4.37246274034787419     -11.64041193277549269
11.37246274034532867     -9.90836112520466195
-9.47682568380933965      6.44176032369919493
-5.47682568381501689      2.97765870855800507
 4.37246274034504978     -8.17631031763619376
 9.37246274034616533     -13.37246274034514570
13.37246274034516524      7.41214695048382666
 8.37246274034478155      2.21599452777737937
 1.52317431619089061     11.63791274640633411
 0.52317431618915577     -0.48644290657702471
