224    28.79101200194750021
-11.66345519340312897     -10.39550600096099231
-7.51130716391835573      1.48241629023479526
-9.82652840855867460     12.39550600097072852
 1.14894687393027706      2.48241629021975241
13.39550600096968758     -0.60449228750363637
13.39550600096803024     -10.60449228750675310
 2.88099768152257063      9.48241629019272736
-7.51130716391391662      5.48241629023484922
 3.92369133650646384     -11.39777284299166205
-2.31515474120333931      8.48241629022802535
 1.14894687393746064      8.48241629022032484
 4.61304848922823307     -1.51758371007746118
-9.93140438583962748     -5.39550600094392063
 6.38750457480751610      9.40507852517233367
11.66345519339922809      2.39550771249624272
-4.73525192761730107     -12.39550606248258546
 2.88099768151259461      1.48241629019271337
 2.29782724441500141     13.39550600097152788
-3.00320115555799960     -5.39550600095240185
 1.14894687392641393     -1.51758370978036461
 8.15694976655480097     -1.52715734272636827
-4.73525196312344132     -2.39550600094995980
-5.77925635634585788      4.48241629023280819
-8.19935357826770073     -12.39550600096617572
 6.38750457480538980      3.40507852517234699
 8.15694976650573977     -5.52715734272636716
 1.14894687392816075      0.48241629021963955
 9.93140438582618756      5.39550771250567252
 1.14894687393285300      4.48241629021977772
-4.04720554878259708     -0.51758370976943624
-6.36242679342061290     12.39550600096623789
 4.24619675216573533     12.94400155883705317
-6.46730277069362547     -3.39550600094771227
 6.38999474378598276     11.40507697493634254
 4.61304848936158685     -3.51758371033535688
-8.19935357825923816     -0.39550600094572724
 8.15694976655405668      6.47284265727364883
-13.39550600096955613     -7.39550600095755772
-6.46730277069799087     -9.39550600096272959
-8.19935357826504685     -10.39550600096588262
10.97541166369469501     -11.48241563557626321
-2.31515474121445886     -1.51758370977197377
-4.73525196312848440     -6.39550600094995936
-9.93140438583343688     -7.39550600095870081
-13.39550600096503530      2.60449399906305246
 3.92500309499075417     -7.39550771252234362
 2.88099768150337576     -2.51758370980729573
-9.93140438583484020     -13.39550600096927724
 7.46641083365884661     -11.40507723353892011
13.39550600097375188     -4.60449228750363471
 2.19295126715954281     -8.39550600099705591
11.66345519338885595     -3.60449228750407480
-11.55857921613080386     11.39550600097126498
 2.19295126717206967     -6.39550600099702660
-8.09447760099381952      9.39550600096820787
-1.16627437071212414     13.39550600096325894
 9.83751894575576102     13.39550600097152966
-8.19935357826395794     -4.39550600094574229
-8.19935357826137334     -2.39550600094574095
-1.27115034799030036     -6.39550600095538435
-11.66345519340122827     -6.39550600095652566
 2.88099768151735347      5.48241629019271759
-0.58310393363300739      9.48241629022550825
 8.15694976655405313     -3.52715734272636805
-9.82652840856422749      8.39550600096995758
 8.15694976655424497      2.47284265727363151
-13.39550600096835353      6.60449399906352941
-11.66345519340266534     -12.39550600096620947
 4.61304848913866206      2.48241629009367548
-4.04720554877521987      5.48241629023056376
-4.04720554877368421      7.48241629023056376
 6.38750457480520861     -2.59492147482763968
11.55857995316255682     -13.39550600097007660
 7.46890103201182320     -9.40507878381148288
 0.46090045957080311     -9.39550600096269406
-2.31515474120485187      6.48241629022802535
-1.27115034799387971     -8.39550600095542876
-1.27115034800208226     -10.39550600095575206
-8.19935357826557265     -8.39550600096047894
 1.14894687391897832     -3.51758370978041413
13.39550600097246935     -6.60449228750674244
13.39288949746988955     13.39550600097320654
-13.39550600097065569     -11.39550600096362487
11.66345519340037740      6.39550771249652072
 6.38750457475689704     -4.59492147482763524
 0.46089947138331877     -11.39550771253778194
-9.93140438583191276     -3.39550600094392063
 5.84036451545906221     -12.56953992983831370
-9.93140438582918250     -1.39550600094388133
-6.36242679342358830     10.39550600096604782
 4.61304848908979359      6.48241629018655185
-3.00320115555556200     -3.39550600095240229
-11.55857921612841821     13.39550600097158117
-3.00320115556902234     -9.39550600095240185
-9.82652840856166954     10.39550600097006594
 0.46090045958334042     -7.39550600096264432
-5.77925635635021084      0.48241629023280252
-11.66345519339728831     -0.39550600094251243
 2.24120153860445281     -12.47908134661579638
-11.66345519340002035     -2.39550600094251998
-5.77925635634385859      6.48241629023280908
-2.31515474120966358      2.48241629022802579
11.66345519339923342     -9.60449228750485773
 0.46351600595637776     -13.39550600097375366
-0.58310393363438240      7.48241629022537591
-13.39550600097347477     -3.39550600093700972
-2.31515474120768383      4.48241629022802535
-0.58310393364662738     -2.51758370977474710
 2.88099768152368751     11.48241629019272914
 6.38750457480513045      7.40507852517233811
11.66345519340513093     -5.60449228750407524
11.66345519340097958     -7.60449228750485773
11.61520422507576100     12.47908084182802391
 4.61304848914442633      0.48241629008109682
13.39550600097201816     11.39550771249636263
 9.93140438578384099     -4.60449228749589512
 4.61304934830414037     -5.51758536234001173
11.66345519340052839      0.39550771249624284
-1.27115034798721038     -4.39550600095536659
 5.69696564191000565     -10.47284136564018553
-4.63037598585603671      9.39550600096375099
-6.36242679342621731      8.39550600096599098
-2.89832517828569891     10.39550600096122857
-3.00320085095494882     -13.39550600096891664
 9.24261319253947811     -10.48266196334476064
 8.15943993553485214     10.47284110703766302
-0.58310393363712187      5.48241629022537058
-11.66345519339734160      1.60449399905748891
 2.88099768151969782      7.48241629019272025
-11.55857921613626793      5.39550600097091682
 4.61374588897859983     10.48245125603725469
-13.39550600096937139     -1.39550600093699129
-8.09447760098829328     13.39550600096843169
 9.93140438582804741      9.39550771250643635
-5.77925635634831725      2.48241629023280375
 9.93140438582553919      7.39550771250568140
-3.00320115556101586     -7.39550600095240185
 4.01888707960070413     -13.39550600097266120
-6.46730277069743043     -11.39550600096858979
-13.39550600097154209     -9.39550600095864574
-8.09447760099113189     11.39550600096839084
11.66345519340253389     10.39550771249674632
-3.00320115556334644     -11.39550600096893795
-6.46730277070406512     -7.39550600094771315
 8.15694976655345805      0.47284265727363162
13.39550600096934652      1.39550771249636307
-2.89832517828189706     12.39550600096310617
11.66345519339989778      4.39550771249645766
11.66345519339970771      8.39550771249655092
 2.88099768148784596     -4.51758370980731794
-4.73525196312585273     -4.39550600094995936
-9.93140438583532692     -11.39550600096345256
-0.58310393363923574      3.48241629022533994
-13.39550600096708877     10.60449399906815948
 7.66184195136489077     -13.39550600097375366
13.39550600096986521     -12.60449228750675665
13.39550600096967514      7.39550771249636085
 9.93140438582568663      3.39550771250567029
 9.93140438583440499     -6.60449228750086892
 8.15694976655474058      4.47284265727363639
 8.15694976655698234      8.47284265727364883
-8.19935357827181299     -6.39550600094575916
 5.69945584026298491     -8.47284291591274652
13.39550600096916178      5.39550771249636174
-13.39550600096942468      0.60449399906301260
-10.97540877905490042      3.48241629023743160
 9.93005572271700210     -8.60450993562989375
 2.88099768151476354      3.48241629019271670
13.39550600096872479      3.39550771249636218
-4.04720554877806649      3.48241629023056332
 6.38750457481075529     -6.59492147482763080
 6.38750457480587919      5.40507852517234255
-9.82652840856628629      6.39550600096974531
-4.63037598585018451     13.39550600096442601
-13.39550600096933053     -5.39550600095509747
 4.61304848909012755      8.48241629019015697
-13.39550600096517918     12.60449399906854850
-13.39550600096818300      8.60449399906710610
-6.46730277070062787     -13.39550600096975153
-4.73525196313648689     -8.39550600094995936
 2.88099768151086177     -0.51758370980729229
 9.93140438582496365      1.39550771250554928
 6.38750457480460909      1.40507852517235143
-8.09447760099641833      7.39550600096805510
-9.24335797148639671      2.48241629023653676
-4.63037598585314392     11.39550600096377764
 9.61021095226329791     -12.94399937163356107
-1.16627437071537976     11.39550600095873456
 8.01604260286013570     12.56953751956659104
 9.93271412018718891     11.39777281589274871
-7.51130716391604736      3.48241629023481503
 3.92500108654493074     -9.39550771257911421
 1.14894687393808925     10.48241629022167487
13.39550600097118860      9.39550771249636085
13.39550600096919020     -2.60449228750363559
-9.24335797148395066      4.48241629023654120
-13.39550600096987765     -13.39550600096916888
-11.55857921613257133      9.39550600097093636
 0.46090045958276776     -5.39550600096263544
-4.04720554878003114      1.48241629023056354
 6.19456625991595278     13.39550600097375543
-0.58310393364181512      1.48241629022532062
-11.66345519340769776     -4.39550600094252353
-1.26984717299108740     -12.39776574683217625
-9.93140438582753582      0.60449399905612033
11.66345519339979830     -1.60449228750378814
-11.55857921613450934      7.39550600097092303
 1.14894687393487405      6.48241629022020760
-0.58310393364396618     -0.51758370977474499
-2.31515474121225440      0.48241629022802601
-13.39550600096952948      4.60449399906306844
-11.66345519340126380     -8.39550600096075783
 2.19295027895620409     -10.39550771254472927
 8.15694976655959358     -7.52715734272636716
-6.46730277069611414     -5.39550600094771315
13.39550600096941224     -8.60449228750675132
-6.46730277069132331     -1.39550600094762411
 9.93140438582553031     -2.60449228749445094
 6.38750457480595468     -0.59492147482764390
 0.56577643685510060     12.39550600095596167
 9.93140438582627816     -0.60449228749445094
-4.73525196313049968     -10.39550600096521826
-9.93140438583300167     -9.39550600096304578
 4.61304848912286758      4.48241629012479326
