231    29.24853429039999853
 7.46943853429693316     -13.62426714517420123
 4.92258569447123318     -0.23213931535559787
-5.07741430552883077      6.69606391491997943
 1.92258569447323291     -1.96419012292566264
13.62426714519686044     -3.18552860252087156
 1.92258569451656869     -8.89239335322616675
-12.62426714519556903     -11.89221633762696051
-2.07741430552874951      4.96401310735105827
-9.62426714519580351      3.69624093049302882
 7.92258569447080596     11.89221633762721808
 3.92258569447125360      4.96401310735110446
13.62426714519706650      0.87228366611114316
 5.92258569452469441     -5.42829173808260634
10.46943853430261839     -11.89221633759944652
-12.07741430552976425     11.89221633762684505
-10.07741430552968609     11.89221633762685926
 9.92258569447082195     11.89221633762737262
-7.62426714519546422     -6.69606391492038355
 2.92258569447123673     10.16016553005778356
 3.92258569447124783      1.49991149221329811
-7.62426714519549975     -10.16016553005814949
 3.92258569451555106     -5.42829173808781107
-6.62426714519551663     -11.89221633762704400
10.45669610771845370     -1.51530151865111695
 3.92258569447124961      8.42811472248889082
-5.62426714519545978     -6.69606391492041730
-1.07741430551701978     -3.69624093050016755
 7.46943853429546234     -10.16016553003226086
 4.92258569447127314      3.23196229978223704
-8.07741430552943562      4.96401310735139489
-3.07741430552878237     -0.23213931535560375
 1.92258569451294692     -5.42829173808632603
-6.07741430552951289     11.89221633762693386
 0.92258569447122984     10.16016553005772671
 9.46943853429642779     -10.16016553003411715
-3.07741430552953155     13.62426714519587811
-5.62426714519561788     -13.62426714519602200
-9.62426714519562765      0.23213931535523491
-11.62426714519552817     -10.16016553005809797
11.85432844792552842      7.91007038608760205
10.46943853459811713     -8.42811472263615435
13.62426714518766246     -10.25931374416965802
 1.92258569447125183      4.96401310735106982
-3.62426714519545801     -6.69606391492043596
-9.07741430552953865      6.69606391492027342
11.62490812182785760      3.88579211899533083
-11.62426714519564364      0.23213931535517116
 9.63483094815104124     -3.33863299139249170
-4.07741430552914874     -1.96419012292426975
-6.62426714519547666     -8.42811472248928517
-0.07741430552875732      1.49991149221326969
-11.07741430552966477     10.16016553005796474
 3.92258569447323469     -1.96419012292563466
-6.07741430552887874      4.96401310735112133
 0.92258569451273476     -7.16034254565510864
-3.07741430552914608     -3.69624093049314562
-2.07741430552913542     -5.42829173806205567
 2.92258569447048888     13.62426714519603088
13.05967447646393254     13.59987303449301521
-8.62426714519549797     -8.42811472248925675
 6.46943853429342575     -11.89221633760275232
 7.92258569447135752      8.42811472248886240
 2.92258569447127314      3.23196229978219485
-13.61553223658724399     13.61089410094755259
13.59499733331260352     -1.15366524413730698
-10.62426714519570581      1.96419012292409101
12.76255593507030639     -4.99037036576375037
-5.07741430552878814      3.23196229978220240
 0.92258569447125838      3.23196229978218819
-8.62426714519551751     -11.89221633762702801
 5.92258569447125449      1.49991149221334830
-2.62426714519543403     -8.42811472248935800
 9.46943853430366111     -13.62426714517046022
-12.62426714519602378      8.89239335319962976
-12.62426714519564896     -4.96401310735140200
11.68060011834610812      5.91763005636589501
-1.07741430552874173      3.23196229978217442
-1.62426714519544002     -10.16016553005824008
-8.62426714519570048      1.96419012292418382
-9.62426714519546422     -6.69606391492035247
12.62426714518534610     -8.52726293660143142
 5.92258569447129624      8.42811472248887128
 3.46943853413591841     -13.62426714519706472
-4.62426714519548643     -11.89221633762708485
 1.92258569447124383      1.49991149221326991
-7.62426714519553350     -3.23196229978253857
-12.62426714519592785      5.42829173806181853
 1.92258569447062766     11.89221633762703156
 5.92258569447125360      4.96401310735113821
 6.92258569447130689      6.69606391491999808
-13.62426714519589410      3.69624093049287161
-1.07741430552877060     -0.23213931535560603
-8.07741430552960971     11.89221633762689834
 2.92258569447123229     -0.23213931535562932
-3.07741430552874329      3.23196229978217264
 4.92258569452614303     -7.16034254565241923
10.76255593507023711     -4.99037036578362692
-11.62426714519560456     -3.23196229978254745
-2.07741430552679196     -1.96419012292562667
 0.37573285480442165     -13.62426714519704163
13.62426714519619253      6.84136894611263635
-2.62426714519548288     -11.89221633762710617
-5.07741430552955020     13.62426714519585857
-13.62426714519586568     -13.62426714519572002
 2.92258569447125538      6.69606391491998654
 7.92258569447132110      4.96401310735112045
-4.62426714519546778     -8.42811472248931182
-11.62426714519583726      3.69624093049299329
-13.62426714519599358      7.16034254563071570
-13.62426714519582127     -3.23196229978253191
-7.07741430552891426      6.69606391491997854
 6.46943853418617820     -8.42811472251944949
-11.62426714519597759      7.16034254563075567
 0.92258569447123129     -0.23213931535561444
-9.62426714519564541     -13.62426714519599535
 0.92258569447085970     -10.62444416076870191
 5.92258569447074024     11.89221633762716657
-7.62426714519563120     -13.62426714519597581
11.46943853460364515     -10.16016553020185675
-13.62426714519581417      0.23213931535521742
11.46386631804923972      9.92774318858186255
-12.62426714519574666     -8.42811472248913063
13.62412643209702878     -13.62308800869004344
 8.92258569447051286     13.62426714519639148
 9.92258569447140637      8.42811472248892635
-3.62426714519546689     -10.16016553005821876
-1.62426714519558280     -13.62426714519608240
-7.62426714519562143      0.23213931535525986
 6.92258569447130245     10.16016553005776402
13.62426714519705762     10.84136894611263635
 9.92258569447134953      1.49991149221333031
13.37609279112500360      4.85682630611183530
-5.62426714519548643     -10.16016553005818146
 2.92258569452806460     -10.62444416079231679
-7.07741430552930950      3.23196229978249150
 5.46943853419031001     -10.16016553009071188
 0.92258569447125549      6.69606391491996433
-5.07741430552917716     -0.23213931535533719
11.46943853430482108     -13.62426714517396498
-1.07741430552876549      6.69606391491995989
 8.92258569447130867     10.16016553005777112
 9.52826919434615682     -6.66340390548485129
 8.46943853429383076     -11.89221633760231889
 6.92258569447127314      3.23196229978227079
13.62426714519613569      8.84136894611263635
-4.07741430552881212      8.42811472248884996
-8.62426714519548199     -4.96401310735146239
-6.07741430552924289      1.49991149221358722
-2.07741430552948403     11.89221633762700669
 4.92258569447125538      6.69606391492001674
 0.92258569448299521     -3.69624093050018132
10.92258569447051286     13.62426714519651583
-13.62426714519579285     -10.16016553005804290
-4.07741430552951289     11.89221633762698893
-5.07741430552884676     10.16016553005771073
 4.46943853418973713     -11.89221633765925823
 5.92258569447323602     -1.96419012292557627
-4.07741430552877215      1.49991149221330899
-0.07741430552912908     -8.89239335319981805
-12.62426714519572357     -1.49991149221367226
 8.92258569447123406     -0.23213931535550675
-9.62426714519551219     -10.16016553005813172
 7.92258569447125449      1.49991149221338271
 2.92258569451706496     -7.16034254565756267
-6.62426714519546422     -4.96401310735150236
11.92258569447082195     11.89221633762781671
 1.92258569447124006      8.42811472248885529
 9.92258569447135663      4.96401310735107870
-13.62426714519578930     -6.69606391492023079
-0.07741430548866075     -5.42829173808542365
-10.62426714519555127     -11.89221633762701202
-2.07741430552877526      8.42811472248884463
-3.07741430552881434     10.16016553005772849
-9.07741430552960793     13.62426714519581594
11.62481490284866048     -3.13872336169439858
-7.07741430552897111     10.16016553005773737
 6.92258569448299799     -3.69624093048882107
11.88528131251414344      1.88439284535780982
11.88528131251431930     -0.11560715464219005
 7.46943853418466741     -6.69606391494970055
 8.92258569447137262      6.69606391491996877
-10.62426714519548376     -4.96401310735146239
-1.07741430552952466     13.62426714519596693
13.62426714519706117      2.87228366611114305
-8.62426714519558324     -1.49991149221364006
 8.46943853414196823     -4.96401310735617152
-1.07741430552912920     -7.16034254563093864
-13.62426714519613036     10.62444416076849230
-11.62426714519561877     -6.69606391492032404
 4.92258569447050220     13.62426714519621562
 3.92258569447071981     11.89221633762705466
 7.98211862666160687     -1.99917160398731597
-3.07741430552876638      6.69606391491995012
13.62426714517998150     -6.79521212901378835
-8.07741430552896311      8.42811472248884286
 0.92258569447048611     13.62426714519595450
-0.07741430552874851      4.96401310735107248
-7.07741430552960438     13.62426714519577864
 3.92258569452859396     -8.89239335322370650
-0.07741430552876820      8.42811472248884819
 2.92258569448299577     -3.69624093050014846
-11.62426714519566495     -13.62426714519593673
 1.92258569447018068     -12.35649496833797123
 8.92258569447131045      3.23196229978222771
-2.07741430552876682      1.49991149221327436
 5.46943853429394355     -13.62426714517628312
-0.07741430552676740     -1.96419012292564754
-0.07741430552940055     11.89221633762698538
-10.62426714519559212     -1.49991149221367692
-9.62426714519553705     -3.23196229978254657
-10.07741430552961681      8.42811472248910754
-6.07741430552888584      8.42811472248885352
-4.07741430552875705      4.96401310735106716
 6.92258569447050842     13.62426714519618720
12.46943853460504492     -11.89221633777365206
 6.92258569447123406     -0.23213931535554266
-1.07741430552878015     10.16016553005773204
-0.62426714519545723     -11.89221633762715058
11.62426714517892279     -6.79521212903523431
 4.92258569448299710     -3.69624093050013691
 8.46943853459399776     -8.42811472228991398
-4.62426714519546334     -4.96401310735153789
 4.92258569447129801     10.16016553005775336
-9.07741430552904660     10.16016553005767165
-5.62426714519553261     -3.23196229978257543
-10.62426714519589765      5.42829173806191090
-12.62426714519574844      1.96419012292405992
-6.62426714519557258     -1.49991149221363140
-11.07741430552969142     13.62426714519576265
-3.62426714519560411     -13.62426714519604687
-10.62426714519549797     -8.42811472248921234
