233    29.37141729369999865
 3.79952296507551734     -1.00324633470185054
 3.79952296506361575      2.99675366531928100
13.68570864684890687     -3.58346518167158168
10.22160703170892404     -7.58346518171731265
-3.56970236134743546     11.68570864684832245
-5.02545460900331165     -13.68570864684861377
-0.10560074620991325      9.68570864684789257
-11.95365783928024150     -1.68570864684796029
-6.75750541657254544      5.31429135315243339
-1.56135299386481030     -7.68570864684858357
-8.48955622414144884     -13.68570864684846455
-10.22160703170990281     -8.68570864684810040
 8.55465329163454236     12.68570864684697419
-3.29340380143389311     -6.68570864684839972
 3.35741856532184357     -9.68693958417548373
-3.29340380143396549     -8.68570864684840060
 1.47814932298637425     -10.37129849206802490
 5.05800314275178309      8.63134057958227174
 0.25953707955912886      5.14155149391785038
11.98620637302785852     12.63134057958129652
-3.29340380143361289     -2.68570864684839883
11.95365783927903891      8.57697251231076585
-6.75750541657247972     -12.68570864684848232
-5.02545460900353635      6.31429135315225754
 3.35850086892780997      9.68570864684684452
10.22160703171005025      7.57697251231083602
10.22160703171851992     -11.58346518184026053
11.95365783927869074      4.57697251231075253
-11.95365783927870851     -5.68570864684800270
10.22160703170944984      1.57697251231072366
 2.06747215750654156     -4.00324633470181634
10.22160703172323970     -5.58346518169251915
-1.56135299386511783      2.31429135315142132
13.68567492195150948     -13.68558044812559160
-10.22160703170995966      9.31429135315262613
11.95365783927846692      0.57697251231061331
-8.76585478405517549     12.68570864684865640
-1.56135299386570647      6.31429135315172640
 8.48955622414087685      6.57697251231103230
-6.75750541657316184      1.31429135315182100
 0.17219815617564421     -8.85654057414658347
-6.75750541657197434     -0.68570864684820088
-5.02545460900285956     -7.68570864684825850
-10.22160703170950491     -4.68570864684809063
 1.31718149456436229     -13.47504010527378249
13.68570864684693866     -9.58346518171707196
-0.10560074621121232      7.68570864684788635
-0.10560074620960047     11.68570864684792987
-5.02545460900264729     -3.68570864684824517
10.72772619533901661     -1.00324633468122570
-6.75750541657217418      9.31429135315244849
13.68570864684793520     -0.42302748768934090
 5.53157377264436612     -2.00324633470193092
-10.22160703171042329      5.31429135315261547
-10.22160703170981577     -2.68570864684807109
-11.95365783927936398      6.31429135315271051
 3.79952296507546272     -3.00324633470188918
-8.48955622414099231     10.31429135315260304
 5.53157377264412986     -6.00324633470230484
-6.75750541657172743     -6.68570864684822830
-8.48955622414123923     -11.68570864684826915
-3.29340380143477285      5.31429135315205059
 8.48955622414158029      8.57697251231154389
-3.29340380143451616     -10.68570864684852850
-8.48955622414050026     -3.68570864684813548
 2.06747215750661528     -2.00324633470181190
-10.22160703171125995     -0.68570864684803312
11.95365783927962156     10.57697251231151725
11.95365783931827330     -12.58346518178704621
-0.67169224843918129     -13.68570864684929944
 2.06747215750677027      1.99675366529838860
 5.06338087752932786     -10.73082300167373759
13.68570864684871502     11.57697251231172153
13.68570864684755328      3.57697251231072233
-11.95365783927887549     -9.68570864684804178
10.72772619535091998     -3.00324633470212543
-8.48955622414060862     -5.68570864684813948
13.68570864684730992     -11.58346518171708439
-11.95365783927971748      0.31429135315269774
-10.22160703170979268     -6.68570864684809596
 8.99567538777015763     -0.00324633468119114
 3.30605523756384478     -13.68570864684389754
-10.22160703171057605      3.31429135315261369
10.28480813256465609     -13.68570864684746091
 5.53157377264431993     -4.00324633470193803
-13.68570864684765453     -6.68570864684788901
13.68570864684811106      9.57697251231084046
-5.30175316891623449     12.68570864684846100
 7.26362458021305635     -5.00324633470219204
 3.35850086892823141     11.68570864684730637
 0.25953707956098970      1.14155149391784083
-3.56970236134871666      9.68570864684832245
 5.02545460901664587     -8.58346518169258488
 1.59390152761309234      6.63134057958388556
 6.75750541657248860      7.57697251231188673
13.68570864684733479      1.57697251231069946
-3.29340380143524447      3.31429135315160384
 3.79952296507559595      0.99675366529824261
-8.48955622414170641      2.31429135315240497
-5.02545460900333296      8.31429135315229040
10.22160703170961504      3.57697251231081514
-13.68570864684798671      9.31429135315280199
 0.25953707956076671     -0.85844850608216172
 8.48955622415436117     -6.58346518169251649
 8.99567538778211429     -2.00324633470196778
-11.95365783927873338     -7.68570864684801780
11.95365783929212178     -4.58346518169252803
11.95365783927841719      2.57697251231067925
 3.32595233518279754      7.63134057958245826
-1.56135299386490689     -5.68570864684858179
-1.56135299386463133     -1.68570864684857935
10.22160703171049967      9.57697251231149771
-13.68570864684858179      1.31429135315278467
-5.02545460900327257     -9.68570864684831534
-13.68570864684770960     11.31429135315280199
-11.95365783927877779     10.31429135315273093
-1.37334555658164525     -10.12590838213500355
 6.82070651742713441     -11.68570864684696531
-1.56135299386625848      4.31429135315142176
-6.75750541657211823     -8.68570864684826027
-13.68570864684930477     -2.68570864684784860
-0.10560074620932330     13.68570864684795119
 7.26362458021322688     -3.00324633470196645
 3.79952296507511011     -7.00324633470230928
-13.68247254460086459     13.68339960551650059
 2.06747215750666014     -0.00324633470175913
-3.29340380143410494      1.31429135315160162
-5.02545460900253715     -1.68570864684822941
13.68570864684796540      5.57697251231077562
 3.35850086892830468     13.68570864684770960
 3.29340380143407918      5.57697251231301294
13.68570864684694577     -7.58346518171705508
 6.75750541657160220      3.57697251231110025
-6.75750541657222481     -10.68570864684833666
-5.02545460900422647      2.31429135315177525
 0.25953707956050925     -4.85844850608216206
13.68570864684953392     13.68570864684953392
-8.48955622414142042      6.31429135315248580
-1.83765155377865974     10.68570864684813948
-13.68570864684788368     -4.68570864684787569
 8.48955622414050204      2.57697251231091640
10.22160703170900042     -9.58346518171736861
-11.95365783927903358     -11.68570864684805599
 0.14030031427787942     -11.85795918970474538
11.95365783927790915     -8.58346518171725137
-11.95365783927964642      2.31429135315270518
10.25415556545860518     11.63134057958194667
 5.53157377263241301      1.99675366531913823
 6.82260248406580416     13.68570864684769006
 6.82260248406576331     11.68570864684671307
 0.25953707956060645     -6.85844850608216206
-8.48955622414222155      0.31429135315194456
-8.48955622414092481     -1.68570864684808530
-8.48955622414160338      4.31429135315247958
-8.48955622414094968     -7.68570864684816080
10.28670409920304962     13.68570864684763499
 6.75750541657185622      5.57697251231115487
-10.22160703170990281     11.31429135315273626
11.95365783927892522      6.57697251231075963
13.68570864684809152      7.57697251231083779
 8.55275732496376584     -12.68570864690283528
-3.29340380143455391      7.31429135315208967
11.95365783924855840     -10.58346518176822215
-5.02545460900376462      4.31429135315224777
-13.68570864684801336     -12.68570864684796007
 2.06747215749544555      3.99675366532055243
-1.83765155377994605      8.68570864684813770
-11.95365783927941727      4.31429135315270873
-5.02545460900274321     -5.68570864684825672
-10.22160703171075902      1.31429135315261303
-3.02545460900329921     -13.68570864684896549
 2.06747215750647984     -6.00324633470181634
 8.48955622414061395      4.57697251231092395
-10.22160703171025986      7.31429135315261725
-5.02545460900347152     -11.68570864684858712
 3.79952296507541343     -5.00324633470189184
-10.49790559162399894     13.68570864684875588
-13.68570864684788724     -10.68570864684790678
13.68570864684706123     -5.58346518171700534
 6.82070651736128841     -13.68570864684705590
-1.56135299386479054     -3.68570864684857957
 5.02545460900349816      6.57697251231208035
-6.75750541657231185      7.31429135315243517
-1.56135299386442106      0.31429135315142126
-13.68570864684851252      3.31429135315279355
12.45977700290814205     -2.00324633468083269
 5.53157377264441497     -0.00324633470186194
 7.26362458021324819     -1.00324633470193869
-8.48955622414114508      8.31429135315251244
-6.75750541657274884      3.31429135315240408
-13.68570864684837041      7.31429135315279932
 8.48955622417479816     -10.58346518177746454
 6.79005395032075310      9.63134057958211365
-5.30175316891753212     10.68570864684845034
-10.22160703171018703     -12.68570864684814659
 5.02545460900268726      4.57697251231135560
-3.29340380143378075     -4.68570864684839972
 0.25953707956027422      3.14155149391784594
-11.95365783927873515     12.31429135315282331
-13.68570864684770960     -8.68570864684788901
-1.84857342872105179     -12.06862773127996391
 2.00232587634746695     -8.03049714587115737
 0.25953707956060768     -2.85844850608216206
-1.83765155377843858     12.68570864684815191
-7.03380397648511124     13.68570864684859778
-6.75750541657162085     -4.68570864684822475
 3.16516482095521789     -11.67833383035995887
-3.29340380143344680     -0.68570864684839861
10.22160703170968787      5.57697251231082713
-10.22160703171003426     -10.68570864684812705
 8.52210475788966448     10.63134057958205680
 6.73767463301199143     -9.61841144647168456
-6.75750541657150716     -2.68570864684820210
 8.99567538778202369     -4.00324633470213431
-7.03380397648633071     11.68570864684859067
 1.62645006135926073     10.68570864684742183
 5.06338087746340104     -12.73082300167393122
-11.95365783927877068     -3.68570864684796673
 5.09055167649678797     10.68570864684667043
-13.68570864684847344      5.31429135315279577
 6.75750541658551107     -7.58346518169256267
-13.68570864684880561     -0.68570864684725252
-5.02545460900308338      0.31429135315177537
11.95365783927794467     -6.58346518171725048
-11.95365783927911174     -13.68570864684811106
-3.56970236134719832     13.68570864684836508
 8.48955622410804978     -8.58346518177287088
-8.48955622414108113     -9.68570864684825494
 1.62645006135949832     12.68570864684757105
 1.62645006135881443      8.68570864684698840
 5.09055167649706597     12.68570864684743960
 7.26362458020129065      0.99675366531898157
-11.95365783927914194      8.31429135315271850
