236    29.48310057750000013
-1.68815276680882609      9.74155028873189366
 9.59381282406418023     13.74155028873161122
-8.54539786602539841     -4.37234877314315007
 0.11485617181927615      0.62765122685669872
10.65863462249713045      9.24389838451200596
-1.61719463574964162     -0.37234877314325182
-8.54539786602512130      3.62765122685686769
13.74155028873196649     -7.74155028873136430
-12.00949948116291388      5.62765122685695474
10.35409343437874874      0.60858059328205905
10.34840680465516627     -1.62765122685427799
12.00949948116445398      5.76905461867840952
-3.50799965589635621     -9.62765122685343933
-10.27744867359402470      8.62765122685690855
 3.34924544331822149     -13.74155028873186168
 8.54539786602521190     -6.74155028873115914
12.08614424194765569      1.60858059328225478
-10.34840680465816476     -7.48624783502436753
10.28859999432564365      4.74998398511176578
 8.89215951589077136      6.18175002402615448
-1.77594884832744437     -8.62765122685349617
-12.00949948116293520      7.62765122685695474
10.27744867359395364     -9.74155028873126838
13.74145569628985086     11.71890907134187287
10.40580538676215205     11.91380083157813630
-1.61719463574956812      5.62765122685678865
-6.81334705845633515     -1.37234877314317383
-6.88430518951530512     12.74155028873216366
 3.50799965589782303      4.74155028873173023
 3.42020357437925515     -7.62765122685379549
10.27744867359428760     -5.74155028873123197
-3.34924544331845375      4.62765122685680286
-13.74155028873198425      6.62765122685701158
12.00949948116268295     10.71874215034718958
-8.54539786602510887      7.62765122685687480
 1.77594884832891764      7.74155028873186790
12.39068543006611911      8.24389838451215340
 0.11485617181930223      4.62765122685670960
13.74155028873330942     -1.51375216497885656
 1.77594884832917543      9.74155028873186879
-6.89545651025119444     -9.50531846859266594
 5.24005046346665360      5.74155028873181728
-1.68815276680845638     13.74155028873226669
-0.11485617181947477     -13.74155028873182438
 5.15225438194816210     -6.62765122685384700
-8.54539786602520302     -0.37234877314313219
 3.50799965589777241      6.74155028873181639
-13.74155028873192741      4.62765122685701158
-3.57895778695710298     -13.74155028873162365
-5.08129625088736248      7.62765122685683661
 6.81334705845582089     -13.74155028873186168
 1.84690697938822024      3.62765122685664210
 8.54539786602476603     -12.74155028873161655
-8.54539786602515328      9.62765122685692454
 0.04389804076037268     12.74155028873209972
 5.24005046346690317     11.74155028873200912
-13.74155028873242657     -5.37234877314298842
 6.97210127103126531      0.51375216497424525
-6.81334705845644351     -3.37234877314317405
 1.77594884832917188     11.74155028873194162
 0.04389804076004505      8.74155028873187590
-6.88430518952030024     -7.48624783502480895
 5.22889914273137624     -2.50531846859322993
12.00949948116272914     -12.74155028873134476
-1.69930408754436257     -6.50531846859298923
12.00949948116280375     -10.74155028873134299
-3.34924544331853635     -1.37234877314322357
 8.54539786602512308     -8.74155028873118312
-1.84690697938828352     -12.74155028873151529
-13.73228023387467722     -13.73369581576537435
13.74155028873197182      9.71874215034692313
-13.74155028873212991     12.62765122685702934
-13.74155028873207662     10.62765122685702934
 1.76479752759348418     -4.50531846859309137
13.74155028873185458     -11.74155028873136786
-8.54539786602516394      1.62765122685686769
-13.74155028873193096      2.62765122685701158
 6.97210127103557209      4.74155028873188655
13.74155028873330409      0.48624783502133812
 8.61635599708617939     -2.62765122685408858
10.36524475510940135      2.62765122684984931
-0.04389804075850891     -7.62765122685358943
-12.00949948116358534     -6.37234877314305592
-3.34924544331849683      0.62765122685678632
-5.08129625088739978     -0.37234877314319931
 5.15225438194825358     -4.62765122685380526
-10.27744867359400871      6.62765122685690855
-5.15225438195125651     -4.48624783502485069
-6.88430518951540460     10.74155028873178352
 6.88430518951718540     -3.62765122685389318
11.76742120577857875     13.38522979089294296
13.73665122868459498     13.73668267740466042
 0.11485617181930632      2.62765122685670471
 5.24005046346227576     -0.48624783502556029
-6.81334705845627475      0.62765122685682617
13.74155028873168582     -13.74155028873163253
-13.74155028873214590     -3.37234877314298842
-8.63319394754054414     -12.74155028873318862
 5.24005046346691028      7.74155028873182705
 3.50799965589804819     10.74155028873191853
-5.08129625088744863     -2.37234877314320203
-6.81334705845624367      2.62765122685683350
-12.00949948116295651      3.62765122685695429
13.74155028873250473     -3.74155028873129814
-5.08129625088734826      3.62765122685683172
12.00949948116333132     -4.74155028873134299
-3.42020357437766220      8.74155028873176576
-5.24005046346547676     -12.62765122685326347
-3.50799965589635487     -11.62765122685366137
-1.61719463574960098      3.62765122685675445
-3.42020357438242772     -5.48624783502501057
 8.69300075786940063     -0.50531846859354923
 8.54539786602500762     -10.74155028873127549
 0.04389804075542434     -3.48624783502518021
12.00949948116289256     -8.74155028873134299
-6.90114313997173934     -13.74155028873334849
 1.77594884832894540      5.74155028873172846
 3.57895778695712652      2.62765122685659636
-10.27744867359410286      0.62765122685689967
-10.27744867359403713      2.62765122685690011
-10.34840680465313767     12.74155028873181550
13.74155028873275697      2.73091335154396919
 8.61635599708606748     -4.62765122685408858
 3.34924544331833829     -9.74155028873118134
-6.88430518952016524     -5.48624783502479563
10.65863462249731342      7.24389838451200418
-1.61719463574959721      1.62765122685674912
-10.27744867359442082     -5.37234877314311721
 6.97210127103582877      6.74155028873189011
 1.77594884832447120     -0.48624783502523206
 5.24005046346679215     13.74155028873228801
 0.04389804075552262     -1.48624783502510804
 1.68815276681032023     -8.62765122685370933
-12.00949948116294941      9.62765122685695651
 6.88430518951707704     -5.62765122685389851
-3.42020357437769729     10.74155028873190787
-8.54539786602531315     -2.37234877314313231
-1.68815276680856030     11.74155028873190076
 6.81334705845603583     -11.74155028873133055
-12.02065080189523805     -12.61921753047267458
-8.61635599708405664     13.74155028873246920
 8.89215951589073050     10.18175002402643869
 1.77594884832922073     13.74155028873226847
-13.74155028873330764     -9.60014689690448009
 5.24005046346674064      3.74155028873180084
 8.63319394754056724      1.62765122684976582
 3.49684833516241911     -3.50531846859313578
-13.74155028873277296     -7.37234877314299109
-1.77594884832750677     -10.62765122685360808
-12.08045761222717651     -8.48624783502413393
-5.08129625088738290      1.62765122685680086
-12.00949948116299204      1.62765122685695429
12.08045761222405368     -2.62765122685447849
-3.34924544331849683      2.62765122685678643
 5.24005046346241432      1.51375216497443987
 5.24005046346688452      9.74155028873184747
 1.84690697938819981      1.62765122685664188
 3.34924544331828145     -11.74155028873143891
-3.34924544331845508      6.62765122685681707
-8.62750731782024083     -10.50531846859237639
-6.97210127103438104     -11.62765122685297747
 5.08129625088702142     -12.74155028873170892
-5.08129625088734382      5.62765122685683661
-8.61635599708428224     11.74155028873177997
10.34840680465505613     -3.62765122685427954
-10.34840680465831397     -9.48624783502436841
13.74155028873176043     -9.74155028873136430
 6.97210127103581545      8.74155028873189188
 6.81334705845614064     -9.74155028873125772
-1.68815276681349635     -4.48624783502510471
10.27744867359387726     -11.74155028873129147
-5.15225438195135865     -6.48624783502491908
 1.61719463574940581     -12.74155028873162010
-5.24005046346533909     -10.62765122685325814
 8.89215951589081577      8.18175002402625751
-8.61635599708926314     -8.48624783502466151
 8.41693164376520997     12.12446937317477591
-12.00949948116449661     -10.60014689690459733
 3.50799965589328755     -1.48624783502536761
-10.27744867359427339     -3.37234877314310211
10.27744867359406022     -7.74155028873123996
 0.04389804076009408      6.74155028873177198
 0.03274672002455920     -5.50531846859303453
 1.68815276681043236     -6.62765122685370045
-5.15225438194608198     13.74155028873230400
 5.08129625088727721     -8.74155028873122752
-10.27744867359403003     10.62765122685692454
-1.68815276680877724      7.74155028873178086
-12.08045761222177283     13.74155028873223650
13.74155028873326323      4.76905461867827185
 6.81334705845622768     -7.74155028873121420
12.00949948116447707     -0.51375216497875054
-10.36524475510935517     -13.74155028873332896
 8.63319394754059211      3.62765122684997277
 0.04389804076030236     10.74155028873187590
-12.00949948116328159     -4.37234877314304793
-10.27744867359403358      4.62765122685690500
-13.74155028873203399      8.62765122685702757
12.02065080189444757      3.74998398511163566
13.74155028873229689     -5.74155028873136342
 6.90114313997176065      2.62765122684989461
 3.50799965589802376      8.74155028873181905
-0.04389804075857763     -9.62765122685368269
 3.50799965589342477      0.51375216497463483
-12.00949948116305066     -0.37234877314304776
-5.15225438194652430      9.74155028873179063
 3.42020357437934042     -5.62765122685374841
-6.81334705845622768      8.62765122685686769
-5.16340570268221200     -8.50531846859284890
-5.15225438194657492     11.74155028873190787
-13.74155028873195228      0.62765122685701158
-8.61635599708913702     -6.48624783502463043
-12.00949948116312349     -2.37234877314304793
10.27744867359341896     -13.74155028873200735
-12.00949948116288901     11.62765122685696539
-6.81334705845624100      6.62765122685683927
-3.42020357437731848     12.74155028873210682
-0.11485617181943876     -11.74155028873144246
-13.74155028873336271     -11.60014689690470391
 5.08129625088718484     -10.74155028873125062
 1.61719463574941025     -10.74155028873130746
12.00949948116310040     -6.74155028873134299
-3.43135489511331171     -7.50531846859286489
13.74155028873325968      6.76905461867853830
-3.42020357438231137     -3.48624783502496927
 6.96094995030037378     -1.50531846859342133
 7.24005046346680192     13.74155028873209261
 3.50799965589803264     12.74155028873202511
-6.81334705845622413      4.62765122685683394
-13.74155028873202156     -1.37234877314298842
-1.68815276681339443     -2.48624783502503854
-10.28859999432641281     -11.61921753047256267
-8.54539786602513907      5.62765122685687480
-10.27744867359418812     -1.37234877314310033
 6.97210127103572486     10.74155028873191142
 1.77594884832434330     -2.48624783502525215
