238    29.52843242000000146
 8.62964231867777265      6.60671128970503663
-12.03228588755231421     -13.76421620998659101
-10.47750624529712127      3.50602905968725587
 1.82523325072675191     12.76593671028298260
 0.09219025055105705     13.76421620999338380
-1.64684940767517118     -9.76421620997252937
 3.37191136458730467     -6.50602905967763245
-1.81725220745311855     -1.49397094031452515
-6.83601297973084154     -6.75215809063385208
12.03559958517089612      4.51216244803655542
-5.10396217215506098     10.76421620999207640
-10.30011459486146386     13.76421620999249384
 5.11095102283367630      6.50602905970592893
 6.66806056659290736     13.76421620998363338
-7.01340463015966886     -0.49397094031293626
13.76421620999169271     -8.50602905969605416
-8.57505263793828831     -13.76421620999404816
-8.56806378728470719     -3.75215809060778449
 6.89565863824769032      5.60335595858662661
-6.83956764761637093     -10.75829147896447679
 6.89565863823875613      7.60335595858664171
-1.64329473977348806     -5.75808282161762985
-12.03216540242346433     10.76421620998056028
10.30011459486368786     -2.50602905967910639
-10.30011459485485936      7.76421620998008422
-13.76421620999163586     -2.75215809060730887
 8.56806378728457219     -9.50602905969558698
-3.37191136459200846     -4.75215809063571992
-12.03559958517818629     -11.75808282164193663
-5.10396217216189996     -5.75215809063396311
 6.83601297971581623     -8.50602905969524237
-3.37191136458495322     13.76421620999222561
-5.28135382259044572      2.50602905968703737
-5.11095102282211577     -13.76421620999008155
-1.81725220745252991      2.50602905968692413
-8.57161845518511356     -11.75829147896505056
-1.81725220745264426      4.50602905968696721
-1.81725220746822314     -3.49397094033924560
 1.81725220746351068     -7.76421620997409523
10.30354877761429044      5.51216244806660516
-8.56806378728597373      8.76421620998007356
-12.03216540242353538      8.76421620998053008
-12.03216540242262234     -1.75215809060748740
-8.57149797005046388     -9.75808282161669460
 5.11095102280797953      0.50602905965955991
 0.08520139989376781     -8.76421620997260753
10.30011459485281122     11.76421620999042261
-6.83944716248151341     -8.75808282161655427
 1.64684940768487165      0.50602905968538370
-12.03216540242562616     12.76421620998432083
-8.56806378728477291     -1.75215809060778427
-12.20955705286612947      2.50602905968737266
-12.03216540242253352      0.24784190939253972
-13.76421620999284912      3.76421620998022100
10.37725570877131887      9.64115169451252285
-5.10396217215452364     12.76421620999292905
 8.56806378728624196     -5.50602905969364809
12.10930651634967958      8.64115169452781018
12.20955705286642434     -13.76421620999205153
13.76421620999392204     -0.50602905966599487
 3.37534554735394066     -4.50010432866943866
 8.56806378729479334     -3.50602905967909440
 0.08520139988359744     -12.76421620999083117
 3.37873310959840589     11.50631843934300313
 1.64684940767982479      8.50602905969910594
12.03216540241670174     10.76421620998166873
-6.83601297972364463     13.76421620999258977
-0.08863558264968434     -4.49989567132114132
-0.08520139988407943     -0.49397094031452293
-12.03216540242259924     -5.75215809060756644
-3.37534554734357739     -6.75808282161660490
-6.84300183038164622     -12.76421620997284911
 7.01340463016018756     -10.76421620999135342
12.03228588755473183      2.50602905971118295
-10.30011459485672987     11.76421620998427287
-13.76421620999246009      7.76421620998048834
-3.54930301502351675      7.50602905969060252
-8.74545543772817879      4.50602905968716350
 8.62577008025013292      8.60670754114488012
 6.83601297972583044     -4.50602905967896739
 6.84300183037465892      1.50602905966337963
-8.56806378729258533     12.76421620999249207
 1.64684940768314769      4.50602905969054301
-3.37890021525289441     -12.76421620998843842
-10.30011459485367808     -4.75215809060763306
-5.28135382259036668      0.50602905968703737
 8.57161845519368271      0.50010432868231713
 5.10751684005807149     -1.49989567132169377
 6.83956764762692071     -0.49989567132162721
-13.76421620999237305     11.76421620998053363
 1.81725220745237892     -13.76421620999119888
 3.37890021524863871      9.50602905969923384
10.30011459484962799     13.76421620999042439
 5.11095102281974789      4.50602905970565626
10.30011459485523240     -4.50602905969372980
-10.30011459485365855     -0.75215809060762062
12.03216540243058041     -1.50602905967562894
-1.81725220745216443      0.50602905968690093
-10.30011459485491443      5.76421620998007711
 5.10396217214804437     -7.50602905969309475
-10.30011459485461423      9.76421620998049455
 8.64520490121121021     10.64115169452788834
-0.08520139989888345     -2.49397094034004629
-5.10751684004736273     -9.75829147896420679
13.76421620999185258     -4.50602905969580814
-10.30011459485375269     -2.75215809060762062
-3.37191136458616292      9.76421620999211015
-5.10739635491251587     -7.75808282161658447
 8.48408758072288016     12.92633442598825155
13.76421620999093776      3.50623771705722032
-5.11095102281300573     -11.76421620997243700
-12.03216540242323340     -7.75215809060867844
 1.64684940767010723     -1.49397094034024258
 8.57161845518045595      4.51195379071841973
-6.83601297971637312     -4.75215809060894667
12.03216540242292432     -5.50602905969579215
-7.01340463015935445      3.50602905968706402
-7.01340463015928428      5.50602905968713507
-8.74545543772849676      0.50602905968715239
13.76421620999162521     -10.50602905969617673
12.03216540242262589     -9.50602905969592271
 1.64329473978453899     -5.50010432866864374
-13.76421620999242990      9.76421620998053186
 5.11095102284333613      8.50602905974211154
10.30366926273518580      3.51195379069157809
-1.64684940768410915     -11.76421620998825723
 6.83944716249243712     -2.50010432866896304
-3.37546603247835320     -8.75829147896424232
12.03216540242210364     -11.50602905969601153
12.03216540242271115     -7.50602905969590584
-1.63986055701661293     10.76421620999095730
-0.08520139989073135      7.50602905969900469
 3.37890021524710615      5.50602905969914058
 1.64684940767816701      6.50602905969903489
-5.28135382259081165     -1.49397094031297173
10.30011459485391967     -6.50602905969575751
 5.10739635492324862     -3.50010432866921750
 6.84300183038425835      3.50602905969806677
-5.10396217214712600     -3.75215809060945205
 1.81725220745240534     -11.76421620999054696
13.76421620999131612      9.76421620999036044
-8.74545543772829603      2.50602905968716083
-3.54930301502125856     -0.49397094031311672
-13.76421620999185258     -6.75215809060734706
 5.11078391716735947     10.50631843934310261
 1.81725220745391236     -9.76421620998807072
10.47750624529771635     -12.76421620999175133
12.03216540242416777     -3.50602905969370404
 8.57149797006162117     -1.50010432866835752
-10.30354877761922516     -10.75808282161724172
-13.76421620998951312     -12.76400755263723141
-0.08520139988371427      3.50602905968703693
 0.08520139988490326     -10.76421620998812223
-3.54930301502152945      5.50602905968695566
-1.81725220745953875      8.50602905969913081
12.03559958519267781      0.49989567134560248
10.30011459485330327     -10.50602905969587830
-10.30011459486872383     -8.75215809063363359
 5.28135382259147956     -9.76421620999105322
 0.08863558266072911     -6.75829147896513938
-13.76421620999093598     13.76421620999060380
-0.08520139988914349      9.50602905969901890
13.76421620999075657      1.50582040236402870
-6.83601297971908650      9.76421620998358541
13.76421620999110651     -2.50602905969012157
12.03216540242039301     12.76421620999267681
-3.54930301502245493     -2.49397094031387745
 1.64684940767968691     10.50602905969911305
 5.28135382258986130     -13.76421620999121131
 3.54930301502143841     -10.76421620999041728
10.30366926275758033      1.50010432869161203
 3.37890021525370443      1.50602905968549172
 3.37890021525996254      7.50602905969921075
 8.56806378728490792     -7.50602905969557277
-13.76421620999227358     -8.75215809060853367
 7.01340463015884108     -12.76421620999136231
-10.30011459485428738     -6.75215809060871663
-13.76421620999404816     -10.75215809065516304
 6.83601297971720356     -6.50602905969353973
-13.76421620999273188      5.76421620998025386
 5.11316840874436185     12.50631701789257733
 5.28135382259008157     -11.76421620999106210
-1.64341522490940894     -7.75829147896420235
13.76421620999112605     -12.50602905969621226
-3.54930301502139978      1.50602905968689860
-8.56806378729981155     -7.75215809063369221
-8.56806378728600748      6.76421620998002737
10.37725570879746684      7.64115169449893905
 5.11095102282037406      2.50602905968933776
-10.47750624529731667      1.50602905968725542
13.76421620999187034      7.51808717906610458
 8.74545543772891243     -11.76421620999161988
-12.03216540242378407      6.76421620998013129
-5.10396217215015113      8.76421620998359607
-13.76421620999169981     -4.75215809060731420
-1.81725220745467908      6.50602905969046663
-3.37890021524412232     -10.76421620997241213
12.03216540243962562      6.51808717903716417
 0.09219025055305967     11.76421620999209949
 6.91360066251566341      9.64037861308953481
 3.55827625090325039     13.76421620999197870
-12.03216540242386223      4.76421620998010997
 6.92919542287447143     11.66843523389790604
 1.64341522491973913     -3.49989567132188206
 1.64684940768685362      2.50602905968922185
-13.76421620999140139      1.24784190939271245
-0.08520139988578478      5.50602905969048262
 3.37890021523909434     -0.49397094034043293
-1.63986055701655054     12.76421620999111362
-7.01340463015934734      1.50602905968706380
-5.28135382259038444      6.50602905968710665
-3.54930301502150591      3.50602905968693390
13.76421620999172646     -6.50602905969592182
-6.83601297971550892     -2.75215809060832939
-10.30366926274220241     -12.75829147898695659
-5.28135382259045816      4.50602905968704448
-12.03216540242269872     -3.75215809060751360
-3.37191136458609497     11.76421620999212792
-6.83601297972371658     11.76421620999247608
-6.83601297971706590      7.76421620998007000
 3.54930301502378764     -8.76421620998899797
-1.64684940768517762     -13.76421620999104256
13.76421620999055229     13.76421620999045992
-0.08520139988321318      1.50602905968694856
13.76421620999376216      5.51808717901104995
-12.03216540243751531     -9.75215809063378103
 3.37546603248879595     -2.49989567132186696
10.30354877762846577     -0.50010432866438981
10.30011459485372072     -8.50602905969577883
13.76421620998844730     11.76421620999036399
-8.56806378728533957     -5.75215809060880989
 5.10396217215684267     -5.50602905967877643
 3.54930301502111334     -12.76421620999092710
-8.56806378728776785     10.76421620998402773
-13.76421620999152751     -0.75215809060730687
 8.57505263793837180      2.50602905967234069
 8.74545543772758194     -13.76421620999165185
 3.37890021525557938      3.50602905969658973
