245    29.94267626819999961
 7.97133813213021369      3.57903328977372981
 7.97133813210711573     13.97133813407198843
 9.98459133513348362     -10.50723651849009777
 8.98459133477259186     -8.77518571071111531
11.98459133584555758     -13.97133813408644620
 3.97133813085517984      7.04313490451755175
 7.97133813219074128     -3.34916993978102351
-9.02866183126714361     -1.61750381425597167
-5.00374160344985608     -8.55985766642375978
-1.02866186749952382     -5.08122074899716125
 6.97133813184759887     -1.61711913241025895
-10.98013990651264216     -12.23423972544952854
 9.97133813278121472     10.50723651931914304
 2.97133813184748741     -1.61711913317835521
-1.02866186821016359     -1.61711913388378581
13.97133813407529601     -6.81327155452337330
-13.97133813389417867      1.10324479410858101
-6.02866187097843920     13.97133813380548339
 9.98459133584555758     -13.97133813404472491
-13.76061442290772163     -0.88562310437853553
-12.02866187039840717     10.50723643166275778
-5.02866187015497612      8.77518571085326116
-13.97133813403180724     -2.87449100285009163
-4.02866186787604263     -3.34916994207639407
-1.02866186949203509      5.31108409637921497
 5.98459133513287433     -10.50723651851538420
-11.02866183250242571      5.31069941568407611
-4.02866187097827666     13.97133813398014190
 1.97133813020156334      7.04313490448384272
 0.00792538544309862     -13.97133813408804492
-10.02866183088221241     -3.34955462204854371
-6.00374160384939248     -6.82780685906229223
10.97133813309240757      1.84698248240505314
-10.02866186979894181      7.04313490224242500
-0.00374164078741385     -6.82742217919300032
-7.02866186916991786      1.84698247989203912
-11.02895456343256519     -1.61767285494486823
-2.99207461502948124     -12.23928732619335946
12.97133813373221756      1.84698248241739438
-0.02866186783035074     -3.34916994123727996
-3.00374164044426406     -8.55947298721966021
 0.97133813116837964      1.84698248162272605
13.97133813405804226     13.97133813407426750
 3.97133813153626836      0.11493167460960338
 5.97133813145510572     10.50723651930943525
 2.97133813048847095     12.23928732667550534
-7.02866187018205313      8.77518571068646658
-9.00374160345027974     -8.55985766725617125
-5.02866183052505011     -5.08160542860599840
13.97133813406759550     10.50723651929391700
 0.97133813251440060     -5.08122074874527030
-5.02866186889384004      1.84698248047371605
 5.97133813151100146      7.04313490455637137
 2.97133813055700324      5.31108409712017604
-1.99207461539562392     -10.50723651840909412
-12.02866183280460710      7.04275022308018706
-6.02866187039824553     10.50723651841306783
-4.00374164084116391     -6.82742217986089894
 8.97133813242993305      8.77518571195303387
 8.97133813244292178      1.84698248238500606
 9.97133813278501613      0.11493167501363682
-0.99207461502945837     -12.23928732606087522
-9.02866183217646068      1.84659780072548374
-6.02866183088192908     -3.34955462123837266
10.97133813314534123     -5.08122074714682004
-4.02866186857193664      0.11493167309042315
-1.02866186888039701      1.84698248123866149
-10.99459730047061434     -8.75089063206084816
-4.02866186979874641      7.04313490342166393
-13.79743307074265957      5.50020456685930981
11.97133813346120945     -6.81327155453532907
 2.99625836026671166     -12.02357460129977973
-10.02866187039828283     10.50723651771796696
-4.02866187039814605     10.50723651856553964
10.98459133547412669     -12.23928732626029436
 0.97133813184742357     -1.61711913348235159
-1.02866187010126686      8.77518571151953175
 5.97133813153627635      0.11493167497887619
-1.02866187070136550     12.23928732666922237
 9.97133813282144033     -3.34916993976459176
-7.98206450900505082     -10.30424417579366825
 8.97133813243739020      5.31108409716526086
 7.97133813211552233     10.50723651934516312
12.97133813377867106     -8.54532236192130235
 7.98459133584555758     -13.97133813404894020
13.97133813407528891      3.57903328978820534
-8.02866183158369218      0.11454699349839666
 3.99625835921261574     -6.82742217838833731
 0.97133812989421031     12.23928732667569363
-13.97133813407539193     -6.71470880303584661
13.97133813405580050      0.11493167503452890
 6.97133813251819578     -5.08122074753895792
-3.02866186822980410     -1.61711913428095544
 4.97133813121713519      5.31108409715710117
-4.02866186918806246      3.57903328826169931
-10.02866183207547657      0.11454699284674974
 9.97133813280628090     13.97133813408458103
-12.02866183219565599      3.57864860793773598
13.97133813407421243     -10.27737316932009293
13.97133813408538039      7.04313490453844171
-9.02866187116173791     12.23928732579273415
-12.02866180197076673     -3.34989469325784350
-2.02866186979870244      7.04313490377367124
 3.97133813079156406     13.97133813406955305
-0.02866186979860087      7.04313490412533660
-2.02866186856583441      0.11493167348193123
-4.98172655381638041     -12.03609982042850923
 4.97133813122945600      1.84698248237061158
 1.97133813216971765     -3.34916994095128917
-2.02866187039814072     10.50723651891789778
-7.02866183123532018     -1.61750381386947994
-3.99207461455690149     -13.97133813408781755
 1.97133813153620707      0.11493167426621212
 5.97133813217141007     -3.34916994016932268
 3.97133813091905585      3.57903328976032009
-11.02866194442088066     12.23928728293063983
 2.99625835956436903     -8.55947298616307251
-5.98172655333458714     -13.76815062827555103
11.97133813342749065     10.50723651930028169
-13.24635291729836162     -8.57868209684583327
 4.97133813251731116     -5.08122074794196621
13.97133813408949621     -13.74147478409898149
-3.02866186888936140      1.84698248086457295
 3.98459133584555758     -13.97133813408760084
-12.02866187097899520     13.97133813405532976
10.97133813315710071     -8.54532236192978623
-3.02866186750394828     -5.08122074943134727
-7.02866187076504545     12.23928732604061764
 8.97133813246765222     12.23928732671075181
-6.02866186918815661      3.57903328787283037
 2.97133813251669077     -5.08122074834532267
 0.99625835956068354     -8.55947298656236555
-0.02866187039811719     10.50723651927537716
-8.02866183088193708     -3.34955462164264972
 7.98459133441777968     -7.04313490295980404
11.97133813344110997     -3.34916993974869337
 2.97133813049518958      8.77518571188320884
 1.99625836064430429     -13.75562540908666165
-0.00374164009128328     -10.29152379434855824
-12.02866183209330408      0.11454699274240011
-13.76082370610955152     11.50704410062007810
12.97133813374770739     -1.61711913235649729
-8.02866187097869677     13.97133813381056200
-3.98172655417926613     -10.30404901265012008
 9.97133813275064362      3.57903328977661328
 2.97133813122944845      1.84698248201223736
-13.97133813403812397     -10.44265538944122085
 6.97133813183592821      1.84698248237475782
-13.97133813407664960     13.49593416183964578
 7.97133813212780318      7.04313490455859004
-7.02866186949370153      5.31108409527344083
-8.02866187039824730     10.50723651818400839
-0.02866186918680388      3.57903328898654394
11.97133813344423281     13.97133813407561220
 6.97133813175433659     12.23928732670569808
 0.97133812989874102      8.77518571187788865
10.97133813311793737     -1.61711913236608162
-6.98206491452917799     -12.03629521770088218
-8.02866186918845059      3.57903328745545624
-7.00374160345003460     -8.55985766686528926
-3.02866187072524395     12.23928732633116567
11.97133813342460940      0.11493167502601281
-10.02866183219414786      3.57864860829047426
11.97133813347260123     -10.27737316931651179
 0.97133813050869833      5.31108409673387705
10.97133813308887795      8.77518571192688057
 0.99625836024450887     -12.02357460172605030
 5.97133813139600456     13.97133813407032932
 1.97133813086505660      3.57903328937073750
13.97133813406523828     -3.34916993974470012
 4.97133813184749940     -1.61711913278133723
-6.02866186857621322      0.11493167266588071
 8.97133813249059386     -1.61711913238526472
 5.98459133584555758     -13.97133813405256397
-11.02899488812511919      8.77499339890057861
-9.02866183052746329     -5.08160542941747195
 8.98459133547285660     -12.23928732626478322
 4.97133813114956169      8.77518571191670205
 7.97133813214804388      0.11493167498585410
-10.00374160385780264     -6.82780685985914459
-5.02866187075277793     12.23928732626681004
-13.97133813405321234      7.51815403939560767
 9.97133813274231962      7.04313490455808822
 6.97133813182317130      5.31108409716558505
-3.02866186949238259      5.31108409602790754
-7.97137849211225280     -13.97133813408802006
-13.41171164094715706     -4.79459990294912153
 1.97133813018891391     13.97133813407457659
 5.99625835921350259     -6.82742217798507767
12.97133813374371414      5.31108409716682583
-11.99459730087373011     -7.01883982472464574
-9.02866187033046863      8.77518571015387927
-6.02866186979874819      7.04313490306086987
 3.97133813079118347     10.50723651928120006
-5.02866186949255489      5.31108409565507245
-11.02866183217692608      1.84659780035960752
 4.99625835956672670     -8.55947298575788906
-0.02866186852490235      0.11493167387452821
-13.97133813408949266     -13.95863260526816596
-5.02866186822981387     -1.61711913470354007
 9.97133813284360038     -6.81327155454186073
-0.02866187040745253     13.97133813407327274
 1.99625835990883949     -10.29152379393255856
 8.97133813251849865     -5.08122074716067917
-3.02866187010138033      8.77518571116795698
12.97133813375781841     -5.08122074713739380
-11.97137849211225813     -13.97133813407635650
-8.00374160385308997     -6.82780685945318400
10.97133813311905826     12.23928732669363839
-5.98206450900486963     -10.30424417534066528
 3.97133813216979004     -3.34916994057364148
 7.98459133513324470     -10.50723651849131102
 3.99625835992441880     -10.29152379353327973
 5.97133813152875970      3.57903328976668611
-10.02866187097890815     13.97133813380840550
-9.97137849211225813     -13.97133813301264027
-9.02866186949403549      5.31108409484793054
12.97133813374471423      8.77518571191077967
 6.97133813181633499      8.77518571194899444
12.97133813376956191     -12.00942397671393991
 4.97133813109754996     12.23928732667360109
-2.02866186918680569      3.57903328863152792
-13.97133813405561220      3.10324479410868204
12.97133813375128319     12.23928732668223951
 1.99625835921258910     -6.82742217879232349
-11.09151116934006076     -5.14757297671689340
 1.97133813019151827     10.50723651927790137
-1.00374164044047909     -8.55947298697359393
-13.01767359427233828     -12.20064399736632232
 6.98459133477230409     -8.77518571073597187
-13.97133813403020675      9.51815403939564320
-7.02866183052510607     -5.08160542901407108
-2.00374164078750994     -6.82742217945260865
-11.97172815565435400     -10.49594515609408063
-8.97175920540175653     -12.23906757622298080
-8.02866186979885477      7.04313490283795929
10.97133813305561212      5.31108409716951169
-1.99207461455690127     -13.97133813390876789
-2.02866186787603953     -3.34916994164559467
11.97133813340247599      7.04313490453888580
 4.98459133547209632     -12.23928732628105642
-9.97175879974313517     -10.50701653437573135
11.97133813339898545      3.57903328979693613
-2.02866187097817630     13.97133813407873859
 6.98459133547253241     -12.23928732625867610
