256    30.72474589130782974
-7.36224378840719762     -14.36237294565217049
-6.36237294564823941     -5.70204433884270134
 3.63775621162765717     -12.63032213807021265
14.36237294562010547     -10.40750887347497766
10.41088353997756499     -9.97305812355256371
-12.36237294565219891     -12.63024756911182678
-5.36298284162150818      2.95856167965850414
13.41393985137795397      2.20717240321237762
-4.36285367325626172      4.69068705619492832
-3.36237294567011258     -0.50589191612328810
-7.36237295121180679     -10.89834590911752166
 1.63775621161928142     -12.63032213807519888
-11.36237294567017564     -0.50589191611570139
-10.36237294564826072     -5.70204433883526640
 5.36237294915200469      9.16622051885430977
-3.36311591384780595      9.88699085711532710
10.36324459975148216      0.50531434757084348
-10.36237294564918976     -2.23794272369612424
 8.63775621181081199     -10.89827133039107920
 3.36250304586312287      5.70197883407094963
-5.36311590664897064      6.42288923782125298
 8.36237295113573076      7.43416971220045131
-6.36285367325625550      4.69068705619709547
-7.36311590667530691      6.42288923783731924
-8.36285367325625018      4.69068705619699777
-7.36237294567015521     -0.50589191611425111
 6.36237295111525913      7.43416971220238754
-1.63762705435806488     10.89827133046428997
-4.36237334185080794      1.22615912018791362
-14.36237294562495670     14.36237294562879718
-2.36237334185077774      1.22615912018059858
12.36537310755680430     -6.48010823973345396
-5.36224378840533422     -10.89827133051534425
 5.63775621169552288     -12.63032213809697701
-9.36237294564814526     -3.96999353126581234
 6.36237387644219154      3.96991842498050307
-14.36237294564730682      1.22741757715697819
-4.36237294564917644     -2.23794272370430480
-11.37312198999679325      6.42863837370002322
-10.36237334185097225      1.22615912018857731
-6.36237294564917910     -2.23794272369761371
-13.36237294565080624     -10.89819676154194639
-8.36237334185091008      1.22615912018926410
13.36537309863181378     -1.28742356087291165
-11.36250211401600119     -14.36237294564874212
-1.36237295123132185     -0.50604106369302582
 4.63775621159581597     -3.97006810023307333
 6.36237294564366440     10.89827132888614081
 2.63775581539658210     -0.50596625634786874
12.36237387644217200      3.96991842734496547
11.36250304480888396      5.70204380388507470
-4.36311591391673748     11.61904166472555389
-10.36311591033233981      8.15494004332181710
-5.36237294564813194     -3.96999353127386856
-2.36237295121040836     -2.23809187127397013
13.36250328503351170      5.70189452387759221
13.36237294710816492     12.63032213723488084
 9.65796643062493487     -12.61877454983748059
-3.36311590664880811      6.42288923781809107
 6.36324459975044832      0.50531434521103769
 7.63775621193034127     -12.63032213802953230
14.36237294564781664     -3.02120305719693727
-3.36298284162150418      2.95856167965608430
-8.36311591736870064     11.61904166265245308
-8.36237294565019340     -9.16614595397938459
 3.36237294558535948     12.63032213806920012
 8.63775621210230327     -14.36237294551529153
12.50006457847208985     -13.63312158338299973
 7.63775621163393925     -9.16622052292211187
-2.36224378839780691     -9.16622052294444067
 6.36324499593037451     -2.95878749865126789
11.36317300003717179      2.23740649128119440
-7.36298284162162986      2.95856167965772388
 9.36237294915315310      9.16622052091413586
-5.36237294567012590     -0.50589191611607209
-6.36224378840563087     -12.63032213808416948
 2.63775621160235474     -7.43416971537462956
-0.63762705441488721     12.63032213806613591
10.36237295113749646      7.43416971220147982
 8.36237294565393441     14.36237294564945444
12.36237594297689490     -3.01774049927648846
12.36237295119331669      7.43416971452418451
 0.36237295317987783      7.43416971058790743
13.45870833092823382     -4.80540883685497811
-11.36237294564978839     -7.43409514640445579
-0.36285367881752401      4.69053790861637854
 5.36324499592019155     -1.22673669108648808
-3.63762705442347833     14.36237294563564859
-13.36237314476136717     -3.96999341630842162
 9.36324499592129200     -1.22673668872713315
 6.63775621187622278     -14.36237294557486344
 2.63775621159581508     -3.97006810023116508
-7.08860477341678674     14.36237294562842948
-4.36224378840026272     -12.63032213808146942
 6.63775621169995134     -10.89827133053011110
-13.40058628434523058      2.98097579382737043
 2.36237294557831135     14.36237294564601186
-1.36224378839773630     -7.43416971537559412
 8.36324499622102024     -6.42288911416965558
 1.36237294915126883      9.16622052048283820
 0.63775621160306462     -10.89827133051293195
 2.63775621161896145     -10.89827133050607344
 0.36237294557667726     14.36237294564038791
-13.53662908093655837      6.55611314706175996
-6.36311591609264582     11.61904166598104204
-14.36237294565309952     -12.63024756910979995
14.36237294563007616      0.44635592490827553
-2.36224378839933280     -12.63032213808151738
-1.36298284162144423      2.95856167964864092
-5.36237295121086799     -7.43424429398031883
 8.36324499593038340     -2.95878749863975887
11.36237594307252508     -4.74979130690282680
-3.36224378840326388     -7.43416971537868854
 4.63775621168341168     -10.89827133053034558
 0.63775621160235096     -7.43416971537436311
12.36237294565392553     14.36237294564524802
-1.36224378840420601     -3.97006810024035994
-12.54952221514154331     13.51764089995614704
-0.36224378842502275     -2.23801729265936800
 0.63701715281744131      2.95841253207875932
-11.36298284162160677      2.95856122217168505
11.50928134484984611     -11.85824917680293211
-10.36237294565020584     -9.16614595397387433
-10.36285367325624662      4.69068705619684323
12.36324459804323439      0.50539701127005587
 9.36250304480808815      5.70204380153077039
11.36624032892649439     -1.22846779703183295
-8.36237294564825540     -5.70204433883677364
14.36237294563307465      7.43402058006241084
-3.36237295120935897     -3.97014267884344729
-14.36237294564924660     -2.23794242135140964
-0.36224378839875082     -5.70211890780608766
 9.36317299970455252      2.23740648912251805
-4.36224378840475069     -9.16622052294674106
 7.36237294563145905     12.63032213806393500
14.36237294496126005     -14.36237294493177430
-2.36311591032946966      8.15494004751202439
-12.36285367325619156      4.69068659871020621
11.41088071772020562     -8.23764750750090080
-12.36300958268079242      8.17556282930381428
10.36237294565393086     14.36237294565133205
-1.36311590664821813      6.42288923781564947
 4.36324459975041812      0.50531434520105467
14.36237294565392020      3.96798888021835827
-2.36224378840315863     -5.70211890780984465
-14.36237294564942779     -5.70204433883469619
 7.36324499592021908     -1.22673669107652539
10.36324499593038517     -2.95878749629166515
-14.36237294565024669     -9.16614595397262555
 2.36237295318254725      7.43416971103180035
-14.18750699159311601     10.37003213690247883
 8.36237387644218444      3.96991842499012337
 0.36237294564198685     10.89827133047136876
-13.36340341014223831     -0.50529707105068122
-7.36237294564814526     -3.96999353126765753
-3.36224378839952998     -10.89827133051270813
-8.36311591032971080      8.15494004751583823
10.36237294564862843     10.89827133050639851
-5.36311591384784681      9.88699085711654924
-2.36285367325626794      4.69068705618948023
-6.36237334185089143      1.22615912018987272
-12.54952221515551969     11.51764089995596407
14.36237294564894462     10.89827132418831646
-3.36224378840071081     -14.36237294565062328
-10.36237294565211720     -12.63024756911641866
12.41088071789781822     -9.96969831496801007
 7.36250304480797535      5.70204380152867163
 5.63775621161399698     -5.70211890779387343
 1.36250304691827306      5.70204380032350411
 5.36237294562833267     12.63032213809983517
-13.36250211401600119     -14.36237294564680766
-12.36237294564922173     -2.23794272369696401
 6.36237294565393796     14.36237294565392197
-9.36237294565071387     -10.89819676154803929
10.36237387644217733      3.96991842499189573
10.63775621210263544     -14.36237294509066764
-10.73667148465797183     14.36237294562820921
-12.36237294565023959     -9.16614595397307319
13.76578188500615951     -8.49856173747137689
-11.36300958619976775      9.90761363890460345
 0.63775621161666063     -14.36237294564562639
-12.36237294564831579     -5.70204433883472817
 5.36250304480795847      5.70204380151891321
 0.63775621159580631     -3.97006810023189471
 1.63775621160128848     -5.70211890780362918
-9.36237294567017031     -0.50589191611473860
-8.36237294564918443     -2.23794272369607494
 4.63775621163841478     -14.36237294563432698
-6.36311591032959001      8.15494004751628765
-7.36237294564967382     -7.43409514641076363
-1.36224378840004778     -14.36237294565083111
-9.36298284162163341      2.95856167965725891
 9.41088353980033432     -8.24100731608216996
 7.36237294915219120      9.16622052090615469
 4.36237294564334199     10.89827133052230046
 5.63775621162732055     -9.16622052292810352
13.36250140566819233      9.16614635352492968
 1.63762664969920380      1.22615911868188010
-1.63762705442342282     14.36237294563008859
12.36237294564894285     10.89827133050836672
-6.36237295121143820     -9.16629510154886162
-0.36237334741198485      1.22600997261079581
 2.63775621162256302     -14.36237294564365463
 2.36237294564203859     10.89827133007813664
11.36237294915345331      9.16622052091588024
-11.36237294564815947     -3.96999353126564092
 9.36324499595645321     -4.69083830625076903
 8.36237294564381628     10.89827133050173025
 2.36237387855323799      3.96991842378588444
 3.63775621160133644     -5.70211890780515507
 3.63775621157498064     -2.23801729265013361
 0.63775581539654302     -0.50596625635427039
-10.54143776672186483     12.05005201224162192
-14.36237294565391842      4.73453496595513279
11.36237294564695688     12.63032213807626647
 1.63775621160327045     -9.16622052294416179
-8.91263812903758534     13.54206671160075182
 4.36237295214574594      7.43410484675274397
-13.36237294564984524     -7.43409514640389268
 3.36237294915195983      9.16622052092773032
-14.36237294563584754      8.37769132817601836
-9.36311591385023156      9.88699085305217373
14.06276896654013875     -12.38494090915420820
 4.36237387749773475      3.96985344696797693
 7.36324499595586790     -4.69083830622424536
10.36237594334596857     -6.48184211462979043
 1.63775621157497908     -2.23801729265061100
 1.36237294558527289     12.63032213807299264
-9.36311590668854166      6.42288923784452592
 4.63775621161516582     -7.43416971536607551
 3.63775621161614104     -9.16622052293555889
-4.36311591032951451      8.15494004751512946
-8.36237295121314617     -12.63039671668562214
-0.36224378839676841     -9.16622052294392553
-1.36224378839696469     -10.89827133051283781
-12.36237334186357728      1.22615866271077456
14.36237294562008238     -6.58961461751687416
-7.36311591384790010      9.88699085711610870
-5.36311591391794806     13.35109247229440221
-0.36224378839789395     -12.63032213808229898
-4.36237295120946200     -5.70219348641225920
-5.36224378840078053     -14.36237294565025202
 4.36237294557839039     14.36237294564314659
14.36237294565392020     14.36237294564571343
 5.36317298435523249      2.23740649796368007
-9.36237294564967648     -7.43409514640502600
 7.36317298458953839      2.23740649783834833
-14.36237294563887801     12.36237294562869060
 8.36324459975086576      0.50531434522077956
-9.36250211401600296     -14.36237294565391842
 6.63775621164688356     -7.43416971534542270
 3.36317298310839874      2.23734152125905172
-0.63762705084878457      9.16622052087643624
-2.63762705441634093     12.63032213805645299
 9.36237294564257283     12.63032213807221460
-11.36237294565071387     -10.89819676154263739
