259    30.95940502533565564
-14.47970251256736063     -0.47970250966235378
 2.84023511734349121     -8.47871529383364297
-2.35591725571047661     -5.47871520783276988
 7.85028258614402930     13.47970462612853204
-0.62276207367439862     -14.47970251209071257
-0.62329596920647046     -10.47970258334122917
14.47970251266782959     -6.91519811764625292
-0.62386644815291503     -6.47871520785234978
-14.47970251266783137     14.47970251266782959
-2.35507985957673904     -13.48016485140635545
 7.55149928240046542      7.08480188525302701
 9.28355008996321374      8.08480188526364252
 6.30433608188999273     -10.47871642068977671
-7.93058327012608544     10.01205139823522039
11.50048920400275243     -7.47871520928818700
-12.74765170509284218     13.47970251267842734
 9.28355009078924454      0.08480188378792140
-7.55149925038740655     -14.47970251265356190
11.01560089752859284     11.08480188527012800
-14.47970251186551671     -6.47970250984885077
11.01560089835434475     -0.91519811621860991
-6.16960718938925012     13.01488774350716859
 4.38618219123754294      9.47970251265005182
-12.74765170509882140      4.52227209700307586
 7.55149928240014745      5.08480188525264332
 5.81944847566141554      0.08480188380878145
-2.84080564565198657      3.08480202772790513
-4.08739766745516864     -6.47970251231990702
 9.28355009075774262      2.08480188388052667
-14.47970251266769282      5.52227209700330679
11.50048920400199748     -9.47871520928819855
 2.35534686047605080      6.08480188389834442
 0.92208180352478775     11.47970463876177050
 2.35534686052427356      0.08480188380988585
 5.81944847561391043      4.08480188389706278
 9.28355008996866715      4.08480188525106058
-14.47970251266734820     -10.47970251266669983
-2.54201981079729267      9.47970463734898949
14.47970251266512065      3.08480188522810739
-4.27411072055422014      4.47966279578466953
-11.01560089750560500     -12.47970251266651687
-9.28412048483234464     -1.47871520583468330
 7.55149928318703889      3.08480188388749266
 4.08739766809533212      3.08480188380991827
-12.74765170509862955      6.52227209700307586
-9.66897495667581275      9.00098730483410669
 6.11823299878598093     12.47970251266425734
-2.35534681890968711     -7.47970258323986315
 8.52826434834917180     -14.45682246023200967
 6.30433678211991566     -4.47871520786134880
 7.55149928321515240     -2.91519811621739589
-14.47970251266782959      7.52227209700330413
 2.35534686052452980      2.08480188381035347
-2.35591724984016926      0.52128480233110364
-13.13307660539855171      9.00098730483447440
-7.55149928267024428     -8.47970251218597326
-12.74765170459001773     -3.47970250955711702
12.74765170509748913     10.08480188526972121
14.47970251265535424     -0.91519811753692937
-4.08739758367644690     -14.47970251232814576
-9.28412048482685393      2.52128479417206686
 9.58233461393436947     12.47970251266702846
 2.84023516698086631     -6.47871520786099708
-11.01560089807719933     -6.47970251171683742
-4.27410274796707856      6.47967637495017268
 4.69821875840249881     -13.67319448639111101
-9.66897499026030083      7.00098730483351250
 9.28355008996908282      6.08480188525256960
-5.81944847505094742     -7.47970251227330696
-4.08796806327886308     -4.47871520783193944
-7.55206967280031982     -2.47871519810426566
 4.57228597455051666     -5.47871520786094823
11.01560089755316874     -2.91519811760263359
-11.01560089752945970      5.52227209700223298
 9.28355009078406113     -1.91519811621739100
 9.28355008995776565     10.08480188527342314
-12.74765170509881784      2.52227209700306698
11.01560089753684046      3.08480188524846044
14.47970251266783315     -14.04223230093143115
14.47970251266782782     -4.91519811764625469
11.01560089753800042      5.08480188525027277
-0.62329594750059603     -12.47970258334266447
 4.57971087168035051     -11.49146905253840778
 6.11823299880029392     10.47970251266066022
-2.35534677732586140     -11.47970258324039250
-7.55206965042465939      1.52128484064873826
 2.65413261113149757     12.47970463869623892
 7.55149928321915542     -0.91519811621051217
-2.54204403343190322      7.47966268124848188
-5.81944847501939844     -9.47970251227519789
-9.27347071398410883     13.49736732353851743
-9.28355009048925695     -7.47970251175119838
 2.86804251148891742     -14.47970240326472968
-14.47970251266783670      1.52227209700331367
-11.40102579782934100     10.00098730483389176
 7.85028380636355916     11.47970251267037867
 9.62314983151994419     -12.69616565397682351
-12.74765170551051519     -7.47970251195163449
-4.27407061766175111      8.47970463612890413
-9.28298825916441039      4.52129834780974793
-14.47970251227020988     -2.47970250966498185
-7.55094543221016234      3.52128452468417574
-6.20030973066517710     11.01512341890304114
14.47970251266573705      7.08480188526866783
 9.87903453628926798     -10.68348993851554418
12.52813396049158712     -14.47970251266783137
-11.01560089753058058     -10.47970251266646891
-4.27261068703142755     10.48222906054072823
-7.55206965047132517     -0.47871515943023579
-4.08796805756412951     -0.47871519793654399
-0.62386644814117898     -4.47871520783350263
-0.62329601129398993     -8.47970258333671545
 0.62329605295565726      1.08480188381033549
-6.20492014926372093      9.00106831563910781
-5.82001884148623549      0.52128484302086342
 1.10818435941647486     -5.47871520785322730
14.47970251266783137      5.08480188526016619
14.47970251266783492     -2.91519811764625647
 4.38472554703245887     13.48222550641771633
-11.01560089703851197     -2.47970250952602811
-14.47970251266782427     -12.47970251266735175
 2.84023516698573086     -4.47871520785386235
-5.81944844058548050     -13.47970251227853922
-11.01617129248595361      1.52128479401765260
-1.10875477258664468      2.08480191305952811
14.47970251266659858      9.08480188526906396
11.01560089752901916     -4.91519811764441084
-14.47970251209085824     -4.47970250967536288
 9.28355008998044084     -3.91519811760925185
-4.08739766742152000     -8.47970251232469963
12.74765170510024070      6.08480188526239019
 0.87110476357906952     13.56799946170259474
-2.35591725570877841     -1.47871520783266108
-7.55149928263708858     -10.47970251219092219
-0.62386644814023762     -2.47871520783344845
 2.35534686052672493      4.08480188381037479
 2.84102341298759864     -12.47988491693605084
11.01560089753190397      7.08480188526332189
-11.01560089747219173     14.47970251266782959
-5.74343535128114979      2.66516347335633697
-2.35591725570956978     -3.47871520783266064
 1.10818435942815174     -3.47871520783429355
 7.55149928323135367      1.08480188380693932
 5.81944847566356582      2.08480188380881515
14.47970251266685970     13.08480188526947963
 5.81944847483153183      6.08480188525310872
 8.03638758886389404     -9.47871520928751643
 8.03638758886171622     -11.47871520928751465
 5.81944847483163308      8.08480188525310872
-12.74765170509762768     -11.47970251266963793
-7.93692413941937858      8.00098722988412270
 4.08739766725725318      7.08480188526263976
12.74765170509516743      2.08480188522978072
-0.80850907271363415     12.48222906196613202
-4.22017371696314658     12.56799946147098979
-0.90900690341913326     14.47970251261245522
-5.81944847502642926     -11.47970251227835803
-11.01560089753008853     12.47970251266783137
-2.85844037586559008     14.03281423070267664
 4.08739766809252636     -0.91519811619119329
 9.76843839643389167     -6.47871520928816391
-9.28412048483129304      0.52128479416623275
-2.54055988036249536     11.48222906209955418
 4.57228595809784100     -7.47871523635652746
 0.92208057595844317      9.47970251268308495
-7.93413235213574630     12.01204824923736858
 2.65121643056331813     14.47970251266782959
 5.81944847565023426     -1.91519811621053893
 1.10886001913301935     -9.47988475551350440
-7.53134053046859009     14.47970251261412855
14.47970251266656128     11.08480188526944232
 9.76843839643314205     -8.47871520928816302
13.23254001157124726     -8.47871520928884514
-5.81944847505410401     -5.47970251226623706
-11.01560089752945970      3.52227209700223343
 6.31176249801896194     -12.49146837584442338
12.74765170509438583     12.08480188527551391
 2.84023516699740597     -2.47871520783495125
 6.52839520279134611     -14.47970188400475244
 4.57228597455506414     -3.47871520785437971
13.04643622907185296     14.47970251266749564
-5.82001886518558287     -1.47871519802576024
 9.58233461391962038     14.47970251266704089
12.74765170512425705     -1.91519811760244707
-12.74765170440709205     -5.47970250955713123
-4.08739766743019040     -10.47970251232574590
-9.28355009031877287     -9.47970251204800896
-2.35534681891883890     -9.47970258323997861
-4.08796803380901164      1.52128484598838143
-0.62386644813946401     -0.47871520783342220
-7.55149928267003112     -6.47970251218474758
 4.57228595632352075     -9.47871523942790972
-7.55149928237881163     -12.47970251265342334
 6.11823055770234259     14.47970251266314357
-11.01560089790082664     -8.47970251202366931
 1.10891636860095200     -11.47998232573113953
-7.93709918712724605      6.00068423619571778
 6.30433676391004916     -8.47871523939916649
 4.08739766809318006      1.08480188380989939
 2.65413138366316437      8.47970251265958375
 4.38618219122529407     11.47970251265005182
 7.55149928239438406      9.08480188526372068
-12.74765170509902568     -9.47970251266571395
-12.74765170476306331     -1.47970250955590021
 4.08739766804490934      5.08480188389820142
11.31438542150010207     13.47970251267247299
12.74765170588285201      0.08480188385195978
-12.74765170508370105     -13.47970251266970543
-0.80997023063615337      6.47970251120737473
-14.47970251266783137      3.52227209700330945
-9.28355008487509359     -3.47970250210226695
 8.03638758888307336     -5.47871520925689115
-11.01560089677727206     -4.47970250952838089
 0.62329605295782919      5.08480188381033127
10.52813396049159067     -14.47970251266783492
-1.10875477173156778      4.08480191308498686
12.74765170509790657     -5.91519811764445080
 1.12263944451185593     -13.50319158499226369
-2.54205984646790561      5.47966268131068990
 8.03638758886464011     -7.47871520928751643
-5.82001887084733749     -3.47871520783126087
-9.28355008255509873     -13.47970252545785996
14.47970251266783315     -10.04223230093143293
-9.28355009048995505     -5.47970251174865197
-14.47970251266758446     -8.47970251266490571
-11.01560089751226812     -14.47970251266704089
 0.92208057688196166      7.47970251129529462
-6.20505636015508077      5.00067041275399671
-11.40102579782895909      8.00098730483389176
-9.66897499026163487     11.00098730483591503
12.74765170509728662      8.08480188526947252
-0.80996900410069306     10.47970463885981474
-14.47970251265638986     -14.47970251266748853
11.01560089831573741      1.08480188386150056
 6.30433676692952627     -6.47871523417056938
 2.65413138358627387     10.47970251265958375
11.01560089752851646      9.08480188526988641
12.74765170510670664      4.08480188524674315
11.62314983151993886     -12.69616565397681818
-12.74765170509834178     11.47970251266532138
-9.28355008994446784     -11.47970251264500341
-14.47970251266765551     10.47970251266580632
12.74765170509791723     -3.91519811764444992
-4.80787384831136677     14.47970251261524055
-6.20504834004799477      7.00068416801508153
12.74765170509858692     -11.04223230093078456
 1.10818435942913696     -1.47871520783389943
14.47970251266101016      1.08480188522437615
-0.80997023075844521      8.47970251120737473
14.47970251266711550     -12.04223230093143115
-12.74822210020480107      0.52128479375876302
-14.47970251266694319     12.47970251266580632
-4.08739763064409178     -12.47970251232614380
 1.10818435941146998     -7.47871520786011068
-11.01617129248758431     -0.47871520598428646
-7.55149928267359094     -4.47970251217731530
 2.84091090181812644     -10.47988482051839831
-4.08796806327818274     -2.47871520783174493
 0.62329605188849491      3.08480188381033349
