260    30.97626404500000064
-11.25833024909399072     -4.16271089603082256
 9.29082572820005481     -12.48813202261064959
-1.97081934442815632     -14.48813202128274824
14.48813202249992393     -0.83728943667250011
11.02403040569324766     -9.48813235562818846
-9.29197959979690857      7.16271056312229248
11.02403040735990736     11.16271056335552281
12.99038105666637577     14.48813202249856857
-4.33012701939938438     -6.16271090262603494
 7.55992879037415566      3.16271056012277851
-7.55877328737033771     -10.48813541199884547
-12.75608121492986946     -5.48813235516662967
-2.59807621188873883     -5.16271090251166953
14.48813202250000032     -3.48813235535260935
 9.29197959972390386     -6.48813235546448919
12.75608121492957103     10.16271056335617828
 0.86602540369419378      7.48813202248121890
11.02402912054241746     -11.48813458114522312
14.48813202249826482     11.16271056335653533
 0.86602540369118064      9.48813202248225096
-12.75608121492866331      9.16271056313314958
 4.33012701882700402     11.48813202248561360
 6.06217782462755572     -2.16271089941108263
14.48813202235413478     -11.48813235565172519
 5.82787798466146967      6.16271056334325440
 7.55992879222860203      9.16271056334427314
 7.55992879222976377      7.16271056334426426
-9.52627944152418316     -5.16271089603106326
-12.75608121371934622     -9.48813235547205736
 6.06217782639802838     10.48813202248607723
-2.59807621125686161      0.83728910398186185
 9.52627944152684769     14.48813202249742105
-2.59807621125855315      2.83728910398186418
-14.48813202249760401     -1.83728943689091406
 4.33012701900828567      2.83728910400107592
-7.55992879222827163      6.16271056312177468
-2.59807621144608580     11.48813202248447496
 4.09253750031258789     -9.49184048777420486
-7.55992879078367963      2.16271056062226874
-5.76052234840209021     -13.59540409089370705
 0.86602540368978542     13.48813202248847887
12.75608121492573410     -8.48813235535472010
 5.82672234678348833     -10.48813508189422627
-2.59807621144495160      9.48813202247880838
-5.82459148803805782     -11.49183946618531671
 5.82787798466340412      4.16271056334114586
 6.06217782467860378     -0.16271089929153665
 4.33012724551387329     -7.16271129614973923
-7.55992879222750780      4.16271056312038468
-0.86602540387821592     10.48813202248252097
-5.82787798466784679      7.16271056313643051
 4.09582717709194988      7.16271056334214240
 6.06217782459707255     -4.16271089946612172
12.75608121461004529     -12.48813235535474142
-12.75608121476909496     -7.48813235544412237
-14.48813202249684728      0.16271056310908960
-11.02287685861387523     -14.48813202249875154
 6.06217782638923541     14.48813202249663767
-11.02403021218059997     -8.48813235516618114
 7.79422863414392619     -3.16271089603798572
-7.79422863252664744     -0.16271089850975179
-14.48697847446581477     -14.48813202249887588
-12.75608121492710723      5.16271056310897070
-9.52627944152497363     -3.16271089603106326
-4.09582717708958466      4.16271056312318599
-5.82787798465937801      5.16271056312179599
 4.02850280458230436     -13.59538963902946840
-0.86602540426484942     -6.16271090242283837
-4.33012701733584393     -2.16271089859745302
-9.52627944152659545     -1.16271089603106303
 2.59807621117273913     -4.16271090272400013
-11.02403040736808570     10.16271056314753451
-2.36377636953102988      7.16271056313903287
11.25833024927497839     -1.16271089601420874
14.48813202249565180      5.16271056332807898
11.02403040729432959     -5.48813235546096934
-4.33012701901470631     12.48813202248494036
-7.79422863252406461     -2.16271089851130549
 2.59807620947751827     -0.16271089943220263
 7.79422863395859089     13.48813202249629839
-7.55876778366272628     -12.48814894407511211
 5.82787798466012585      8.16271056334339207
-11.02403040736069428     -6.48813235516615539
-14.48813202249655596      2.16271056310910570
 4.33012701704359682     -3.16271089943942885
-12.99038105666481790     -3.16271089603025057
 5.82787585806207353     -8.48813541453975340
-9.29197736537593855     -7.48813588671972852
14.48813202239364450     -9.48813235564952073
 7.79422863396654098     11.48813202248673093
 7.79422863413059819      0.83728910397432443
-9.29197062494076498     -9.48814727678646364
-0.86602540425583796     -2.16271090241093722
-3.97081934443402806     -14.48813202126017252
12.75608121492554758     -6.48813235535468813
-14.48813202249800192     -8.48813235516696629
-4.09582717709892474      6.16271056313650867
14.48813202249789001      1.16271056332793021
14.48811612852713004     -13.48883255603487541
-14.48813202249626109      4.16271056310910748
-0.86602540831729080     -10.16271092062132020
14.48813202249623266     -7.48813235535706934
-2.59807621540900691     -9.16271091977825236
-6.06217809393500939     -5.16271136502240502
-4.33012701900974584     14.48813202249595378
-4.33012701928880617     -8.16271090262961962
 0.86602540187227317     -1.16271089949756035
-6.06217782657803816     13.48813202249455223
14.48813202249583298      7.16271056332831524
-14.48813202249719900     10.16271056313399335
-14.48813202242672382     -12.48813235516696629
-12.75608121492813929     -0.83728943689122315
 7.55877345950683566     -11.48813455335102418
11.02403040736697371      9.16271056334524658
-7.79422863414602141     14.48813202249613319
-0.86602540368866365      1.83728910398305789
-12.75608121492781599      1.16271056310882326
 7.79422863412682254     -1.16271089603641986
 2.36048669778218612     -10.49184049650163963
 7.55462805968189333     -13.49531167248212959
-9.29081743669540039     -11.48814694432675942
-11.02403040735841699      4.16271056310859588
 2.59807620946500961     -2.16271089945623851
 2.59807621144062528      1.83728910399896828
-11.02403040735846851      2.16271056310859544
 0.86602539958347624     -9.16271092110765473
 6.06217782468754596      1.83728910072816332
 4.33012701709916570      0.83728910069016960
 4.33012701709390413     -1.16271089934993621
-7.55992879223773251     10.16271056313891030
-2.36377636952859138      5.16271056313903287
-0.86602540368758496     -0.16271089601756347
-6.06217809396089802     -7.16271136509987549
-11.02403040736859197     12.16271056315085808
-0.86602540387778926     12.48813202248576459
12.75608121492725466      2.16271056332629330
-14.48813202148311596     -10.48813235516696629
-11.02403040735907069      0.16271056310859466
-0.63172556196092855      6.16271056314115295
-9.29197959836061749      3.16271056063355305
-0.86602540369833958      3.83728910399686862
12.75608121347539026     -10.48813235535473609
-6.06217782492961810     -1.16271089855559029
 5.81819867794696766     -14.48813202123358757
-11.02403040596188255     -10.48813235516619535
 9.52627944170275853     -0.16271089601999697
 9.52627944171345753     -4.16271089603695987
-11.02287685930528127     -12.48813202249872845
 0.86602539650901555     -7.16271091419302408
-12.75608121324040489     -11.48813235567526903
-12.75492766659683141     -13.48813202300901359
 0.62843588991222510     -11.49184049598205171
-11.02403040736593098      8.16271056312220367
 7.55992879223070524      5.16271056334387701
 4.33012701882620021     13.48813202248650889
 0.23876672016134193     -14.48813202128247113
 6.06217806504200318     -6.16271131686048168
-9.28982209195506492     -13.48987294901619372
11.25833024909778146     13.48813202249804633
-12.75608121493229064     13.16271056315983579
-14.48813202250000032     12.16271056315770238
-0.86602540387590754      8.48813202247909793
-9.29197959835833842      1.16271056063226608
14.48813202249921694      9.16271056335649270
14.48813202249777454     13.16271056335654777
 9.29080424745232847     -14.48813202249533916
12.99038105684480549     -2.16271089601257005
-7.55992647557536479     -8.48813574444925756
-6.06217782658222859     11.48813202247964149
 9.29197959979828703      8.16271056334487710
11.02403040720904670     -7.48813235560956603
14.48813202249618826      3.16271056332807898
-0.86602540752781809     -8.16271092031422363
 4.33012724548250549     -5.16271129596670875
-9.29197959979637034      5.16271056312042642
-5.82458921756872083     -9.49183946598357586
 2.36377636952443870      6.16271056333904621
-12.75608121493655212     11.16271056314825749
-0.86602540387903915     14.48813202248924981
 7.55992716366548834     -7.48813488599716681
12.75608121492661873      4.16271056332697764
-7.79422863414506395     12.48813202249010956
-11.25833024909561075     -2.16271089603082256
-14.48813202249989196     -4.48813235516696629
-4.33012701901299391     10.48813202248025434
-7.79422863245810493     -4.16271089862428934
-14.48813202249877463     -6.48813235516696629
12.75608121493013947      0.16271056332595046
 0.86602540388065785      0.83728910398353562
 9.29197959978463572      4.16271056331798839
-4.09253841745621649     -10.49183947889840773
11.02286963859978464     -13.48814396876298183
12.75608121492838976     12.16271056335621203
14.48813202249979781     -5.48813235535706667
11.02403040735457651      5.16271056332151623
 2.59807621125904253     10.48813202248402732
-4.09582717710015043      8.16271056313861187
 9.52627944170432173     -2.16271089602148425
-9.29197959980542976      9.16271056313672716
 9.29197959978709598      2.16271056331678979
 4.09255555274750904     -11.49184048783474843
11.02403040736772510      7.16271056334514977
-5.82787798466863993      9.16271056313928334
-7.55992879223645886      8.16271056313688881
-2.36048761039171451     -11.49183947977273412
 0.86602540386931970      4.83728910399897760
-6.06217782490779022     -3.16271089859213772
 7.79422863414506484     -5.16271089603820954
-5.82787798465783879      3.16271056312169740
 2.59807621086848073     -6.16271090273002642
-2.59807620830849562     -7.16271090853640757
-12.75608121493407232      7.16271056312082255
-14.47365886558317705     14.47873723139131563
-7.79422898370378281     -6.16271150741788354
 9.29197959793147099     -10.48813235546449540
11.02403040735817541      1.16271056332060407
-11.02403040736511386      6.16271056312092025
-2.59807620978229092     -1.16271089857090293
 2.59807621143904965      3.83728910400045464
-0.86602631213230674     -12.82096905509914286
 9.52627944152931327     12.48813202249731802
 7.55992697080631881     -9.48813488599777166
-4.33012701738158601     -0.16271089851948550
 0.86602540387138904      2.83728910399834477
-4.09254068779467328     -12.49183947891462765
12.75608121493660363      8.16271056334536560
-7.55022535603287359     -14.48813201388321481
 0.86602540338777023     -5.16271090254666731
-14.48813202249678511      8.16271056313179777
 2.59807621125754862     12.48813202248599552
11.25833024927713488     -3.16271089601466526
 2.36050475003597704     -12.49184049642117245
-9.29197959980041688     11.16271056314963950
 2.59807621126144950      8.48813202248402732
 2.23876672021475454     -14.48813202126033950
12.75608121493229419     -4.48813235535468813
12.75608121492630431      6.16271056332728140
-0.86602540421763807     -4.16271090241313413
-2.59807621144641798     13.48813202248626908
-14.48813202249626109      6.16271056310910748
-11.25833024927716508     14.48813202249995769
-2.59807621186040771     -3.16271090250886955
-9.52627944171315555     13.48813202249149512
 2.59807621069562611     -8.16271090273095012
 9.29197946106284434     -8.48813235546449896
-12.75608121492745894      3.16271056310882326
 4.09582717709416855      5.16271056334052414
 9.29197959979716082     10.16271056334490375
 0.86602540342126200     -3.16271090252773712
 5.82673169973301253     -12.48815022442972911
-4.33012701882667628      1.83728910398055922
-4.33012701952211465     -4.16271090262124766
 0.86602540368997860     11.48813202248370402
 4.33012701882960904      9.48813202248527965
11.02403040735533502      3.16271056332113742
 2.59807621125810240     14.48813202248950205
 6.06217782639560543     12.48813202248609144
-6.06217782495200908      0.83728910148026825
12.75492734329521660     -14.48813202250000032
 9.29197959979900823      6.16271056334487266
