264    31.19832078090523808
 6.18544930037515517     -2.73996857961511120
11.13505877531468791     12.59916039045153902
-2.72134768523581627     14.59916039045183744
-0.97522592883627168     -12.72641182567075013
12.86710958288353446      5.59916039045045544
-14.59916039045224601     -4.73996857961177742
-11.13505877531370913     11.26003142038764615
14.59916039045236857      6.59916039045055847
 2.72134768523742254     -2.73996857961457740
-2.72134768523592996     10.59916039045161718
 9.40300796774545233      1.59916039045050118
 8.12159581811116382     -12.61465479668618528
-2.47480473746886886      6.26003142038634497
 0.98929687766804264     -7.73996857961499884
-7.67095716017593787      5.26003142038721538
 0.74275392990167943      8.59916039045134895
-11.13505877531420118     -4.73996857961241780
11.13505877531417632      0.59916039045023450
-5.93890635260720146     -1.73996857961305773
 2.74877794174694090     -8.78891343369735267
-11.13505877531400223      1.26003142038762284
 2.79512354973004928     -12.82207519321015710
-2.47480473746901142      2.26003142038634497
12.86430087121708432     -13.08396238187315674
-11.13505877531411592     -2.73996857961241158
14.59916039045224245     14.59916039045190139
14.59916039045228331      4.59916039045021030
-14.59916039045216962     -2.73996857961177787
-4.20685554503816572     -0.73996857961333262
11.38160172308187335     -1.73996857961593432
-5.93890635260751409     -5.73996857961306350
-4.20685554503879722     -6.73996857961334239
 4.79512354973005728     -12.82207519320967748
12.86710958288355400     11.59916039045134895
 4.45339849280613365     -3.73996857961486517
-12.86710958288275286      6.26003142038782823
-12.86710958288283990      4.26003142038781846
12.86710958288285589     -0.40083960955010806
-9.40300796774470449     10.26003142038745075
 0.98929687766805652     -5.73996857961432383
-5.93890635260733024     -3.73996857961306306
-7.67095716017679141     -8.73996857961292584
-9.40300796774533154     -5.73996857961263718
 6.18544930037545893     -0.73996857961506712
11.13505877531399513     -6.07909754968111660
-9.32719079731292311     -11.86228252881869771
 9.64955091551319732     -0.73996857961558593
-0.74275392990034095     -2.73996857961401652
 5.93890635260690214     -9.07909754968033411
-5.93890635260807098     -9.73996857961326690
13.11365253065060799     -2.73996857961618101
11.13505877531474830     10.59916039045122460
-12.86710958288268358      8.26003142038783444
-4.20685554503938341     -10.73996857961363816
 4.20685554503948289     12.59916039045154079
-0.98929687766712404      9.59916039045148395
-4.45339849280464328     13.59916039045173619
-12.86710958288305129     -1.73996857961218332
-14.59916039045185698      5.26003142038821991
-14.59916039045188896     13.26003142038823235
-9.88332227552239395     -14.30789512683057119
-12.86710958288267648     12.26003142038783977
 6.18544930037481056     -4.73996857961521822
-2.47480473746263030     -9.73996857962727702
11.13505877531476962      6.59916039045065528
-0.74275392989992739      3.26003142038598659
-9.40300796774550740     -7.73996857961263718
-0.12143575309942826     -14.53501414122151125
-14.59916039045179836     11.26003142038822524
-4.20685554503788772      7.26003142038670379
 5.93890635260830901     11.59916039045136138
-2.12040680309231266     -14.59916039045204172
 6.18544930037575380      1.26003142038495253
-0.74275392989985778      5.26003142038598792
-5.93890635260705491      2.26003142038696891
 7.91750010794382852     -3.73996857961546292
 5.93890635260812250      5.59916039045095904
-4.20685554503898196     -8.73996857961362927
-5.93890635260686306      8.26003142038701021
-0.98929687766697383     13.59916039045172731
-0.98929687766698648     11.59916039045150704
 2.72134768523792081      1.26003142038544236
-13.86199974954569747     -14.59916039045262259
 7.87312540073188938     -14.59916039045189251
11.55886033445991679     -14.59916039038703417
 7.67095716017672746      2.59916039045076586
-12.86710958288351669     -9.73996857961218154
 7.67095716017708629      6.59916039045080804
11.13788121792934405     -10.08397030871208067
-7.27589638946420170     -12.70056210899227445
 9.71599286758053893     -13.82208928712023344
 2.72134768523709925     -4.73996857961460094
11.13505877531462396     14.59916039045193159
 1.87753529689345577     -14.59916039045205949
 9.40300796774464942     -9.07909754968090432
14.59916039033575608     -10.07909755074806490
14.59916039045190672      0.59916039044976421
12.86710958288346163     13.59916039045172731
 4.20685554503916581      4.59916039045109848
-12.86710958288312945     -3.73996857961218288
 7.67095716017713425     10.59916039045118374
14.59916039045238456     10.59916039045118552
14.59916039045212166      2.59916039044993985
 2.47480473747048446      7.59916039045121749
 5.87533034881267646     -14.50527252900470110
12.86710958288317208      1.59916039045003577
-5.93890635260712241      0.26003142038696236
-11.86199974954569925     -14.59916039045249825
-0.98929687766725904      7.59916039045145464
-11.13505877531480692     -10.73996857961247287
14.59262933887108105     -14.28433647428517617
-6.18544930037357155     12.59916039045182323
 2.66869322229485384     -10.82607535044848035
11.06717593504506603     -12.19896024297378290
 9.40300796774591952     11.59916039045134362
 4.45339849280693834      2.26003142038519922
 7.91750010794447778      0.26003142038468735
 0.98929687766911922      4.26003142038569305
-11.12490413007061463     -12.73994280024132131
 0.74275392990184652     14.59916039045186054
-14.59916039045233305     -6.73996857961177653
 4.65748825997847149     -10.61466509032598005
 7.67095716017695040      4.59916039045076541
-9.40300796774579517     -9.73996857961270557
-0.74275392990099853     -6.73996857961402007
-9.40300796774511483     -1.73996857961262563
-4.20685554503808579      1.26003142038668625
-7.91750010794241010     13.59916039045192093
 0.98929687766683339     -9.73996857961513207
-9.40300796774520187     -3.73996857961263052
-12.86710958288269779     10.26003142038783444
12.86710958288358597      9.59916039045103453
-2.47480473746942264     -3.73996857961365770
 0.98929687766870134     -1.73996857961430718
-2.72134768523581094     12.59916039045165626
-2.47480473746910112      0.26003142038634219
-5.90464480149908599     -14.59916039045179659
 0.94027378572102005     -11.83236766693406317
 7.67095716017709695     12.59916039045153546
-7.67095716017709606     -10.73996857961301821
-7.67095716017619811     -2.73996857961285034
 0.98929687766902774      2.26003142038569260
 7.67095716017714135      8.59916039045095104
 4.45339849280577660     -5.73996857961494733
12.86710958288339590      3.59916039045020231
 7.67095716017702500     14.59916039045193514
-2.47480473746894081      4.26003142038634497
 9.40300796774589465      5.59916039045064995
14.59916039045180725     -8.07909754968151539
-11.13505877531404309     -0.73996857961241103
-7.67095716017600626      3.26003142038720339
14.59916039045202751     -4.07909754968151006
 4.45339849280673583      0.26003142038519950
 2.72134768523673465     -6.73996857961467377
-0.74275392990001732      1.26003142038598392
-4.20685554503795789      5.26003142038669491
14.59916039045233305     12.59916039045152303
-4.45339849280474276     11.59916039045172909
 5.93890635260831701      9.59916039045108072
-14.59916039045203284      1.26003142038822080
 0.74275392990181788     10.59916039045137204
 4.20685554503944559     14.59916039045188363
-2.47480473746923080     -1.73996857961365770
 6.18544930037434781     -6.73996857961547935
 2.47480473747035612      5.59916039045121572
 5.93890635260825217      7.59916039045097058
-5.93890635260700073      4.26003142038698090
-9.64955091551136057     12.59916039045194225
-9.40300796774493186      4.26003142038740634
-11.13505877531393473      3.26003142038762439
-5.93890635260693767      6.26003142038700311
-5.93890635260775568     -7.73996857961320117
 4.45339849280644273     -1.73996857961482587
-14.59916039045262259     -10.73996857961177476
-2.92333332746031793     -12.27377779753515874
11.13505877531478738      8.59916039045089953
 9.64955091551284561     -2.73996857961570406
 6.38953906754706846     -11.61466509032648986
12.86710958288274753     -7.07909754968133598
-0.74275392990014644     -0.73996857961401619
14.59916039033597279     -12.08884306794539931
-11.13505877531434862     -6.73996857961241780
 7.67095716017555240     -10.07909754968076399
-7.67095716017575313      9.26003142038722693
12.86710958288302820     -5.07909754968131466
-0.74275392990140343     -8.73996857961402007
-14.59916039045180192      9.26003142038821991
 2.72134768523804915      3.26003142038544214
-7.67095716017605422      1.26003142038718141
14.59916039045159053     -1.40083960955036746
 2.47480473747065943     11.59916039045143421
-4.20685554503848458     -4.73996857961333262
-7.91750010794250514     11.59916039045190495
-4.01252580229565758     -13.95117451649047702
-4.45339849280486977      9.59916039045170066
 4.45339849280530498     -7.73996857961520579
11.13505877531444632      2.59916039045029867
 0.98929687766839047     -3.73996857961430829
12.86710958288359308      7.59916039045075387
-6.18544930037346585     14.59916039045186942
-7.67095716017585971      7.26003142038721627
-12.86710958288322004     -5.73996857961218243
 0.74275392990154410      6.59916039045132763
-14.59916039045195468      3.26003142038822036
-13.11365253064907321     14.59916039045202218
-11.13505877531376775      7.26003142038764171
 9.64955091551240685     -4.73996857961598117
-14.59916039045262082     -12.73996857961177120
-2.47480473746973306     -5.73996857961366747
-12.86710958288292339      2.26003142038781801
-9.40300796774499936      2.26003142038740457
 9.40300796774585557     13.59916039045174152
-4.20685554503829717     -2.73996857961333262
-5.29604801987473639     -12.41736529856895466
-11.13505877531369492      9.26003142038764260
-14.59916039045248226     -8.73996857961177476
-0.74275392989960065     -10.73996857963767759
 4.20685554503948556     10.59916039045126190
11.13505877531465948      4.59916039045045277
 2.47480473747065810     13.59916039045172020
 5.93890635260796174      3.59916039045095859
 7.91750010794338355     -5.73996857961575024
-11.13505877531385480      5.26003142038763105
 0.98929687766889896      0.26003142038569271
-12.86710958288299089      0.26003142038781640
-7.67095716017649565     -6.73996857961287699
-9.64955091551127175     14.59916039045194935
-7.67095716017632867     -4.73996857961285567
-4.20685554503801651      3.26003142038668914
-0.74275392990065359     -4.73996857961401830
-7.67095716017611373     -0.73996857961284013
 9.40300796774597991      9.59916039045102387
 9.40302624576348123     -11.07909754959741910
 7.91750010794417225     -1.73996857961535101
-11.13505877531450672     -8.73996857961241780
-2.72134768523606096      8.59916039045158342
12.86993202512589463     -11.08397030935697458
-7.90464480149908510     -14.59916039045247516
 9.40300796774571701      3.59916039045056824
 4.20685554503942871      8.59916039045110026
-9.40300796774475067      8.26003142038743299
-12.86710958288337103     -7.73996857961218154
11.13505877535409994     -8.07909754975112371
 3.87753529689345600     -14.59916039045164560
12.86710958292355045     -9.07909754975191774
 7.67095716017594054     -8.07909754968060945
 9.40300796774497805     -7.07909754968087945
-14.59916039045211456     -0.73996857961177853
 9.40300796774595860      7.59916039045081604
-11.38160172308020002     13.59916039045201153
11.38160172308147899     -3.73996857961612994
 5.93890635260826460     13.59916039045171132
 0.74275392990185463     12.59916039045158520
14.59916039045181968     -6.07909754968151095
 2.72134768523772053     -0.73996857961455742
-9.40300796774486258      6.26003142038743121
-2.47480473747008078     -7.73996857961366924
-12.86482751672922831     -11.74392117974545080
 2.47480473747061946      9.59916039045124059
-9.40300796774504555      0.26003142038737970
14.59916039045241654      8.59916039045089597
 4.20685554503930081      6.59916039045109848
-14.59916039045178948      7.26003142038821991
-6.18544930037367635     10.59916039045182146
