265    31.21751237730000028
 9.41260376592027370     -3.60875618862576575
 2.48440053564469698      6.39124381137433151
-1.16770851677827348     -10.04895592391293846
-4.29846660976479722     12.60875618862485759
-9.41260376592071069      5.47658303493368592
-9.44864354153593133     -7.54878519655267954
 0.58168107558224469      5.00740828316731346
-11.14465457348686073      0.47658303493023613
-5.94850215078390576      5.47658303493612575
 5.94850215078217470     -13.60875618862595715
-4.63181013203899017     -6.04895592411126959
11.14465457348911492     -4.60875618862582836
 2.48440053564482533      0.39124381137433273
12.87670538105808404      2.39124381137448783
-7.68055295835160745      4.47658303493407761
-14.60875618859419234     -14.60875618862097980
-14.60875618862693237     -1.52341696506860069
 7.68055295835148311     -0.60875618862567371
 5.94850215078230171     -9.60875618862566583
 0.89768581294190164     11.60875618862553260
 7.68055295835149288      3.39124381137432795
-14.60875618862629644     -6.60875618861967506
-6.36386093954353615     -7.04895592422269779
 9.41260376592037318      2.39124381137430220
 7.68055295835038709     -6.60875618862568004
 4.21645134321259452     -8.60875618862566405
 2.48440053564431240     -1.60875618862566672
 0.56434229078993015     -7.04895592391318537
-14.60875618862693592     -4.48920316431288136
12.87670538105778384     -7.60875618862603620
-11.15264763515038915     12.49030138279235480
-2.90253217609495406     -9.05376628101307013
 2.48440053564454821     -11.60875618862566583
 4.21645134321342496     -10.60875618862566583
-7.76256822490133569     14.60875618862696790
14.60875618862642611     -12.60875618862627690
 4.21645134321386017     -14.60875618862693237
-7.68854602001407361     10.49030138278985191
-7.68082469424994230     -12.60891307481323231
 4.36178742807922681     13.60875618862627690
-2.51059908447616920     -11.53106419363820656
-9.40021443932103118     -13.63052890502753733
 4.21645134321348358      7.39124381137448783
-5.94850215078220845      3.47658303493498178
-9.82796255391817297     -5.04895592576684393
11.14465457348902611     -6.60875618862582836
-7.66911084173362489     -10.59359546712087763
-2.87442747789438213      2.99368993531345895
-6.03051741733310376     13.60875618862584702
 7.68055295835144669     -2.60875618862568004
12.87670538105777140      8.39124381137479602
-2.89975932439892903     -3.04895592400093385
11.14465457348888400      7.39124381137478892
-2.56641580219621046     13.60875618862564984
11.14465457348882360      9.39124381137482089
14.60875618862688441     -6.60875618862611169
12.87670538105774121     -9.60875618862603709
-6.33852909302961365      0.99368993530909000
11.14465457348925881      1.39124381137431685
-11.14462573865552564     -10.60880613341218570
11.14465457348854471     -14.60875618862641012
-0.94930358006711990     -12.78100673148228239
-4.29846660976497308     10.60875618862422165
 4.21645134321319315     -2.60875618862566050
 5.94850215078257971      0.39124381137434605
14.60875618862675296      5.39124381137476405
-4.63181013203175684     -2.04895592411126515
-9.40255511379140074     -11.59124693976418108
-9.41260376591930203      3.47658303493196152
-12.87670538103093953     -13.60875618860998948
-0.13731101735030532     -14.60875618862693770
-8.09591174723373186     -2.04895592422229944
-9.41260376591798398      1.47658303493031329
11.14465457348882538     -10.60875618862598202
-14.60875618860580971     -12.60875618862022485
-4.11505850454167810     -14.60875618847475366
-11.14465457348840971      4.47658303493159160
-11.56937018715773036     -4.06421880643869482
 2.62973662051115165      8.60875618862561964
 9.41260376592011205     -7.60875618862576530
-2.56641580219594134      9.60875618862448988
14.60875618862685776      3.39124381137469966
-4.25341303226494194     -10.54994261942178468
 5.94850215078207079     -3.60875618862565961
 7.68055295835105412      9.39124381137480846
-4.63181013191029045     -8.04895592411127936
11.14465457348915045      3.39124381137447761
 5.94850215078215161     -11.60875618862595537
-9.82796255570603883     -3.04895592576683550
-6.36386093966496080     -3.04895592422248951
-1.16770851677738396     -0.04895592391293857
-2.48440053564567798      5.47658303493723331
-6.36386093966480004     -1.04895592422238892
-12.87670538105748186      5.47658303493127541
-6.03051741733375213     11.60875618862439218
-14.60875618862565695      0.47658303493140075
 9.55793985078644504     12.60875618862599445
-9.49461903247012273     13.60875618862678671
-11.14465457349087174      8.47658303493555110
-2.49239359730683274      7.49030138279073654
 5.94850215078237365      6.39124381137450381
14.60875618862693592     -0.60875618862581704
-2.89975932439921635     -5.04895592400093651
 2.48440053564476271      2.39124381137433195
13.02204146592400491     14.60875618862634440
14.60875618862693237     -4.60875618862609304
-1.16770851677906751     -4.04895592391293846
-12.87670538105643381      3.47658303493004439
11.14465457348861754     -12.60875618862625736
 1.03957016293177440     -12.99167527305781888
-12.91262124579689186     -5.54897967646576085
 5.94850215078224309      8.39124381137469122
-0.83436499462662550      8.60875618862525016
 5.94850215078258238     -1.60875618862565939
 7.68055295835076812     -14.60875618862648295
-4.63181013203185898     -4.04895592411126515
 7.68055295835118645     -8.60875618862568004
 9.41260376591994152     -9.60875618862590031
 4.21645134321370563     -0.60875618862566028
11.14465457348926414     -0.60875618862578640
-0.83436499462681657     10.60875618862525016
14.60875618862657888     11.39124381137488129
-11.14465457346975619     -14.60875618862332992
 2.62973662050996149     14.60875618862616854
-9.42059682758221051     11.49030138279113444
-12.87670538104881146     -9.60875618860980296
-4.21645134321466220      6.47658303493704768
-14.60875618862644565      4.47658303493140153
 0.89768581294236094      7.60875618862544023
-9.40255511152994750     -9.59124693904494663
 9.41260376592035186     -1.60875618862572822
 0.56434229079186449      0.95104407608681407
 4.21645134321238757     -4.60875618862566050
11.14465457348918243     -2.60875618862581860
11.14465457348899058      5.39124381137478448
11.14465457348886979     -8.60875618862597491
 4.36178742807967712     11.60875618862586833
-14.60875618862634262      6.47658303493147347
12.87670538105809115     -1.60875618862587322
 9.41260376591966796     -13.60875618862636927
-0.76034278973784586      6.49030138279092572
-7.68055295835301166      6.47658303493572873
-1.16770851677928733     -6.04895592391293846
-0.83436499462748803     12.60875618862532832
-14.60875618862609393      2.47658303493140064
-12.87670538105891360      9.47658303493699705
-12.87670538105595597      1.47658303492998622
 4.36178742807988673      9.60875618862586656
14.60875618862693237     -2.60875618862593717
-7.68055295835317153      8.47658303493573939
-7.65577430499769473     -14.60875618847528656
14.60875618862673164      7.39124381137481556
14.60875618862626091     -14.60875618862645453
 2.62973662051089851     10.60875618862569780
 0.56434229079046838     -11.04895592391318715
12.87670538105766838     12.39124381137490438
12.87670538105752804     -11.60875618862630354
 0.56434229079004128     -5.04895592391318537
-0.83436499462754066     14.60875618862625203
-4.63181013203056313     -0.04895592411122662
-1.16770851677832299     -2.04895592391293846
-4.60647828546207538      1.99368993531140859
-14.60875618862698566     12.47658303493871834
 0.89768581294121130     13.60875618862582570
-2.89975932439706252      0.95104407599907081
 5.94850215078258948      2.39124381137435815
 7.68055295835130458      5.39124381137448605
-4.21645134321449699      4.47658303493704768
11.14465457348878985     11.39124381137487063
-2.89975932440511297     -7.04895592400093829
12.87670538105808404     -3.60875618862598690
-12.87670538105817464     11.47658303493856913
 0.56434229079191867      2.95104407608721653
-2.12618476094138975     -14.39808765244860389
 4.21645134321358483      5.39124381137435016
 0.56434229079074660     -9.04895592391318537
-9.41260376592201808      9.47658303493579091
12.87670538105746942     -13.60875618862630354
 9.41260376591976744     -5.60875618862576530
-12.87298996998457667     -7.60231792023195041
12.87670538105771456     10.39124381137480135
 9.41260376592039272      0.39124381137427994
 4.21645134321295068     -12.60875618862649183
-7.70657291167575131     -8.53122599404561299
12.87670538105786378      4.39124381137477471
 0.89768581294217031      9.60875618862544023
-11.14465457348728705      2.47658303493040677
 5.94850215078249800      4.39124381137436437
-5.88541640549872191     -13.67825476038115973
 9.41260376591991310     10.39124381137484043
 7.68055295835104346     -10.60875618862591452
-12.87670538105860452      7.47658303493346210
-12.88469844271918596     13.49030138279250757
14.60875618862653269     13.39124381137496833
-4.19439958072347974     -12.61033055972433914
-12.87670538090965699     -11.60875618860984027
11.28999065835525073     13.60875618862612946
 7.68055295835093599     -4.60875618862568004
-14.60875618862698744     10.47658303493842347
 6.09383823564870841     10.60875618862596248
 7.68055295835103990     -12.60875618862593761
 9.41260376592003034      6.39124381137474806
 0.56434229079048470     -3.04895592391318537
-2.56641580219613141     11.60875618862449166
 2.21645134321386017     -14.60875618862693237
 5.94850215078149436     -7.60875618862566405
-5.94850215078406652      7.47658303493613374
-14.60875618862344361     -8.60875618861973635
 9.55793985078603114     14.60875618862634795
-11.13048152824081605     -12.60879368463793959
14.60875618862668723     -8.60875618862614367
-9.41260376592200032      7.47658303493553511
-11.14465457349003330     10.47658303493729193
-11.14462573879498919     -8.60880613341210754
12.87670538105786555      6.39124381137478803
-12.87670538103651197     -0.52341696510311175
 9.41260376591996639      8.39124381137478359
-9.80263070816618409     -1.00631006469295903
-7.68055295835014284      2.47658303493232523
-4.22444440487624373      8.49030138278993185
 6.09383823564798099     14.60875618862649006
14.60875618862662684      9.39124381137483510
 7.82588904321698209     13.60875618862664638
-13.26673232330521657     -3.00631006469074391
14.60875618862649361     -10.60875618862627512
 2.62973662051053703     12.60875618862595182
-1.16770851677686904      1.95104407608706132
 7.68055295835147867      1.39124381137432640
 6.09383823564841709     12.60875618862610636
 2.48440053564349350     -3.60875618862566627
 7.68055295835113139      7.39124381137471076
12.87670538105810891      0.39124381137426995
 2.48440053564371155     -9.60875618862566583
-14.60875618862671388      8.47658303493513010
 5.94850215078129985     -5.60875618862565961
 2.48440053564302454     -5.60875618862566583
-8.07057990059725761     -0.00631006469304534
-11.22666984003890889     14.60875618862696079
 2.48440053564290331     -7.60875618862566583
-2.89975932439800665     -1.04895592400093385
-4.29846660976456540     14.60875618862659486
-1.14237667032559487      3.99368993531361482
 4.21645134321193193     -6.60875618862566405
-6.36386093967235045     -5.04895592422269779
-7.76256822490190768     12.60875618862564096
 7.82588904321754875     11.60875618862602643
 4.21645134321362924      3.39124381137435016
-1.16770851678512777     -8.04895592391293846
 4.21645134321370474      1.39124381137435016
-11.53468151571571276     -2.00631006472647089
 9.41260376592026304      4.39124381137451802
 9.41260376591991665     -11.60875618862593051
-5.95649521244530344      9.49030138278964763
-11.14465457348977218      6.47658303493337062
14.60875618862693237      1.39124381137438013
-8.10437635658519895     -6.06374061467564118
 2.48440053564462504      4.39124381137433151
-14.60875618861196124     -10.60875618861973990
12.87670538105799700     -5.60875618862599179
-5.97452210404253314     -9.53122599393416969
-5.93721352851768724     -11.62920898544039616
-14.60849832881994637     14.60859702933000115
 0.56434229079135068     -1.04895592391318582
-8.09591174724102025     -4.04895592422233186
-11.17051991582890658     -6.53136603433305840
