267    31.26200881209999949
12.90010123748466775      7.62890516055749313
 2.91134385047418665     -14.63100440599199636
-14.63100440600272378     13.36899559400210258
 7.70286684094961593     14.63100440596922525
-11.16690279083898574     -10.63100440600912933
-7.70279691904965613     -2.63101177843798428
-7.88329410116932294     11.63100334727021945
 9.63081702767217607     -4.65388224773527348
-11.34739510501365700     13.63100440606075558
-9.43484838163201545     -1.63101064425684084
-4.23222082938143185     -6.64231067360331728
14.63100440597339968     -9.93468201204686707
-9.43484838163322159      2.36898935574743641
14.63100440598887531      2.62691751831438980
-12.89895359833615274     -5.63100440600914176
-0.55293867053098344     -12.63100440601136398
-14.63100440598333130     -10.63100440601293961
-12.89895348994500957     -13.63100459386223307
-12.89895359840151912     12.36899559404858273
-12.89895359840770617     -7.63100440600916485
-14.63100440598714869     -4.63100440601293872
 5.96443060612615916     -8.92365889531910028
-11.16690279087768012     -0.63100440600862373
 6.16635840214508146     -6.65388011414701097
-0.95509159311461012     13.63100421373405347
12.89895370572226163      9.63089048668130054
-9.43484838162678052     10.36898935574929936
-12.89895359841309919     -3.63100440600913377
-2.28508063306048026     -13.63116152708547091
14.63100440599049357      6.62692002031858429
-2.50007318090449626      0.35752157458966449
 6.16653844674046336     -4.65388012225079528
 5.97194675619410198     11.62898959472169302
 2.50783005439127216      7.62896096204627305
 7.70394953710097408      4.62890390936726348
-14.63100440600163843     11.36899559400209903
14.63100440598442553     10.63089067255237552
-9.43484838162772554     -9.63101064425918807
-13.07944591261168021     14.63100440601033370
 0.77577924670138110      6.62896096225587694
12.89895309869697648     -4.93468114652128786
-4.01722214506491238     -14.63100440596216245
-7.70279692010271866      3.36898822305253498
-2.68828953586232888      8.62901782886287805
 4.42831552527307171     -5.64311272360332250
-2.50026810118948628     -9.64247841603077482
14.63100440597363416     -11.93468201204710866
 2.50781424523505159      5.62893358059477489
-14.63100440598334906     -8.63100440601293961
-5.96427224816606572      8.35769038503363859
11.16690179096285362     -5.93468028020934124
 4.23988086187570623      8.62896096219253117
-11.16690279083545079      9.36899559399583026
14.63100440538277525     -7.93468201204683687
 7.89876805391873038     -1.65388118891768543
14.63100440598357288      8.63089030081699349
14.63100440597708740     -3.93468201204611079
 9.43477798712525129     -8.93455383630596600
-12.89895359841157152     -9.63100440600927321
-14.63100440598803509      5.36899559400183968
-0.76793248289248417     -4.64263413671292469
11.16690279083991122      0.62691751832511766
 0.96420817396893821     -1.64278977639166146
-11.16690279084356163      1.36899559399553428
 7.89876927597061762      0.34611881191354948
-2.50007318110901888      2.35752157459104250
11.83947804026168527     -14.63100440597702878
-4.23243250982857866     -12.64261699425958341
14.63100440597596830     -5.93468201204613699
-5.96427224807940348      6.35769038503363859
12.89895309565839021     -8.93468114652241319
-4.42034023610041604      9.62901801476524000
 6.64339485935482266     -11.63088448042315015
-11.16690279083708326      7.36899559399583026
-5.96419283847584580     -9.64244926125267732
 2.50786227562154451     11.62901888757727242
 2.69617475116226224     -6.64295728329178470
-0.76811350068208506     -8.64263412863097358
12.89895420968570328      3.62691857705703002
 9.43485270562955058      3.62691876916911671
-9.43484838162243555     -7.63101064425844644
-11.16690279083236703     -12.63100440600915597
-4.23222082942550859      1.35768932644525142
-11.16690279060734170     -6.63100440600897212
13.09492108730062121     -2.65388224702274789
-14.63100440600221930      9.36899559400192139
 7.89858864198324273     -5.65388121995341830
 6.16671663509260348     -2.65388013018837476
 2.50784586332407233      9.62898834371739731
-6.15124268228058391     14.63100440598954144
-14.63100440598642038      7.36899559400188142
11.16690340219824940      2.62691857691104147
-7.70279691865019256     -4.63101177843801359
 4.91134428683864765     -12.63088488754630845
14.63100440598301155      4.62691963581169308
 6.64336037872353469     -13.63094501446462026
 7.70284992468889484     12.63097473497855638
-7.70279691922301346     -10.63101177845098455
-2.50007318109189702     -5.64247842541083422
-5.96427224796599997     -1.64230961497020145
 9.43477798639423071     -6.93455383503861977
-2.50007318049016813     -1.64247842541050093
 8.37541095723496376     -12.63094459695836136
-14.63100440600951124      1.36899559400177151
12.89895309869637074     -6.93468114652137313
-2.68714178941185278     12.63100315498099313
-9.43484838104478385     -5.63101064425778297
 0.96420695143476953     -5.64278977639130463
 2.69599495521326382     -8.64295727523664326
 0.96420817416493976      2.35721022360853905
12.89895309869424267     -10.93468114652295675
 5.97189883686102174      5.62890409526690316
-9.61534429747435482     12.63100440600951835
11.16805054090866101      6.62890496830952536
-5.96427224815934220     -7.64230961497033068
-9.42570155273769927     -13.64702319094056016
 6.16671785761609570     -0.65388013017412960
 0.96420817461760988      0.35721022360847543
 4.23984802919962878      4.62890409542579739
-11.16690279082553161      3.36899559399580584
12.89895359829381150     -0.37308248217100837
 0.96384744361427910     -9.64278976023682866
 8.37537689522687145     -14.63100440598092966
-4.23222082939736488     -4.64231067357373739
-4.41919248598953462     13.63100334722354390
-14.63100440601294316     -2.63100440601293872
-9.43484838157417016      4.36898935574797775
-12.89895359844627443     -1.63100440600911201
 4.23989605962136462     10.62898940247010593
-9.43484838162669881      8.36898935574890857
-11.16690279076040326     -4.63100440600892593
11.16691992174884618     10.63091997184202242
14.63100440597397345     -1.37308248199537841
-5.96427224816870183      0.35769038502993872
-11.16690279084289550     -2.63100440600881091
-12.89895359840928712     -11.63100440601001928
 9.43600034460949821      5.62890390955693309
-11.16690279083284310      5.36899559399583026
 5.97189872943918409      3.62890390952457764
-14.63100440598661933     -12.63100440601293961
 1.17920236471180706     -13.63116148165349983
-4.41919259691170119     11.63100315485836411
11.36287027932837645     -1.65388224772110770
-4.23222082880320016     -2.64231067356358729
-4.23222082948115741      3.35768932646182128
-7.70279692014119277      1.36898822305135370
-14.63100440598191199     -6.63100440601293961
-5.84682133855394870     -13.82318834313576161
 5.97193105817258374      9.62896202094594500
 0.77581207932294005     10.62901782882426183
-9.43484838162295425      6.36898935574801683
12.89895309869335271     -12.93468114652321610
 0.96402723918629540     -7.64278976831727341
11.16690178138695266     -9.93468028021073302
 9.43490062494432635     13.63097492085248774
-7.70279691979751391     -0.63101177747751280
-12.89895359841184685      8.36899559400127124
 0.77581157537572265     12.62901907346922314
-6.15124340459185337     10.63100315502746263
-4.23222082944526967      5.35768932646775564
-0.95625575185647249      7.62898834376635815
-9.43484838166953921      0.36898935574323771
-12.89895359841284517      2.36899559400041237
 0.77579505583950881      8.62898834356881927
-4.23222205185461764     -8.64231067371015271
 4.42840710286306027      0.35704165253174319
12.89895370941362884      5.62691982807016355
 4.42840588076589547     -3.64295834822482334
 9.63081947227341928     -0.65388224683025764
 4.23986505289519044      6.62893358043683101
-2.68714228969202740     14.63100440597780860
-5.96427224821471302      2.35769038503084527
 9.43601675325450451      9.62893483158155661
-0.55293912106489973     -14.63100440601169083
 4.23991297219647034     12.62901907983440353
 1.17920280993524518     -11.63116147251727739
 5.97081614069287170     13.63100422009211954
 7.70396605667800483      8.62893463933705185
-0.76793370542778583     -6.64263413671255698
-2.68828942840698470     10.62901801456669482
-0.76830719824506388     -10.64263411925130498
-0.76793248289157279     -2.64263413671291580
 4.91429958829006619     -10.62578252352592401
11.16690351311490659      4.62691876931582158
 2.69635568442639517     -0.64295728941363717
-4.23223888781129709     -10.64261700357285712
 0.96420817395356295      4.35721022360894938
 7.70265337641949177     -9.93442599462812126
-2.50007440362713940     -7.64247842541046118
-7.67642053199158081     -14.63100440597990115
-11.16690256732012188     -14.63100440600917551
-7.88329348978742050     13.63100440587550644
11.16693440892930589     14.63100440598919327
 0.96420817397194269     -3.64278977639166657
-9.43484838162063433     -11.63101064425921827
-7.70279692009582373      9.36898822305269796
-7.70279692009164307      7.36898822305255052
-9.61534429733948670     14.63100440600955565
11.16690179095985869     -11.93468028021077032
 2.69635568461305741      3.35704271060285997
 4.23876544044387504     14.63100440597564678
 2.91134429040980880     -12.63100440599202834
 2.69635568446443497     -2.64295728947451369
-2.50027798500145026     -11.64277270702939937
 5.97191586038036437      7.62893358058414695
-11.16690279086092197     11.36899559399586224
 7.70265337642015790     -7.93442599462812126
 7.70394964434525420      6.62890409541566594
-5.96427224755550700     -3.64230961497020944
-12.89895359841159639      4.36899559400058735
-0.76793248229044619     -0.64263413671291070
-2.50007318111739973      6.35752157459376654
-7.70279692003046534      5.36898822305254253
 2.91430641104269483     -10.63100659903745182
11.16690179096268309     -7.93468028021008909
 9.63081825017900428     -2.65388224773554526
-4.23222082921738263     -0.64231067356208482
 2.50786227194777966     13.62901926572140532
-14.63100440597504281     -14.63100440601293961
-14.63100440598615393      3.36899559400183879
 9.43477795242052508     -10.93455384906960681
 2.69635568509064338      1.35704271058728110
-2.50007318109089027     -3.64247842541073119
-6.15124329349434884     12.63100334711193362
11.36286905775602740     -3.65388224772149073
 2.69635446301192649     -4.64295729135269397
10.10742746774305800     -13.63100399885776959
-11.16690279083602455     -8.63100440600910623
 9.43488492324183348     11.63094735345032227
-2.50007318115639610      4.35752157459297429
-7.70279691923130994     -6.63101177844119505
-12.89895359844144274      0.36899559400033199
 9.43599984064340802      7.62890515416907000
-0.95623872816189059      9.62901782867561629
 9.43485259453700387      1.62691857706914345
-0.76793248295497629      5.35736586328711617
 4.91134385054388023     -14.63100440543866831
-5.96427224815128909     -5.64230961497030936
-0.76793248270496084      1.35736586328709130
-9.43484838144323490     -3.63101064425688280
12.89897062200866884     11.63092015770824794
12.89896940748922560     13.63097702444325066
14.63053549876250692     -14.15653256054434728
-12.89895359841512246      6.36899559400090887
12.89895359850185486      1.62691751816634467
-5.96438649945056376     -11.64244931525939108
 7.89876681827810501     -3.65388121166654312
 4.42840710352917899      2.35704165253437914
-7.70279691923217591     -8.63101177845090639
-7.70289515482170106     -12.63117964006989347
 7.70398175474969094     10.62896221318930401
 4.42840710297377793     -1.64295834765490567
14.63100440601291830     14.63100440601292185
 7.70280189796831927      2.62691876932723023
 0.77695910345797792     14.63100440598674545
-14.63100440601012231     -0.63100440600001029
11.16693562350235602     12.63094753931386016
-4.23222082935162458      7.35768932647462481
14.63100440597888685      0.62691751800533779
-0.95623862092130829     11.62901801471602070
-12.89895359843297129     10.36899559400132631
14.63100440600009478     12.63094964284133326
-5.96427224817694857      4.35769038503331085
-0.76793248290861116      3.35736586328709397
11.16805053722358743      8.62890534642022189
 6.16671785761149494      1.34611986982644183
 4.42813565402196030     -7.64311298759423519
