271    31.43771336721280107
 9.29342709627463215     -14.71885668360640587
14.71885668360098087      3.45169119517137313
-12.70657290375743464     -11.25475506848557572
-7.71885668360427513      0.86245022305645958
 4.29342709627527253      0.86960058451315558
-3.71885668360362320     14.71885668360640231
10.38883291414409449     11.30548298889515380
-6.70657290372664150     -14.71885668360598309
 5.29342709627542352      2.60165139208203788
-3.70657290372535053      0.86960058451374000
 3.29342709627407171     -7.79065345333117154
-7.70657290372655801     -12.98680587603702996
-12.71885668360517130     -7.79780381478752371
-12.71885668360546262      2.59450103062501514
-11.70657290374863635     -9.52270426091186017
 2.30571087614983172     14.71885668360170385
-8.70657290374229120     -4.32655183820192413
 3.29342709627428887     -4.32655183819337008
 1.29342709626981600     12.99395623749129491
12.79176313517434238     -7.62520757286969797
 2.29342709627394026     -9.52270426089997279
-10.71885668360505939     -0.86960058451251787
-14.71885668360594757     -4.33370219965007664
-0.71885668360289023     12.98680587603784353
-11.71885668360545729     11.25475506846890461
-0.70657290372461989      6.06575300722001831
-11.71885668360529031      4.32655183819380085
 7.29342709627504426     -7.79065345333181902
 9.30571087616725912      6.05860264575579777
12.47195495214001149     14.71885668360169674
-13.71885668360551414     -9.52985462235620773
12.98680587603889336     -3.61142731350207757
 4.29342709627553454      4.33370219965097370
 6.29342709627406105     -9.52270426090012201
 2.29342709627553409      4.33370219965105807
-2.70657290372661574     -14.71885668360626021
 7.29342709627658081      2.60165139208194374
 0.29342709626913333     11.26190542992276633
-14.71877273183017643     -14.71867992076536957
10.46325406086126719     -12.89367232196407720
14.66314751757726143     -8.66023761817519500
 7.29342709627463215     -14.71885668360640054
11.27336328733055382     -0.57986805916434014
-7.71885668360446697      7.79065345333137937
-8.70657290372644965     -11.25475506846805551
11.08823897088285371     -8.67306511169595318
-3.71885668360356103      7.79065345333159609
 5.29342709627402552     -11.25475506846897034
-8.70657290372628090     -7.79065345333027537
-4.71885668360377775     12.98680587603761438
 7.30571087616682568      6.05860264575463070
14.65131605776655732      5.45055043580386300
-6.70657290373836634     -0.86245022306220964
 2.29342709627464325     -2.59450103062429083
-3.70657290372571557     -2.59450103062386628
-0.70657290372571069     -4.32655183819309830
 1.29342709627402641     -7.79065345333102766
-5.70657290372581816     -2.59450103062384096
 5.29342709627624775      6.06575300721950228
-8.71885668360486221     12.98680587603759484
 8.30571087615644998     14.71885668360577704
-10.70657290374655268     -7.79065345334189097
 5.30571087615641801      9.52270426089873467
-8.70657290372664860     -14.71885668360588717
-13.71885668360566335      0.86245022305622421
11.38883291415827337     13.03753379645591615
-6.71885668360430444      9.52270426090016286
 1.29342709627556007      6.06575300721994903
-7.70657290372632353     -9.52270426089917876
-13.71885668360576283      7.79065345333129233
 2.29342709627525787      0.86960058451331701
-11.70657290372656334     -12.98680587603686121
 9.29342709627539243     -0.86245022305649344
 0.29342709627491087      0.86960058451361222
-11.71885668360543420      7.79065345333129677
-3.71885668360366672     11.25475506846880158
 3.29342709627542085      2.60165139208211693
12.98680587603620573     -1.61142731350200075
-3.70657290372631376     -9.52270426089948074
-4.70657290372566717     -0.86245022305496533
 9.29342709627468722     -4.32655183819387190
-4.70657290372663883     -14.71885668360609678
-12.70657290372672499     -14.71885668360579658
 6.29342709627472452     -2.59450103062491255
-6.71885668360434707      6.05860264576257190
-12.71885668360559407      6.05860264576251151
-10.70657290372648163     -11.25475506846799334
 9.30571087615650505     12.98680587603690206
-1.70657290372545534     -2.59450103062407411
-3.70657290373241777      4.33370219964724424
-9.71885668360492794      7.79065345333146198
-2.71885668360313737      9.52270426090023037
-9.70657290374428960     -6.05860264577179208
-7.71885668360465349      4.32655183819387368
 1.29342709627535157      2.60165139208224794
-14.71885668360593868     -7.79780381478751661
10.92626475243549500      1.39175702880272589
-1.71885668360342447     14.71885668360640764
 1.29342709627344732     -14.71885668360640054
-4.71885668360367028      6.05860264576277707
 8.29342709627712793     -6.05860264576415197
-2.71885668360351573     12.98680587603758774
-6.70657290372618142     -7.79065345333037573
 8.30571087616567283      7.79065345332417802
 5.29342709627407171     -7.79065345333124259
-0.70657290373097481      9.52985462235392866
12.96743433879125362      8.41508030873491464
 0.29342709627414554     -6.05860264576205854
-10.71885668360505584      6.05860264576263852
11.14381826748503812      3.38276571844585039
-5.71885668360393495     14.71885668360640054
14.71885668360640409     -12.65946158982536573
-1.70657290372602910     -6.05860264576179297
-11.71885668360534005     14.71885668360640054
-7.70657290372613879     -6.05860264576147500
 5.29342709627446339     -14.71885668360636679
 4.29342709627391095     -12.98680587603777425
12.54783946392640104     11.09559366412415393
-4.71885668360408328      9.52270426090016819
10.30571087617563109     14.71885668360054389
14.71885668360586408     -4.61142731350548463
 6.30571087615646952     11.25475506846758478
-12.71885668360530630     -4.33370219965012726
-11.71885668360492971     -6.06575300721878641
12.96514416901064592     -13.62096687642040571
13.00135880416786982     -5.63622048001583575
-13.71885668360589605     14.71885668360640231
-0.70657290372501935      2.60165139208252683
-8.71885668360475563      2.59450103062505821
-1.70657290372520309      0.86960058451365807
11.20591083869041427     -10.66960044359712967
 0.29342709627462976     -2.59450103062419002
-8.71885668360442700     -0.86960058451233224
-5.71885668360383903      4.32655183819398736
-6.70657290372644255     -11.25475506846813012
 2.29342709627414543     -6.05860264576222107
-4.70657290372588299     -4.32655183819275457
-10.71885668360508781      2.59450103062504045
 4.29342709627414365     -6.05860264576232854
 8.29342709627678154      0.86960058451318401
-1.70657290373139681      7.79780381478498263
12.89524061229975693      2.41709508614736590
 5.29342709627462149     -4.32655183819372890
-12.71885668360562960     12.98680587603768011
 6.29342709627550079      0.86960058451321076
-4.70657290373412174      2.60165139207755258
 5.30571087615641446     12.98680587603652725
13.38646226538113382     12.94018403973806208
-1.70657290372631532     -9.52270426089963351
 2.29342709627565000      7.79780381478878404
-2.70657290372642612     -11.25475506846844809
12.89989371295171239      6.41622106810255399
 1.29342709627357322     -11.25475506846863816
-3.70657290372655845     -12.98680587603724845
-1.70657290372655224     -12.98680587603741010
 4.30571087615643400     11.25475506846763096
12.93930958609967519      4.41660950858803503
-5.70657290373584125      0.86960058450803368
14.71885668360613231     -0.61142731349971224
-2.70657290373209047      6.06575300721619293
11.18788724128495105      5.38228014088652440
-8.71885668360478405      6.05860264576267138
 6.29342709627591734     -12.98680587603676884
 7.29342709627791219     -11.25475506846676943
-5.70657290372603043     -6.05860264576156471
 7.30571087615642423      9.52270426089860322
 1.29342709627561803      9.52985462235763769
 4.30571087615635228     14.71885668360542887
 9.30571087615648018      9.52270426089839717
-13.71885668360566690     -2.60165139208131002
-14.71885668360600619      9.52270426090010602
-6.71885668360435240     12.98680587603776004
-1.70657290372506920      4.33370219965137249
-4.70657290372617521     -7.79065345333052406
-13.71885668360575394     11.25475506846887264
12.96514416900732769     -11.62096687642036130
 2.29342709627349661     -12.98680587603755221
 8.29342709628680552     -9.52270426089410549
-11.71885668360520683     -2.60165139208130869
-2.70657290372518933      2.60165139208254192
 9.29342709627794328     -11.25475506846818696
-5.70657290372631287     -9.52270426089932798
14.67944081047431659      9.44902123595101706
-9.71885668360502919     11.25475506846881579
 7.29342709627467656     -4.32655183819383460
-5.71885668360418808      7.79065345333135362
-12.71885668360541288     -0.86960058451254463
 3.29342709627507801     -0.86245022305566377
-9.70657290372655801     -12.98680587603695180
 9.29342709629197294     -7.79065345332566306
 8.30571087620034199      4.32655183816766709
-7.70657290374051129     -2.59450103063217208
 8.29342709627604791     -12.98680587603671732
 6.30571087615642156     14.71885668360540045
 0.29342709627345054     -12.98680587603752201
-0.70657290372617554     -7.79065345333075054
-5.71885668360419430     11.25475506846897744
-3.70657290372602999     -6.05860264576171570
 3.29342709627563268      6.06575300721990196
-9.71885668360459576     -2.60165139208113860
14.71885668360640409     -2.61142731349971191
-10.70657290372665926     -14.71885668360585342
-14.71885668360605770     12.98680587603761794
 0.29342709627368280     -9.52270426089970456
10.90887833060721590     -6.60813124098530569
-1.71885668360298349     11.25475506846901830
-12.71885668360557986      9.52270426090009181
-8.71885668360463306      9.52270426090016819
 7.30571087615650061     12.98680587603645797
 8.29342709627472274     -2.59450103062498183
-13.71885668360555321     -6.06575300721886190
-0.70657290372524595     -0.86245022305524244
-9.71885668360499899     14.71885668360640054
 6.30571087616566128      7.79065345332437875
 3.29342709627630237      9.52985462235728598
-9.71885668360490484      0.86245022305626873
-6.70657290372598336     -4.32655183819266131
-2.70657290372540293     -0.86245022305516705
-7.71885668360474941     14.71885668360640587
 4.29342709627402286     -9.52270426090009181
-5.70657290372655890     -12.98680587603709213
11.26930799660098081     -4.63622048001240383
12.90943500298146063     -9.62174290477017102
-13.71885668360575750      4.32655183819372535
-10.71885668360532229      9.52270426090010957
14.71885668360316224     -10.65946158982536751
-11.71885668360526189      0.86245022305624575
 6.29342709627481423     -6.05860264576279217
-2.70657290372578085     -4.32655183819277678
-13.70657290378042958     -12.98680587606738079
-9.70657290372639991     -9.52270426089913258
 0.29342709627540819      4.33370219965115755
 3.30571087615634296     12.98680587603654857
14.71885668360588006      7.44940967643619611
14.71885668360626198      1.45169119517137357
14.71885668360640587     -6.66101364652511307
 2.29342709627628993     11.26190542992615562
 1.29342709627481534     -0.86245022305531716
-14.71885668360602750      6.05860264576249108
-14.71885668360592803     -11.26190542992484644
 3.29342709627351171     -14.71885668360641297
 0.29342709627553176      7.79780381478880891
 3.29342709627387631     -11.25475506846888862
11.29342709627462860     -14.71885668360640231
-0.70657290372660786     -14.71885668360638277
-14.71885668360599730      2.59450103062490856
-9.71885668360489241      4.32655183819385591
-7.71885668360446431     11.25475506846894724
-2.70657290372617521     -7.79065345333067594
 5.29342709627507801     -0.86245022305583263
 6.29342709627608521      4.33370219965053316
 7.29342709627508157     -0.86245022305590291
 1.29342709627428909     -4.32655183819326261
 9.30571087620127635      2.59450103059750736
11.30570379175968121      9.52802756222997793
13.00541409489923872      0.42013194083599065
10.85439991648792457     -2.59297949013664786
-10.71885668360477695     -4.33370219964993986
-0.70657290372642634     -11.25475506846857421
 0.28114331639775852     14.71885668360636323
-14.71885668360597421     -0.86960058451253952
 4.29342709627472452     -2.59450103062474469
14.71885668360360988     11.44863279546588508
-6.71885668360417032      2.59450103062527937
-10.71885668360517307     12.98680587603761794
14.65201599643526009     14.51080043161500477
 4.29342709627629571      7.79780381478840567
-4.70657290372643011     -11.25475506846828999
14.69460589309695564     -14.70818825973789501
 8.30571087615678394     11.25475506846754037
10.37114788867953763      7.75239985862864334
