273    31.60502860549999937
-6.19748569708244190     -14.80251430272638302
 5.80251430291758297     -14.80251430272671520
 8.80816420155153779     11.18873097029776709
 6.80251430272913193      4.25004458064613022
-2.19748569722465303     13.07046349513678862
-7.19748569726984222     -13.07046349504866356
13.80251430272875091     -11.33841268747915443
-10.19757389822824045      2.51804469895818439
-12.92624494440519811     -11.05140151447120189
-1.19748569727778542     -9.60636187990690615
13.80251430273025193      5.98209538821263642
 7.81323224054192877      9.45376399856274219
-1.19748569722819509     14.80251430271935575
 8.80251430273104241     -2.67815864963334738
14.80251430273027680     -13.07046349504797256
-14.80251430273103708     -3.87747855869384184
-9.16710691509743469      7.73134087514054347
-6.19748153745923958     13.06034007467009594
 4.80251430273020397     -13.07046349504967075
 0.80251430272580038     -9.60636187990909463
-14.80251430273104241      6.50874266594238282
-9.16959843794837504     11.32260857572445900
14.80251430273104063     -2.67815864963208394
-1.19748569726983689     -13.07046349504949845
 2.80251430277466573     14.80251430271710689
-5.19748569726895138     -2.67815864962392203
 5.80251430278015956     13.07046349513485062
-7.19748569728330523     -9.60636187990220058
12.80251430272824109     -9.60636187991054236
-1.17751482352947723     11.32703500176175382
-4.19748569729626819     -0.94610784203850951
-6.19748569729064958      2.51799377312304529
-5.19748569727556209      4.25004458068885249
-3.19748569722821019     14.80251430271096957
 6.80251430277467861     14.80251430271076707
-14.77861722540366429      4.50888543861458935
 9.80251430272709889     -0.94610784206182474
 4.81331810855298947     11.33221987316263935
 9.80251430272767443     -11.33841268747931785
11.80251430272783431     -0.94610784206238063
-13.06412243138614038     -8.88826209372169629
14.80251430273111524      7.71414619578164018
-13.05313551449507159     -6.88829227203502814
12.80251430277475144     14.80251430270950053
-1.19748569726895338     -2.67815864963022632
12.80875979956553934      7.87207966629055367
12.80251430273022173     -13.07046349504888028
-2.19748569727767817     -7.87431107233792016
 9.80251430285484915     13.07041420855825997
-9.19748569726894871     -2.67815864960446204
10.80251430272813273     -6.14226026477278708
-14.80251430273104241      8.80748558529617753
 9.81323224054196430      9.45376399856148097
 3.80251430272766999      2.51799377307876959
12.80251430272857505      0.78594296550617049
13.80251430291767178     -14.80251430272543622
 1.80252831400874602     13.06058982355147435
 8.80251430272926072      4.25004458064516299
-8.19748569729065224      2.51799377313319672
 4.80251430272911595      4.25004458064681323
13.80251430272841517     -0.94610784206280063
-2.17244678453456341      9.59206803003849551
 0.80251430277465441     14.80251430272981494
-11.19748569728321108     -6.14226026475810194
 8.80251430272766200     -6.14226026477246556
 8.81447448932703104      7.72099657204726952
 2.81331810855292463     11.33221987315683599
-2.19748569727342868     -4.41020945720177870
 3.80251430291757586     -14.80251430272672764
13.80251430272948276      2.51799377307461603
-3.17751482353002190     11.32703500173724365
 1.80251430291757586     -14.80251430272669388
 6.80251430273104241     -2.67815864963257289
 4.80251430277466795     14.80251430271164814
14.80251430272909907     -9.60636187991043222
 3.80251430277622937     13.07046349513113626
 5.80251430272699231     -11.33841268747885778
11.80251430272806878     -7.87431107234173044
-14.80251430272956803     10.80748558529617753
 3.81838614754506178      9.59725290144067422
-9.19748569728321108     -6.14226026476327114
 3.80251430330796225      5.98209538854989908
-8.19748569708244190     -14.80251430272593538
-12.92953650479664773     13.80251430272598689
-14.66158731236340351     14.80251430273019864
 1.80251430272764845      2.51799377307895433
 9.80251430272763180     -7.87431107234141336
 2.80251430272894630      4.25004458066133228
-0.19748569727790724     -11.33841268747586639
 1.80251430272553104     -0.94610784205830178
-4.19748569727801524     -7.87431107233706840
-0.19748569727411416     -7.87431107234009264
-7.19748569728316134     -6.14226026476442399
-4.19748569727652399     -4.41020945719874824
-8.19748569713540576     13.07046349508977912
-10.19748569728442611     -4.41020945718826329
-7.16710691509743469      7.73134087512820312
-14.80251430272579505      0.50902821128674136
 7.80251430272759361     -11.33841268747921127
-4.17244678453464601      9.59206803000889252
-11.19748569722825593     14.80251430272696744
-5.17751482353003478     11.32703500173599664
-13.16576592632121745      7.65811412561927973
-1.19748569727130705      4.25004458124362383
-14.55823372504868907     -14.76511363116082975
-12.91185561224424916     -0.69836164054751604
-7.19748569729489152      0.78594296555659904
 2.80251430272707669      0.78594296550974663
10.80251430277469815     14.80251430272903690
 6.80251430273020574     -13.07046349504963167
14.80251430272927315     14.80250078962288995
-6.19748569728323506     -7.87431107233335226
 4.80251430272707935      0.78594296550928555
 7.80251430272707935     -0.94610784206107934
 2.80251430272632795     -9.60636187990953516
-10.19717130033597208      5.98227686739967801
-9.19748569729489596      0.78594296556672616
 1.80251430272712310     -4.41020945720303725
-3.19748569726983956     -13.07046349504938476
-14.80251430273103708     -1.49097178871325808
-11.19748569728750098     -9.60636187990296797
 9.80251430272829971     -4.41020945720381086
 6.80251430272772506      0.78594296550817655
 9.80251430272869761      2.51799377307588967
-1.19748569727748810      0.78594296551420240
 2.80251430273104463     -2.67815864963144623
-2.19748569708242414     -14.80251430272662816
 2.80251430273017421     -13.07046349504956773
-0.19748569727327023     -4.41020945720235336
-2.19748569727848819     -11.33841268747537967
 1.80251430330691820      5.98209538856518908
10.81447448932703104      7.72099657204432077
-8.19748569728435683     -4.41020945719368829
-14.80251430272639723      2.50902821128674081
-4.19748569708242680     -14.80251430272649493
-11.19748569726894694     -2.67815864958883632
-7.19748569722823017     14.80251430271245816
 8.80251430277468216     14.80251430272991442
-2.19748569727287180      2.51799377308575956
 0.81807742500666147     11.19432638265751123
-9.19748569728537291     -9.60636187990142609
-6.19748569730173582     -0.94610784203360743
-8.16834916389034937      9.46410830166065864
 4.81962839633046336      7.86448547494938133
-10.19748569728494125     -11.33841268747055686
11.80251430273018265      5.98209538821284870
 7.80251430273004321      5.98209538821453357
-4.19748569722476805     13.07046349513441541
-11.19748569729490661      0.78594296562885979
 3.80251430272639102     -0.94610784205959619
 5.80251565476385611      5.98749955422086444
13.81157693482779969     13.06524915453490010
 5.81838614754511774      9.59725290146362120
10.80251430273021640     -13.07046349504954286
-3.19748569726895226     -2.67815864962936523
14.80251430272938329      0.78594296550562004
 3.80251430272691238     -7.87431107234098970
-11.16710691509743469      7.73134087519869428
-13.01549132052802982      5.50392465618764959
 3.80251430272723923     -4.41020945720323976
 8.80251430272778101      0.78594296550745180
-10.19748569734870358     -0.94610784197108821
-13.05151627985134510      3.50036061300326473
 0.80251430273016489     -13.07046349504957483
-11.19748569726985110     -13.07046349504839711
 0.82438771278800371      7.72659198441163664
 5.80251430272839386      2.51799377307744798
 4.80251430272730140     -6.14226026477233678
-5.19748569729489063      0.78594296553134202
-4.19717130033131003      5.98227686734075625
12.80251430273104063     -2.67815864963335759
-4.19748569729063803      2.51799377309777395
 4.80251430273104329     -2.67815864963186101
-3.17120453574623484      7.85930060352257165
-9.19748569726984755     -13.07046349504784821
-9.19748569722823106     14.80251430268768864
 0.80251430272639568     -6.14226026477150278
-0.19748569727286605      2.51799377308067296
 7.80251430281949787     13.07046349513508687
 6.81331810855337672     11.33221987318518842
-14.80251430272623914     -7.87719773457248706
 6.81447448932702660      7.72099657204619572
 7.80251430272754476     -7.87431107234128724
-14.80251430270988067     -9.87719773457248706
10.80251430272797286      0.78594296550658260
13.94241144683847011      9.51975498097973194
11.80251430272794977     -11.33841268747927700
-3.19748569729197785      0.78594296552790999
 1.82314546399981969      9.45935941092747257
-5.16710691509743558      7.73134087509126644
10.80251430273104063     -2.67815864963353967
 5.80251430272741242     -4.41020945720352042
 3.80251430272664326     -11.33841268747862507
12.80251430272833879     -6.14226026477295672
-9.19748569727712351      4.25004458070989521
-8.19748569728318266     -11.33841268747119102
10.80255703351137342     11.33838801766803250
10.80251430272929802      4.25004458064442669
-10.16834916389034937      9.46410830171727291
 7.80251430291760428     -14.80251430272679691
-6.19717130033271957      5.98227686737567588
 8.80251430272750568     -9.60636187991028123
10.80251430272772595     -9.60636187991043045
 5.80251430272640789     -0.94610784205998355
-14.80251430273103708     -11.87719773457259365
-11.16569344296453181     11.19768967823179828
-2.19732736077602864      6.00726121096289756
-5.19748569726984133     -13.07046349504927640
14.80251430272889301     -6.14226026477264053
-3.19748569727840559     -9.60636187990641233
14.80251430272979896      4.25004458064349588
-7.17341720288638740     11.19907527338469677
 1.80251430272569668     -11.33841268747811704
-0.19748569669443913      5.98209538855037515
13.80251430272847557     -4.41020945720400270
 7.80251430272764868     -4.41020945720353197
-13.06551605336448318      1.50040961201805456
-0.17685453600018664      9.45935941091554788
 6.80251430272748703     -6.14226026477243980
-6.16834916389034937      9.46410830164779426
-6.19748569727760490     -4.41020945719875002
11.80762120285311312      9.60347260556684290
-13.19748569726985110     -13.07046349526940077
 9.80251430291762382     -14.80251430272698521
-5.19748569727752319     -6.14226026476776088
-10.19748569728934484     -7.87431107233295080
11.80251430272844360     -4.41020945720400004
-13.19747649656907384     -2.68422517370354985
 0.80251430272888513      4.25004458064855317
-7.19748569726895049     -2.67815864962284156
-14.80251430272927138     12.80748558529617753
 8.80251430273020752     -13.07046349504967786
-0.19748569727869850     -0.94610784205537657
13.80251430272864077     -7.87431107234166205
 4.80251430272690794     -9.60636187990989221
-12.19748569708246677     -14.80251430273037272
-1.17561228721199562      7.72659198439759187
11.80251430272886282      2.51799377307525107
12.80251430272977942      4.25004458064366553
 5.80251430272739999     -7.87431107234129080
14.80251430272961244     11.32536376399115063
-0.19748569721730436     13.07046349515626105
-7.19748569727710485      4.25004458069977176
-3.19748569727132237      4.25004458065553248
-8.19717130033597030      5.98227686738581532
-8.19748569728462684     -7.87431107233297922
-0.19748569708242417     -14.80251430272673296
-6.19748569728279008     -11.33841268747220532
-1.19748569727401000     -6.14226026477109066
-4.19748569728264354     -11.33841268747286435
-2.19748569729549503     -0.94610784204443155
-10.20603908030293816     13.05621868458059609
-5.19748569722821596     14.80251430270265089
 1.80251430272645963     -7.87431107234056959
 2.80251430272706470     -6.14226026477202236
 0.80251430272590207      0.78594296551105969
-13.07046349515798767     11.80748558529164249
-3.19748569727745524     -6.14226026476850251
 2.82438771278800393      7.72659198439580575
12.80255703290454505     11.33843735854595813
-5.19748569728251564     -9.60636187990342982
-10.19748569708245789     -14.80251430272509694
-8.19748569730328036     -0.94610784200885101
-11.19748566433218606      4.25040759601021811
 7.80251430272840896      2.51799377307671435
 6.80251430272745772     -9.60636187991017287
-12.80469959268586777      9.62954635200740761
-12.94961129141927181     -4.86055717106035257
 9.80251430273007074      5.98209538821548659
 0.80251430273104563     -2.67815864963059536
11.80251430291765047     -14.80251430272618052
11.80251430275549573     13.07046349514903305
-14.77881559965943836     -5.87733814663313581
