280    31.97891545273765956
 2.33105034932649469     14.98945772636617590
-0.98184231309865833     -8.98945772636621676
 0.86510207337994793      4.00723941279269269
13.25740691879516753     10.00723941279281881
-2.59899954176151526      2.00723941279227835
-1.13305126581168847     12.98945772636618656
-4.44594392823785256     -4.98945772636714402
 5.79515196446427083     10.98945772636600182
-0.98184231309695758     -10.98945772636630736
-9.79330530353579753      5.98945772615662886
 6.06125449608582123     -8.99276058720683302
11.41046253232283014     -12.98945772636638374
11.52535611122605630     11.00723941279313678
-6.32920368851875104     13.98945772636543161
-4.44594392823472351     -12.98945772636739093
11.52535611122611314      7.00723941279313323
-13.25740691879043354     -6.00044036238340794
13.25740691879461153      2.00723941279271623
-14.98945772636564655     10.98945772636881379
-6.06310115786310533     -1.99276058758520014
-2.86510207338041667      9.98945772636601070
-4.59715288094936447     10.98945772636598939
-11.51899610213013503     -14.98945772627529927
 4.32920368851499671      0.00723941279287999
-8.06125449608756739     10.98945772636520957
-4.59715288094952168     12.98945772636602136
-11.37729784501758523     -10.99495330675009086
-14.98945772636445284     14.98945772636881735
-14.84141004498380845     -10.99495330644019830
13.25740691879455646     -7.99276058720729310
-6.32920368851862669     11.98945772636539253
-14.98945772636862372     -5.00044036237675282
-8.06125449608757805     12.98945772636533746
13.25740691879380506     -11.99276058720730198
 9.79330530365133001     -5.99276058720732863
 4.21431010961351848     -13.98945772636661822
-13.25130730528896628     -13.98990888034006019
13.14251333989357384     -13.98945772636674434
-13.25740691879414257      1.98945772636575535
 8.06125449608120981     -4.99276058720681082
-0.98184231309638548     -14.98945772636640328
-9.79330530351612971      3.98945772612293936
-6.17799473609142247     -7.98945772685595035
 0.86510207337361422     -5.99276058720736415
-0.86694873419794716     -0.99276058720687044
 0.59899954175751657      9.98945772636596097
-6.06310115794570770      2.00723941242006632
-13.25740691879400934     -0.01054227363425148
-0.98184231309547620     -12.98945772636632334
 8.06125449608593669     -8.99276058720681881
-6.17799473608113381     -3.98945772684242383
-2.59899954176636605     -1.99276058720772675
-4.33105034933539024     -2.99276058720775540
 2.59715288094630870      1.00723941279323359
-13.11535653916209299     -4.00549131800967118
 9.79330530365616880      2.00723941279271578
-4.44594393996422266     -14.98945772636757034
-13.25740691879444455      5.98945772636576468
-8.06125449596406618      4.98945772615206451
14.98945772636420948      5.00723941279323803
-9.64209635122340991     -1.98945772685023559
-0.86694873419214591      1.00723941279312945
-13.25740691879433975      3.98945772636575624
-14.98945772636530371      2.98945772636881424
 4.32920368851886295      6.00723941279293161
12.99130438717199176     13.98945772636570872
-9.64539167948877640     -7.98946019517343942
-2.59899954253435572      0.00723941279227512
 5.94636091718349302     -14.98945772636619012
14.98945772636396256      3.00723941279323848
-1.13305126581158011     10.98945772636610130
-9.79330530365641394     11.98945772636526641
 9.79330530365539609     -7.99276058720734106
 0.75020849447332816     -13.98945772636669993
14.98945772636390394      1.00723941279323892
 7.94636091718177706     -10.98945772636603380
-11.37730842984322166     -8.99495330644510283
 5.94636091718317061     -12.98945772636607643
 9.79330530365695928      6.00723941279290408
 4.32920368851184190     -3.99276058720714833
-4.33105035014630069     -0.99276058720761584
-4.33105035011618966      1.00723941279244689
 9.79330530365708540     10.00723941279293427
-14.84740734672768170     -3.00549131800397396
14.72335519474110832     14.98945772636610663
-11.38330573159190173     -5.00549131800739477
 9.79330530365489338     -9.99276058720734106
-9.52720277315426145      0.00723941236545965
 2.59715288094972552      5.00723941279323448
 6.06125449608687017      1.00723941279318585
-6.17799473608638383     -5.98945772685124744
 6.06125449608356082     -2.99276058720681970
 0.86510207337313205     -3.99276058720736371
-2.71389312066880262     -5.98945772636700990
-13.10934865263559779     -11.99495330666500159
 6.06125449608410349     -0.99276058720681404
 4.21431010961193131     -9.98945772636660934
13.25740691879347466     -5.99276058720729310
14.98945772636447593     13.00723941279324336
 7.79515196446428504     10.98945772636600715
13.25740691879517819      8.00723941279280993
-11.52535611122539017      4.98945772636565366
-11.52535611122015879     -7.00044036238108358
-6.32920368839418579      3.98945772615095873
14.98945772636431251     11.00723941279323981
-7.91004554413656358     -8.98945772688632694
-9.79330530365639618      9.98945772636512075
 4.32920368851841353      4.00723941279289697
-6.18013832639139782     -13.99317973778457791
-14.98945772636867524     -12.98946625050362691
-9.79330530365628782      7.98945772636511364
 4.32920368851908943      8.00723941279302487
11.52535611122569037      3.00723941279313234
-13.25740691879444810     11.98945772636578155
 0.59899954175738124     11.98945772636597162
 8.06125449608358124     -2.99276058720680416
 5.79515196446442182     12.98945772636600182
-14.98945772636546359      4.98945772636881379
-7.91004554367239088     -4.98945772688090372
-2.71389312066540134     -11.98945772636708007
-9.64209635130154119     -5.98945772698122703
-4.44594392823951789     -8.98945772636718132
-9.79330530365650986     13.98945772636549911
14.98945772636352558     -6.99276058720676019
14.87456414746339384     -14.98945772636641038
 2.48225930204256784     -10.98945772636615281
 9.67841172475322331     -11.98945772636670881
11.52535611122597281      5.00723941279313234
 9.52720277203369292     13.98945772636574958
 2.48225930204071776     -8.98945772636612794
 9.79330530365218088     -3.99276058720730731
 2.59715288094179098     -2.99276058720676730
-6.32920368851825454      5.98945772636526019
-11.38330573158801506     -3.00549131800739477
-13.25740691865898491     -8.00044036260638869
 0.75020849447213545     -9.98945772636667861
 5.79515196446435343     14.98945772636600360
-1.13305126581145443      8.98945772636610130
13.25740691879428645      0.00723941279271514
-11.52535611122559267      8.98945772636565366
-0.86694873418867613      5.00723941279313856
-14.98945772636846208     -9.00044036237675371
11.25925357960290185     14.98945772636614926
14.98945772636259477     -2.99276058720676064
14.98945772636360019     -0.99276058720676086
 6.06125449608806655      7.00723941279319096
11.52535611122489811     -8.99276058720692539
-7.91004069658750009     -12.98946773248073328
14.98945772636413842     -10.99276058720678328
 0.59899954175729364     13.98945772636600537
-2.71389312602909305     -13.98945773565682771
-7.91636804544654815     -14.98945772608740334
13.25740691879506450      6.00723941279278772
11.52535611122608117      9.00723941279313323
-8.06125449608760292     14.98945772636567142
 6.06125449608746081      3.00723941279318785
 4.32920368851782111      2.00723941279288853
13.25740691879072308     -3.99276058720729221
 4.06310115689531592     11.98945772636589346
11.52535611122533155      1.00723941279313056
-6.06310115798304761      0.00723941241932483
-4.44594392869614996     -10.98945772636723284
11.52535611122205950     -2.99276058720686944
-6.32920368851853876      9.98945772636536944
 6.06125449608803013      9.00723941279319185
 7.94636091718345661     -12.98945772636604623
11.25925357960285211     12.98945772636603380
-8.06125449608725297      6.98945772636506035
 2.48225930204390099     -12.98945772636619367
 2.33105034932647559      8.98945772636606755
-13.10935923728195363     -9.99495330667052251
-2.59899954176102854      4.00723941279229479
13.25740691879436639     -9.99276058720729843
-14.98945772636497509      0.98945772636881446
-11.52535611122551451     10.98945772636565366
-14.98945772636848517     -1.01054227363118532
-2.71389312066843402     -7.98945772636701079
 4.32920368851191117     -7.99276058720715188
 7.79515196446446623     12.98945772636600715
14.98945772636205831     -4.99276058720676019
 6.06125449608789246      5.00723941279318829
 0.86510207337647327      0.00723941279267666
 2.59715288095008745      7.00723941279323981
-7.91004554388783099     -10.98945772726081493
 9.79330530365711027      8.00723941279292184
13.25740691879518884     12.00723941279281881
14.98945772636431606     -8.99276058720676374
 2.33105034932633126     10.98945772636607821
 0.86510207337704670      2.00723941279267670
-0.86694873419162133      3.00723941279313012
-2.59899954176576653     -3.99276058720772919
-13.25740691879446409      9.98945772636577445
 8.06125449608746436      3.00723941279319584
-13.11535653915684030     -2.00549131800730240
 0.75020849447399041     -11.98945772636668927
11.52535611122471870     -10.99276058720703375
 6.06125449608118760     -4.99276058720682059
 5.94636091718176552     -10.98945772636605689
-14.98945772636489693     12.98945772636881557
-2.86510207338049927     11.98945772636605156
 6.06125449608185995     -6.99276058720682059
 8.06125449608687106      1.00723941279319584
-0.98184231309931569     -6.98945772636615015
 2.33105034932628330     12.98945772636609242
 9.52720277203334831     11.98945772636574780
 0.75020849447079940     -7.98945772636665641
-7.79515196558307633      1.00723941236586745
-13.25740691879423139     13.98945772636608353
-6.17799520049614426     -11.98945853123886707
-2.86510207338027589      7.98945772636600449
-9.64209635147297384     -9.98945772728897552
14.98945772636428764      9.00723941279323803
 0.59899954175780123      7.98945772636571583
-11.52535611122496384      0.98945772636565366
 4.32920368851441406     -1.99276058720713745
-4.44594392823783746     -6.98945772636717244
 9.67841172475344358     -13.98945772636679052
14.98945772636405138     -12.99276058720686322
-7.91004554365352508     -2.98945772684849853
-11.52535611122520187     14.98945772636584906
-4.59715288094897812      4.98945772636594853
-8.06125449594048682      2.98945772611174609
-6.17799473655114006     -9.98945772685783595
 0.86510207337239020     -1.99276058720733151
-4.59715288094987695     14.98945772636602136
-9.64209635122631425     -3.98945772685499600
-9.64209103958856240     -11.98946692777233025
-6.32920368851849791      7.98945772636527529
11.52535611122402592     -6.99276058720690763
-7.79515196553262601     -0.99276058763482089
 9.79330530365658625      4.00723941279277174
11.52535611122462988     -0.99276058720686955
 8.06125449608805411      9.00723941279319718
 7.79515196446470959     14.98945772636602491
-8.06125449608744304      8.98945772636517226
13.25740691879479805      4.00723941279275486
-2.71389312066769461     -9.98945772636701435
-11.52535611122547721      6.98945772636565366
-4.59715288094928098      8.98945772636598406
-11.52535611122514503      2.98945772636565366
 2.59715288094255481     -4.99276058720676730
-13.25740691879453514      7.98945772636576557
-0.86694873419690932     -2.99276058720687210
-0.86694873419609741     -4.99276058720687832
 8.06125449608807365      7.00723941279319718
13.25740691879328814     -1.99276058720729043
-2.86510207337998901      5.98945772636575935
11.41046253232353713     -14.98945772636644769
 2.59715288094914332      3.00723941279323448
-14.98945772636557017      8.98945772636881379
-1.13305126581175064     14.98945772636618656
-2.86510207338065070     13.98945772636611729
-9.79330530350995687      1.98945772611274774
 2.59715288094574781     -0.99276058720676641
-4.59715288094914332      6.98945772636598051
-11.52535611122548076     12.98945772636565543
-14.98945772636389862     -7.00044036237675282
 8.06125449608410349     -0.99276058720680405
 4.32920368851244053     -5.99276058720715188
11.52535611122131698     -4.99276058720690674
-14.98945772636544582      6.98945772636881379
 9.79330530365546537      0.00723941279269434
-1.13305126581130167      6.98945772636610041
 4.06310115689543494     13.98945772636590412
-4.33105034933031341      3.00723941279245111
 8.06125449608790667      5.00723941279319629
 4.21431010961319963     -11.98945772636660934
 0.86510207338052492      6.00723941279271934
 7.94636091718351345     -14.98945772636608353
-9.71768207383344063     -14.12039629492324622
 8.06125449608191502     -6.99276058720681704
14.98945772636431073      7.00723941279323803
 4.06310115689545714      9.98945772636589169
-7.91004554367746149     -6.98945772688561728
-14.98361850839605047     -14.98945772636882978
 2.48225930204366474     -14.98945772636620255
 9.79330530365284702     -1.99276058720730731
 2.59715288094324359     -6.99276058720678417
-11.37096850255723801     -12.99494329163499806
-11.38330573158780368     -1.00549131800739477
