289    32.60773586999999907
-3.17951228200523017      6.30386793498915310
-1.98989664139298550     -15.30386793498921527
15.30386793498772313     -3.25824597980179353
10.12108726193710417     -12.28105695739846581
-11.83976631985141559      1.30386793498866016
15.30386793498862374      8.07707152198311285
 1.47420497374382209     -9.30386793498779774
-15.30386793498775866      5.30386793498853848
-6.64361389714334116     10.30386793498893638
-3.72194744896204854     -14.30386793498939113
 6.07690353492858470     15.30386793498915665
-8.37566470471239910     13.30386793498891507
 0.31472103024683862     12.35797532999301396
-3.72194744896406071     -10.30386793498935738
-3.17951228200511027      4.30386793498915043
 7.07339196994204134     13.56979446512555754
-8.37566470471284319     -6.69613206501156011
15.30386793498835196     -7.25824597980188102
 0.31472103024728404      6.35797532999274306
-4.91156308957430099      9.30386793498902875
-11.83976631985070327     -6.69613206501167824
-1.44746147443623041      5.30386793498928899
 2.07546776724524706      1.40941277108982810
-6.64361389714357031     14.30386793498902875
-8.37566470471201541      7.30386793498887688
11.86650981915721026     -15.30386793498804288
 1.47420497374471027     -13.30386793498829512
15.30386793498875164     -11.25824597980189878
11.83976631985010819     -5.25824597980207642
-3.17951228200476876     -1.69613206501085001
13.58518887707539768     -14.28105695739752967
-8.37566470471267621     -10.69613206501166225
-6.64361389714387762     -7.69613206501141267
-1.44746147443689410     13.30386793498937159
11.83976631985008687      8.07707152198366707
 3.20625578131365385     -14.30386793498818143
-11.83976631985039596     -12.69613206501175462
 5.53956938238303565      3.40941277109010743
 4.07690353492855273     15.30386793498841946
 0.31472103024542364     14.35797532999301573
 3.17951228200534297     -6.25824597980297170
13.57181712741957647     -10.25824597980201958
-4.91156308957468646     13.30386793498903408
-3.17951228200661307     -3.69613206501085045
-10.10771551228107690      8.30386793498884757
 8.38903645436828072     -11.28105695739837699
 8.37566470471165303     10.07707152198275757
-8.91809987167051510     -13.30386793498966469
-15.30386793498793807      9.30386793498855447
15.30386793498796116     10.07707152198482525
 0.31472103024756809      0.35797532999274334
14.19982342022764144      2.40941277109077756
 3.80751857481419576      2.40941277108999952
-10.10771551228161158     -9.69613206501162850
 2.07546776724512538      5.40941277108984764
-13.57181712741944857     -9.69613206501177416
15.30386793498937159     -13.25824597980196806
-1.44746147443765372     -4.69613206501070835
13.57181712741877710      7.07707152198320077
 3.20625578131344913     -12.30386793498798603
-1.98989664139528832     -9.30386793498917619
-10.10771551228187448     -5.69613206501159386
-15.30386793498895770     -0.69613206501178448
-8.91809987166894480     -15.30386793498971798
-11.83976631985059491     -8.69613206501169067
15.30386793498795051      4.07707152198307998
 8.37566470471186086      8.07707152198275224
-8.37566470471178981      1.30386793498881337
-3.17951228200487046      0.30386793498915049
 2.07690353492854962     15.30386793499038234
-11.83976631984991457      7.30386793498872677
-12.38220148680837340     -15.30386793498981568
 7.27162018995199588      2.40941277109022955
-4.91156308957407717      5.30386793498902076
-3.17951228200591185     14.30386793498921172
 6.39878750922095296     11.49735420425973942
-10.10771551228125631     12.30386793498887243
-13.57181712741930646     -11.69613206501179192
-1.44746147443591200     -0.69613206501070934
-6.64361389714290418      4.30386793498889109
 6.67035739645089798     -12.30386793498727371
-6.64361389714280026      2.30386793498889109
12.46777261265879666      1.40941277109070695
 6.64361389714345663     -6.25824597980250985
11.83976631984990746     -3.25824597980205688
-10.65015067923932079     -14.30386793498978903
-13.57181712741988378     -1.69613206501176328
-13.57181712741906310     12.30386793498873921
15.30386793498770359     -1.25824597980179154
 0.31472103024591130     -5.64202467000725605
-4.91156308957492183     -8.69613206501132829
-8.37566470471175428      3.30386793498882181
-13.57181712741980029     -5.69613206501176883
 5.53956938238317598     -0.59058722890992166
 4.02208948380766351     11.86839413520613462
-15.30386793498855447     -8.69613206501185765
-15.30386793498870013     -6.69613206501182745
 5.07339196994204045     13.56979446512490206
 7.27162018995214066     -1.59058722890978022
-8.37566470471220192      9.30386793498888842
 9.00367099752113731     -0.59058722890950199
 8.40424451991929367     12.07686731009786385
13.57181712741983581      9.07707152198338107
 4.91156308957365706     10.07707152198269718
-8.37566470471274727     -8.69613206501156277
-8.37566470471187685      5.30386793498886178
-4.91156308957375654     -0.69613206501099323
-13.57181712742005075      0.30386793498823705
 2.07546776724501125      7.40941277108985030
13.57181712741897428     -4.25824597980201602
 8.40240820401999144     -15.30386793498828624
 5.53956938238287133      7.40941277109015672
-6.64361389714282247      0.30386793498888565
 8.40240820401974275     -13.30386793498737141
11.83976631985115446     10.07707152198374700
12.46777261265871850      3.40941277109071406
-6.64361389714302764      6.30386793498891151
 3.19288403166129076     -8.28105695739900227
-1.44746147443718187     -6.69613206501070835
-13.57181712741896895      8.30386793498870013
-3.17951228200630398     -5.69613206501110003
-8.37566470471236535     11.30386793498889375
 2.07546776724547932     -2.59058722891020787
-6.64361389714405171     -5.69613206501140379
-10.10771551228168619     -7.69613206501162761
 2.75403589715699981     13.42193583719932093
-8.37566470471303681     -4.69613206501152103
 2.07546776724539761     -0.59058722891019055
 6.65698564679935956     -10.28105695739845338
 3.80751857481437073     -1.59058722891004778
-15.30386793498881914     -2.69613206501179326
-13.57181712741983759     -3.69613206501176705
-15.30386793498785636      7.30386793498853848
 0.31472103024765435     -1.64202467000725649
15.30386793498771958      0.74175402019822956
-10.10771551228202547     -3.69613206501158631
 9.00367099752102895      1.40941277109049867
-11.83976631985085071     -4.69613206501167646
11.83976631984974759     -1.25824597980205444
 4.93830658888197593     -11.30386793498733233
 4.92493483923036468     -9.28105695739865943
-15.30386793498812104     13.30386793498858466
-1.44746147443615270      3.30386793498928943
-7.18604906410005029     -14.30386793498961495
 9.98938317569725953     13.29647829409974058
 3.80751857481390799      8.40941277109001106
-4.91156308957395282      3.30386793498901099
-10.10771551228240206      0.30386793498874132
-6.64361389714314399      8.30386793498891862
11.83976631985068728     -11.25824597980230024
-5.45399825653289572     -11.30386793498943021
-0.25784583382423848     -14.30386793498895770
 0.31472103024717141      8.35797532999277060
-1.44746147443599971      1.30386793498929010
-13.57181712741924962     -13.69613206501179725
10.10771551228124387      7.07707152198359069
-10.10771551228122966     10.30386793498884757
-1.44746147443638895      7.30386793498928810
-3.17951228200566671     12.30386793498916909
10.10771551228170395     -10.25824597980235175
 8.37566470471268687     -9.25824597980258801
-15.28550488202606239     -15.30058173487999085
10.10771551228152276     -8.25824597980228781
-1.98989664139327882     -13.30386793498917797
15.30386793498800024     -5.25824597980182862
-6.64361389714452333     -1.69613206501111646
-4.91156308957446885     11.30386793498902875
-1.44746147443770634     15.30386793499037523
 0.31472103024702558     10.35797532999301396
 0.31472103024743681      2.35797532999274306
13.57181712741949831     -8.25824597980201780
-7.18604906410167210     -12.30386793498960429
-15.30386793498801268     11.30386793498856512
 8.37566470471210067     -3.25824597980232422
 2.07546776724522308      3.40941277108984053
 3.80751857481446443     -3.59058722891005910
 9.00367099752093480      3.40941277109052843
-3.17951228200534475      8.30386793498915310
10.23393367552482758     11.26925503068400403
 6.64361389714263062      9.07707152198284106
-4.91156308957471310     15.30386793498941067
-11.83976631984976002      3.30386793498866238
10.73572180508987017      2.40941277109062346
 1.46083322409131222     -7.28105695740091186
-1.98989664139359679     -11.30386793498917619
 8.37566470471225877     -5.25824597980232511
-3.72194744896238605     -12.30386793498935738
 0.31472103024783959     -3.64202467000725649
10.10771551228112486     -4.25824597980225494
 7.27162018995209891      0.40941277109022817
11.83976631985029648     -7.25824597980210484
11.83976631984989147      6.07707152198318656
10.10771551228132381     -6.25824597980226116
-4.91156308957420240      7.30386793498902787
-10.10771551228154230     -11.69613206501168712
 2.07546776724565518     -4.59058722891022963
-13.57181712741879132      6.30386793498869480
13.57181712741995128     11.07707152198663003
-10.10771551228074649      2.30386793498876674
-10.10771551228081044      4.30386793498877118
 1.47420497374492787     -15.30386793498847098
13.48994602004865051     15.30386793498731457
-11.83976631985104788     -0.69613206501166147
-5.45399825653094705     -15.30386793498943199
10.13445901158860174     -14.30386793498752773
 0.31472103024733750      4.35797532999274306
-1.44746147443576101     -2.69613206501070879
-4.91156308957526644     -4.69613206501124303
 3.80751857481398570      6.40941277109000573
15.30386793498775333      6.07707152198308798
 5.53956938238312802      1.40941277109008944
-11.83976631985012951     11.30386793498881204
-8.37566470471248081     15.30386793498897191
 4.91156308957442178     -5.25824597980261910
-1.44746147443651951      9.30386793498928810
15.30386793499038589     -15.30386793499038234
10.10771551228167731      9.07707152198455347
15.30386793496267295     12.07707152226985414
-8.37566470471318603     -2.69613206501151792
15.30386793498737674     14.46143853942638557
-3.17951228200499481      2.30386793498915043
 2.07546776724494020      9.40941277108985474
11.78342067193304743     14.26090521454180582
-13.57181712742039359      2.30386793498868192
 4.93830658888238538     -13.30386793498792564
-4.91156308957557375     -2.69613206501099389
 5.53956938238332341     -2.59058722890992277
-11.83976631985006911      9.30386793498876763
-1.44746147443668138     11.30386793498930764
-11.83976631985019345     13.30386793498881381
 6.67035739645122394     -14.30386793498799314
10.10771551228092591     -2.25824597980216168
11.96598448309285700     12.26925503068549794
-5.45399825653123571     -13.30386793498943199
-8.37566470471344715     -0.69613206501119496
-11.83976631984973871      5.30386793498872589
13.57181712741878421      5.07707152198319100
-3.17951228200548286     10.30386793498915488
 3.80751857481422595      0.40941277108998886
-3.17951228200608593     -7.69613206501110003
 5.53956938238293972      5.40941277109012830
 4.91156308957460208     -7.25824597980263864
-13.57181712741903645     10.30386793498872322
-15.30386793498907139      1.30386793498821563
-0.25784583382454873     -12.30386793498892217
-6.64361389714378259     -9.69613206501141889
-13.57181712741954449     -7.69613206501177416
 4.93830658888247420     -15.30386793498829689
-10.10771551228130960     14.30386793498888665
-11.83976631985094841     -2.69613206501166447
-4.91156308957508969     -6.69613206501125724
-15.30386793498828979     -10.69613206501186298
10.73572180508997675      0.40941277109060581
-15.30386793498937692      3.30386793498853226
13.57181712741876467     -2.25824597980186859
 7.27162018995188841      4.40941277109024465
-15.30386793498879605     -4.69613206501179992
13.57181712741993529     -12.25824597980201958
-15.30386793498808018     15.30386793498865394
 3.80751857481409761      4.40941277109000573
-13.57181712741911106     14.30386793498875520
 8.37566470471252877     -7.25824597980246367
-10.10771551228211962     -1.69613206501157787
-6.64361389714423112     -3.69613206501139357
-4.91156308957382937      1.30386793498901055
 9.00367099752113909      5.40941277109102270
 7.27162018995181114      6.40941277109025709
13.57181712741876645     -0.25824597980184055
-11.83976631985023964     15.30386793498888487
-15.30386793498818143     -12.69613206501189140
-6.64361389714350814     12.30386793498893816
 6.64361389714325412     -4.25824597980248942
-10.10771551228086373      6.30386793498882003
-0.25784583382486082     -10.30386793498891684
 3.20625578131295619     -10.30386793498752063
10.73572180508980978      4.40941277109065943
-13.57181712741870250      4.30386793498869036
11.83976631985054517     -9.25824597980225938
15.30386793498872855     -9.25824597980188813
-0.25784583382656118     -8.30386793498891684
 6.64361389714359962     -8.25824597980254183
13.57181712741921586     -6.25824597980201602
13.69803529055838531     13.26925503086473235
11.85313806950615678     -13.28105695739816028
10.07689532381770903     15.30386793498766274
-11.83976631985046701     -10.69613206501169245
 8.07689942937314598     15.29981550299861759
 2.07546776724482207     11.40941277108985474
 1.47420497374440873     -11.30386793498825604
