291    32.71322377060020870
 1.50020542475113405      3.18975896415903204
 3.23225623231882064      0.18975896415757462
-10.16045946259322186     -14.35661188529865306
15.35661188529929078      7.18975896416117166
11.89251027016357654     11.18975896416799110
 4.96430703988686073     -4.81024103584569573
11.89251027016376661      5.18975896415709492
13.62456107773072311      0.18975896415521351
-8.89209942066276326     -0.81024103584359686
-13.62456107773058456     -0.35661188529665233
 4.96430703988851363      5.18975896415968396
-8.89209942066288761      1.18975896415640237
 8.89209942066386638     -15.35661188529972954
 6.69635784746010287      8.18975896416221616
-11.89251027016164031     -1.35661188529655963
11.89251027016312356      3.18975896415709181
13.62456107773075331     -3.81024103584532670
-15.35661188529944177     -15.35661188529902432
-1.50020542474902507     -11.35661188529860155
10.16045946259297850     -3.81024103584510199
-15.35661188530005639      3.73612981360766572
11.89251027017557050     13.18975896419848581
-9.33844541301761843     11.90312649148458846
-5.42799780552474509     -0.81024103584292273
-12.35620103580101237      3.18975896415575821
10.16045946259512256      6.18975896415749194
-10.33844541303104236     13.63517729904572562
-9.32027894076474972     15.35661188530010790
-14.50630171121201961     13.54637084945598069
 6.69635784745561580     -9.81024103584620022
-5.42799780552519362      3.18975896415746707
11.89251027016187123     -6.81024103584552609
-12.50630171121201784     13.54637084945794179
-5.42799780552478328      1.18975896415708227
-15.35661188529924992     -11.35661188529673993
13.62456107773101266     -13.81024103584659279
 8.42840865502857461      7.18975896416152072
13.62456107773207847     10.18975896416725924
-3.69594699795594384     -1.81024103584305318
-8.89209942066292491      3.18975896415640170
 8.42840865502447834     -10.81024103584625706
-5.32027894076475505     15.35661188530010612
-12.35620103580091822      1.18975896415575888
13.62456107773103930     -11.81024103584628193
-0.23184538281748324      4.18975896415948057
-5.32053105682588257      9.35704869029464348
-11.89251027016126372     -11.35661188529657473
-15.35661188529920018     -7.35661188529674082
-13.62456107773046377     -2.35661188529665200
 7.16004861309517349     -14.35661188529930854
 1.60792428950169120     11.35661188528443866
-10.16045946259230170     -10.35661188529632959
-8.42840865502341785     -9.35661188529632959
-15.35661188529709342      9.73612981361365648
-1.96389619038738594     -4.81024103584381102
-7.16004861309359075     -1.81024103584308271
-0.23184538281849207      0.18975896415759019
-7.16004861309431373      4.18975896415704518
15.35661188529949328     -6.81024103584535556
 4.96430703988665556     -2.81024103584497986
10.62415022823297051     -14.35661188529957322
-8.42840865502451209     -13.35661188529832977
-11.89251027016122109     -5.35661188529655785
-8.42840865502321535     -7.35661188529614218
 3.69594699795754300     -12.35661188529903320
-3.23225623231797687     -12.35661188529847543
 3.23225623231922388      2.18975896415767002
-3.58822813345171809     12.35661188529465981
 8.42840865502445347     -6.81024103584596574
 4.96430703988678701     -8.81024103584611673
 1.60792428950483512     15.35661188529962118
 0.23184538281970304     -14.35661188529895504
-1.85617732563127080     11.35661188529419974
 4.96430703988680300     -6.81024103584588936
-11.89251027016122286     -3.35661188529655874
 8.53612751976944040     15.35661188529825871
-1.85617732563033910     13.35661188529433829
-14.08825184336989089      2.18975896415562277
-13.62456107773016178     -4.35661188529665200
 8.42840865502579462      5.18975896415794669
-4.96430703988667510     -15.35661188529907584
10.16045946259454880     12.18975896416774951
 5.42799780552656053     -11.35661188529911669
11.89251027016179130     -4.81024103584524010
-7.16004861309371421      0.18975896415691712
 3.33997509706853268     12.35661188528833598
-11.89251027016221940     -13.35661188529803844
-15.35661188530010612      5.73612981360770746
13.62456107773241953      4.18975896415671389
12.35620103580177265     -15.35661188529974908
15.35661188529994803      1.18975896415465354
-15.35661188529940979     -1.35661188529674148
-1.50020542474908392     -15.35661188529913268
11.89251027016165807     -0.81024103584446816
-3.69594699795626802      4.18975896415834725
-10.16045946259377430      6.73612981360836471
 6.80407671220500010     14.35661188529057419
 3.23225623231798398     -7.81024103584598972
15.35661188529965848     -2.81024103584535467
 0.23184538282012548     -8.35661188529874543
15.35661188529991783     -10.81024103584610785
-10.16045946259208677     -4.35661188529615195
-10.16045946259219512     -8.35661188529615373
13.62456107773098779     -9.81024103584612739
11.89251027016204887      7.18975896416103399
-11.35360099858050198     11.91196543246410400
-6.69635784745447271     -8.35661188529637400
-10.13526184769272831     10.06871008035225401
-4.96430703988672573     -13.35661188529870280
-8.89209942066356263      5.18975896415640126
 3.23225623231809012     -3.81024103584551588
-6.69635784745407658     -4.35661188529608268
-1.85617732563193161     15.35661188529920373
-1.96389619038728402     -2.81024103584342910
-4.96430703988678168     -11.35661188529826582
 3.23225623231801107     -5.81024103584574192
-7.99534916886229219     10.09841232867195693
 1.50020542475015972     -0.81024103584280038
-15.35661188529963539      0.64338811470326640
 5.07202590464118064     15.35661188529950927
-8.32027893965372911     13.62456107708978337
 4.96430703988750377      3.18975896415871896
13.62456107774442415     14.18975896419990868
-6.69635784745432083     -6.35661188529615373
15.35661188529975618     -0.81024103584535334
10.16045946259405142      2.18975896415740845
15.35354212396574880     -15.35463441236793436
13.62456107773073199     -7.81024103584555540
11.89251027016192985     -2.81024103584523210
 6.69635784745560869     -7.81024103584602170
-3.23225623231656600     -6.35661188529663157
 1.50020542475064222      5.18975896416079507
-13.62456107773110325     -14.35661188529804022
-11.89251027016131879     -9.35661188529655696
 3.23225623232052550      8.18975896416040605
-13.35380808791831164     11.67832614936374114
 5.07202590463687830     13.35661188528926679
-3.69594699795571868      0.18975896415741128
 8.42840865502526349      3.18975896415793647
 6.69635784745661233      4.18975896415833393
-10.62415022823208766      2.18975896415584081
-3.23225623231787740     -14.35661188529892307
 1.96389619038891694     -9.35661188529889287
-1.96389619038715013      1.18975896415796933
 1.96389619038860053     -13.35661188529897636
 5.42799780552623279     -15.35661188529928900
-3.69594699795611659     -3.81024103584356100
 6.69635784745656082      0.18975896415694987
-0.12412651806771947     10.35661188528497512
12.00022913490645848     15.35661188529848253
 6.69635784745918894      6.18975896416189020
10.16045946259328581     -7.81024103584604035
 0.23184538281978659     -12.35661188529875609
 8.42840865502422076     -4.81024103584530849
 6.69635784745536888     -1.81024103584469942
-13.35661188529904919     15.35661188529932808
-15.35661188529917531     -5.35661188529674082
15.35661188530010790      3.18975896415466398
-0.23184538281957753     -5.81024103584565932
-13.62456107773031810     -12.35661188529666710
-0.12412651806197063     12.35661188529346433
-12.13526049119036010     10.07103945958717084
-7.23159094012222070     11.94683689246457092
-3.58870555120284962      8.35661182830335036
11.89251027016207907     -12.81024103584653417
 4.96430703988787148      1.18975896415727389
10.16045946259313837     -1.81024103584508644
 4.96430703988751088     -0.81024103584275087
 1.50020542475028407     -2.81024103584366447
 6.69635784745542839     -3.81024103584516105
13.62456107773048863      8.18975896416179516
-5.73234148936971000     13.39841505237850150
-13.62456107773024172     -6.35661188529665111
-0.23184538281786810      6.18975896416144433
 3.23225623231989090      6.18975896416016358
 3.69594699795739823     -14.35661188529911492
 5.07202590463707548     11.35661188528775867
10.16045946259538191     10.18975896416676719
10.16045946259331068     -11.81024103584633878
 4.96430703988904298      7.18975896415970350
-10.16045946259209742     -6.35661188529615195
-6.69635784745565665     -12.35661188529826937
10.26817832733799563     14.35661188529769916
-3.23225623231773440     -8.35661188529819121
-3.23225623231785786     -10.35661188529834753
 6.69635784745565132     -5.81024103584584051
15.35661188529812549     13.18975896417362392
-8.42840865502442682     -11.35661188529808108
-7.04258745450794610      8.33993426054631470
 6.69635784745684237     10.18975896416386462
-0.23184538281856804     -3.81024103584370755
11.89251027016214834     -8.81024103584606344
-9.04185499057359721      8.39405744628008499
-15.35661188529927124     -13.35661188529681276
 8.42840865502487269      1.18975896415793048
13.62456107772966440     12.18975896417286364
 8.89209942066420922     -13.35661188529932986
11.89251027016186057      1.18975896415553151
-15.35661188529928900     -3.35661188529674126
 8.42840865502415859     -2.81024103584490792
 1.50020542475016860      1.18975896415796623
 6.69635784745616380      2.18975896415831395
 3.33997509707310369     14.35661188529810417
 1.60792428950080191      9.35661188528435872
 8.42840865502443926     -8.81024103584610430
 1.50020542474919227     -6.81024103584584228
-0.23184538281840431     -1.81024103584334251
-0.12412651806833760      8.35661188528476906
-10.62415022823196331      0.18975896415584248
15.35661188529818943     11.18975896417206783
-15.35661188529705790     11.73612981361366003
10.16045946259536414      8.18975896416518090
13.62456107773075331      6.18975896416055171
-3.58822813319886569     14.35661188529493870
-13.62456107773020264     -10.35661188529665644
-3.58822813320556877      6.35661188528386223
 7.16004861309538043     -12.35661188529922327
-11.89251027016130458     -7.35661188529655696
-11.87370367166196949      7.76886004325722013
11.89251027016385898      9.18975896416600690
 8.42840865502436465     -0.81024103584490814
-10.16045946259225374     -2.35661188529615240
13.62456107773091851      2.18975896415521332
-8.42840865502432024     -15.35661188529902255
-15.35661188529924814     -9.35661188529673993
15.35661188530002441     -12.81024103584621798
15.35661188529863530      9.18975896416309190
15.35201283081880597     15.35373313648534221
-1.50020542474864538     -7.35661188529856069
10.16045946259273336      0.18975896415596866
-1.50020542474885787     -9.35661188529856069
-11.89251027016200446     -15.35661188529892485
-4.96430703988558175     -7.35661188529639443
-7.16004861309375329      2.18975896415691684
10.16045946259329824     -9.81024103584613627
-5.42799780552565370      5.18975896415746707
 3.23225623231884995     -1.81024103584312468
-13.62456107773124003      6.73612981360773144
-13.62456107773026126     -8.35661188529665111
 5.42799780552636335     -13.35661188529913446
-3.58822813320040668     10.35661188529465093
-8.42840865502290093     -3.35661188529578691
 0.23184538281994280     -10.35661188529875609
-7.32027894076475238     15.35661188530010612
-1.50020542474908725     -13.35661188529876497
 3.33997509707034013     10.35661188528405141
-7.17286916998676372      6.24997220467107439
-15.35661188530011323      7.73612981360772611
10.16045946259302468     -5.81024103584543550
-13.62456107773124536      8.73612981360773055
-1.96389619038705532     -0.81024103584295470
-10.16045946259328048     -12.35661188529814147
13.62456107773063252     -5.81024103584532625
 6.80407671220541932     12.35661188528868415
 1.50020542474923979     -4.81024103584555895
-15.35661188529913801     15.35661188529754817
-8.42840865502308034     -5.35661188529593879
-5.40648518992719662      7.18964326265328602
-3.69594699795621562      2.18975896415764248
 8.42840865502688352      9.18975896416588078
 3.69594699795772064     -10.35661188529902610
 8.42840865502608061     11.18975896416603355
10.16045946259443156      4.18975896415743954
 3.23225623231936998      4.18975896416014315
15.35661188529949328      5.18975896416003923
-5.42799780552477529     -2.81024103584318574
-10.62415022823212318      4.18975896415583904
 1.96389619038847907     -15.35661188529915400
15.35661188529958032     -8.81024103584563356
-13.62456107773121161      4.73612981360773233
 1.96389619038874552     -11.35661188529889287
 1.60792428950476096     13.35661188529717869
-1.85617732563685944      9.35661188528541743
-1.85617732563758930      7.35661188528541743
-6.69635784745555185     -10.35661188529807930
-0.12412651806350468     14.35661188529835286
-4.96430703988662714     -9.35661188529816101
11.89251027016213591     -10.81024103584623930
13.62456107773055081     -1.81024103584478624
 8.53612751977356510     13.35661188528995069
-6.69635784745553853     -14.35661188529881471
-4.96430703988532240     -5.35661188529636156
 4.96430703988979616      9.18975896415973281
-1.96389619038755181      3.18975896415802573
15.35661188529962828     -4.81024103584535467
-11.89251027016232598      5.73612981360780516
-0.23184538281792516      2.18975896415932336
 1.50020542475139607      7.18975896416082971
-5.32053105707793694     11.35704869029468789
-1.96389619038719920      5.18975896415802573
-11.35661188529864418     15.35661188529943821
