292    32.77137728802664185
-5.57119291194161192     11.92158702888635347
 2.00489336936020068     -10.18953622130475090
-11.61084289499389044      2.11227013016011700
 5.19039763733520321     11.92158702887245703
-0.09275213397356531     -10.24970953664759499
 5.00489336936036455     -4.99338379859799719
13.38568864401021408     -8.74267603126369863
-5.38568864400897507     -15.38568864401081093
-2.09275213397322135     -13.71381115178554211
-13.59357433155769002      7.65835810322575039
 7.19039763733515702      8.45748541373462714
12.38568864401004710     -3.54652360855690763
-6.57119291197114208     13.65363783643819140
13.38568864401011105     -1.81447280098795116
 0.80960236268418539     -1.64962881415205387
13.28804314067541270     11.98176034422008307
-5.19039763731400416      1.81447280098643726
-13.38567286302468418     -1.44567900517777104
15.38568864401071146      8.57783204442485037
-4.19039763731420489      0.08242199341744429
-15.38568864400901504     -15.38568864400575187
 9.19039763733563220     15.38568864401066882
-4.28804314065444103     -13.71381115179854326
-15.38568864401332981      2.55427917732619258
-14.38568864400766323     -13.65363783643738138
-4.57119291194166788     13.65363783645525686
12.38568864401012526     -7.01062522369486363
-3.19039763731955883     -8.57783204442965719
-11.38568864400372860     -8.45748541373082396
 5.19039763733501314      4.99338379859681325
 6.19039763733506732      3.26133299102759144
 1.19039763733563442     15.38568864401073100
-15.38568864401127101      6.56496303474558029
-0.99510663064007299     -15.38568864401173997
-2.19039763729366932     13.93882845395991588
-4.19039763731386738      3.54652360855568816
14.38568864401061376     -7.01062522369437424
 4.00489336936020646     -10.18953622130460879
-5.19039763731380077      5.27857441612461376
12.38568864400998493     -0.08242199341913724
 6.00489336936031215     -6.72543460616690592
-1.19039763731399795      1.81447280098675012
 0.80960236270407770      8.74267603125199244
12.38568864400967229      6.84578123685628359
-13.65055917407450536      1.55963063510145505
-4.19039763731392600     10.47472683883136391
-10.38568864400578917     -13.65363783643816475
10.00489336936036011     -10.18953622130485037
 9.00489336936044893     -8.45748541373592211
-7.19039763731815285     -5.11373042929087784
-9.74561168141718426      8.34432195995016990
12.00489336936036544     -13.65363783644264295
-12.46184447603037349     -3.21954278168122832
-6.19039763731695647     -3.38167962172150860
-12.38568864400341774     -6.72543460616176603
14.38568864401023184      6.84578123685616902
 1.80960236268324803     -3.38167962172147307
-1.09275213397369408     -11.98176034421639535
-3.19039763731805470     -5.11373042929117627
11.38568864400995828     -5.27857441612608280
13.38568864401021230     -5.27857441612569112
-11.38568864400498626     -11.92158702886865029
-5.57119291196404465     15.38568864401122305
-4.19039763732065307     -10.30988285199895849
-7.19039763731406900      1.81447280098663288
 0.80960236268200680     -5.11373042929110788
-4.19039763731679571     -3.38167962172157255
-1.19039763731802783     -5.11373042929139388
 9.19039763733518988      8.45748541373470175
 6.19039763733532489     13.65363783644142970
-13.63712717018140630      5.59412176438365538
 7.28804314067622716      1.58945549880635095
-13.38568864400486369     -8.45748541372993046
 6.00489336936055729     -3.26133299102922924
 0.80960236268600949      1.81447280098669461
 8.38568864400997604     -0.08242199341944026
11.19039763733563397     15.38568864401082514
 4.00489336936027751     -6.72543460616682420
13.19039763733563753     15.38568864401135627
 1.00489336935998530     -11.92158702887354949
-0.80960236266436492     15.38568864401332270
-1.19039763731379411      8.74267603126239123
-3.19039763730393044     -15.38568864401332625
-10.38568864400434322     -10.18953622130005598
 8.19039763733533022     13.65363783644151852
-12.65612797152780011     13.60672245566855842
 3.19039763733563397     15.38568864401051073
-3.19039763731392467      8.74267603126245874
-13.38568864400522607     -11.92158702886938393
-10.17970404433500953      5.53686742803381993
 4.19039763733530268     13.65363783644140305
-12.18714786898435065      0.19638914800743712
10.28804314067568448      6.78560792151329206
13.38568864400975045      8.57783204442511682
 8.00489336937827289     -3.26133299103952190
15.38568864401127811     -8.74267603126291348
-2.19039763731420134      0.08242199341772691
-11.57119291197117228     11.92158702886640675
 1.90724786602646978     -6.78560792150986636
-13.38568864400958525     -4.99338379859644910
-4.19039763731883497     -6.84578123686034701
-9.57119291196443100     15.38568864401099212
-8.57119291194121757      6.72543460617951361
 7.00489336936050133     -4.99338379859813841
 7.19039763733520321     11.92158702887247301
-9.19039763731663051     -1.64962881415224527
11.00489336937813079     -8.45748541374623208
-11.92506181674016297      4.56027834028764989
-15.38568864401124259     14.54449589654539743
-2.19039763731387804      7.01062522369356156
-3.19039763731586579     -1.64962881415239160
-15.38568864400964920      8.56496303474557941
13.00489336937810236     -11.92158702888400335
 2.80960236268421504     -1.64962881415209517
-0.19039763731386813      3.54652360855564197
 6.19039763733520410     10.18953622130354297
12.19039763733536397     13.65363783644179207
 9.00489336936015583     -11.92158702887363297
 1.80960236268580399      0.08242199341769899
 0.90724786602663732     -8.51765872907883725
-6.19039763731386738      3.54652360855539284
 6.00489336936020646     -10.18953622130464787
 9.28804314067568981      5.05355711394441265
11.19039763733522719     11.92158702887266308
 8.00489336936047202     -6.72543460616703204
 6.00489336936009632     -13.65363783644243512
10.38568864400959590      3.38167962171857273
13.38568864401002934      5.11373042928740862
11.38568864400995295     -1.81447280098808394
-9.38568864400363445     -8.45748541373072449
-11.57119291196486977     15.38568864401115910
-7.38568864400897507     -15.38568864400956393
 9.00489336935999596     -15.38568864401147884
-8.19039763731719184     -3.38167962172144598
 0.80960236268620622      5.27857441612447609
 5.19039763733563309     15.38568864401050895
-5.19039763731591730     -1.64962881415218887
-12.38568864400593661     -13.65363783643882911
-11.38568864400897596     -15.38568864400963854
14.28804314067500414     13.71381115178919607
-3.19039763731380033      5.27857441612463951
-15.38568864400973624     -8.45748541373417773
-7.57119291196430844     15.38568864401109693
15.38568864401143266     -12.20677764640085528
-3.19039763732389359     -12.04193365956972706
-0.19039763731419598      0.08242199341775824
-11.89176939794668897      6.57071085244683850
 2.19039763733526849     13.65363783644157358
 6.19039763733508241      6.72543460616574951
-2.19039763731876347     -6.84578123686046247
 2.00489336935996576     -13.65363783644244222
-7.57119291197117228     11.92158702886929689
-0.19039763731676912     -3.38167962172151926
11.38568864400958169      5.11373042928745836
-3.19039763731381543     12.20677764640020335
-0.19039763729583820     10.47472683882091538
-3.19039763731400061      1.81447280098672015
-13.35940551780926633      9.73483814088187316
 3.00489336935994533     -15.38568864401140068
13.00489336936023932     -15.38568864401159431
-8.19039763731420400      0.08242199341783417
 3.00489336936019491     -8.45748541373567697
-12.38568864400449776     -10.18953622129935965
-8.57119291197119360     13.65363783643817008
14.38568864401032776      3.38167962171845282
-9.19039763731406900      1.81447280098683139
 9.38568864400995118     -1.81447280098833219
-7.28804314064869718     -8.51765872908861077
10.00489336936013807     -13.65363783644252038
15.38568864401105962     -5.27857441612542200
12.38568864400986591      3.38167962171862557
-6.19039763731420489      0.08242199341767655
-6.28804314064952052     -10.24970953665795825
-10.57119291197237310     13.65363783643745954
-6.38568864400577851     -13.65363783643919149
10.38568864400997604     -0.08242199341919300
 3.90724786602662055     -3.32150630637220257
 7.19039763733505755      4.99338379859682835
 5.00489336935997997     -15.38568864401167957
 2.80960236268600960      1.81447280098658581
 3.19039763733514992      8.45748541373472840
-11.29631752075462892     -1.59425913981261869
-5.19039763731957571     -8.57783204442945646
 8.00489336936010787     -13.65363783644253637
-4.19039763731388160      7.01062522369353758
-0.19039763731874640     -6.84578123686068540
-7.19039763731379988      5.27857441612430733
 5.90724786604458263      0.14259530875517804
10.19039763733533377     13.65363783644160378
-7.38568864400496228     -11.92158702886957755
-14.38568864400471981     -10.18953622130020342
 4.80960236270357910      1.81447280097620456
 4.90724786602681018     -1.58945549880343684
-8.38568864400431302     -10.18953622130014658
-2.19039763731383763     10.47472683883130706
12.00489336937829243     -10.18953622131501646
 2.19039763733520010     10.18953622130366554
 4.19039763733520054     10.18953622130357850
-10.28804314064638525     -3.32150630638065847
15.38568864401095304     -1.81447280098779129
-9.28804314064721837     -5.05355711395001173
 9.00489336937824447     -4.99338379860841464
14.38568864401041658     -0.08242199341905621
10.19039763733522364     10.18953622130369929
-1.19039763731952886     -8.57783204442978153
-15.38568864398492053     -1.44570176473710821
-2.19039763731386783      3.54652360855570237
-13.38568864400897773     -15.38568864400774316
-11.38568864400369485     -4.99338379859160231
-6.19039763731394554      7.01062522369343810
-8.38568864400578917     -13.65363783643871720
12.28804314067555836     10.24970953665111928
13.38568864401011815      1.64962881414966844
 7.00489336936015139     -11.92158702887356903
-15.38568864401332270      4.56496303474558118
 4.00489336936009099     -13.65363783644257012
-15.38568864400959590     -4.99338379858047876
 1.00489336935993334     -15.38568864401133141
14.38568864401045744     -3.54652360855673310
10.38568864400991565     -3.54652360855723003
 3.19039763733519832     11.92158702887254762
11.00489336936007767     -15.38568864401146818
 0.19039763733523582     13.65363783644197326
-11.73740615622001293      8.56474495185544882
-7.19039763731605674     -1.64962881415211227
-1.19039763731584447     -1.64962881415210405
 2.90724786602651442     -5.05355711394101714
-8.19647965431946268      3.55003613794002293
15.38555266643260389     -15.38565227567566751
 1.19039763733516124     11.92158702887270572
 5.00489336936022688     -8.45748541373573381
-15.18362541018450251     10.55472946564547954
 3.80960236268580399      0.08242199341758970
11.38568864400978420      1.64962881414979523
15.38568864401070613      5.11373042928733490
15.38568864401081626      1.64962881414976015
-1.19039763729564640     12.20677764638990048
 5.00489336936015139     -11.92158702887351751
 8.19039763733508330      6.72543460616570155
14.00489336937811125     -13.65363783645303464
-10.38568864400335556     -6.72543460616125444
-0.19039763731383952      7.01062522369345942
 5.19039763733515080      8.45748541373466978
-7.57119291194157640      8.45748541374859109
11.28804314067556902      8.51765872908223542
 1.80960236268613195      3.54652360855553583
-13.65673300364013798      3.55962110603587689
-1.19039763731380033      5.27857441612455958
-8.28804314064792536     -6.78560792151929260
-9.38568864400496672     -11.92158702886935728
-14.38568864401390890     -6.72543460616288069
 9.38568864400964742      1.64962881414964579
-10.19039763731420400      0.08242199341803247
 7.19039763733563220     15.38568864401058178
-6.57119291194161104     10.18953622131748205
-14.46184447603039480     -3.21954278166523045
-15.37951483770701877      0.55428870626920257
-8.57119291204188549     10.18953622125956571
-2.19039763731679038     -3.38167962172180259
-5.19039763731813597     -5.11373042929106614
-9.38568864400897596     -15.38568864400893865
14.38568864401048231     -10.47472683883245281
 7.00489336937832974     -1.52928218347061295
15.38568864401229774     15.38568864401269032
 7.00489336936027662     -8.45748541373580842
-10.57119291204545597     10.18953622125379077
-3.57119291192296284     15.38568864401332981
-5.19039763731397574      8.74267603126242143
-5.28804314065060588     -11.98176034422745673
 3.80960236270378605      3.54652360854519966
 8.28804314067568626      3.32150630637553901
-15.38568864400946978     12.54449589654539743
-6.19039763731892823     -6.84578123686020312
 2.80960236270392727      5.27857441611415634
 7.00489336935999507     -15.38568864401137049
15.38568864401053382     12.04193365956244399
-13.57119291196531918     15.38568864401068126
-13.56146875033384980     11.72460457474994300
 0.00489336935993507     -13.65363783644240314
 8.00489336936020912     -10.18953622130472425
-9.57119291197117228     11.92158702886926847
14.38568864400996716     10.30988285199388343
10.00489336937823914     -6.72543460617729405
 3.00489336936015139     -11.92158702887365607
-2.19039763732039949     -10.30988285199903309
11.00489336936036544     -11.92158702887373600
 9.19039763733522008     11.92158702887257782
-15.38568864400773606     -11.92158702886748500
-10.20663197149072943      3.53704871456524783
 8.19039763733521831     10.18953622130360515
 1.80960236270400587      7.01062522368307661
 4.19039763733507353      6.72543460616580724
