309    33.65305958410407783
-8.01365272407218399     -15.40555431835035627
-10.11596496814889967     -1.49397828364164686
 3.82652979205210864     -15.82652979205037447
-1.11596496815120072     10.63037736934319177
11.88403503184933996     12.36242817691308105
-6.11596496814789603     -4.95807989877853394
-13.92909094296624062     -15.82652979205204424
 3.88403503184921117      8.89832656177487635
 7.82652979205208954     -15.82652979204924115
-9.11596496814923718      0.23807252392743330
12.82652979205178312     -7.16627575419809748
-3.11596496815122981     10.63037736934303013
 7.82652979205139232     -1.97012333149269381
-12.11522513408186974     -8.47657626463370129
-4.11596496814686308     -8.42218151391620218
-9.11596496815097090      3.70217413906721760
-6.11596496814855861     -1.49397828364074114
-7.11596496815456359     14.09447898447906766
 1.88403503184949739      5.43422494663695321
 3.88403503185176646     -1.49397828363933516
 1.88403503184860210     15.82652979205029276
 8.82652979205033716      3.22602909121741721
-13.91552850533575736     -4.08708292789778138
-5.11596496815101975      7.16627575420515051
-0.11596496814850908      1.97012333149799890
-5.11596496814753632     -6.69013070634726592
14.82652979205078658      3.22602909121962522
-10.11596496815458579      8.89832656177192050
-9.11596496814654955     -10.15423232148594401
-15.79124963893226941      4.82784388307459533
 2.82652979205163390     -7.16627575420337681
-8.11596496815465329     12.36242817690988893
10.82652979205144206     -3.70217413906053228
 8.82652979205163213     -7.16627575420100449
-14.02506349604283109     -2.09008465904254237
10.82652979205046684      6.69013070635697193
-3.11596496815098911      7.16627575420529084
-3.11596496814810164     -3.22602909120917314
-11.11596496816382995      7.16627575419758767
-10.11596496814853730      1.97012333149672214
-2.11596496814850976      1.97012333149778529
13.82652979205143140     -5.43422494662702604
-9.96884571979961720     -15.82652979205204069
-12.11596496814890145     -1.49397828364194929
-3.11596496814654600     -10.15423232148500787
-15.82652979204930510     12.79020552656510112
 1.82652979205205401     -8.89832656177366310
11.82652979205142962     -5.43422494662941968
 7.82652979205201405      1.49397828364643659
 7.88403503184907883     12.36242817691300289
-12.11596496814853730      1.97012333149699814
 1.88403503185149090      1.97012333149826158
-4.11596496815140256     15.82652979204997479
-14.10900436245842471      1.80340808705642197
 9.82652979205204780     -8.89832656176964143
-14.09593555841481027     -12.19177243275000500
12.82652979205365895     -14.09447898447816705
 4.82652979205324861     -14.09447898447978709
-9.11596496815471724     10.63037736934088429
-0.11596496814831064     -1.49397828363985430
-15.82652979205203891      0.77866109452642629
-2.11596496815076529      5.43422494663654287
13.82652979205204247     -8.89832656176682413
-15.82652979205202115      2.82815507958645007
14.82652979205038157     10.15423232149537114
-2.17347020794786472     -15.82652979205204069
-0.17347020794787310     -15.82652979205203891
 5.88403503184896515     12.36242817691279861
15.82652979205074040      4.95807989878856681
-7.11596496815101975      7.16627575420502883
-15.82652979205175647     -3.22133890547357371
13.82652979205052723      8.42218151392635228
 2.88403503185199783     -3.22602909120834447
12.82652979205047927      6.69013070635723039
-5.11596496814874424      0.23807252392824560
-7.11596496814825485     -3.22602909120980952
-12.11596496815462842      8.89832656177179260
-12.11596496815140966     15.82652979205006183
-14.09447898448325631     -8.18925380524133395
 3.82652979205209443     -12.36242817691139351
-15.82652979205204424     -13.19429106025850906
-8.11596496814888368     -1.49397828364125118
-13.43665651256001858     13.90944897645144707
 0.82652979205297672     -14.09447898448240899
 3.88403503184883236     12.36242817691262985
 8.88403503184942700      7.16627575420639484
-4.11596496815112900      8.89832656177409476
 0.88403503184856025     14.09447898448116376
-8.11596496814853730      1.97012333149705121
 5.88403503184954602      5.43422494663730227
-14.11596496815141499     15.82652979205133015
-12.11148918769157845     -11.94282946393311384
10.82652979205272992     -10.63037736933814870
-11.11596496815462132     14.09447898447870173
-2.11596496815108237      8.89832656177422798
15.82652979205142252     -1.97012333148823493
 8.82652979205267663     -10.63037736933932820
-12.11596496815467638     12.36242817690974505
-13.57386302877278261     -0.12470267866100100
14.82652979205049171      6.69013070635740448
-0.11596496815136106     12.36242817691218043
-1.11596496815144919     14.09447898448101100
 1.82652979205211774     -15.82652979205179555
 8.88403503184897936     14.09447898448194358
 3.88403503185150445      1.97012333149841190
 3.88403503184953669      5.43422494663714861
-1.11596496815083901      7.16627575420548624
12.82652979205273169     -10.63037736933672583
15.82652979205097310     15.35038474420270838
-11.16270228704277656     -6.71796879678637637
 6.82652979205265620     -10.63037736934012401
15.82652979205143318     -5.43422494662705979
-4.11596496814630708     -15.35038474419208399
-3.11596496814858437      0.23807252392856504
 4.82652979205163302     -7.16627575420281371
-6.11596496814625379     -11.88628312905430562
-9.11596496815104018      7.16627575420507856
-11.11596496815119473      3.70217413906740989
 9.88403503184890120     15.82652979205087007
 1.88403503185176646     -1.49397828363959673
-1.11596496814649893     -10.15423232148471477
-11.16564533273119331     -13.70503813546995353
13.82652979205206023     -15.82652979204899957
-3.11596496815147139     14.09447898448092396
13.82652979205142252     -1.97012333148848606
-8.11596496815091406      5.43422494663608457
 7.82652979205204957     -8.89832656177059889
-10.11244978389277627     -12.00480899329324735
-5.11596496815063251      3.70217413906732951
 6.82652979205354260     -14.09447898447941938
13.88403503184936127     15.82652979205084165
-7.11596496814603441     -13.61833393662339553
 8.82652979205144028     -3.70217413906155191
 9.82652979205041888      4.95807989878733757
-4.11596496814839430     -1.49397828364044583
-9.11596496815461954     14.09447898447885450
 6.82652979205163213     -7.16627575420196283
15.82652979205203891      1.49397828365061924
-3.11596496814753676     -6.69013070634693641
 0.88403503185246168     -6.69013070634636353
13.82652979205061783     11.88628312906449658
-12.11596496816415502      5.43422494662888855
-10.11596496814685864     -8.42218151391724668
 5.82652979205139143     -1.97012333149450725
12.82652979205150423     -3.70217413905800141
 2.88403503184897891     10.63037736934362698
-2.11596496815140256     15.82652979204997123
15.82652979205204780     -12.36242817690727946
-5.11596496815124446     10.63037736934295552
13.82652979205051658      4.95807989878835453
-4.11596496814626001     -11.88628312905404982
 5.82652979205209931     -15.82652979204938504
-1.11596496815049084      3.70217413906780646
 4.88403503184904864     10.63037736934384725
-15.57371990883810575     -5.20529635535739121
-10.11596496815140789     15.82652979204987176
-11.11522513408156065     -10.20862707220239862
 1.88403503185218546     -4.95807989877732869
-1.11596496814753743     -6.69013070634668061
15.82652979205204069     -8.89832656176663939
10.82652979205175114     -0.23807252392001019
-10.11596496814813229     -4.95807989877944699
 0.82652979205242505     -10.63037736934276367
 5.88403503184925647      8.89832656177506820
12.82652979205178312     -0.23807252391937089
-0.11596496814686656     -8.42218151391562664
 7.82652979205207888     -12.36242817690941820
-6.11596496814686219     -8.42218151391653258
10.82652979205363053     -14.09447898447822745
-13.80838572589714097      7.83262867833469922
-5.11596496814654866     -10.15423232148526012
 6.82652979205174759     -0.23807252392360956
-2.11596496814686486     -8.42218151391594638
14.82652979205056631     13.61833393663359715
 6.88403503184885235     14.09447898448175351
-6.11596496815090429      5.43422494663620537
 0.88403503185150922      0.23807252392913214
-15.82652979205032118     10.79020552656509935
 7.88403503184954779      5.43422494663744882
 6.88403503184942078      7.16627575420625362
-8.11596496814624579     -11.88628312905464313
-15.82652979205204602     -15.19429106025850729
-4.11596496814787294     -4.95807989877819022
-9.15445693491732904     -13.76178189905586180
-2.11596496814781432     -4.95807989877789890
15.82652979205104238      8.42218151392664360
 4.88403503184939858      7.16627575420610707
-3.11596496814603841     -13.61833393662299763
-13.82691957020828255     -6.19743696621183560
-15.55393853984866404      8.80886910656390931
-8.11596496814792445     -4.95807989877887767
 0.88403503184926691      7.16627575420570029
11.82652979205139232     -1.97012333148913199
 2.88403503184934173      7.16627575420592322
-8.11596496814686041     -8.42218151391688785
-2.11596496814832058     -1.49397828364016472
-0.11596496814781443     -4.95807989877764221
 0.88403503184884957     10.63037736934342092
 8.88403503184923338     10.63037736934414568
14.82652979205278143     -10.63037736933692834
-6.11596496815140256     15.82652979204997301
-11.11596496815476343     10.63037736934076882
 4.88403503185164389      0.23807252392961128
11.82652979205044730      4.95807989878801969
11.88403503184917120     15.82652979205108501
 2.82652979205262023     -10.63037736934221300
-5.11596496814603707     -13.61833393662305447
11.82652979205204602     -8.89832656176797876
 6.82652979205144028     -3.70217413906335890
15.82652979205101573     11.88628312906464046
 5.82652979205142962     -5.43422494663314293
-1.17347020794760071     -14.09447898448300585
11.82652979205206911     -15.82652979204908128
13.82652979205203891      1.49397828364997642
12.88403503184927246     14.09447898448200576
-15.82652979205204069     -11.18925380524149027
13.82652979205205490     -12.36242817690714446
14.82652979205178312     -7.16627575419692775
 5.88403503184864540     15.82652979205057875
-9.11596496814855506     -3.22602909121032555
11.82652979205045796      8.42218151392610892
 3.82652979205205268     -8.89832656177210879
14.82652979205150423     -3.70217413905768522
 2.88403503184968812      3.70217413906818393
11.82652979205203891      1.49397828364968621
 0.88403503184963217      3.70217413906798631
15.82652979205204957     -15.82652979204919852
 6.88403503184913479     10.63037736934401600
-13.76418444267059904      3.77594749567920696
-0.11596496815139898     15.82652979205006716
 5.88403503185162524      1.97012333149849783
-11.11596496814924251      0.23807252392712566
 5.82652979205208688     -12.36242817690999551
-12.11596426089404055     -4.95976186664157925
-15.82652979205203891     -7.18925380524117230
-15.82652979205152910     14.79020552656510112
-15.82652979205064980      6.82753268656276457
-11.94896833138292891     -15.54525689414601075
-7.11596496815125423     10.63037736934296618
 4.82652979205265176     -10.63037736934077238
-0.17347020794789123     -12.36242817691396212
 9.82652979205142962     -5.43422494663043576
-7.11596496815076840      3.70217413906722115
-7.11596496814753543     -6.69013070634761942
-6.11596496815112989      8.89832656177400416
-6.05845972834475077     -15.82652979205204247
-5.11596496814824864     -3.22602909120944092
 2.82652979205297950     -14.09447898448078185
 4.88403503184969168      3.70217413906834114
-0.11596496815058580      5.43422494663673827
 9.82652979205139232     -1.97012333149167995
 3.88403503184860233     15.82652979205034960
-6.11596496815141499     12.36242817691195839
-15.82652979205172450     -1.22133890547357371
 6.88403503184969168      3.70217413906848991
 9.82652979205207089     -12.36242817690888174
 9.82652979205201405      1.49397828364904650
 1.82652979205210153     -12.36242817691183760
-8.11596496815117696      8.89832656177403791
 2.88403503185153909      0.23807252392941203
 1.88403503184874066     12.36242817691237050
 2.88403503184856014     14.09447898448136449
-2.11596496814626711     -11.88628312905372475
-14.05321106699143918     11.86535921535419824
 8.82652979205174759     -0.23807252392259748
 1.88403503184910592      8.89832656177467030
-15.82652979205204069     -9.18925380524149205
 7.82652979205142962     -5.43422494663224231
-14.07224689754236380      5.85011076363678217
12.82652979205038157     10.15423232149524502
-4.11596496815087054      5.43422494663634392
14.82652979205376731     -14.09447898447808534
-7.11596496814918478      0.23807252392780001
-1.11596496814855195      0.23807252392888378
-5.11596496815147361     14.09447898448092928
-13.86151778210568608      9.87456699000024685
 7.88403503184931065      8.89832656177520498
 9.82652979205207977     -15.82652979204925536
10.88403503184923693     10.63037736934426114
12.82652979205077770      3.22602909121931081
-4.11596496814851331      1.97012333149748375
-1.11596496814804769     -3.22602909120888670
11.82652979205206378     -12.36242817690771290
 9.88403503184909482     12.36242817691310591
 9.88403503184933285      8.89832656177532577
 5.82652979205205135     -8.89832656177144976
-3.11596496815062229      3.70217413906758219
-0.11596496815097286      8.89832656177444115
-8.11596496815140789     15.82652979204981669
-11.11681292018413636     -3.22651861578132948
10.82652979205177957     -7.16627575419912599
-6.11596496814853730      1.97012333149724239
-13.58596852243199571     -10.17890202365962438
 4.88403503184875554     14.09447898448155456
14.82652979205178490     -0.23807252391910524
 3.82652979205143007     -5.43422494663404887
-13.18261911215557092     -13.97105685885854776
10.88403503184924936     14.09447898448191339
-10.11596496815091406      5.43422494663612898
 8.82652979205363053     -14.09447898447918845
 0.88403503185195287     -3.22602909120858161
-4.11596496815141499     12.36242817691197793
-10.11596496815466217     12.36242817690979301
 4.82652979205144028     -3.70217413906425907
 7.88403503184873600     15.82652979205070132
10.82652979205075461      3.22602909121865133
-7.11596496814654955     -10.15423232148559052
-9.11596496814753543     -6.69013070634797913
-2.11596496815138080     12.36242817691201346
