310    33.70687474310000198
-11.86794982417484157     -12.37862534030341166
-4.14656262847235269     -1.46707070442678855
-4.92564451134892956     -14.12138656326014896
11.85864931004420164     -8.39827634018678459
-12.84916504746383659     -14.12138656479412546
 3.85343737152764287     -1.46707070419805730
13.85343737152357235      1.99703091096477126
-8.97374986432273936     -10.23755454091059924
-2.97381867648544018     -10.22096406405211866
-15.85343737152519950     -2.17061066692655746
 6.85343737151849730      3.72908171852981596
-4.97381867648546461     -10.22096406405767688
-10.14656262848135704     15.85343737151968213
 5.85343737151880905     15.85343737151965193
 6.85343737152270460      0.26498010339147576
 6.85343737151946630      7.19318333366930762
 7.85343737151882859     15.85343737152065380
-3.92564451029955164     -15.85343737151116272
-15.85341742000194287     -15.85340797263155643
-5.88740477837126086     -12.00011004863611852
-14.09719698390013676     12.83095279800818211
 7.97800715731861221     -15.85343737151956134
-1.14656262847918278     10.65728494879742350
-8.14656262848069801     12.38933575636144013
-15.85343737152408572     -6.20757173776009097
-8.14656262848047419      5.46113252585642606
14.85343848033669012      0.26497946322376442
12.91572226441888738     -13.62614908181195261
-1.14656262848296442      0.26498010335809552
-15.54821787381290044     -10.18414479692528474
-10.14656262848047596      5.46113252582581765
13.85343737152033761     15.85343737152209798
 4.97800715731785459     -14.12138656395060998
-15.85343737152289201      3.79597202178879645
-8.03082281869743397     -8.47378341442355953
11.85345103890055896     -4.93118021010177809
-10.14648169729985483     -1.48506287331797937
-2.14656262847995327      1.99703091092871410
-7.14656262848335722      0.26498010311509679
 1.96910836913989162     -8.45719293756287094
12.85343737152238575      3.72908171853317816
15.85343737152302523      5.46113252610324018
-5.14656262848516466      7.19318333363242601
10.85343737152198784     10.65728494881440014
-6.14656262847470902      8.92523414120802450
13.85343737152764021     -1.46707070417381247
-2.14656262848067048     12.38933575636728968
-1.92564451029948525     -15.85343737151989529
14.98093856989455119     -6.73822566925188937
 8.91572226441875237     -10.16204746667420800
 8.85345103889793705     -3.19912940253380684
 3.85343737152529275      8.92523414124070058
13.85343737152132704     12.38933575638392348
-1.97381867661928134     -11.95301487169848187
 0.85343737151855625     14.12138656394593994
-2.03089163086017122     -8.45719293756513935
 5.85345199119438764     -4.93118075991132532
15.85343737152193100     12.38933575638321472
-12.14656262847471879      8.92523414123898462
 9.85345103890054652     -4.93118021010270358
 0.85343737152230614      0.26498010336770611
 8.85343737152005161     14.12138656395238989
 0.02618132338225149     -11.95301487169693289
14.85549050156325634     -3.20030840362606916
 4.85343737151778942      3.72908171852649106
 4.97800715731808729     -10.65728494881307853
-12.03011344409267913     -8.52840730943260183
-15.56688000028859342     15.85343737152525101
-13.91960658961932396      2.90425550740581917
-12.14648168750407287      1.97903765116935326
-2.14656262847235402     -1.46707070439076537
11.91572226441914495     -15.35819988938100700
11.85343737152104993     12.38933575638385776
14.85343737152241772     10.65728494881344801
 2.85343737151770638      3.72908171851115089
-7.88740478477876650     -12.00011004618079902
-6.88740477921790273     -13.73216085571618983
-14.14452704914215886      8.83502231414828998
-5.92564451029985495     -15.85343737151969279
-9.14656262847927870     10.65728494879046551
 7.85343737152529631      8.92523414124226022
-15.85343737152531851      9.87407260650776308
15.31346805840922976     -10.46360650726475328
 9.97800715731863974     -15.85343737151952404
 2.85343737151863452     14.12138656394821723
 3.85343737151879262     15.85343737151885257
-2.14654800880564611     -4.93118075993868654
15.85343737152290444     -8.53787725814929743
-9.14656262848171764     14.12138656394981950
-9.14656262848556523      7.19318333342257166
 3.85345199119438275     -4.93118075993022753
 8.85343737152195409     10.65728494881385124
 2.85343737152130927     10.65728494880928068
 4.85343737152160060     10.65728494881186172
13.85343737152193100      5.46113252610232180
 4.85343737152256338      0.26498010337426714
 0.85343737151604393      3.72908171850738501
-3.14654896110235516     -3.19912940274749458
10.91572226441887317     -10.16204746667407832
 0.85465734132739613     -6.66392691773994716
-10.84916504745617338     -14.12138656275601534
-7.14656262850684154      3.72908171827108248
-0.97381867648543974     -10.22096406405145430
14.85343737152341248      3.72908171853402548
-7.88740477815357366     -15.46421166389956170
-2.14656262847470813      8.92523414122032221
 2.02618132350738600     -11.95301487162289611
 8.97800715731833598     -14.12138656395006109
-14.13218858097250319     -5.18909120234236010
 9.85343737151977805     15.85343737152143717
15.85343737152461863     -4.93857408042597168
 0.85345103889772267     -3.19912940255560541
-13.85672131438667165     14.81644302774308564
13.85343737152536114      8.92523414124274517
-9.14646817112022958     -3.21710587147311111
-10.03082234378816828     -8.47516168761081623
-1.14654896110232296     -3.19912940256141232
10.85343737152063959     14.12138656395258707
 7.85343737151995747      5.46113252610062805
 1.85343737152529275      8.92523414123776071
 7.85343737152065469     12.38933575638282925
 3.97800715731648014     -12.38933575638141527
-13.35870415459155325     -7.03346693470985507
-6.97381867648548859     -10.22096406424381954
-0.97381867671012412     -13.68506567931994766
-12.14648122239055361     -1.48644114650633163
-0.14656262847990831      1.99703091093531260
11.85343737152227561      1.99703091096424634
 5.85343737151989085      5.46113252609949917
-1.14656262848445922      7.19318333364487383
-11.14882488254289328      3.72777363294279729
-15.59545395456129491      1.81268067743900096
-15.85343737152201804     11.87407260650780394
-2.14656262848045065      5.46113252607285560
 1.85343737151878662     15.85343737151788446
-0.03089163086015354     -8.45719293756460289
12.91592464356243930     -10.16122754409668616
-0.14656262848122642     15.85343737151744214
-4.14656262848046708      5.46113252606621913
-11.14656262848585477      7.19318333365558882
12.85464668906363173     -6.66392077658761206
-14.12138656396096970     -1.17061066691850701
14.85343737152088650     14.12138656395316261
15.85343737152520660     -1.46707382425361232
 4.85465734132748050     -6.66392691771899681
-6.14656262848047241      5.46113252588016262
-15.85343737152330590     -8.20757173776011939
-8.88740477923720640     -13.73216085695603539
-12.14656262848048307      5.46113252608359634
 9.85343737152227561      1.99703091096378005
 3.96910836913989318     -8.45719293754358148
12.85345103889815732     -3.19912940253143629
-4.14654800880565499     -4.93118076012478035
-3.14656262850655466      3.72908171848227754
-11.14767506706848010      0.24629839352726024
-4.14656262848069090     12.38933575636614570
10.85345103889794238     -3.19912940253232181
-8.14656262847995549      1.99703091068595362
-3.92564451049684271     -12.38933575615046756
-15.85343737152082966     13.87407260650781993
 1.02618132351457425     -10.22096406404962110
 5.85343737152764199     -1.46707070419496111
 0.85343737152082499     10.65728494880409905
 2.85343737152237420      0.26498010337327277
-0.14654800880564164     -4.93118075993288585
-9.84916504600686338     -15.85343737151976740
 5.97800715731842303     -15.85343737151977450
-1.14656262848147117     14.12138656394312974
-4.14656262847470902      8.92523414121585645
 1.85345199119437298     -4.93118075993216110
-7.14656262848150625     14.12138656393096525
-5.14656262848147161     14.12138656393701375
-3.14656262848313695      0.26498010317189552
-0.14656262848043133      5.46113252607829747
 9.85343737152764021     -1.46707070417688357
 6.97800715731816368     -10.65728494881229693
10.85464668906321961     -6.66392077658812454
 9.85864931004402223     -8.39827634018722158
-10.14646675374072515     -4.95053440809446599
10.85343737152194876      3.72908171853294723
 6.85343737152186527     10.65728494881324906
 5.92093420294334205     -8.89351382232625731
13.91572226441894244     -11.89409827423959776
-6.03089163086019742     -8.45719293775702319
12.85343737152144428      7.19318333367122875
 9.91572226441884297     -11.89409827424323218
10.91572226441888738     -13.62614908181211426
-11.84916504600740517     -15.85343737152261845
 3.85343737152015331      1.99703091094355689
 7.85864931004370249     -8.39827634018757685
-8.14646722865000683     -4.94915613490629269
-0.14656262848064877     12.38933575637213735
 5.97800715731817078     -12.38933575638191087
-10.14656262847471524      8.92523414121848191
 1.85343737151936439     12.38933575637705964
-4.03089163086017699     -8.45719293757091961
13.85343737151968924     -15.85343737151925048
 0.85343737151783361      7.19318333365083173
-11.14656262847928048     10.65728494881054189
15.85343737152005339     -15.85343737151891474
 5.85343737152023724      1.99703091095902430
-9.14527337160122045     -6.68189566778587452
 6.85465202228161274     -6.66853952604932321
-7.14527384651013353     -6.68051739459803695
14.85343737151940502     -14.12138656394999536
 3.97800715731836974     -15.85343737151982779
-2.14656262848123536     15.85343737151424826
15.85343737151897692     -12.38933575638072782
-9.90242669430057632     -12.00887025118427509
 9.85343737152025945      5.46113252610087674
-15.08348259401846825     -14.00737323967304704
14.85343737152186172      7.19318333367147567
-9.14665744100273947      0.26492535960635727
 3.02618132351457625     -10.22096406403033164
-6.14656262847235180     -1.46707070512253313
-7.14656262847927781     10.65728494877426336
-8.14656262847235091     -1.46707070446245869
-11.14656262848314938     14.12138656394884784
11.85343737152764021     -1.46707070417540186
-9.14656262920182250      3.72908171783819276
 1.85343737151958199      5.46113252608120892
 6.85343737151939614     14.12138656395106828
 7.85343737152050814      1.99703091096204077
15.85343737152540911      8.92523414124161718
 9.85343737152530608      8.92523414124272385
 2.85343737151847154      7.19318333366470419
12.85343737152335208      0.26498010339596306
 6.97800715731833421     -14.12138656395082315
-13.86783292896205566     -12.40024864260199422
-6.14654800880567276     -4.93118076016082973
 4.85345103889776741     -3.19912940255264688
-8.14656262847471524      8.92523414105095725
13.85345103890065488     -4.93118021010055951
 8.85343737151967147      3.72908171853155412
12.85343737152085630     14.12138656395290326
-7.14654896110236670     -3.19912940347929453
 4.85343737151864207     14.12138656394984970
-5.14534265867286056     -6.66392691793229108
 2.85465734132740812     -6.66392691773814150
-12.14646675374043028     -4.95053549636547885
-13.48658440499658617      6.94591086971467764
-12.14656262848137480     15.85343737151946542
-5.14656262850663637      3.72908171829609403
-13.60630114123843626     -3.11375512233514185
 8.85464668906286079     -6.66392077658847537
 6.85345103889784468     -3.19912940253412614
 9.85343737152066446     12.38933575638366946
-7.14656262848520107      7.19318333344640148
-6.14656262848130730     15.85343737150645715
-2.92564451059079111     -14.12138656377366708
15.85343737152416743      1.99703091096552332
-0.14656262847235529     -1.46707070420466268
 5.85343737152020616     12.38933575638170659
11.91572226441891225     -11.89409827424294441
-10.14656262848070334     12.38933575638024287
-1.14534265867261476     -6.66392691774052981
 2.85345103889776697     -3.19912940255493083
-5.14656262847926538     10.65728494878423227
-11.14646769621092837     -3.21848414466134480
-12.14656262848077617     12.38933575637855711
 5.85343737152529275      8.92523414124191738
-5.14654896110235782     -3.19912940278353908
10.85343737152286892      0.26498010339490308
-8.14656262848130908     15.85343737151851329
 1.85343737152010624      1.99703091094084573
-15.85343737152524923     -0.17061066691048857
-4.14656262847995460      1.99703091074261874
15.85343737152157217     15.85343737152182975
-1.14656262848572799      3.72908171850092840
-10.14656262847996082      1.99703090968892494
 1.85343737152764376     -1.46707070419882646
13.85864397682552429     -8.39365759072265583
-13.98906514099515341     -8.93153042859521129
-15.85343737152257759     -12.16071785609066502
 2.97800715731782972     -14.12138656395114644
-12.93491071266556069     -10.63116522502471106
-15.85343737152520660     -4.17061066692656102
 4.85343737151875132      7.19318333366773022
12.85343737152208377     10.65728494881446053
 7.85345151523714957     -4.93256055293025053
-0.14656262847470813      8.92523414122577030
11.85343737152532029      8.92523414124354986
-3.14656262848510071      7.19318333363909890
 8.85343737151976384      7.19318333366961848
-3.14656262847923429     10.65728494879359189
-4.14656262848127444     15.85343737150980203
-3.14534265867267582     -6.66392691774629231
-13.82624630026271539      0.87936619868090204
 1.02618132350890545     -13.68506567919271966
 0.02618132350953825     -15.41711648676200319
-5.14656262848331725      0.26498010313579196
-11.14666716368098065     -6.68818925551257681
11.85343737152170895      5.46113252610200384
-15.85343737152532384      7.79597202178881155
 3.85343737151965060      5.46113252609644650
-13.85338735127836784     -15.85338605060880113
-3.14656262848147117     14.12138656394057001
10.85343737151998589      7.19318333367019846
 7.85343737152764110     -1.46707070417725061
 1.97800715731828025     -15.85343737152134835
-6.14656262848069179     12.38933575635311435
-15.85343737152263266      5.79597202178880622
-10.97374938941389466     -10.23893281409737277
-14.06590924963862577      4.89889721249254695
-6.14656262847995460      1.99703091070661909
 8.85343737152286359      0.26498010339448597
-13.58682750443215426     10.81822264450580562
11.85343737152032340     15.85343737152199850
 3.85343737151936594     12.38933575637947726
 7.97800715731826227     -12.38933575638115236
