313    33.81964749920000202
-11.90982374958398893     15.90982374954935707
-3.09219608765336540     -14.17777294653253506
-15.90982374958096734     12.44572213436123498
-14.09219609554481778     -15.90982374954375800
11.90982374955627421      5.51751890408530610
13.90982590511973527     -12.44572337779819371
13.90982374957478918      8.98162051922521520
-1.00000000002379874      6.65579092671681938
-13.91060279581757264     -1.41190390025573098
12.91129463891957840      0.32051808888040673
 4.99999999994572342      3.19168931136037237
14.90982374959114765     14.17777294196488747
-0.09219182093735959     -15.90982374955448719
 7.00000200390834859     -3.73651276295103951
-4.09219368139884221     -8.98162159341445232
10.00000200291925090      1.45963966032671544
-7.09219610338509732     -14.17777292329303407
 4.00000200278171114     -5.46856356996264736
15.90982374957517997      8.98162051923232418
-7.90982374958026568     12.44572213443428232
-7.09219582834169238     -10.71367112998846416
14.99841736733494635     -10.66252332608666187
13.99847531453605498     -5.57162952365525754
12.90982374958945300     14.17777294196775628
14.90982374958330681     10.71367132680784984
-3.00000000006899503      3.19168931134157186
-6.00100779756121039     -2.00388086864248605
-3.90982374958418344      8.98162051930174599
-0.09219394217801390     -12.44572336854931827
-9.90982374958420031      8.98162051923714166
-5.90982374958396317     15.90982374957907730
-4.00000021191725175      1.45963862608326855
-14.90982374958542067     14.17777294195684057
11.90982374958563739     -15.90982374958425716
 2.90881580652512017     -10.71425347185191512
13.90982374957691547     12.44572213438678965
-4.90982374957753187     14.17777294200915783
-11.92661704037739057     -4.92122321482152092
-6.90982374958260515     14.17777294200940652
-10.09219577168912352     -8.98162029245673388
 6.99999999994582112      3.19168931140479151
11.90982374957687995     12.44572213438683228
-15.70279230644775481     -11.08616430850750056
 7.00000200458117394     -0.27241114828505908
-8.90982374958260692     14.17777294200184279
-6.00000062933163836      1.45963886710041924
12.90982374956234047      7.24956971166177500
-13.90982374958403867     15.90982374954390011
 3.90982374958415591     15.90982374958413637
-15.90982374954896805     -5.16086921688011557
-10.90982374958261580     14.17777294197430571
-7.00100779754144575     -0.27183006106219543
11.90983923805046096     -8.98161406156624054
 8.90982374988728942     -14.17777294181880876
-9.90982374958397827     15.90982374957196122
-0.90982374957687073     14.17777294200450378
 4.90881597340874354     -7.25015195306161253
 8.90982374956204204      7.24956971167739894
-5.00000021189842503      3.19168943366405777
-13.90982374957538070      5.51751890399725387
-0.00000006181031960     -2.00446314701745276
-8.00100779755902280     -2.00388386733027879
-10.00310925214691515     -5.46905328760254150
-3.90982374957674450     12.44572213443393061
-3.00000062869243989     -3.73651355619680148
-12.91127164465001442      0.32053289521655082
-2.00000080874599595     -5.46856446820235842
-15.90982374954906220     -9.09690867346013299
 5.90982374957684975     12.44572213443217734
-3.90982374958396361     15.90982374958181289
 8.90982374958319490     10.71367132682646250
12.00102190214614062     -5.47073420409778155
-12.90982374962722723      7.24956971160108044
-15.14160206953520493     -3.31429524046600843
-9.09219582931699399     -10.71367113354101974
-15.90982374958425716      8.98162051915350546
 6.90881598199853642     -7.25015194865634172
-12.90982374959286005     10.71367132680959777
 3.99999999960918418     -2.00446311133946464
 5.90982374958415591     15.90982374957551926
12.90982374958326417     10.71367132680748746
 0.90881383622727585     -7.25015294788944420
-7.90982470679144267      2.05341659803136833
 1.00000000000897438     13.58399415700288060
-2.90982374957751810     14.17777294200359606
 9.90982590495347182     -12.44572089004605608
 5.99999999996933653      4.92374011899149622
 4.00000000000266631      8.38784173422410895
-7.90982374957534251      5.51751890402487000
-9.91127085598460233     -1.41151991871882165
13.91236854610227880     -8.98307931481272348
-9.90982470695221629      2.05341673617506171
 1.99999999967387510     -5.46856472665823645
-2.09219395823440912     -12.44572336838514026
 9.90982374956888634     -15.90982374957194168
-10.90982374961964396      7.24956971165232389
14.90982566923508834      7.24956860334753284
-15.90982374954693590     -13.07541994356047610
-8.91127164465053845      0.32053134418631707
-15.90982374952639411      2.05084967782640915
-5.90982374958418344      8.98162051929423555
10.90982375010057126     -14.17777294171805380
-1.00000000023774649     -0.27241230389756127
 9.90982374957475365      8.98162051923969429
-10.09219609554246766     -15.90982374852688075
-11.09219610339134832     -14.17777293738603817
-8.00310925213081248     -5.46905351276349183
 4.00000000000924150     11.85194334937201255
 5.90982374955315670     -15.90982374943072131
15.90982374903720142     -4.98277711252800248
-12.09219587257821793     -12.44572199655263489
-8.09219609554241970     -15.90982374618161188
 8.90983708588223422     -10.71366362721306231
-12.90982374958273304     14.17777294196815241
 7.90982590494652626     -12.44572089002767079
 2.90881597229917732     -14.17835517333203832
15.46408219559580211     -6.93252345358289634
-10.92652772056584176     -3.18922397913630817
13.90982374958571377     -15.90982374951640743
-13.14704904705774169     -14.14648674417754926
-15.55359579993171515     -7.12888894440126908
-11.09134207743242584     -7.19121129762243783
 3.00000000001148015     10.11989254180183551
-13.02735263722455272     -6.68935164356216205
 9.90982374958417545     15.90982374955165035
 6.90982374958588164     14.17777294199647820
-15.90982374958403867     15.90982374954395517
15.90982374957694034     12.44572213438294739
-9.09219610338869622     -14.17777289546895858
 8.90982374958789869     14.17777294197698801
-7.00298477332943747     -3.73707457902639106
-14.02735469594569651     -8.42140126252623133
10.90983708589027046     -10.71366362712516285
 2.00000000000266098      8.38784173423798229
-6.90982374961882950      7.24956971166998798
 8.90983775214861140     -7.24956162662125880
13.90982374958417900     15.90982374954677780
 0.99999999976312148     -0.27241230370074043
 9.00000200286945962      3.19169046786687760
11.00102381409594798     -0.27182081409067821
 0.99999999993118538      3.19168931155307467
-4.90982374960592693      7.24956971171270759
 2.99999999957167507     -3.73651391894909990
-3.00000000002393108      6.65579092669880268
-1.09118623584737806     -7.25015254416206645
 6.99999999998769429      6.65579092663886573
 4.90982374958528389     14.17777294200594085
13.00102191450505984     -3.73868340356887296
-13.90982539845369992      2.05341788873591780
-12.94225583749875241     -3.16184794784202072
-9.90982374958026568     12.44572213440336306
 4.90982374896228890     -14.17777294061372473
11.90982590507015004     -12.44572088989832359
 4.00000000042066706      1.45963850351357460
11.00102381702186172     -3.73592476918666572
-13.92653293600287512     -4.90288171930109851
-14.95853684966748709      0.29157333938702112
14.91258682942636149      3.78387063263694490
10.00102380618831432     -2.00387161767042787
-5.09219581826379564     -10.71367117586219386
 6.90982374972322244     -14.17777294190073789
10.90983990143238280     -7.24956286743670120
11.90982374957476786      8.98162051923790017
 7.90982374956197720     -15.90982374956865897
-7.90982374958396317     15.90982374957797241
-1.00000029858910167     -3.73651384666631792
12.90982375027991758     -14.17777294153592571
 0.00000000000264417      8.38784173427046120
-6.09219587257641138     -12.44572196636475603
-5.09219610336754869     -14.17777292342547923
 6.00000200284580387     -5.46856356990647541
-2.00000000005203038      4.92374011911363318
 9.00102381686940589     -3.73592243142204605
-8.90982405417323520      3.78546788015285118
12.90982662883325816      3.78546643419002438
 7.99999999996935873      4.92374011905937614
 1.99999999996923772      4.92374011910002896
15.90982374931436993     -1.48820731493397518
-4.90982374958538692     10.71367132686997792
 0.99999999998356581      6.65579092668012695
 7.90982374958416656     15.90982374957122403
-14.91124444729847909      3.78464863263417417
-14.90982374963951784      7.24956971153299978
-7.09219364227023963     -7.24956825626523838
11.90982662886640675      2.05341562660193855
-3.00000021197086753     -0.27241218151911145
 9.90982374957687284     12.44572213439988317
-10.90982405419070567      3.78546792061587478
-6.09219577168907644     -8.98162034140313814
-11.09794622779722673     -10.71036353192326196
10.90982374958930379     14.17777294196713278
 8.00000201509482167     -2.00446196184066583
 5.00000000001158096     10.11989254179065156
-15.90982374954134038     -15.07541994356230930
 1.99999999988294541      1.45963850395634620
 8.00102380392626422     -5.46797323208625485
 3.00000000000903411     13.58399415697353163
14.97696071098750714      0.28090730876032577
 1.90881363695429385     -8.98220387051101632
15.90982374890516304     -8.88221944737680147
 9.90983775281779522     -8.98161243450173608
10.90982662881734200      3.78546643417608131
-13.90982374958029233     12.44572213438767427
-9.00298479922615869     -3.73693067967036896
-6.00100780629107167     -5.46798247880777488
 0.90780818723701118     -14.17777294669817323
-4.00100779773290949     -5.46798248387937402
 2.00000000000009637     15.31604496457688747
-11.90982534960433981      2.05341635781484300
-14.90982374959573598     10.71367132676465417
-13.90982374958422518      8.98162051920203197
-12.90982405419492984      3.78546792054450831
 3.90982374955229117     -15.90982374953219036
-10.09219587257715034     -12.44572191880856060
-6.09219609554218344     -15.90982374633891716
-1.09219395035266809     -14.17777417140359653
-5.09219364227178062     -7.24957076325550709
 5.00000200276898177     -3.73651276238194940
-7.90982374958418522      8.98162051926030536
 9.00000200547060913     -0.27241114871519417
-9.09219364227024052     -7.24956825255166581
 2.99999999976348342     -0.27241230368150249
 5.90982590493591609     -12.44572089002020654
-0.99999999998853706     10.11989254186368292
 6.00000000121893784      1.45963850296549702
 2.00000000000924150     11.85194334940450034
-5.90982374957533096      5.51751890412611168
 0.09017625041603596     15.90982374958413281
 2.99999999994472599      3.19168931148974977
-11.90982374958028167     12.44572213440060082
 3.99999999996933475      4.92374011904442899
15.90982374958418077     15.90982374954801415
13.90982374957159706      5.51751890409822909
-1.09219374315628470     -10.71367244607520064
-3.09219374315670681     -10.71367243663928548
 8.00000200291124663      1.45963966024836389
-0.00000021396652749     -5.46856460537835787
-13.49397262554045440     -10.34896541653721513
-1.00000000006889933      3.19168931153500912
15.90982374941133770     -12.44278690528619613
-11.91093331659254062     -1.44826285865845961
14.93668682001987946     -3.23549221364288275
-15.90982374956392853     -1.46772126405552372
-1.99999999999827915      8.38784173430043012
-15.90982374957538248      5.51751890391228628
 2.99999999998766453      6.65579092665827510
-6.90982405415363043      3.78546792060484627
 4.90881597389762003     -10.71425355911705424
-12.09219609554421559     -15.90982374948996103
-0.00000000011731964      1.45963850393719086
-8.09219587257696915     -12.44572196644571349
-11.90982374957536472      5.51751890405581591
 1.90881594247604891     -12.44630435791222922
11.90982374958417545     15.90982374954509559
 7.90982374957686307     12.44572213441419173
-10.90982374958843693     10.71367132682348178
-4.09219587257349282     -12.44572201478706930
-4.00000062929325662     -2.00446274814674741
 0.00000000000924184     11.85194334943384220
-10.91127164465054022      0.32053133609173678
-2.90982374957484602     10.71367132686524570
-8.90982374961964396      7.24956971163601072
-1.90982374958396384     15.90982374957621914
13.90982662886648669      2.05341562659152688
12.91237070025718658     -7.25102726301008538
-12.09134413618390269     -8.92326091670372534
 3.90881597090871402     -12.44630436496033177
14.91236515367158866     -14.17630566571505213
-5.90982374958026480     12.44572213444185849
-14.08356211342238851     -12.26008661514817888
 5.90881598152486553     -8.98220275595176965
15.90982374958417900     -15.90982127164072324
-3.09219364227161719     -7.24957077269170291
-1.90982374957665879     12.44572213443517583
-9.90982374957534518      5.51751889301753984
-4.00000000005203837      4.92374011892335606
-0.00000000005200932      4.92374011913165432
-6.90982374958771128     10.71367132686108370
 2.90881383637530089     -7.25015317807476034
-2.00000000011925616      1.45963850374007031
 5.00000000032385294     -0.27241230413689521
 7.90983775281708024     -8.98161243458934067
 4.99999999998767652      6.65579092660423921
-2.09219607977225630     -15.90982374955174450
 1.99999999789938920     -2.00446311234567442
-8.09219577168911819     -8.98162028961903758
 6.90983708587434009     -10.71366362719522769
-4.09219609554215502     -15.90982374954846357
 1.00000000001146394     10.11989254183426112
10.90982374956217704      7.24956971165762187
-0.09118637483484335     -8.98220363360183605
-8.90982374958805146     10.71367132682775392
 9.90982374954685241      5.51751890408795909
 6.00000200355202562     -2.00446195526075899
12.90983708610417580     -10.71366611464397778
15.90982374957437173      2.05002193232784391
 7.90982374957474388      8.98162051926246363
12.00102380661596158     -2.00387395560668624
 0.90881380243284815     -10.71425477361898260
 1.90780819536563406     -15.90982374957575551
 6.00000000000269207      8.38784173421645818
-5.00100779761730507     -3.73593167624375244
15.90982374956502987      5.51751377830496192
-5.00000062930202471     -0.27241194050840689
-2.09219343001620928     -8.98162145771484788
-11.90982374958420031      8.98162051924444604
 0.99999999790529137     -3.73651392011007699
10.00102380395587076     -5.46797556923905947
13.91129402355911537     -1.41153309235828939
10.90982374958325707     10.71367132681214684
 6.90982374958262024     10.71367132683986512
-2.00000021208714962     -2.00446298915514953
 3.90881596578215884     -8.98220275622837683
