316    34.06648858954318371
-13.60565481406464627     -1.49454957842386116
-4.71123718967737037      8.03324429476579738
 9.10504106449571715     -2.03324429475853563
-16.03324429477081736     13.14589618750805755
 2.17683783422004229      1.96675570524117638
 5.68106765573438022     16.03324429476914048
 0.44478702665184433     -1.03324429475952217
 5.64093944935832070     -4.03324429475979773
 5.64093944935769365     -0.03324429475900188
16.03324429476983681      1.96675570524451060
16.03324429477004287     -16.03324429476932877
 0.44478702665327796     -5.03324429476218960
 3.94901684816578857     15.03324429476863955
-3.01931458848660172      2.96675570524024401
-10.03389123571933794     -11.20153103378141779
12.56914267963211174     -0.03324429475614791
 0.44478702665415831     -9.03324429476348634
-13.49018946287383613     -11.21566842934311126
 5.64093944936152614     -10.03324429476104385
-14.30064906683739245     -9.37065333156451530
 7.41311846330359892     13.03324429476816348
-10.14155319892520346     -5.49454957842293634
-4.71123718967744054     12.03324429476774426
 0.48491523302858369     15.03324429476886515
-10.16206873071458539      4.26325342834181686
-1.28726378091514126     -10.03324429476635871
 0.48491523302868894     11.03324429476708879
 3.90888864179211692     -9.03324429476177571
14.30119348720178074     -15.03324429476825053
14.30119348720147698     -11.03324429476375812
-13.62617034585283982      6.26325342834098109
 0.44478702665104602      2.96675570524097010
16.03324429476927904      5.96675570524458720
10.83709187206295610      2.96675570524385712
10.83709187206224911     12.96675570524561927
 9.10504106449419126      3.96675570524406051
 5.68106765573456851     14.03324429476842994
12.56914267963362164     -12.03324429476553270
 5.64093944935709146      1.96675570524289434
-16.02780955887280001     15.84932000909708982
-14.30119348720173278      2.38061066917408537
-10.16206873071599048     10.26325342834184440
-1.24713557454012625     10.03324429476698221
16.03324429477005353     -0.03324429475548949
 7.37299025692503829      8.96675570524411469
 3.90888864178720841      8.96675570524366172
-1.28726378091464344     -12.03324429476635871
-3.01931458848441725     -9.03324429476704971
10.83709187206387980     -9.03324429476346502
14.30119348720043781      6.96675570524488474
-10.16206873071528527      8.26325342834183907
-8.17533880481462738     10.03324429476669444
 3.90888864177196504     -15.03324429480262303
14.30119348720221595     -3.03324429475611712
 2.21696604059725555     16.03324429476924351
-8.17533880481394171      6.03324429476372792
 0.44478702665336273     -7.03324429476348190
-1.28726374673314670     -14.03324435396397263
-13.60565481406406008     -3.49454957842387959
-2.97918638210906295      9.03324429476693247
-16.03324429477140711     -14.03324429477146751
 3.90888864178907935     -1.03324429475946244
-6.48317282310335408     -13.03366572381313127
12.56914267963369625     -14.03324429476683477
-8.52809596309033680     12.01976935060519303
 5.64093944935814839     -2.03324429475913027
-2.97918638210861220     13.03324429476787394
-8.21546697700986961     -10.03324435396608649
-14.29322013813581371     -15.04718347800555733
-3.01931458848702583      4.96675570524041987
-10.16206873071496553      6.26325342834183552
-4.75136539605564590      3.96675570523995491
16.03324429476909430      9.96675570524567433
 7.37299025692736443     -13.03324429476780466
-10.83709187206418356     -7.36970982601994340
12.56914267963499299     -6.03324429475751778
-6.48341620362426418      2.96675570523949839
12.56914267963177245      3.96675570524397303
 3.90888864178728213      6.96675570524358623
-1.24713557453994084     14.03324429476824342
 2.17683783422085897     -4.03324429475994428
-4.79217732728165302     -16.03324429475809154
-8.17533880481360242      4.03324429476342150
-10.14155319892618934     -3.49454957842293634
10.83709187206302893      4.96675570524420351
16.03324429476931812     13.96675570524616994
-10.14155319892683416     -1.49454957842289815
 3.90888864179307438     -11.03324429476177748
-8.21546701118964684     -6.03324429476457968
-8.21546701119043199     -4.03324429476379720
 5.64093944935978797     -16.03324429477000734
 3.94901684816632947     11.03324429476731439
 7.37299025692676580     -1.03324429475866419
-1.28726378091583715     -4.03324429476260082
-8.19433100653446900     -14.06900995221250028
-2.97918638210841102      7.03324429476592705
-6.44328799724635193     11.03324429476775137
12.56914267963185239      5.96675570524433851
-3.03996382773174378     -15.06900994521327597
16.03324429476959878     -8.03324429476307422
 2.21696604059757085     10.03324429476709767
-14.30119348720202233     14.14589618750835243
-6.44328799724498236      5.03324429476387003
-16.03324429477085289      3.38061066917380559
-16.03324429477123658     -6.36970982602148172
14.30119348720060835      4.96675570524411913
-4.75136539605489361     -0.03324429476025831
 2.17683783422472832     -12.03324429476269408
12.56914267963113829     11.96675570524563703
 7.37299025692794885     -15.03324429476861646
12.56914267963129639      9.96675570524508103
10.83709187206550517     -5.03324429475806845
 2.17683783421825794      7.96675570524333310
12.56914267963102105     13.96675570524592658
 5.64093944935620240      7.96675570524386334
-11.87360400649480141     -4.49454957842343816
 7.37299025692751187     -11.03324429476606028
-10.56203420842137852     -15.84542844502152370
14.30119348720100092     -9.03324429476360891
-1.24713557454023105     16.03324429476909785
-4.75136539605290409     -4.03324429476279889
 0.44478702664923508      6.96675570524308618
14.30119348720006656     12.96675570524595145
 5.64093944935599101      9.96675570524388554
 9.10504106449599249     -10.03324429476529644
14.30119348720022998      8.96675570524517873
-14.30119348720161909     12.14589618750819255
16.03324429476932522      7.96675570524511034
-2.97918638210899100     11.03324429476700352
 3.90888864179055595     -13.03324429476798407
 5.68106765573487227     12.03324429476790236
-1.28726378091518878     -6.03324429476291257
-14.30119348720224082      4.38061066917428032
-1.28775033640962988     -16.03324429477159185
 2.21696604059712765     14.03324429476824697
16.03324429477039459     -14.03324429476727353
-3.01931458848589296     -1.03324429476005308
 9.10504106449625183     -4.03324429475854096
-1.28726378091798210      3.96675570524070853
-12.56914267962619824     -8.36970982604056069
10.83709187206489410     -15.03324429476827540
14.30119348719984984     14.96675570524644705
 9.14516927087212572     14.03324429476877100
 7.37299025692841248     -7.03324429475923996
 9.10504106449480943     -0.03324429475721991
-3.01931458848367873     -7.03324429476359025
-10.17533880481415132     14.03324429477117086
 9.10504106449783457     -8.03324429475854629
-3.01931455430602913     -13.03324435397091285
-11.75792263816269667     -12.21529418333330774
-14.30119348720258365     -5.36970982602106162
-10.14155319892747720      0.50545042157715292
 9.14516927087193920     16.03324429476913693
10.83709187206515701     -13.03324429476624857
-4.71123718967745386     14.03324429476793611
-4.75136539605194752     -8.03324429476470669
16.03324429476975155     -6.03324429476214430
-8.17533880481420994      8.03324429476417734
-13.63944041995219791     16.03324429477066815
-11.90738961238330695     15.03324429477068769
-6.48341620362392757      0.96675570523949084
-8.68632768693993107      2.04243029895748007
-4.75112201553375524     -14.03366572381429300
10.83709187206251201      8.96675570524486609
-6.48341620362058180     -9.03324429476514013
12.56914267963413678     -4.03324429475750001
 0.44478702665646030     -13.03324429476374569
12.56914267963225917     -10.03324429476433011
16.03324429476977286      3.96675570524454724
-6.48341620362195581     -3.03324429476309998
-1.24713557454012958      8.03324429476696089
 9.10504106449412021      1.96675570524377341
16.03324429477011748     -12.03324429476417379
-8.21522363067354888     -12.03366572381536770
-16.03324429477043012     -0.61938933082621361
-15.33770562163346263     -2.49454957842396663
14.30119348720139882     -1.03324429475593571
16.03324429477083868     -2.03324429475551938
-4.71123718967792193     10.03324429476697155
-11.89411953828374813      5.26325342834132215
-16.03324429476248625     -16.03324429477146751
12.56914267963191101      1.96675570524396637
-11.89411953828457591      9.26325342834132925
 2.17683782829564887     -16.03324429476928614
-6.44328799724627910     13.03324429476782598
 0.48491523302874451      9.03324429476696800
 3.90888864179127182     -7.03324429476177571
-4.75136539605520980      1.96675570523977683
-4.71123718967636673      6.03324429476432744
 3.90888864178954698     -3.03324429475961521
-14.30119348720137751     10.14589618750814459
 5.64093944935901348     -12.03324429476688984
-13.62617034585327680      8.26325342834098109
-3.01931458848617540      0.96675570524003018
 0.44478702665142505      0.96675570524071219
-12.56914267963314380      3.38061066917462050
 0.44454376803998985     -15.03366573197236278
-16.03324429477030222      9.14589618750796163
 9.10504106449409178      5.96675570524409871
 9.10504106449647210     -14.03324429476743518
 2.17683783422194121     -6.03324429476256086
14.30119348720219108     -13.03324429476610469
 5.64093944935901614     -6.03324429475981283
 2.21696604059737457     12.03324429476744406
16.03324429477159185     -4.03324429475551938
-4.75136536187471492     -12.03324435397058423
-15.23035650742456326     -12.20147706039661628
-11.76637815087108407     -10.20153108134169351
10.83709187206292590      6.96675570524426213
 7.37299025692698340     -3.03324429475920443
-12.56914267963250254     11.14589618750857980
 9.10504106449340256     11.96675570524497623
12.60927088600964652     16.03324429476920798
 0.44478702665002606      4.96675570524223708
 3.90888864178954387     -5.03324429476028534
 5.64093944935885183     -14.03324429476899127
 7.37299025692534915      2.96675570524397125
-11.87360400649541958     -2.49454957842343505
14.30119348720002037     10.96675570524563170
-8.17533880481415132     14.03324429476958457
-10.83709187206398639      2.38061066917510411
-16.03324429477103763     -10.36970982602155900
 5.64093944936057312     -8.03324429476104207
-4.75136539605344765     -2.03324429476234414
12.56914267963274767     -16.03324429477027380
 9.10504106449588768     -12.03324429476692892
 9.10504106449400297      7.96675570524420262
-15.35822115342207539      7.26325342834084342
 3.90888864178906026      0.96675570524142029
-10.03432734331314791     -9.20153108132274333
16.03178889010271746     16.03230936136185036
-6.44328799724532519      7.03324429476418800
 2.17683783422047794     -2.03324429475994428
-14.30119348720124783      0.38061066917405373
-6.48341620362106941     -7.03324429476511259
 0.44478702665174918     -3.03324429476026358
14.30119348720072914      2.96675570524411114
 2.17683783421829480      5.96675570524332421
10.87722007844098115     15.03324429476881718
-11.89411953828414603      7.26325342834132748
16.03324429476935720     11.96675570524577736
10.83709187206237345     10.96675570524512189
-1.24713557454010115     12.03324429476723978
-3.01931458848434842     -11.03324429476778157
-6.44328799724626400      9.03324429476579915
-3.01931458848442880     -3.03324429476210211
 5.64093944935629210      5.96675570524381538
-8.26690076978464639     -8.03281405182466557
-16.03324429477065038     -8.36970982602151814
10.83709187206486391     -3.03324429475806845
 2.17683783422276367     -8.03324429476258217
 7.37299025692586518      0.96675570524269239
 9.10504106449688777     -6.03324429475854185
-12.56914267963253984      1.38061066917451236
-6.48341616944527566     -11.03324435397350278
-4.75136539605364572     -10.03324429476850455
-12.55319598150519411     -16.03324429476183255
-16.03324429477126500      5.38061066917406361
14.30119348720088190      0.96675570524410459
10.83709187206308755      0.96675570524385324
-13.48975734775309654     -13.21566838266224408
 7.37299025692457644     10.96675570524455523
 9.10504106449641348     -16.03324429476936075
-12.56914267963297505     13.14589618750860822
-10.17533880481410336     16.03324429477119750
-16.03324429477042656     11.14589618750800248
-10.83709187206380697     12.14589618750911093
-6.44328799724534651     15.03324429476974622
-11.87360400649601821     -0.49454957842342950
-1.28726378091717875     -0.03324429475977030
 3.90888864178808015      2.96675570524273491
 3.90888864178732343      4.96675570524358267
 7.37299025692526300      4.96675570524397614
-1.28726378091905369      5.96675570524199017
-12.56914267963342979     -6.36970982602058200
-16.03324429477159185     -4.36970982602128899
-4.71123718967664740     16.03324429477006063
-11.72026839207553373     -14.21493969135508628
12.56914267963248300     -8.03324429476298718
16.03324429477012814     -10.03324429476317725
-9.99623698961028140     -13.20117654184041989
12.56914267963297149     -2.03324429475671664
10.83709187206643421     -7.03324429475806845
-8.17533880481410158     16.03324429477005708
 7.37299025692514842      6.96675570524398413
-3.01931458848430623     -5.03324429476331048
-6.68152488130714772     -15.37722156641150839
-8.57087243533726628     -16.03324429474834290
 5.64093944935634273      3.96675570524381360
 3.94901684816590448     13.03324429476804980
 9.10504106449358552      9.96675570524478083
-14.30119348719353489     -7.36970982603578317
 2.17683783422357013     -10.03324429476260349
-1.28726378091687099     -2.03324429475980439
-4.75136539605279395     -6.03324429476400237
 2.17683783421905863      3.96675570524250531
-1.28726378091757154      1.96675570524050847
14.30119348720368500     -5.03324429475719892
10.83709187206436653     -11.03324429476618107
-6.48341620362244964     -1.03324429476256019
12.56914267963149534      7.96675570524484034
14.30119348720105954     -7.03324429476246582
 2.17683783422229160     -14.03324429476923996
-6.48341620362137938     -5.03324429476349700
 0.48491523302860368     13.03324429476763058
-8.21546701119094713     -2.03324429476328961
 7.37299025692754206     -5.03324429475920443
 7.37299025692998100     -9.03324429476031554
 0.44478702665529152     -11.03324429476366397
 7.41311846330315571     15.03324429476896107
-1.28726378091592464     -8.03324429476555757
-2.97918638210872189     15.03324429476841217
10.83709187206376079     -1.03324429475709167
-8.21546701119147471     -0.03324429476281605
 2.17683783422044685     -0.03324429475903815
-16.03324429477046564      1.38061066917379383
