317    34.13924439089999652
 5.22739831984773318     -16.06962219146085147
14.00000000000512301      5.71942485055610206
11.22739831984777048     -16.06962219146081949
-6.06962219146735737      2.21321573089949242
-14.09727737172263673     -4.72737770412023028
10.22739831984815062     -10.87346976875378068
-11.26547738680146082     -10.01030055226644677
16.06962219145902182     -4.63077249034562666
-1.06962219145106330      7.40936815361375967
-11.26547722736866852     -6.54619904801658592
-4.06962219144934512     12.60552057632148149
 4.38303305320303593     -13.56406200243955595
-7.26547720324385704     -10.01030068947638263
 2.00000000000310374      2.25532323541847735
 8.00000000000316724     12.64762808083171031
 5.00000000000311040      0.52327242784958428
13.00000000000448352      7.45147565812513335
-16.06962219146085147      9.14141896110064422
 7.00000000000356781     -2.94082918728790688
-6.06962219144935133     12.60552057632179590
 9.22739831984796766     -12.60552057632255440
16.06962219145871984     12.60552057632057377
-4.06962219144917903     16.06962219145959381
-13.06962219145115434     10.87346976875529947
 6.38303305320516845     -6.63585877216313147
-14.06962219146092963     -16.06962219116168811
-11.06962219145207804      7.40936815361610801
-12.07208288495125004     -1.25230419171943819
11.00000000000383160      3.98737404298754061
12.00000000000421707      2.25532323541880020
 1.93037780855021524      5.67731734604561122
-14.06963022306064381      2.21322036752454387
-8.26547721104434352     -8.27824988618133162
-12.06962219144941528     16.06962219146085147
 4.00000000000312461      2.25532323541846980
10.11123324301183324     -5.20228148019301262
-0.06962219144979100      5.67731734604561566
-13.06962219145044379     14.33757138389139740
 6.00000000000317968     -1.20877837971925328
 8.00000000000391154     -4.67287999485658823
 9.00000000000329337     10.91557727326282645
-2.06962219144917769     16.06962219145925275
 1.00000000000280309      0.52327242784977379
-0.99999999999793865     -2.94082918728755249
-14.07208288499569271     -1.25229493300529815
15.00000000000555289      3.98737404298740161
16.06962219146062409     -13.55897572062182199
-12.26547745336650053     -8.27824972514283353
-6.06962622139275076     -4.71498517267275030
-12.06962219144936554     12.60552057632314238
13.22739831984778824     -16.06962219146084081
-8.06962622146749986     -1.25088355757815362
11.00000000000418865     -2.94082918728777853
-3.06962219145082571      0.48116492333957483
12.22739831984785219     -14.33757138389192676
10.00000000000337508      5.71942485055615712
14.22739831984871017     -14.33757138389235308
 4.00000000000309264     -1.20877837971928370
 3.38303305320304348     -11.83201119487048558
 8.00000000000333067      9.18352646569389819
-1.06962219145024129     10.87346976875197946
-5.06962219148976878      0.48116492331767624
12.06962219145848181     -4.63077249034516658
 7.22739831984775005     -16.06962219146046422
 1.93037780855082697     16.06962219145905024
15.06962219145943571      0.56537993236093442
-16.06962219118298307     -12.60552050308514183
16.06962219145859549      9.14141896118310093
 3.00000000000279154     -2.94082918728798726
-6.06962219163035677     -1.25088588433143055
-1.46133221344154229     -10.87346976875419990
-12.07241681775744802     -4.71621311980148761
-5.06962219145024129     10.87346976875236138
10.00000000000317080     12.64762808083190393
11.00000000000418687      0.52327242784991101
 2.00000000000244826     -4.67287999485667171
-4.06962219145093940      9.14141896118304587
 6.38303305320321090     -10.09996038730190371
-10.06962219157336058      2.21321573085151257
-10.06962219144936377     12.60552057632260414
-0.61696694679693098     -8.36790957973217608
-1.06962219145081927      0.48116492333912803
-2.06962219145133286     -1.25088588422959535
-8.06962219144917903     16.06962219146054949
 8.00000000000339284      2.25532323541839297
 0.00000000000192382     -4.67287999485650918
 6.00000000000332268      2.25532323541834101
 6.93037780855085916     14.33757138389036001
-7.06962219146111170      3.94526653847197517
 8.22739831984784864     -14.33757138389137076
-10.06962626224892610     -4.71498515006604890
-2.06962219145045534      2.21321573090823831
-12.26547721116060785     -11.74235146125213802
 7.38303305320344094     -8.36790957973305360
 3.38303305320309455     -15.29611281000846645
-13.06962220612454573     -14.33757137508461810
-8.06962219157011695      2.21321573084113776
 4.00000000000332800      5.71942485055610206
13.06962219145629689     10.87346976875217308
 6.00000000000330402      9.18352646569386977
-2.46133221404300695     -12.60552057597583264
-15.06962225433072433     -14.33757134715053638
 2.93037780855040975     10.87346976875217841
-16.06962219145793824     16.06962219145859194
-2.06962219144931669     12.60552057632139089
15.06962219145873227     -2.89872168277686981
-13.09435710414822474     -2.99701619941824404
-13.26547738872180204     -10.01030057005382901
 1.93037780855076790     12.60552057632126477
-3.46133221405161384     -10.87346976840173518
 9.00000000000338574      3.98737404298727416
-7.46133221426048898     -14.33757138341866089
-15.06962219146961424     10.87346976875582527
 3.93037780855082897     16.06962219145912485
 5.00000000000317346     -2.94082918728812759
 6.22739831984784864     -14.33757138389152885
-0.06962219145092045      9.14141896118271013
-11.26547721099975341     -13.47440230899393754
 2.38303305320301950     -10.09996038730156442
15.06962219145699322     14.33757138388961394
12.06962219145561299     16.06962219145952275
-0.46133221344154363     -16.06962219146082305
-3.06962219145766468      3.94526653847295306
-11.06962219144931403     14.33757138389199781
-3.06962219145135284      7.40936815361393020
-15.06962241811523739     -10.87346956447574264
-8.06962622191814916     -4.71498517311706156
-5.26547720244988593     -6.54619907479702867
-10.26547720245123863     -15.20645311264065924
-8.06962219144936377     12.60552057632217249
-1.46133221401813129     -14.33757138355903393
14.06962219145640169     12.60552057632106226
 7.22739831984796766     -12.60552057632239276
16.06962219146053172     -10.09487410548396369
-9.06962219144926962     14.33757138389150931
-9.26547721129031920     -6.54619903813291337
15.06962219145833792      7.40936815361433254
-3.06962219145196036     -2.98293669179824894
-6.06962219145653670      5.67731734604291116
-8.06962219145096071      9.14141896118390029
-7.26547721086991416     -6.54619907870902917
13.00000000000449418      0.52327242784987282
 3.38303305320326464     -8.36790957973276761
10.00000000000336797      9.18352646569388753
-6.46133222019057829     -12.60552057242604462
 2.93037780855042751      7.40936815361438317
-12.06962219182057794      2.21321573055266185
 2.93037780855077745     14.33757138389014152
10.00000000000386358      2.25532323541861279
-10.06962219144920034     16.06962219146084081
 3.00000000000312061      3.98737404298734477
-7.06962219149687954      0.48116492331452054
-9.06962219146331883      3.94526653847167630
 9.00000000000378364      0.52327242784974159
-8.46133221344154229     -16.06962219146085147
-9.07208284497903250      0.47974659296755279
-4.46133221413184433     -12.60552057592432362
14.06962219145625959     16.06962219145950854
-3.06962219145024129     10.87346976875207361
 7.00000000000334222      7.45147565812501345
15.06962219146073600     -8.36282329791492529
-5.46133221418385961     -14.33757138346319948
12.06962219145627380     12.60552057632104983
14.00000000000540901      2.25532323541850710
-3.46133221343919972     -7.40936815361509371
 0.93037780855075014     14.33757138389013974
 7.00000000000329337     10.91557727326275540
-2.46133221344154363     -16.06962219146080884
-4.46133221409297320     -9.14141896080871597
 5.00000000000334044      3.98737404298722931
-9.06962219145033366     10.87346976875315185
-15.07369612548554727      3.94291778560414841
10.06962219145554194     16.06962219145951209
 1.38303305320311432     -8.36790957973259530
 9.22739831984837977     -9.14141896118477071
 7.00000000000335554      3.98737404298724885
-0.46133221344150482     -12.60552057632305534
10.00000000000411760     -1.20877837971894242
14.06962219145760784      9.14141896118331232
-16.06962219115278501     -5.15337855328243410
16.06962219145949078      2.29743073992978042
-6.06962219145096071      9.14141896118345620
-5.06962219145145898      7.40936815361429080
 8.00000000000334666      5.71942485055613226
14.06962219146053172     -10.09487410548368835
-6.26547720313384460     -8.27824988197102130
-16.06962219114957335     -9.14141862586790666
 9.00000000000306244     14.37967888840090147
-7.06962622188475365     -2.98293436538793166
-10.26547721115867517     -11.74235150131629801
 1.53866778655845615     -16.06962219146085147
10.22739831984784864     -14.33757138389166563
-14.06962219146278414      5.67731734592458626
 0.53866778655846859     -14.33757138389194807
-5.06962219145783788      3.94526653847328257
-1.99999999999845168     -4.67287999485613348
-12.06962219145715487      9.14141896118253428
-16.06962219131030167      2.20755229159075750
-2.06962219145093052      9.14141896118272790
-9.06962622208302527     -2.98293436564028092
-12.06962219146256032      5.67731734605323624
 0.38303305320290126     -10.09996038730134948
12.06962219146084259     -6.63077249034516658
-14.06962219117409418     -12.60552055887976053
 4.38303305320516845     -6.63585877216301778
-10.26547721104672384     -8.27824984616558801
-6.46133221344154318     -16.06962219146070225
-5.06962219145213133     -2.98293669179742560
 4.93037780855078633     14.33757138389017172
-1.06962219144925119     14.33757138389023211
 0.93037780854980812     10.87346976875180360
-9.06962219145188620      7.40936815361505552
 0.38303305320516978     -6.63585877216251951
-14.06962219145692750     12.60552057632099476
-15.44802531883670405     -3.25242686311999796
-9.26547720335541669     -13.47440230454972721
11.00000000000348521      7.45147565812497081
-10.06962219145106197      9.14141896118440833
-15.91507739223220241     -7.14739858957627039
11.00000000000336975     10.91557727326278204
 1.38303305320304348     -11.83201119487045538
15.06962219145777837     10.87346976875215532
-13.26547722737057633     -6.54619834394590949
-11.06962219145085236     10.87346976875340587
-10.06962219145880333      5.67731734604319449
 5.00000000000329781      7.45147565812499657
-3.06962219144925363     14.33757138389030850
-7.06962219144926696     14.33757138389100305
-11.07208284498176276      0.47974659280709975
 8.22739831984815062     -10.87346976875357107
 7.93037780855086183     16.06962219145973236
-7.06962219145158599      7.40936815361465761
 7.00000000000339728      0.52327242784950667
-0.06962219144924085     12.60552057632123457
10.22739831984936387     -7.40936815361642509
 4.00000000000286082     -4.67287999485682448
-2.06962219145551796      5.67731734604264826
-11.06962219157938065      3.94526653841691344
16.06962219146085147     -6.63077249034563998
-5.46133221421138337     -10.87346976830924206
16.06962219145793469     16.06962219145828996
13.06962219145858484     -2.89872168277634090
11.22739831984798720     -12.60552057632286349
-4.46133221344154318     -16.06962219146085147
 2.38303305320302705     -13.56406200243937121
-10.07208288494081394     -1.25230423788167022
-13.07208284496582706      0.47975585145564315
-14.06962219146081416      9.14141896119199693
13.00000000000491163      3.98737404298728748
 3.93037780855044794      9.14141896118332120
15.06962219146041626     -11.82692491305295412
-11.07208301660280014     -2.98435507530443456
13.06962219146072890     -8.36282329791450785
12.00000000000337863      9.18352646569390885
 5.38303305320343739     -8.36790957973289551
12.00000000000433076      5.71942485055619798
-15.06962478720074294      7.40936665486813339
-12.06962219146091364     -16.06962219146085147
14.06962219146084792     -6.63077249034569860
-13.06962219172736539      3.94526653817840733
-1.61696694679482955     -6.63585877216207010
16.06962219145943749     -1.16667087520834478
 5.38303305320304482     -11.83201119487068453
-8.06962219145843562      5.67731734604239691
 5.93037780855087693     12.60552057632134648
 0.93037780854993712      3.94526653847657993
-13.06962219151304083      7.40936815359296830
-16.06962219146099713     -16.06962219114198476
13.06962219145612281     14.33757138389010777
 9.00000000000334843      7.45147565812502144
-16.06962219146049264      5.67731430669463855
-4.07758574827262521     -4.90532991077088543
 0.00000000000246336     -1.20877837971890734
-4.06962219145133286     -1.25088588422900959
 9.00000000000418865     -2.94082918728786868
12.22739831984885051     -10.87346976875447524
 3.93037780855081209     12.60552057632127543
 8.38303305320516756     -6.63585877216298670
15.85582345720355590     -16.06959416231485704
16.06962219145894011      5.67731734604547000
14.06962219145848714     -4.63077249034564264
-3.46133221412777337     -14.33757138349577787
-16.06962219125095004     -1.35147517296603215
-15.06962219145154336     14.33757138389327856
-5.06962219144925808     14.33757138389064956
-0.06962219145045460      2.21321573090781731
 1.93037780855044017      9.14141896118327502
 9.22739831984775094     -16.06962219146049620
-9.26547723798991107     -10.01030067825372960
-0.06962219144917313     16.06962219145906445
 1.00000000000232725     -2.94082918728786380
-8.26547720924734364     -11.74235149357914487
-14.06962219144942949     16.06962219146100423
-2.46133221344130870     -9.14141896118518815
-15.15674458955063741      0.42804267248420325
11.06962219145584925     14.33757138389031560
11.22739831984910630     -9.14141896118545105
-16.06962219146085502     12.60552057632977530
 4.38303305320320646     -10.09996038730167989
 5.93037780855082985     16.06962219145922433
13.22739831984861958     -12.60552057632348877
-1.06962219145008763      3.94526653847690634
-14.26547745342158180     -8.27824902100783788
 2.38303305320516934     -6.63585877216278686
-6.06962219144917903     16.06962219145983184
-7.06962219145029636     10.87346976875275573
-4.06962219145981496      2.21321573090326273
14.06962219145875004     -1.16667087520755164
 2.00000000000266898     -1.20877837971918090
 6.00000000000334044      5.71942485055612870
12.00000000000434142     -1.20877837971891711
 0.93037780855022345      7.40936815361449330
 8.00000000000382627     -1.20877837971917512
 3.00000000000297007      0.52327242784952288
 6.00000000000353673     -4.67287999485679784
-4.06962219145626847      5.67731734604263671
 4.93037780855051633     10.87346976875222637
