319    34.24470131729999878
-5.11542117882183334     -14.39029985105661957
14.39029985105569054      7.11541298967107494
14.39158605387906498     11.11763745702374351
 0.53661717634777439     11.12012619117120060
 0.24943146157057500     -5.48719108158530844
-4.65824904348947033     14.12235065862460104
 2.26441988507785208      2.11767688367400497
 4.88457882119790909     -14.39029985105006659
16.12235065862181571     -5.88458701069119527
-7.11888591874898946     -3.99999999999988942
-9.11888591873263721     -7.46410161514708470
-15.12235065862632410     -14.39029985105936404
-14.11888591875032439     -5.73205080756746099
10.92619823598017526      7.11541298956833845
-11.11888591874899213     -3.99999999999953015
-16.12235065862903838      1.19414742835190579
 4.00071879147632714     13.12012619118747203
-9.11888591873420218     -10.92820323028410101
 9.19588437817010096     10.11841776769628432
-16.12235065863020722     -5.73405580192268438
-11.11888591873427501     -7.46410161514600379
-2.96126473891286057      9.06393473090149016
16.12235065862659411     14.12142254571857514
12.65878513258365956     14.12079003741876981
-6.11542117885412218     -12.65824904350634306
-3.11888992483324445     -0.53189533490280760
 0.53080281873268997     -0.87922314346383823
 9.19414742840999288      4.11541298956537727
12.65824904348268909      0.11541298935808797
-10.12235065862662253     14.12235065862800809
16.12235065862804717     -10.07725222608849691
 0.54025635002919103     -2.87920080102554854
-11.12235065862775052      6.39029985105838527
 5.73276959904528560     14.12012619118778822
 2.26714551184907087      6.11934609087395742
-5.04679691493318927      2.97187458743130550
-13.12235065862849659      6.39029985105822540
-0.11542117880225151     -12.65824904348659175
 5.60150959789011171     -6.14525576519850159
16.12233938665190891     -16.12155156008928714
-2.11542117886295644     -5.73004581322572371
 5.88457882119884967     -16.12235065861907657
12.65824904348365720     -5.88458701069189161
 3.99700921371763185      3.11712237825997196
12.65998599330785623     12.11841776769629497
 3.99927852753173241      5.11764100491477247
-14.12235065862638095     -12.65824904349045354
-13.11888591875046473     -7.46410161513643367
14.39029985105711518      9.11541298967373237
-5.11888591874898857     -4.00000000000005596
-1.30335034850990872      2.08889285382345991
-11.11888591872798315     -0.53589838484986385
-6.11888591867323051      4.66025403782553838
 1.88457882119871289     -16.12235065862392602
16.12235065861871774      4.11541298942424483
-16.12235065863000116     -2.26995418678487226
14.39029985112781951      5.11541298956542523
 2.26731609471145301      8.11934608360009058
16.12231012713823475     -14.10833219974608355
-4.69331585295132303      8.06393424238480883
14.39075059803476364     13.12064223508129857
-2.11542117881542957     -12.65824904349460667
-13.12235065862854633     -0.53790337921694897
-0.11542117880132809     -16.12235065862481420
-10.12235065862898331      8.12235065862797434
 0.53464426895708639      5.12012667383997666
 0.49624944399376625      1.12047835033321141
-12.12235065862898331      8.12235065862738281
-9.12235065861283090      6.39029985104949461
12.41283293962644940     -12.37009813189624907
-6.39029985105882403     13.12235065862542704
 2.88457882119789444     -14.39029985105455722
-2.11542117880153668     -16.12235065862505934
14.39029985105232079     -4.88458701069142176
-12.11888591875093368     -12.66025403784333392
-13.12235065862580718     -14.39029985105981346
-14.12235065862844507      1.19414742835198617
-9.11542117887088921     -14.39029985105681497
-16.12235065862930838     10.12235065862691741
-8.11542117887835524     -16.12235065863013617
 3.99981729762838745      9.11856556994561629
14.12450932859602837     -16.02801153162268832
-6.39029985105715070     15.12235065862668471
10.92619823598211148      5.11541298955977819
 5.73004580989346479      4.11541299542277095
 9.19558501133993644     16.12235065860873107
-8.11888591873384691     -5.73205080757750896
-16.12235065862677530     14.12235065862695471
-1.19414742834668020     14.12235065861542793
-9.11888591868873988      2.92820323031023566
-13.11888591874900278     -3.99999999999934674
 7.88457882125972009     -12.65824904344622226
16.12234180782798987     16.12233280227222565
-1.19414742835483545     16.12235065863000116
 9.19543362560801647      8.11763744720621538
-10.11888591873405829     -9.19615242271514077
-3.11542117881484515     -14.39029985106382092
-6.39029985105875920      9.12235065862536310
-14.12235065862617311     -16.12235065862850547
-2.92619823592035999     11.12235065862424577
 9.88457882119907971     -16.12235065861901617
 5.88457882119787357     -12.65824904348089674
 0.53465848238213576      7.12012667378947128
-16.12235065862901351     12.12235065862691741
 5.58884332798763683     -8.14749443334487999
-1.21609911746547072      6.08702770026288587
 7.88457882119889497     -16.12235065861991856
-16.12235065862887851      4.65824904348948898
-15.12235065862867422     -0.53790337921676123
 7.46391891272236485     11.11856557002172252
-10.12235065862927819     10.12235065862798322
-11.12235065862822481      2.92619823592062778
16.12235065861606031     -1.88458701069044365
-4.11542117881543046     -12.65824904349119606
 3.99973194965026524      7.11841777776502749
10.97382233327227929     -8.98088546580407865
10.92619823593128636      1.11541298939065991
-5.11542117884804526     -10.92619823594097284
-7.11888591872729215     -0.53589838484977614
16.12235065860827632     12.11986192440762800
10.98551032710069286     -6.98091961839534747
 2.33265489176385055     -1.99189731991693453
-2.96261705474459269      5.06315406551586200
-8.11888591872751419     -2.26794919241861370
-14.12235065862928174     10.12235065862730288
-7.11888591873237608     -7.46410161514740178
10.92546019397245871     -4.88586485227463463
16.12235065863000116      8.11541298968065306
10.92619823593845751     -2.88458701064221623
 9.13846583036144189     -10.13035274264194641
-13.12235065862823546      2.92619823592076678
-1.19414742834597165     12.12235065861469963
-14.12235065862667760     14.12235065862730288
-15.11888591875049848     -7.46410161513638837
-4.11542117882429714     -16.12235065862724070
-16.12235065862762440     -12.65824904348955826
-6.47976251050918339      6.98128993521821428
 5.73186810520749201     10.11856556992792555
-2.92619823592070105     13.12235065862433636
-9.11888591872756038     -0.53589838484976349
 5.74693628116858335     -4.07362152775217901
12.65824904350722058     -1.88458701064193157
 7.46436965966744648     13.11934588060337070
-12.11888591872849297     -2.26794919241881798
-12.12235065862662609     14.12235065862738281
 7.40087271272870950     -8.99398690751986685
 3.83028299216081125     -7.19488457340396881
-10.11888591872742893      1.19615242271918931
-13.11888591875079513     -10.92820323027437368
14.39029985105814546      3.11541298940963651
-8.12235065862523875     16.12235065862811112
 7.46209661861764584      1.11541299343588696
 7.52584815335497659     -4.98766340370442585
-10.11888591875093013     -12.66025403784333747
-6.11888591872540921     -2.26794919241756565
 4.00026804458162033     11.11934588051342665
10.92619823572286464     -0.88458701064220024
-3.11888992485521488     -3.99599695005600486
-7.11888591809476079      2.92820322992268123
16.12235065862429906      0.11541298939419271
-1.21826616225218576      0.09070350312392104
 5.73405580192065756     16.12235065863008288
10.92718507195641386     15.12157034800039668
 2.26995418678269401     16.12235065863002959
-10.11888591872777354     -2.26794919241861992
-1.81915110142252101     -2.05396908807372292
-4.11542117884894321     -9.19414742837157206
16.12235065862639161     -12.07725222608882376
 3.88457882128417920     -9.19414742829319742
-6.39029985105908427     11.12235065862542349
 9.19642046723633655     14.11934588060334761
 9.19414742825676612     -3.88458701044682764
-6.11542117882587188     -16.12235065862655503
12.65824904355043756      6.11541298956075163
 2.26995418678293293     14.12235065863002781
-16.12235065862628147     16.12235065862738637
-1.21608490404471192      8.08702770021239026
14.38481597748466356     -11.06769315407433574
 7.46209662036892674     -0.88458700987390837
-12.12235065862900996     12.12235065862738281
-16.12235065862907035      8.12235065862691741
-8.11888591872738452      1.19615242271904743
16.12235065862379102     -7.88458701069124945
 3.99700921371462359      1.11712237825997196
 0.53790337921392406     15.12235065862979866
-3.11542117881579728     -10.92619823592156614
12.88457882119831588     -14.39029985105604936
 1.88457882128363829     -9.19414742828599429
-10.11888591873415599     -5.73205080757719454
 9.19596972029137305     12.11856557002206358
-12.12235065862928174     10.12235065862738281
 9.19414742842502797      2.11541298955868262
 5.73133183654697120      6.11763716646539812
 9.18405051617979495     -8.08829550241580897
-10.12235065862523875     16.12235065862812533
-11.11888591875078092     -10.92820323027437368
 5.73004581266514723     -1.88458700964027526
 7.46209661521293111      5.11541299931886506
 9.19573851000801490     -6.08832965500733092
-7.11542117885535852     -14.39029985107453058
-8.11888591867323051      4.66025403787019066
-10.11542117887840320     -16.12235065863008643
10.92802052786052336     13.11856557002246149
-10.12235065862900996     12.12235065862798322
-8.12235065862661187     14.12235065862769545
 4.06463506726462942     -2.99201964827096711
12.65824904347872426     -3.88458701069185208
16.12235065862096306     -3.88458701069083601
-10.12235065862799033      4.65824904348936997
 7.41248316122378714     -6.99400484656822563
 2.26866798395411440     12.12012619110637601
-1.11542117882967373     -7.46209662077539981
-6.11542117884946368     -9.19414742836032950
14.38481597748383223     -13.06769315407436594
 0.88457882119787667     -14.39029985105540987
-4.65824904264253981     10.12235065715772286
 9.19414742841168575      6.11541298956763058
14.39029985104201792      1.11541298937682676
 0.88457882119835707     -10.92619823591650885
 0.53571603408593782      9.12012639418555437
-12.12235065862557803     -16.12235065862892469
-14.12235065862901173     12.12235065862730288
-1.11542117880213332     -14.39029985105582021
-5.11888992483363303     -0.53189533433194935
12.65878513255448645     16.12235065862648398
14.39029985107556442     -0.88458701064080159
14.39029985104755660     -2.88458701069141954
 6.88457882119814624     -14.39029985104979126
 5.73004580989110135      2.11541299542165540
-7.11542117884987491     -10.92619823592916006
 7.46209661747124908      3.11541299540213457
-14.12235065862875771     -2.26995418678570404
-11.11888591875097454     -14.39230484541226396
16.12235065863008288     10.11541298968066549
-14.11888591875068322     -9.19615242270538502
-0.11542117881653327     -9.19414742835621546
-2.96171583240100222      7.06315386246615429
-8.12235065862898331      8.12235065862769545
12.65824904349064361      2.11541298940718736
-3.04896706346275481      3.06501901600893856
 2.88457882119863429     -10.92619823590507977
-12.11888591873512411     -5.73205080757641383
 5.73231885209860348     12.11934588060331208
-2.11542117881711311     -9.19414742835153120
-1.21502735233617565     10.08702742060927804
 1.88457882119786246     -12.65824904348567870
 2.26624428950869561      4.11934629392355056
 2.26821723697063238     10.11934588058636386
 3.99700921373246354     -0.88287762174002782
 0.53790337925380716     13.12235065856117622
10.88457882119825015     -14.39029985104196641
-16.12235065862687122     -16.12235065862806849
12.71756113466995686     -7.98091961839474173
12.65824904348827573      8.11541298967366131
12.70587314084161257     -9.98088546580330949
-5.11542117885136527     -7.46209662079035407
-1.11888992485521510     -3.99599695007746814
 8.88457882119824838     -14.39029985105059417
-8.11888591873251286     -9.19615242271619948
-1.21700033980898459      4.08702790331272769
-12.12235065862527961     16.12235065862738281
12.65953524630667992     10.11763745701779094
 2.20488297645145703     -3.98781173132274791
 0.88457882117032960     -7.46209662077975366
11.88457882119908327     -16.12235065862628858
-12.12235065862835093      1.19414742835182297
-15.12235065862673267     -10.92619823592119488
 4.00200499435170620     15.12235065863020722
 2.26495840541057314      0.11712237953215070
 3.96909096980450427     -4.98973617606977626
 7.46482040661435420     15.12012619118803158
 4.88457882119876796     -10.92619823591139117
-4.11542117886424830     -5.73004581321365514
-4.69421707529468257      6.06393444543491711
 7.46383357065596442      9.11841776760144995
-2.92619823592045458     15.12235065862435945
10.97382233328215939     -10.98088546582002145
 7.45833467293750996     -2.89107477184304873
 3.88457882119786735     -12.65824904347977764
 9.19414742761932580     -1.88458701044682497
-8.12235065862900996     12.12235065862769545
-15.12235065863010242     -4.00200499435383072
-12.12235065862800276      4.65824904348963376
-6.04679691446289702      1.23982377958365086
-14.12235065862541461     16.12235065862756755
14.39038519318742537     15.12157034806063116
16.12235065863021788      6.11541298968062552
-9.11888591874899213     -3.99999999999974998
16.12235065862019923      2.11541298939499223
-14.12235065862862271      4.65824904348942059
-4.11888992483101646     -2.26394614247309223
 3.88457882119877373     -16.12235065862293837
 6.88457882119876974     -10.92619823591252448
 2.23579297119703568     -5.98757286011409207
-1.11542117881579528     -10.92619823592551853
10.92793518573895106     11.11841776769633228
-14.12235065862898331      8.12235065862730288
-8.11542117885412573     -12.65824904349759272
-4.03294842428607225      1.24732668377223610
10.92748443872926600      9.11763745700291572
 5.73178276308658941      8.11841776760231149
 5.73004581282448022      0.11541299036026428
-4.65824904348938862     12.12235065862400596
14.39029985105291232     -6.88458701069142442
-4.65824904348801550     16.12235065862664385
-15.12235065862869199      6.39029985105825826
 0.53374304661622074      3.12012687689041357
 9.88457882125977072     -12.65824904343738133
14.44961194223981416     -8.98091961839323716
-6.11888591873367105     -5.73205080757777719
-3.11542117885117031     -7.46209662080140745
-15.12235065862881100      2.92619823592065131
-16.12235065862755690     -9.19414742835167154
 9.19414742826767295      0.11541298955474448
10.92619823599769902      3.11541298955211410
-12.11888591875066368     -9.19615242270542943
-8.12235065862927819     10.12235065862769545
12.65824904356595226      4.11541298955321544
 7.46338281803254411      7.11763744719618341
