321    34.30414608880000316
-0.50000119444515623     -14.42002225473453159
-9.50347700782575089     -16.15207303387151327
-3.50347700757746061     -16.15207303391582627
 4.49999885857911153     -12.68797142048998694
12.15207303374746850      5.75976818850399397
 6.15207303372611491      5.75976818849256222
 0.49826092707458713     -2.29667113353038310
 1.49999885497197982     -14.42002222633342434
 9.15207303414790374     14.42002222657974997
-3.50000000054808513      4.63253498724267576
-6.50000000000147971      6.36458579512711964
-8.50347700773035342     -7.49181899611524837
14.15207303414957174     -1.16843504153903011
-6.15207303414987727     14.42002222658104849
-6.50347700767288384     -10.95592061122080274
-14.15207303415023432      7.49181899546759933
-7.50173914487385840     -5.76077270726747503
 4.49999999949988272      1.16843337213255216
-2.50173907634428216     -7.49282355431472613
 6.49999886061217591     -9.22386980417837954
12.15207303414978846     -8.09663827181461748
15.15207303414986484      0.56361576602968300
 6.49999886063828658     -2.29566657388794049
-2.50173907294615061     -0.56462032597349909
-9.15207303415000695      9.22386980387441646
-12.15207303415018458      7.49181899266777585
 2.49999886058714260     -9.22386980419288172
14.15207303371857073      2.29566657334955249
 4.49999886060059584     -9.22386980418507640
-0.84792696585218763     14.42002222658113553
-4.50000000057703087      2.90048417965706129
-3.50000000051853810      1.16843337212195264
16.15207303414985418     -15.02484150209009073
-11.54462741818957561     -5.78418733212392233
-6.50000000000113154      9.82868741026510229
 0.49826092707507741     -9.22487436380569470
-14.15315580308709187      0.56424133022802470
 3.15207303414765638     10.95592061144305163
15.15207303414978135     -13.29279069452125484
-6.50173913945022441     -7.49282351793626233
13.15207303371033376      0.56361576577625194
11.15207303368594793     -2.90048584937501319
 4.15207303414780071     12.68797141901184489
-16.15207303384298143     -5.28770992698125575
-16.15207303385383497      0.49843931993036683
-11.50231658363384923     -2.29633715578681841
-15.20960063081517077      2.26245342713265618
14.15207303414801565     16.15207303414811690
 6.49999886113867742     -16.15207303414998918
-9.15207303414988438     16.15207303415001050
13.15207303414768347     10.95592061144127172
-12.15207303414999984     14.42002222658116040
-10.15207303414997320     10.95592061144333051
 5.49999886059433507     -10.95592061175756982
10.15207303414796058     16.15207303414863915
-3.50000000000129052      8.09663660269616692
-4.50173907648671090     -7.49282355425310964
-11.15207303414988438     16.15207303414999629
-11.58499803737662859     -9.22434500207565122
-5.50173913933549663     -9.22487432553985265
 5.49999886061378174     -7.49181899660857553
 1.49999999999851807      6.36458579512706546
11.15207303368449487      0.56361576576158356
 1.49826092709014125     -0.56462032595250322
 5.15207303414766660     10.95592061144282248
-3.50173907297826936     -2.29667113356096708
 1.49999999950393614      2.90048417970387851
-8.15207303414993767     10.95592061144326124
-5.50347700778806104     -16.15207303389759019
-16.15207303383954951     -13.28770992698162345
16.15207303415006024      2.29566657359845472
 9.49999886113871739     -7.49181899630564097
 6.15207303414796058     16.15207303414950601
-9.15207303414988793     12.68797141901216818
-7.50000006115485096      1.16843334278388356
15.15207303414798901     14.42002222657885291
 9.15207303367713898      0.56361576575765504
-0.50000000000148126      6.36458579512718092
-12.50347700783716931     -14.42002222622924634
-13.15207303439966147      9.22386980321262229
10.15207303368132585     -1.16843504180880475
-6.50173907667401529     -4.02872193907329379
-13.15207306239755169      5.75976817156431142
-8.50173907296947995     -0.56462031678572078
 6.49999886113854419     -12.68797141901224812
 0.49999999952830543      4.63253498728682533
 2.49826092708077807     -5.76077274866456612
15.15207303414961260     -2.90048584910788287
-1.50173907632537218     -9.22487436188198018
-9.50000006360205695      1.16843334498708273
 5.49999886113856640     -14.42002222658116750
-5.50173907650447802     -2.29667113160215575
 6.15207303414781048     12.68797141901161751
-15.15207343650386917      9.22386957081791081
14.49999886113884706     -16.15207303414994655
 2.15207303414746010      9.22386980387428856
 9.15207303414767104     10.95592061144181173
-13.15207303432028318     12.68797141891395874
 0.49826092706511860     -5.76077274867362465
-3.50173913858014130     -12.68897594108176996
 1.15207303414788820     14.42002222658103427
 8.49999886113868541     -12.68797141901217174
-10.15207303415016860      7.49181899630552106
-0.50173907293511744     -0.56462032596710876
15.15207303421684415     10.95592061140112783
-16.15207303382899440      4.02646753409610003
12.15207303414905837     -4.63253665667651315
16.15207303398277006      5.75976818835254800
-11.50347700787494887     -16.15207303384935500
-2.50173913836583273     -14.42102674873154733
-8.15207303414987727     14.42002222658104493
 8.15207303414796058     16.15207303414932127
 7.15207303414790285     14.42002222658044808
14.15207303414979023     -11.56073988695237276
-4.50173913878089049     -10.95692513341368368
-4.50000000000102940     13.29278902540295171
-16.15207303383186144     -11.28770992698132147
-16.15207303336519118     -9.28770992698131792
 9.15207303362135605     -2.90048584935046261
 7.15207303414727669      7.49181899630428205
-8.50000000000147971      6.36458579512715517
-7.50347700779060389     -12.68797141872230583
-14.42002221248713312     -8.28770992822637353
 7.49999886113858061     -10.95592061144334117
-6.50347700779866411     -14.42002222630790520
-6.50173907296806064     -0.56462032040775800
-16.08253787435602433     -16.14904935385620988
-0.50000000000111167      9.82868741026503123
16.15207303414990747     -1.16843504153917066
13.15207303414972451     -6.36458746424570165
 1.49826092707896152     -7.49282355623450957
-13.15207341498401838      2.29566676964635308
-1.50173907640371018     -12.68897597693503343
10.49999886113878667     -9.22386980387447686
 2.49826092708281688     -2.29667113352560870
16.15207303414801743     16.15207303414771900
-10.51005548169368886     -10.95210583381404845
-16.15207302336323636     -7.28770992698126641
-5.50000000206765360      4.63253498636533401
-4.50000000000147971      6.36458579512714717
 8.15207303373606429      5.75976818849798988
-11.15207303414995010     12.68797141901223036
 9.15207303414727669      7.49181899630402715
 0.49999999999870853      8.09663660269605145
-10.50000000844691606      2.90048418440077738
16.15207303414749518      9.22386980358897191
10.49999886113868541     -16.15207303414994300
-8.50347700784095650     -10.95592061114957438
-16.15207303415006379     14.42002222621489160
-4.50000000000112266      9.82868741026513959
-3.50173907636435899     -5.76077274674242634
 3.49826092710586689     -0.56462032594344402
-1.50000000049337756      4.63253498727430646
 8.15207303414781848     12.68797141901092118
-3.50173907646764215     -9.22487436181655518
 3.49999885856859283     -14.42002222806513956
12.15207303414746676      9.22386980387251576
10.15207303370019609      2.29566657333952673
-0.50173907294375175     -7.49282355624768837
-6.50000000287830737      2.90048417832845784
 9.49999886113868897     -10.95592061144329676
-8.50000000741347250      2.90048418138112707
-8.50231570790405300     -4.02905464120909862
 7.49999886063426224     -7.49181899659677253
-5.50347700767261383     -12.68797141879015378
-15.15314444348375034      5.75914958452347303
-2.50000000000148059      6.36458579512718003
-14.15207303414999984     14.42002222658115507
-7.15207303414988793     12.68797141901215930
10.15207303373765413      5.75976818849865513
-12.50173896177865274     -0.56395298647763703
 3.15207303414788820     14.42002222658090638
-10.50173907297027398     -0.56461990254903516
-1.50000000051391691      1.16843337212464826
11.15207303414767637     10.95592061144155061
-12.15207305403047933      4.02771736882041331
16.15207303414971562     -4.63253665667670056
-7.50347700769565495     -9.22386980366411002
 5.15207303414789575     14.42002222658066657
 0.15207303414794743     16.15207303414994655
15.15207303373398950      4.02771738092711740
 3.49826092710924641     -4.02872194107922610
-7.50000000000129852      8.09663660269610297
-5.50000000057910210      1.16843337208701992
 3.49999886058038712     -10.95592061176565934
-16.15207303415019524      7.49181852903620271
 3.15207303414727713      7.49181899630529102
 4.15207303371547631      5.75976818841789218
-10.50347700783528104     -14.42002222629286479
-7.15207303414987994     16.15207303414992523
11.15207303414972451     -6.36458746424577448
 2.15207303414779894     12.68797141901206693
 5.15207303414727669      7.49181899630459736
-14.49772649781546008     -4.16381600906280180
 3.49999999950911445      2.90048417970675754
-11.15207305153751349      5.75976817498257443
-15.15207303435328612     12.68797141848888543
-16.15207303384122994     -3.03992209114013212
 1.49826092707207281     -4.02872194110071202
12.49999886113877778     -12.68797141901223213
 4.15207303414795348     16.15207303414992523
11.49999886113877956     -10.95592061144335538
 4.49826092711817793     -2.29667113350521346
11.15207303414793394     14.42002222657943555
 2.49999885846477943     -12.68797142055613136
10.15207303363561842     -4.63253665692011563
-2.50173907296429965     -4.02872194112178583
-8.50347700780255877     -14.42002222629337105
-10.54462743612403841     -7.51623815177334098
-2.50000000000111111      9.82868741026515025
11.15207303414728024      7.49181899630370651
-3.50000000000101963     15.02483983297182313
-0.50173907293939257     -4.02872194110735204
-4.50347700764217773     -14.42002222635155206
10.49999886113868541     -12.68797141901217884
-7.50173907852855049     -2.29667113132322331
-13.93961224416844225     -12.48331383509486336
 6.15207303414746320      9.22386980387337019
 0.49999999949286755      1.16843337212861176
 4.49999886113865699     -16.15207303415025208
 5.49999886062984711     -4.02771738146156721
 1.49999886056585008     -10.95592061177418230
 9.15207303371879632      4.02771738091914333
-10.15207303414987727     14.42002222658108224
14.15207303376720205      5.75976818851519745
 5.15207303369928571      4.02771738083922592
-7.50347700780629800     -16.15207303388510240
 7.15207303414766660     10.95592061144212970
-1.84792696585221483     16.15207303415001050
14.15207303414979201     -8.09663827181454110
-11.50347700782775107     -12.68797141866110501
 8.49999886113859837     -9.22386980387447153
-10.50231694225958989     -4.02838817041058395
16.15207303414782913     12.68797141900987668
11.15207303372757153      4.02771738092395726
 7.15080392106655971      0.56288317446107805
13.49999886113877423     -14.42002222658111066
 4.15207303414746320      9.22386980387406119
12.15207303414782913     12.68797141901034031
 8.15207303414746320      9.22386980387305222
-1.50173907295667886     -5.76077274868626965
-1.50000000000129097      8.09663660269616869
-0.50173907628048853     -10.95692516943723760
-1.50000000000098921     11.56073821783397904
-9.54462741807983761     -5.78418735462194267
-14.38933761280191703     -6.27481498723136077
-5.50000000000103650     11.56073821783406608
-2.50000000051422644      2.90048417969334693
-9.50173914636701156     -2.29667108197861802
-5.15207303414987194     16.15207303414992523
16.15207303414979378     -11.56073988695234611
 2.15207303414795170     16.15207303414992523
-2.50173907645447668     -10.95692516938004424
 7.49999886113867920     -14.42002222658105559
-15.21933532625075713     -1.27074138560428351
13.15207303414935325     -2.90048584910778695
 8.49999886064200005     -5.75976818902354637
-9.50347700782698546     -12.68797141872694034
-0.50000000050180249      2.90048417970056560
14.15207303414749340      9.22386980387228483
12.15207303414801387     16.15207303414835138
14.15207303414941187     -4.63253665667664372
 6.49999886062148491     -5.75976818903527210
13.15207303414793572     14.42002222657915667
13.15207303414978490     -9.82868907938349956
10.15207303414782913     12.68797141901059788
-5.50173907653515126     -5.76077274669047856
 8.15207303368959835      2.29566657333372559
-1.50173907293602671     -2.29667113353653152
 8.15207303361325231     -1.16843504177506063
13.15207303414728202      7.49181899630352177
13.15207303372865688      4.02771738092425302
-14.50347700783935956     -14.42002222624387997
 5.49826092712580383     -0.56462032593205991
 6.15207303368299829      2.29566657326042600
-9.50000000585867177      4.63253499047838346
 2.49999885509258846     -16.15207303383689919
16.15207303414980089     -8.09663827181445583
-3.50000000000100364     11.56073821783408917
15.15207303414973516     -6.36458746424558885
-16.15207303415002471     10.95592061077353740
-13.50231658363554210     -2.29633713321105359
-12.15207303415000339     10.95592061144338381
15.15207303414730156      7.49181899601641721
-5.50000000000129763      8.09663660269612961
-12.54354148257253954     -10.97967815098871647
-1.50000126880189510     -16.15207303370807423
 7.49999886064035071     -4.02771738145562352
-12.50231694225975332     -4.02838814783254495
14.15207303414782913     12.68797141901006853
12.49999886113868541     -16.15207303414995010
-4.50173907640310755     -4.02872193919480903
-12.58499801859346690     -7.49229418295068594
 2.49999999949485296      1.16843337212975729
-14.15207342392729828      4.02771757205243919
 9.49999886113868008     -14.42002222658105381
-2.50000000000097966     13.29278902540295526
-4.50173907296467224     -0.56462032598422773
 4.49999886062103105     -5.75976818903551280
-15.15207303441991726     16.15207303405147599
-14.42002222553179891     -10.28770992822696684
-11.50000037180871715      1.16843358169492983
-11.15207303439058428      9.22386980373560483
15.15207303414978668     -9.82868907938345870
-14.15207303415000339     10.95592061095238101
-13.50347700787975569     -16.15207303383796500
12.15207303371521519      2.29566657334794666
 0.49999885485923040     -16.15207303384299919
 8.49999886113867831     -16.15207303414993945
 1.15207303414763951     10.95592061144327189
 3.49999886060506871     -7.49181899661361683
11.49999886113868897     -14.42002222658105737
-9.50347700888890934     -9.22386980303022241
 0.15207303414775911     12.68797141901222680
 2.49999999953092189      4.63253498728822333
 7.15207303371280378      4.02771738091600007
10.15207303414746320      9.22386980387279642
-13.15207303414988793     16.15207303415010287
 0.49999880840416921     -12.68797144564928914
-7.50000000237930298      4.63253498618544057
12.15207303369120773     -1.16843504180341995
