324    34.46929343690000280
 4.49412425506739943      1.21166589524198676
-8.13040775696759788     14.50259591014209271
-6.13040775696756413     14.50259591014201810
16.23464671771075984      2.44786401501142059
-10.13040775696779328     14.50259591014227745
-0.76535328227912758     -4.11029106472403960
-1.76535328228033950     -12.77054510256915698
12.23464671771202816     -16.23464671771112933
-3.50587574493802512      1.21166589523956558
-0.76535328227974142     -7.57439267986217502
15.23022246386954137      4.17735293324585921
-16.23464671771094459     11.10301509757245775
-5.76535328227971444     -5.84234187229326807
 8.11865626709632160      9.30644348743850891
 8.11865626710447152     12.77054510257217501
-11.23464671771098011     -1.02134055540969126
-1.76535328227887867     -2.37824025715499987
-6.13040775696771778     11.03849429500420953
-3.76535328227970334     -5.84234187229334356
-4.50587574493836218      2.94371670280826248
-5.13040775696758722     16.23464671771094459
16.23464671771091261      5.90684185165852060
-15.23464671771081669     12.83506590514139845
14.49810558836010799     -2.55991345045784779
-2.76535328227977395     -7.57439267986226294
11.23464671772141799     -0.64618944958691582
-14.13040775696820539     14.50259591014225258
-7.76535328227891419     -2.37824025715503362
-8.76535328228037436     -14.50259591013826821
-7.76535328228797717     -16.23464671771155565
-16.23464671771112222     -2.75339136297833642
-0.76535328227879196     -0.64618944958612223
10.11865626710448041     12.77054510257984354
-6.76535328228032018     -11.03849429500033175
-10.13040775696807394      7.57439267986673048
12.84060168159313697      0.54582928097725369
 5.49412425506730528      9.87191993308582028
-3.13040775696753570     12.77054510257294773
 5.23464671772029355     -7.57439267986174958
-2.76535328228036548     -14.50259591013802485
 2.23464671772032020     -5.84234187229335244
-1.50587574493770116      4.67576751037717830
-11.13040775696786788     12.77054510257342557
-12.23464671771106360     -2.75339136297852072
13.23464671772148016     -4.11029136638820702
-1.13040775696757989     16.23464671771075629
 9.23464671932972081     -14.50259590920818020
-2.50587574493803134      6.40781831794586676
14.17907212545436657      9.33984786054640104
15.27027479979160240     -11.01792448369709554
 1.49412425506265767     13.33602154822111885
11.23464671862154063     -7.57439268038276037
 3.23464671772027224     -7.57439267986225762
-9.76535328228028554     -9.30644348743139638
-2.50587574493794385      2.94371670280842501
-3.76535328228797495     -16.23464671771138512
12.11865626788480732     16.23464671766237899
 5.23464671771970202     -14.50259591013806038
 9.11865626712539523     11.03849429499211610
-2.13040775696761475     11.03849429500393953
-5.76535328228797539     -16.23464671771137446
 7.23464671771980861     -11.03849429499990364
-10.76535328227984500     -7.57439267986226383
 8.23464671771202816     -16.23464671771142420
-12.13040775696795137     11.03849429500459145
-8.13040775696807216      7.57439267986662745
 3.23464671771969359     -14.50259591013802307
15.47239828145320573     -7.41673873989824717
-6.76535328228037347     -14.50259591013809946
 2.49412425506301183     11.60397074065230250
 6.23464671771202728     -16.23464671771137091
12.23022899787132900      2.45041458675020296
14.50712142971188179     -0.55993377190987081
 6.49412425506731061      8.13986912551682451
 0.23464671772031523     -5.84234187229325119
 2.49412425506219737     15.06807235579027271
-9.76535328227972244     -5.84234187229335422
16.23464670350348982     -5.56769105444333334
 3.49412425506318725      9.87191993308343463
-7.13040775696798068      9.30644348743548200
 1.49412425506645263      2.94371670281052511
-1.76535328228023936     -9.30644348743141236
 5.23464671772090728     -4.11029106472369232
 0.23464671771202514     -16.23464671771132117
 0.23464671771973208     -12.77054510256919073
10.23464671771983348     -9.30644348743103755
-14.23464671771075629      4.17481186729711506
10.23464671938271486     -12.77054510160870571
-6.13040775696822049      4.11029106472876471
12.17665314632060714     12.80534833106512593
 8.49412425506747581      1.21166589524148050
 6.23464671771978995     -12.77054510256917830
12.11730975424819512      5.84421470051575298
-2.76535328227912958     -4.11029106472398631
 0.49412425506250784     11.60397074065230960
-12.76535328228044541     -14.50259591013818827
-5.50587574493843945      1.21166589523942969
-4.76535328228037347     -14.50259591013811722
14.17665314632838047     12.80534839119718526
-14.23464671771122525     -6.21749297811619073
-14.23464671771064083     11.10301509757260874
 3.23464671771977352     -11.03849429500026247
 2.49412425506655344      1.21166589524170387
-7.13040775696758722     16.23464671771098722
-12.76535328228036015     -11.03849429500036017
13.17665334916149789     11.07329745123134757
 4.49412425506699975      4.67576751037923355
16.22564624537903200     -3.56771130660677338
-5.76535328227890531     -2.37824025715510556
11.17665149238136557     11.07329847839956649
-11.13040775696785367     16.23464671771115064
-15.23464671771087176      2.44276105972829694
 0.23464671772112225     -2.37824025715507359
 4.23464671772114976     -2.37824025715466636
-6.13040775696807216      7.57439267986653331
10.23464671860020125     -5.84234187280082384
 3.23464671772120971     -0.64618944958575431
 1.23464671772025847     -7.57439267986222742
16.23464659040901026      9.37604487378307638
-10.76535328228038146     -14.50259591013819893
-16.23363031958236391     -16.23150899810741876
14.22605369012396537      2.26422854531220885
 7.11865626709968158     14.50259591013842986
-13.76535328228818322     -16.23464671771150947
-4.13040775696746110     14.50259591014188310
16.23464671771110446      0.44786401501136480
11.11865792132787156     14.50259495542985810
-10.23464671771104406     -2.75339136297861620
-4.13040775696770002     11.03849429500410473
14.23465325203516940      5.91195431236659008
-1.50587574493789833      8.13986912551468755
-9.76535328228034949     -12.77054510256933106
-11.13040775696798157      9.30644348743566319
-3.76535328228034505     -12.77054510256911612
 6.49412425506744384      1.21166589524172919
-9.13040775696818230      5.84234187229777202
 2.23464671771981171     -9.30644348743136263
-5.76535328228028021     -9.30644348743130578
-11.23464671771113821     -4.48544217054744099
-6.76535328227879962     -0.64618944958616187
-7.76535328227971444     -5.84234187229322277
-11.76535328228029620     -9.30644348743150474
-8.76535328227982724     -7.57439267986229225
 4.49412425506720670      8.13986912551684938
-15.23464671771103163     -1.02134055540950031
-0.50587574493754683      2.94371670280834019
-11.23464671771066747      5.90686267486587990
 9.23464671772148371     -4.11029106472472083
-0.76535328228036326     -14.50259591013804794
 2.23464671771973400     -12.77054510256912145
 3.49412425506276447     13.33602154822136576
 7.23464671772029444     -7.57439267986184195
-16.23464671771144552     -13.14569620839174036
 0.23464671771978940     -9.30644348743133243
-2.13040775696729279     14.50259591014171257
 7.49814391186766827      6.41014205696843486
-9.13040775696785367     12.77054510257335274
16.23464671771114354     -1.56773155883099835
-12.23464671771074919      4.17481186729702447
-7.76535328228028021     -9.30644348743143190
-13.23464671771055734      9.37096429000374087
12.23506485590629822     -9.30620210215737842
 0.49412425506255964      4.67576751037715610
 4.23464671771202550     -16.23464671771133538
 9.23464671772032020     -7.57439267986186593
-12.23464671771121459     -6.21749297811628931
-12.13040775696793006     14.50259591014230764
 5.23464671771979972     -11.03849429500029444
-15.23464671771143841     -11.41364540082286538
-4.76535328227879784     -0.64618944958602564
-11.76535328228039035     -12.77054510256928666
-6.76535328227980681     -7.57439267986215370
-16.23464671771124301     -6.21749297811612767
11.23464673792842206     -11.03849428333248106
13.23464675333960194     -14.50259588957259105
-1.76535328228797495     -16.23464671771130341
14.25220021538236459     -5.83208839715036564
-9.23464671771082379      2.44276105972797897
16.23464671770376100     16.23464668979125847
-3.13040775696779727      9.30644348743515337
-8.13040775696824980      4.11029106472885086
-14.23464671771107248     -2.75339136297844655
 1.49412425506285995      9.87191993308351101
 3.49412425506675461      2.94371670281049758
14.23464671771202639     -16.23464671771117196
-11.76535328228799493     -16.23464671771143841
-9.23464671771094636     -1.02134055540977742
-4.76535328228032018     -11.03849429500021273
 8.23464671771983348     -9.30644348743100558
-4.13040775696790874      7.57439267986634057
-7.13040775696761742     12.77054510257316799
 6.23464671772035217     -5.84234187229289059
-9.13040775696760321     16.23464671771108314
 6.23464671771983348     -9.30644348743094696
16.23464671720385866     -9.26578642003584818
14.23506493459702149     -9.30668501038449314
11.23464671941385795     -14.50259590915960750
 5.23464671772123680     -0.64618944958579283
 8.23464671772036461     -5.84234187229296253
-14.23464671771059642      7.63891348243488544
-7.76535328228034860     -12.77054510256919251
10.49821004494044452      1.21370021597823108
 4.23464671771973755     -12.77054510256916053
10.23464671772134693     -2.37824025715575216
-8.76535328228032107     -11.03849429500029622
-11.23464671771082735      2.44276105972807622
-13.13040775696801887     12.77054510257346109
11.23464671772148726     -4.11029106472461603
11.11730975398644894      4.11216389293050266
 4.49412425506301361     11.60397074065242506
12.45984830056529802     -2.26321683938977491
-16.23464671771095524      7.63891348243479396
 2.49412425506295854      8.13986912551468755
-8.76535328227913446     -4.11029106472401029
-15.23464671771131940     -7.94954378568504971
-13.23464671771113821     -4.48544217054736194
 0.86959224303242166     16.23464671771088774
14.23464677249069865     -12.77054509286357309
-13.23464671771083800      2.44276105972817570
 4.23464671772032109     -5.84234187229285151
-16.23464671771086287      4.17481186729718079
16.23464671714540941     -12.77006226510336795
 6.11865626709218802     12.77054510257387676
 1.23464671772120971     -0.64618944958566082
 1.23464671771967915     -14.50259591013810301
-8.23464671771087353      0.71071025215906214
 3.23464671772090639     -4.11029106472362304
-10.76535328228034771     -11.03849429500042056
-12.23464671771091083      0.71071025215922934
 4.23464671771981660     -9.30644348743139815
11.17665149237904387      7.60919686314415156
 1.23464671772090573     -4.11029106472408667
 5.49412425506765434      2.94371670281072983
 3.49412425506693314      6.40781831794810053
-4.76535328227977484     -7.57439267986218834
-15.23464671771118617     -4.48544217054726069
-13.13040775696812545     16.23464671771109735
-1.13040775696739226     12.77054510257275233
10.23464671771202816     -16.23464671771103340
-6.76535328227913446     -4.11029106472404226
-10.23464671771074741      4.17481186729690812
12.17665150886152858      9.34124768034548403
-14.76535328228048805     -14.50259591013818294
-13.76535328228049515     -12.77054510256929198
 1.49412425506272828      6.40781831794593959
-4.76535328227913357     -4.11029106472412575
-3.13040775696758722     16.23464671771088064
 9.23464671771981216     -11.03849429499990542
 2.23464671772112400     -2.37824025715458909
 9.11865626722888045     14.50259591022054906
 7.11865626709643706     11.03849429500745316
-8.13040775696791762     11.03849429500443158
15.23907653848605293      7.64144388457575108
 5.49412425506722801      6.40781831794798240
10.11865626788431527     16.23464671750983257
-15.13040775696835638     16.23464671771107248
 5.11865626709204502     14.50259591014267180
10.11730975398664079      5.84421470049949221
15.23465049051547737     14.50259369631981698
 9.23464671772140377     -0.64618944958625990
 1.23464671771976886     -11.03849429500022161
15.23506491269568208     -14.50235445068415352
-15.23464671771073675      5.90686267486603711
-12.23464671771058754      7.63891348243482682
-9.76535328228798072     -16.23464671771148460
 4.11865626709162935     16.23464671771141354
13.17665149283082116     14.53740009327576921
13.17665149237915401      7.60919686326047362
 9.49412425506769431      2.94371670281023778
-2.76535328227879607     -0.64618944958606539
-1.50587574493782328      1.21166589523959689
-0.76535328228023225     -11.03849429500028556
-1.76535328227969068     -5.84234187229322632
 7.49412425506767566      2.94371670281048115
-10.23464671771090728      0.71071025215914729
-15.23464671771067458      9.37096429000371778
 6.11865626709312771     16.23464671771092682
16.23464670194405812     12.77054069310043438
 8.23464671771981038     -12.77054510256878572
 2.23464671771202505     -16.23464671771140289
-13.23464671771130519     -7.94954378568511544
16.23464671771202461     -16.23464663616987380
-10.13040775696793006     11.03849429500451151
 8.11865626709316501     16.23464671771110446
-3.76535328228027266     -9.30644348743135730
-0.13040775696723453     14.50259591014157401
 7.23464671771982726     -14.50259591013803906
-16.23464671771141354     -9.68159459325387672
-5.13040775696761653     12.77054510257308095
 8.49412425506788260      4.67576751037925575
-5.13040775696782703      9.30644348743526884
-2.76535328228030863     -11.03849429500025892
 8.23464671772132384     -2.37824025715509801
-13.23464671771100321     -1.02134055540960800
-0.50587574493772614      9.87191993308347726
-0.50587574493755416      6.40781831794597245
-16.23464671771092327      0.71071025215944172
 7.23464671772092949     -4.11029106472374917
-7.13040775696829687      2.37824025715993104
-9.13040775696798157      9.30644348743557615
10.17665149241136113      9.34124767081222807
 2.49412425506668800      4.67576751037934546
13.23022899801776298      4.18246539423453800
12.23527271458799959     -5.84270344261631180
-3.50587574493828180      4.67576751037711702
15.17665340042460542     11.07329286972501237
-3.76535328227888266     -2.37824025715496123
-14.23464671771134249     -9.68159459325397265
12.23464671942892146     -12.77054510158204970
 6.23464671772115597     -2.37824025715472898
13.25282614882703847     -7.56450047144195992
-16.23464671771095880     14.56711671271019704
 9.17665149237902611      7.60919686326186895
-5.76535328228034682     -12.77054510256922448
-5.13040775696815832      5.84234187229760593
13.23464673834226524     -11.03849430491404071
 0.49412425506633445      1.21166589524169255
 7.23464671772140022     -0.64618944958599256
-13.23464671771066925      5.90686267486596162
 6.49412425506788171      4.67576751037947869
-7.13040775696817253      5.84234187229769208
 0.49412425506260399      8.13986912551476038
-14.23464671771091794      0.71071025215933914
14.23464671770359757     16.23464671770817347
