325    34.49591852472728704
12.78385764722634299     -2.23332985070694878
 0.66786721499383961     -11.24775132189064841
-2.79623440014441860     -9.24775132189152416
-14.51590845479280922      6.24795926236373145
14.19387516865779730     16.24795926236076937
-0.64694174647509950      0.27001794946799401
 4.56089215044886398      9.29114604439631897
-12.78385764721668139     -0.75204073763612533
 1.65085266947000808     16.24102818426359107
10.05595234022309370     12.87086348257643387
-6.26021595248297924     -13.24795926235876031
11.48962191807257049      5.29145009321954074
16.24795926235545096     -14.24795926233981014
-0.64712799281961486     12.27033984559699498
 4.56124284365265709      7.29114607514210533
 9.75757111050747383      2.29145009321660087
-12.78385764722399109     -6.75204073763611579
11.48962191807465061      3.29145009321954118
 2.82865003203675913     10.29084231693086515
-5.85546824985873204      3.24828178242622734
11.05180672820257115      7.81622984410413313
-16.24795926236176768      3.24795926236419907
 2.39579544356040497     -8.24064455648682603
-12.78385758677453943     15.24795936706773070
-9.31975603207738423     13.24795926238148702
 9.31975603208885950     -2.23332985070902579
-12.78385764722380102      5.24795926236386379
-9.72431756761859845     -13.24795926236380161
 6.29346897988549170      6.29144979973985397
16.24795926236365062     -2.23332985070601930
-4.12323161544845718      8.24860371304467854
16.24795926236162913      1.76667014929595378
-14.51590845479390168     10.24795926236370569
-9.31975603207589742      7.24795926238077115
 4.56124319838891079     -0.70885392485787402
-7.58770504466114115      0.24795957387002160
-5.85546824985877912     -6.75171821757384638
-12.78385764722511198     11.24795926236385313
 2.39579544356094321     -10.24064455648742644
 8.10490187464863432      7.42243950647215911
-12.78385764722315621      3.24795926236386689
-9.31975603207670389     -10.75204073761953971
-9.31975603206913128     -2.75204073761947354
-4.07283707256570260     16.24795926236116372
-14.51590845479288028     -3.75204073763620372
-0.64694174647997904     -1.72998205054178777
-12.78385764722360918     -2.75204073763612156
-16.24795926236207677     -6.75204073763579427
-11.05180683965522626     -9.75204073763623391
14.51590845479092096      7.81623003714409403
 7.59194786627477569     -9.24064455650145788
-2.21098619655006434     15.51754067313387075
 1.08510906109401439      1.27001794946799751
 9.32393860133316110     -14.24074859791515735
 6.29346932593217456      0.29144979973936158
12.68517742251792413      8.99041321379241687
-11.45636837518753737     -14.24795926236367194
-16.24795926236176768     -2.75204073763579649
 1.08510906108962546     -0.72998205053919663
-4.12323161544695260      4.24860371304459861
 9.86869234034841902      9.42875591994058304
-14.51590845479434577     16.24795926236366128
-7.99226676004897829     -16.24795926236347654
-9.31975603207625269     -4.75204073761948731
-4.52816514491399946     -14.24795926235858268
-9.31919790600590225     15.24892629304876301
-2.37899255403974408      1.27001794947532387
14.51590845479031344      9.81623003714409315
-16.24795926236247112      7.24795926236419596
14.51590845479296732      5.81623003714409492
-9.31975603207660619      9.24795926238079957
 2.82901707084548582     -3.70915764945495097
13.22167272564294827      4.29145009322054172
 7.58776529702198310     -5.23343389213032850
-14.51590845479465841     -13.75204073763625878
16.19507677963320802     16.24771559465948201
 8.89659686736892574     14.50055513671323482
12.05877460596101258     12.86923097800402260
-16.24795926236365418     -12.75204073763610069
-7.58770504466888074     -5.75204042613001132
-5.85546824984828174     -2.75171821757383617
-4.12323161544771111      6.24860371304460838
16.24795926236306443     -6.23332985071131063
 5.65084065947758862     16.24795926235443133
-16.24795926236123478     -0.75204073763579804
 5.85989705870079458     -8.24064455649106975
-7.58770504466914009     -9.75204042613001398
 5.85989705869719035     -12.24064455649203254
11.05180689764555169     -5.23332995114507504
 1.08492265426646983     13.27034015715451432
-0.64694174647301972     -3.72998205054893983
12.78397765203346559     -10.23353789161403249
 1.08510906109761929      7.27001794947835922
-11.05180683964482391      0.24795926236373331
11.05180683965700261     -1.23332985070776191
12.78798022618041408     -14.24085249696896049
14.51596844508901185     -11.23364183259759841
 9.92367404325709757     16.24795926235750088
 0.66374463599177813     -9.24064455648725946
12.78385764722538909     -0.23332985070691425
 6.29346932593109276      2.29144979973940321
 9.32800119003785078     -16.24795926236139465
11.05180683965819632     -3.23332985070823575
-11.05180683965468980      8.24795926236370391
 6.29346932593063091      4.29144979973941076
 7.59194786627191931     -11.24064455650160888
-14.51590845478683356      0.24795926236377017
-2.37899255403915211      3.27001794947594826
-9.31975603207551195      3.24795926238070187
-11.45636837518731177     -16.24795926236365773
-16.24795926236359733     15.24795926236422083
-11.05180667252934334     16.24795926236365773
-11.05180683965614108     12.24795926236368793
12.78385764722256113      6.81623003714311970
-11.05180683965535771     10.24795926236369503
-7.58770540434657192     14.24795957387164336
-1.06406358776550158     -14.24795916191974499
14.51590851278151106     -7.23332995114829469
 0.66798721980160802     -15.24795916192282874
16.24795926236304311     -10.23353793355552277
 4.56124319838714687      3.29114607514213464
-5.85546824986036274     11.24828178242636412
-11.05180683965482480      6.24795926236371191
-2.37899255404121135     -4.72998205055056697
-11.05180683964771404     -1.75204073763625989
-2.79617440984701471     -11.24785522093625012
 1.08510906109773764      3.27001794947580571
-9.31975603207612657      5.24795926238072408
 2.39991802256228359     -12.24775132189141758
-5.85546824985847891      5.24828178242626286
14.95372353321346282      3.29145009322108839
-1.06830617158068808     -8.24064455648252014
 5.85577447974802379     -6.23353779117218831
 5.86401957971004517     -14.24775142233304592
-0.64694174647074776      2.27001794947512625
-4.52816514491191402     -16.24795926236365418
-11.05180683965419419      4.24795926236371901
14.51590845479526415     -3.23332985070686174
-5.85546824985901360     -8.75171821757387036
 9.75757111050794634      0.29145009321660298
 7.58782528731697692     -7.23353779117205509
 9.32399861585241041     -12.24064465694062775
12.19387516865775822     16.24795926236088306
 9.31981610459092735     -6.23343389213021037
-13.18841918275630398     -15.24795926236385668
13.19387516874324007     14.51590845473452696
 5.85571448945266226     -4.23343389213109944
-4.12323161544720485     -7.75139628695541383
 5.79025194497840268     12.86841351752457463
-1.06412360227804048     -12.24785522093608137
-0.64694174645964542      8.27001794949846136
-7.58770504466879903      4.24795957387012280
-2.79611433734552151     -15.24795926235936783
16.24795926236336641      4.81623003714474063
-0.64694192629507341     10.27001826099263404
-14.51590845479475966     -11.75204073763615398
-16.24795926236364707     13.24795926236419064
-4.12323197512549910     12.24860371304498230
11.05598940890794601     -13.24074859792422743
-5.85546860953718706     13.24828178242652044
-7.99226676005224856     -12.24795926235944066
14.25222656300962853     12.66862552188663393
 4.12784625113020276     -9.24064455648809435
-5.85546824985092851     -4.75171821757383928
-14.51590845479327463      8.24795926236371635
 2.82901707084506926      0.29084235054504892
 2.82901671610889371      8.29084235054515872
-16.24795926236360089     11.24795926236419241
14.52003103375897730     -13.24085249698545041
-0.64694174647021907     -5.72998205054898602
11.48962191807732403      1.29145009321829418
 1.08492299458938568     11.27034015708928649
-0.34913532053308510     16.24795926235255905
11.05604942343095054     -11.24064465695697912
-16.24795926236364707     -14.75204073763609536
-14.51590845479303304     -7.75204073763617796
-7.99226676004934067     -14.24795926236312305
-7.58770504466985773     10.24795957387055090
-7.58770504466818707      2.24795957387009571
-7.58770504466910367     -7.75204042613001398
-5.85546824985923475      7.24828178242626375
 7.87080410404349529      9.52063951605231829
 1.08510888127158767      9.27001826098878468
 6.29346932593284070     -1.70855020026063831
12.78385764720728268     -16.24795926232642174
 8.02551996311429860      5.29145009485595263
 4.12784625112962900     -7.24064455648742733
 3.65084065947758862     16.24795926105308652
-9.31975603207654224     -8.75204073761953971
-11.05180683965506105     -7.75204073763624013
-2.37899255404284737     -6.72998205055060517
 4.56124319838824466      1.29114607514212576
-2.37899291370408816     11.27001794950053970
 2.82901707084333598      4.29084235054510099
-0.64694174647103808      6.27001794947793645
16.24795926236146926      6.81623003714474240
-2.37899255402845800      7.27001794949777658
 2.91911405836669102     12.45305663943373276
 4.13196883012949900     -13.24775132189429527
-4.12323161543439198     -3.75139628695541383
-9.72431756761826804     -15.24795926236394550
-16.24795926236306087      9.24795926236419419
-4.12323161544719774      2.24860371304458928
 8.02552030293802154      1.29145009321478121
 7.78996627776136830     12.83461133869718473
12.78804021648655542     -12.24074859794052195
-5.85546824985101555     -0.75171821757382717
 9.75757111050457127      4.29145009321801663
-4.52822521741629647     -10.24785522093695178
-7.58770504466916051      8.24795957387040346
16.24795926236233967     -8.23333005158680109
 2.82901707084471887     -1.70915764945495097
16.24795926234615351     -16.24795926234076049
-4.12323161544657246      0.24860371304458606
-11.05180683964710475      2.24795926236372612
12.78385764722713347     -4.23332985070814694
 4.56052546637547618     11.29114601078293312
-11.05180683965653721     14.24795926236367904
-0.64749970488190955     14.27033981105453542
 0.66374463598981637     -7.24064455648534988
 7.58770528250727416     -3.23332995114594546
 0.66792720529041183     -13.24785522093685231
12.78391771972685653     -8.23343389213339982
 9.31987609488537849     -8.23353779117287843
 2.39997801285757006     -14.24785522093982948
-16.24795926236120991      1.24795926236420041
-5.85546824985811298      1.24828178242621290
12.78385770521397546     -6.23332995114595434
 5.85989705870027944     -10.24064455649170924
 8.94932175061656565     11.20491968456066623
 8.02552030293755259      3.29145009321478099
-11.05180683965480881     -3.75204073763625301
 2.39579544355925789     -6.24064455648633842
-4.12360368864300764     14.24860367850614296
-7.58770504466964635     12.24795957387160605
-6.26021595248036444     -15.24795926236293298
-7.58770504466855922      6.24795957387016188
-12.78385764722572837     -10.75204073763611134
16.24795926235961119      8.81623003714474152
-2.37899255404395182     -0.72998205053329401
14.51590845479479874     -1.23332985070598355
-16.24795926236329535     -8.75204073763579338
16.24795926235882249     10.81623003714474507
 2.82901707084442222      2.29084235054507523
-14.51590845479292291     -5.75204073763619039
-4.12323161544884975     10.24860371304469986
16.24795926236259902     -0.23332985070405107
-9.31975603206625181     -0.75204073761947376
13.22167272564490226      2.29145009322054172
 2.40003796938207481     -16.24795926236171795
 2.82901707084289145      6.29084235054512408
-12.78385764722374418      7.24795926236386023
-2.79611439533397554     -13.24795916191895095
 9.31975609007659855     -4.23332995114517008
-16.24795926236364352     -10.75204073763593193
11.05877460595983486     14.60128178557222078
 4.65383524188158759     14.51418297997074980
-9.31975603206852199      1.24795926238053689
 6.54134243507891355     11.01480539397687863
-14.51590845479440439     12.24795926236369148
-14.51590845479258363     -1.75204073763621659
 7.59194780827786975     -13.24064465693092885
16.24795926236059174     12.81623003714474507
 6.29311827799261003      8.29144976899202923
 4.13202876243814554     -15.24785532137850730
14.51590845477617542     -15.24795926232465426
 6.78725735137178887     14.60218980632959607
 9.32399867385030134     -10.24064455651801175
-12.78385764721724094      1.24795926236387089
 4.12784625112961656     -11.24064455648860061
 8.02552030293912466     -0.70854990678523000
-9.31975603207649961     -6.75204073761953083
-2.37899255404454468     -2.72998205054978671
11.05592941860663991     -15.24085249696100419
-5.82971310769820494     15.29224664916984899
14.51590845479552883     -5.23332985070898360
-2.37899255403938570      5.27001794947689639
 1.08510906110692917     -4.72998205054043197
 7.59601037276520596     -15.24785536331727798
-11.05180683965692445     -11.75204073763622858
-12.78385764722586870     -12.75204073763610779
-12.78385764722550810     13.24795926236384958
-14.51590845479447900     14.24795926236367904
-14.51590845479463354     -9.75204073763616464
 1.08510906109779137      5.27001794947785829
-4.52816520290295355     -12.24795916191912681
-14.51590845479198499      2.24795926236375676
 1.08510906109035155     -2.72998205053926934
-16.24795926236248889     -4.75204073763579515
-1.06418359257513329     -10.24775132189081539
-7.58770504466175932     -3.75204042613001088
 4.56124319838668590      5.29114607514213642
-14.92046999032529619     -16.24795926236365062
-16.24795926236198440      5.24795926236419774
-12.78385764722403550     -8.75204073763611312
11.05192690245288212     -9.23353779117534756
-1.06406352977834917     -16.24795926236266297
-12.78385764722385787     -4.75204073763611845
14.51596846930758211     -9.23343399257182718
 4.12372367217871183     -5.23353779117294238
15.19387516874324362     14.51590845484116876
 2.65383826676449797     14.51070453947506067
 5.86401955549331877     -16.24795926236277666
-0.64694174647061276      4.27001794947671698
-2.37936462654243996     13.27001791617205306
 9.75757077162911202      6.29145009321799797
-4.12323161543835415     -1.75139628695541383
-4.12323161543675631     -5.75139628695541383
 4.56124319838855641     -2.70885392485787468
-14.51590845479260850      4.24795926236374388
 7.92367404325708957     16.24795926236064147
12.97532054022754622     11.09160797230807560
16.24795926236130583     -12.23374573164233858
-7.58658914231756221     16.24795926236171084
-5.85546824985996128      9.24828178242636412
-6.26021601047222820     -11.24795916191981604
10.97532292995176206     11.09469971795843968
-11.05180683965502730     -5.75204073763624635
14.51590845479300107      0.76667014929535626
16.24795926236365418     -4.23332985070769396
-2.37899255402734777      9.27001794950048463
-12.78385764722439255      9.24795926236385668
-7.58770504465882922     -1.75204042612997846
-9.31975603207717107     11.24795926238117261
11.05186691215932626     -7.23343389213103816
