334    34.84825239220000270
-7.76789501960999118     -7.68524856814988500
 9.52225658027149002      2.36597098552942864
-11.25430738784418594     10.37984229929777236
12.96002458095205867     -9.76688070487767668
16.42412619609536861     12.41025488232673091
-16.42412619609514834      7.33555840249665092
 7.81653938715713714     -2.67831291127479032
16.31632928557985096     -16.18236686903921040
 9.52225658027714772     -9.72259680806489435
 2.59405335000170645     -7.72259680806423976
16.42412619609681812     -1.67831291126270310
-9.47505829973360925     -14.69207538852192840
-4.30781626582367316     -3.67831291127196636
-12.96404744231609030     -4.68524856814888491
-11.22797377338852876      6.33555840249648927
-0.84371465068592610     -3.67831291127219417
-16.42412619609551072     -16.42412619609454438
16.42412619609525848     -9.76688070486896898
12.96404744231414163     14.41719053921317872
 2.57576545825467873     12.42412619609286040
 7.79020577270268610      3.36597098552955654
 6.08448857958801170     -3.67831291127507676
-14.69207538852652561      2.33555840249647328
-4.32610415756902622      8.37984229929771374
 7.77191788096061131     13.42412619609359403
-14.69207538852630535      6.33555840249658786
-0.84371465068770435     -7.67831291127502968
 9.49592296581975859      6.41025488232468987
 4.30781626582321930     13.42412619609346791
-12.96002458095732379      9.33555840249657010
 7.79020577270262304      1.36597098552941065
-9.49592296581959516      7.33555840249642710
 7.79020577270851522     -8.72259680806439341
16.42412619609508084      2.41025488232347085
-16.42412619609580915     -0.66444159750338772
-2.59405335000022141      7.37984229929758939
-11.31665631709593356     -13.90883613569219079
-13.70432140153836187     -14.54853070209685661
 6.05815496513381913      2.36597098552953877
16.42412619609680391     -5.67831291126347271
 0.84371465068575702     15.42412619609439695
-11.25430738784438489     12.37984229929796598
-6.05815496513767737     13.37984229929829105
 4.30781626582306476     15.42412619609469715
11.22797377338925884     11.41025488232710750
 7.79020577270244097     -0.63402901447158111
-6.05815496513771379     11.37984229929807789
-6.08448857958925604     15.42412619609404878
-16.42412619609503821     -12.69218422504151356
 0.86602540378437909     -12.72953246494189727
 7.77191788096052605     15.42412619609431701
11.22797377338894975      9.41025488232584806
-14.69207538852804973     14.42412619609643443
14.69207538852600869      3.41025488232359830
 4.30781626582346355     11.42412619609252999
-14.69207538852796091     16.42412619609667246
12.96002458095203735     -11.76688070487770510
13.57246055215967928     -16.42412619609570257
-14.69207538852674588      0.33555840249642049
14.69207538852650785     11.41025488232635077
-6.03986707339193796     -0.67831291127107451
-4.30781626582252741      2.32168708872969765
-2.57576545825464631     -0.67831291127201221
 4.35243777202033399     -2.67831291127299886
 8.61435484505406812     -14.57704069766162469
 2.62038696445013253     -5.67831291127516913
-14.69207538852667128     -5.69218422503868915
-14.42412619609546454     -16.42412619609418556
-5.52511143856378428     -14.66412592309883500
 2.59807621135335554      8.37290664241725224
12.96002458095763465      6.41025488232439500
 9.49592296582057926     10.41025488232675578
12.96002458095750676      4.41025488232429019
11.23601949609765960     15.42412619609483215
-12.98635819541311420     11.37984229929770130
11.22797377339037439     -2.67831291126308813
-2.48672101680855562     -16.20845318128485246
-14.69207538852631956     10.33555840249663937
 2.59405334999658788      4.36597098553044827
-11.22797377338924818     -7.69218422503948140
 7.76387215825134902      7.41025488232552565
 0.86602540378448201      7.37290664241724691
-14.69207538852636574      4.33555840249654345
12.98635819541494030     -7.72259680806491211
 9.52225658027135147     -1.63402901447152527
-12.96002458095775012      1.33555840249629454
-11.22797377338846658      8.33555840249650970
-4.47505829973693192     -16.42412619609435964
-2.57576545825529468     -6.67831291127279947
14.69207538852793427     -0.67831291126270732
-9.49592296581974082      5.33555840249624058
14.71840900297784138      1.36597098552896234
 7.57716157796549972     -16.28707874598282501
-6.03986707339256768     -4.67831291127196458
 9.52225658027115074      0.36597098552880458
 7.79020577270842551     -4.72259680806437121
-11.22797377338665648     -11.69218422504563115
-11.22797377338916291     -9.69218422503989885
10.61220593058975048     -14.66972856107371115
 4.32610415756511202      1.36597098552918839
-0.86602540378438575      6.37290664241723093
-12.96002458095745880      5.33555840249651769
-0.84371465068582785     -1.67831291127211379
 6.03986707339200546     12.42412619609312152
 7.79020577270278025      5.36597098552973328
-2.59405335000002912     11.37984229929809210
-4.30781626582376020     -5.67831291127208626
-2.59807621135343592     -10.72953246494199142
-4.30379340446616432      4.32862274561565741
 1.52158186952428554     -16.42412619609684299
-12.96002458095751741     -12.69218422504219745
 2.62038696445143415     -3.67831291127296733
-9.49592296581984030      3.33555840249614954
 4.55172223664787801     -14.70983018197784808
 7.79020577271567038     -10.72259680807781201
 2.59405335000162562     -9.72259680806431170
11.25430738784040585      3.36597098552951257
11.22797377338308955     -10.76688070487782056
-11.23199663474186316      0.32862274561598492
-12.98635819541332026     13.37984229929786473
-9.50396868852977761     -2.67831291127097204
11.25430738784004170      1.36597098552886509
11.22797377339167113     -12.76688070489300131
 7.76387215824970678     -12.76688070488582838
 9.49592296582261142     -11.76688070489277393
-9.52225658027551347     15.37984229929828750
-11.22797377338878988      2.33555840249620195
-6.03986707339251438     -2.67831291127189264
-7.79020577270660919     10.37984229929800861
-0.88833615688275758     14.42412619609364910
12.96807030366615443     16.42412619609550362
-12.96002458095739485      7.33555840249654789
 2.57576545825451886     14.42412619609411273
14.69207538852625561      7.41025488232490392
-0.49838373388045382     -16.42412619609686786
 4.32610415756548417      5.36597098553051399
 0.88833615688253753     -4.67831291127293358
-12.96002458095675536     -10.69218422504215482
 0.84371465068603102     13.42412619609337199
-4.30379340447392522     -9.68524856815282220
16.42412619609685720     -3.67831291126270443
-12.44959224791616137     -16.10598206604069560
-16.42412619609511992     -4.69218422503760646
 4.32610415757063560     -6.72259680806432591
-4.35243777202017412     16.42412619609437385
-7.76387215825194588     -9.69218422504030030
16.42412619609543611     -7.76688070486875493
12.98635819540891667      2.36597098552887930
-2.62038696445173258     13.42412619609362601
-7.79020577270649195      8.37984229929766933
 9.50396868852934773     14.42412619609384272
-0.84371465068639107     -5.67831291127284477
-7.76789501960399686      2.32862274561579197
 0.86200254242786967      3.36597098553016139
-4.32610415756890099     10.37984229929796243
11.25430738784629803     -6.72259680806444049
-4.35243777202048143     14.42412619609384983
 0.88833615688119927     -6.67831291127507498
-2.62038696445150343     15.42412619609398128
 6.05815496513392127      0.36597098552906920
14.69207538852694661     13.41025488232761731
 6.03986707339182960     14.42412619609395641
-6.03986707339140949      1.32168708872970586
 2.62038696445204122      0.32168708872787521
-2.59405335000015835      9.37984229929772972
-9.50396868853030519     -4.67831291127189086
 6.05815496513436713      6.36597098553053531
 6.03584421203931498     10.41719053921196192
-9.49592296582138751     -12.69218422505582566
-0.87004826514055700      4.36597098553094209
14.69207538852641370     -8.76688070486883753
14.69207538852591988     -12.76688070486912174
-11.23601949609867390     -3.67831291127100268
 0.88833615688321477      1.32168708872796303
-4.32610415756381794     -11.73646812183177168
-16.42412619609550362     -6.69218422503883126
16.42412619609500624      4.41025488232348639
-6.03584421204152566     -8.68524856815059998
-6.05815496513774665      7.37984229929744195
 6.03182135068293324      8.41025488232633123
 2.57576545825436654     16.42412619609515190
-14.69207538852606199     -11.69218422504161659
 0.86200254242816643      5.36597098553123697
14.69207538852606199      9.41025488232541463
14.69207538852794848     -2.67831291126273152
-0.86200254243126151     10.37984229929787183
 9.52225658027727206     -5.72259680806442450
16.42412619609599744     14.41025488232768126
11.25430738784005769     -0.63402901447114401
-0.87004826513607392     -9.72259680806419802
 4.35243777201904170     -4.67831291127516646
 2.59405334999627657      2.36597098552931806
-14.69207538852624317      8.33555840249660918
11.25430738784621099     -4.72259680806444049
 0.88833615688297718     -2.67831291127223947
-12.96002458095917120     15.42412619609651969
-2.57576545825657366     -8.67831291127505011
-9.52225658027547972     13.37984229929806368
12.79522367936693428     -14.06865664823542694
 4.30379340447023839      9.41719053921230653
 2.62719098312629518     -14.15251486314375384
 4.32610415757058320     -8.72259680806439164
-0.84371465068519291      2.32168708872877616
-12.96002458095800591     -8.69218422503972477
-16.42412619609697444     -2.67831291126182736
-4.30781626582301236      0.32168708872887436
12.96002458095815335     12.41025488232726381
-11.25430738784442042     14.37984229929797664
 2.57576545825443670     10.42412619609275382
-1.46609394171614005     -14.38846994354259579
-7.77191788096140179     -3.67831291127188909
-16.42412619609553914      1.33555840249664715
 4.32610415757045796     -12.72259680806490323
-0.84371465068570817      0.32168708872803298
-7.76387215825613808     -11.69218422504857635
-9.52225658027533406      9.37984229929772972
-7.79020577270658432     12.37984229929809210
-16.42412619609525137      5.33555840249665003
 0.86200254243276653     -10.72259680806434368
12.96002458095924936     -3.67831291126310278
 6.05815496514370544     -9.72259680807144022
16.42412619609680391      0.32168708873730589
16.42412619609545743     -13.76688070486934556
-2.57576545825411918      1.32168708872886098
12.96002458095740195      8.41025488232500962
 3.52158186952428576     -16.42412619609631719
-9.49994582717291891      1.32862274561586946
 2.59405334999705550      6.36597098553129026
 5.58186260377198806     -16.42412619609601876
-7.79020577270654968     14.37984229929838698
-11.23601949609820672     -1.67831291127002413
 7.79020577270837489     -6.72259680806439075
-4.32610415756894184      6.37984229929731672
16.42412619609492452      8.41025488232529916
11.23199663474539811     13.41719053921291582
-9.50396868852927845     -0.67831291127010274
-16.42412619609481794     -10.69218422504138566
14.69207538852549000     -14.76688070486944682
-7.77191788096089020     -1.67831291127095561
 2.59405335000186321     -11.72259680806436677
-7.47228700532256873     -14.19722772027474100
-11.23199663474766474     -5.68524856814971979
 4.32610415756592914      7.36597098553129559
-16.42412619609480018     -8.69218422504132882
11.25430738784603690     -8.72259680806486948
-11.22797377339030334     16.42412619609680391
 9.49994582717655867     12.41719053921284832
-6.03182135068588554     -10.69218422504518529
 6.05815496513948126     -7.72259680806441740
14.69207538852816874     -4.67831291126303395
-6.47505829973693370     -16.42412619609534730
11.57246055215938974     -16.42412619609202196
-9.52225658027545840     11.37984229929805480
-12.96807030366707814     -2.67831291127005189
-6.03584421203509791      3.32862274561575466
 2.62038696445187647     -1.67831291127226212
 9.49592296582036433      8.41025488232530627
 9.52225658027741062     -7.72259680806442450
 0.87004826513755751      9.37984229929768532
 6.05815496513952745     -5.72259680806433568
-16.42412619609535085     11.33555840249670510
-6.05815496513776885      9.37984229929794644
 6.05815496513387153      4.36597098552966489
14.69207538852596606     -10.76688070486901516
12.96002458095763288     10.41025488232623175
 6.03986707339171502     16.42412619609509861
12.96002458095906817     -1.67831291126272708
-10.47505829973693459     -16.42412619609463320
-4.30781626582417498     -7.67831291127281990
 4.32610415756498590      3.36597098552961826
 9.57246055215909308     -16.42412619609414648
16.42412619609506663      6.41025488232477691
 9.52225658027159128      4.36597098552961960
-14.69207538852690931     -7.69218422503961285
-2.59807621135310418      5.37290664241695470
 9.52225658027733779     -3.72259680806442450
-2.59405334999498560     -12.73646812183184984
-8.47505829973693459     -16.42412619609325830
 6.05815496514384044     -11.72259680807270676
-2.57576545825473691     -2.67831291127206494
14.69609824988309477     15.41719053921316451
 0.84371465068570439     11.42412619609300606
-2.57576545825360936      3.32168708872962748
11.22797377338877034      7.41025488232448648
14.71840900298386856     -6.72259680806498405
-4.32610415756885569     12.37984229929819513
-2.57576545825485281     -4.67831291127211468
 4.32610415757077416     -10.72259680806442539
-16.42412619609541480      3.33555840249664826
 0.88833615688310696     -0.67831291127207516
-9.49592296582043360     -8.69218422503961641
14.69207538852645811      5.41025488232421736
-9.49592296582053130     -10.69218422504080657
 7.76387215825197519      9.41025488232615182
-3.53160407616565530     -14.50310295559261142
-6.03986707339263784     -6.67831291127210225
16.42412619609490321     10.41025488232550522
-14.69609824987988311     -1.67137725438362095
-0.88833615688295475     12.42412619609339330
-12.96002458095812493     -6.69218422503944765
-7.77191788096032887      0.32168708872977231
-11.22797377338864599      4.33555840249628854
11.22797377338871527      5.41025488232446783
 7.76789501960788176     11.41719053921250016
-9.49994582717879155     -6.68524856814975266
-4.30781626582357546     -1.67831291127196613
 0.86200254243279884     -8.72259680806418736
-7.76387215825093868      4.33555840249610736
-0.88833615688302803     16.42412619609469004
-0.86200254243135332      8.37984229929760538
-16.42412619609680391     13.42412619609615554
-16.42412619609682167     15.42412619609663516
 6.60704787140555982     -14.53811350850054218
 0.51159906782189368     -14.69787744801173801
-12.96002458095758492      3.33555840249636759
-7.77191788096145242     -5.67831291127195126
-14.69609824988448743     -3.68524856814798785
16.42412619609696733     16.42412619609692115
-14.71840900298205490     12.37984229929761604
12.98635819541523695     -5.72259680806454352
-15.70429824361346682     -14.55815521056788775
12.98635819540892555      0.36597098552887652
-6.05815496513235541     -12.73646812183236143
-7.76387215825083210      6.33555840249618640
-16.42412619609520874      9.33555840249666069
-0.86602540378460169     -11.72953246494207313
 6.08448857958925871     -1.67831291127305970
-14.69207538852581152     -9.69218422504160060
 4.35243777202082072     -0.67831291127229421
-6.03182135068201664      5.33555840249603541
-12.96404744231080741     -0.67137725438390239
16.42412619609494939     -11.76688070486901516
 9.50396868852893029     16.42412619609521940
-7.81653938715805197     16.42412619609428859
