337    34.94215225140000314
-6.07766460762518346     16.47107612569882207
 8.51077065986357262     -16.25968217959885109
12.97710762094647841     -12.52892387429534615
 0.85164529529562782     -13.52892387430408938
-6.07766460762536997     10.47107612569868351
-0.88040551227672592      5.47107612569615132
11.24505681336933804      2.47107612569625923
-11.27492370298467961      3.47107612569608914
-14.73902531812469263     13.47107612569976354
16.47107612569336155      7.52469035426273525
 4.31574691044461733      6.47107612569866752
16.47107612569402235      9.52469035426273791
11.24505681336968266     16.47107612569632451
 2.58369610286898821     11.47107612571024404
-7.81026875151999178      9.47203514527834045
14.70915842851591115      2.47107612569812130
 9.51300600580007227      7.47107612569608293
 7.78095519823123727      6.47107612569600832
 9.51300600580337452     -10.52892387430400056
 6.04835105434034137     -12.52796485472526555
-16.47107612569503488     -7.52892387430294274
12.97710762094335379      9.47107612570471602
12.97710762094717118     -14.52892387429534615
-4.34506046373592358     15.47203514526878898
12.97710762094377834     -2.52892387429533549
 7.78095519823177995      0.47107612569589946
-14.73902531812473704      7.47107612569971646
-7.81026875151992517     13.47203514527834045
 4.31574691044468661     14.47107612569872437
11.24505681336999530     14.47107612569631030
 6.04835105433711906      7.47203514527475487
 4.31574691044578618     -3.52892387430134624
-0.88040551227501151     -6.52892387430430521
-14.73902531812429828     -6.52892387430029419
-4.34506046373626376      7.47203514526869750
-4.34506046373583033     -0.52796485473130139
-13.00697451055260068     -11.52892387430422261
-7.81026875151995092     15.47203514527850388
-11.27492370298475599      5.47107612569611490
16.47107612569549318     -10.47530964573745038
-16.47107612569509882      6.47107612569712032
 4.31574691044776149     -11.52892387430134846
-2.61245631984579640     12.47107612569620905
-14.26148512883169772     -16.47107612569806889
12.97710762094291859      7.47107612570471069
-14.73902531812455763      1.47107612569970603
 2.58369610286905482      5.47107612571022273
14.70915842851992217     -13.52892387430205012
-16.26665466042776487     -16.02757471693027824
-7.81026875151968625      1.47203514527834067
 9.51300600580017530      5.47107612569608115
16.47107612569471158     11.52469035426274324
12.97710762094566128     -8.52892387429534260
11.24505681337317853     -13.52892387430384247
14.70915842851603017      8.47107612569812929
-13.00697451055368070     16.47107612569627832
 0.85164529529197641     10.47107612569623569
-16.47107612569514146     16.47107612569720203
 9.51300600580399980     -12.52892387430400234
-16.47107612569499224      4.47107612569709278
14.70915842851919031     -11.52892387430197729
-11.27492370298450908      1.47107612569604629
 9.51300600580439948     -14.52892387430401122
 4.31574691044465109     12.47107612569868529
-14.73902531812469618     11.47107612569974222
-7.81026875151995803     11.47203514527834045
-0.88040551227447350     -8.52892387430433097
 6.04835105433796727     -2.52796485472526156
 0.85164529529257982      0.47107612569622076
-0.88040551227613595     -0.52892387430405963
-4.34506046373620691      5.47203514526869750
 0.85164529529205013     14.47107612569624813
 0.85164529529287425     -1.52892387430382959
16.47107612569343971     -2.47530964573731005
 6.04835105433786691     15.47203514527502755
16.47107612569282864      3.52469035426272903
-14.73902531812541028     -14.52892387430032528
-13.00697451055377840     12.47107612569621082
-11.27492370298482882      7.47107612569614155
 7.78095519823299053     -5.52892387430416044
 2.58369610287219142     -12.52892387428977905
-9.54287289541434625     -13.52892387430403254
-0.88040551227689479     13.47107612569618595
-1.88264085818541682     -16.25968217961563766
 0.10615591362435066     -16.47107612569515211
 0.85164529529201416     12.47107612569623569
 9.51300600580082900     15.47107612569609003
12.97710762094500581     -6.52892387429533905
-0.88040551227693964     11.47107612569617174
 2.58369610287132900     -8.52892387428977905
 9.51300600580035471      3.47107612569607893
 9.51300600580053946     11.47107612569608293
11.24505681336981233     12.47107612569626944
10.49956743167157569     -16.47107612569492119
 6.04835105433725850      3.47203514527474155
-2.61245631984323046     -9.52892387430461163
11.24505681336965068      0.47107612569625940
-2.61245631984288318     -11.52892387430461341
 0.85164529529203314      8.47107612569623569
-7.81026875151815680     -14.52796485472167021
11.24505681336913376      8.47107612569626411
-16.47107612569500290      2.47107612569708612
 7.78095519823188031     14.47107612569616641
11.24505681337186047     -7.52892387430375454
 9.51300600580088762     -0.52892387430393772
-4.34506046373601240      1.47203514526869839
-11.27492370298385715     -6.52892387430404675
 0.85164529529193267     16.47107612569632096
-7.81026875151879985     -6.52796485472165866
-16.47107612569507751     12.47107612569718960
14.70915842851657551     -1.52892387430194376
-13.00697451055367182      6.47107612569606250
-16.47107612569496382      0.47107612569708313
12.97710762094308024      1.47107612570466517
-4.34506046373408328     -12.52796485473131405
 2.58369610287176243     -10.52892387428977905
12.97710762094284753      5.47107612570471069
 9.51300600580055367      1.47107612569607893
 4.31574691044509784      0.47107612569865576
 9.51300600580175804     -4.52892387430395615
-13.00697451055270726     -7.52892387430421994
14.70915842851773903     -5.52892387430194532
 2.58369610287023077     -4.52892387428977905
-11.27492370298488211      9.47107612569616641
 4.31574691044688841     -7.52892387430134669
 7.78095519823137849      4.47107612569592749
 6.04835105433773457     13.47203514527501689
-7.81026875151987632      5.47203514527834045
-0.88040551227404706     -10.52892387430433097
-9.54287289541597872      8.47107612569621082
-6.07766460762529448     14.47107612569874036
14.70915842851866628     -9.52892387430197729
 2.58369610286915385      3.47107612571022184
11.24505681337217489     -9.52892387430376253
-9.54287289541591122      6.47107612569620816
 0.85164529529365540     -5.52892387430390730
-16.47107612569501001     -1.52892387430292742
 7.78095519823156412      2.47107612569592749
14.70915842851692013     16.47107612569822521
-4.34506046373610921      3.47203514526869794
-9.54287289541444750     -11.52892387430403254
-9.54287289541598582     16.47107612569638846
-14.73902531812460026      3.47107612569970669
 4.31574691044542114     -1.52892387430134580
12.97710762094342307     15.47107612570474089
-9.54287289541464467     -9.52892387430398990
12.97710762094592241     -10.52892387429534260
-2.61245631984450144     -3.52892387430449483
 7.78095519823369397     -7.52892387430421905
 4.31574691044844183     -13.52892387430134846
16.47107612569452684     -6.47530964573736867
-0.88040551227686836     15.47107612569618773
 6.04835105433996745     -10.52796485472526555
 0.85164529529220179      4.47107612569623658
-16.47107612569505974     14.47107612569719848
-7.81026875151907696     -4.52796485472165866
-11.27492370298434388     -0.52892387430395582
-4.34506046373443322     -10.52796485473130517
-14.73902531812458960     15.47107612569977420
 7.78095519823198956     16.47107612569622503
16.47107612569488566     13.52469035426274324
-13.00697451055375531     10.47107612569617530
-14.73902531812469263      5.47107612569971469
-11.27492370298487678     13.47107612569621260
14.70915842851709066     14.47107612569814350
14.70915842851653110     10.47107612569813284
-9.54287289541517936     -3.52892387430389975
12.97710762094374282     13.47107612570473734
-0.88040551227545139     -4.52892387430430432
-0.88040551227639086      1.47107612569606028
-6.07766460762532201      8.47107612569868174
14.70915842851622557      0.47107612569806123
-7.81026875151857070     -8.52796485472165955
 6.04835105433833053     -4.52796485472526378
-7.81026875151932476     -2.52796485472165866
-6.07766460762315575     -11.52892387430132182
-6.07766460762488681      0.47107612569867646
14.70915842851709243     -3.52892387430194532
-11.27492370298353563     -10.52892387430404852
-6.07766460762352700     -13.52892387430132182
-13.00697451055253850     -9.52892387430422261
16.47107612569389445     -4.47530964573731094
 4.31574691044455427      8.47107612569866752
-11.27492370298338464     -12.52892387430405030
-13.00697451055375176      8.47107612569606694
 7.78095519823210413     -1.52892387430410337
-0.88040551227658215      3.47107612569607449
-16.47107612569513790      8.47107612569712032
11.24505681336905383      6.47107612569625879
-12.26148512883169772     -16.47107612569504198
-11.27492370298413782     -2.52892387430403742
-9.54287289541553996      0.47107612569620511
16.47107612569663004     -14.47530964573772572
12.49956743167158457     -16.47107612569755375
-7.81026875151793032     -12.52796485472166133
-13.00697451055284226     -5.52892387430421550
-3.87143762999480900     -16.47107612569869062
 6.52197388805596390     -16.47107612569867996
 7.78095519823127013     10.47107612569611135
-13.00697451055375531     14.47107612569624990
 2.58369610286893714      9.47107612571023161
 0.85164529529503119     -11.52892387430400234
-2.61245631984483007     -1.52892387430437715
 9.51300600580244904     -6.52892387430398724
-11.27492370298481106     15.47107612569626056
-6.07766460762386984     -7.52892387430132182
-6.07766460762506799      2.47107612569867596
 9.51300600580307076     -8.52892387430400056
 4.31574691044471237      4.47107612569866042
-9.54287289541598938     12.47107612569621082
 9.51300600580125355     -2.52892387430393750
-9.54287289541477257     -7.52892387430397747
-4.34506046373623889     13.47203514526870194
-7.81026875151823763     -10.52796485472165955
11.24505681337003438     -1.52892387430374166
-9.54287289541537120     -1.52892387430380117
-9.54287289541582240      4.47107612569620727
-0.88040551227682473      7.47107612569615664
-13.00697451055297016     -3.52892387430421550
-16.47107612569499224     -5.52892387430294185
-6.07766460762417982     -5.52892387430132271
 6.04835105433716258      5.47203514527474244
12.97710762094431480     -4.52892387429533549
12.97710762094339820     -0.52892387429533527
-14.73902531812440486     -10.52892387430032528
-4.34506046373626820     11.47203514526869661
 0.85164529529238764      2.47107612569623436
-11.27492370298359248     -14.52892387430407695
 0.85164529529319755     -3.52892387430390553
-9.54287289541501060     -5.52892387430394194
11.24505681337053176     -3.52892387430375454
 7.78095519823463366     -11.52892387430424215
-16.47107612569498158     -3.52892387430293253
11.24505681337274154     -11.52892387430376253
 7.78095519823117598      8.47107612569605806
-4.34506046373445720     -14.52796485473131405
-10.27268835702481198     -16.25968217958846296
 6.04835105434098708     -14.52796485472527976
-6.07766460762516125      4.47107612569867552
 2.58369610286986351     -2.52892387428977905
12.97710762094361669     11.47107612570473378
-6.07766460762470384     -1.52892387430132359
-0.88040551227582209     -2.52892387430415200
-2.61245631984258075     -13.52892387430471466
14.70915842851580990      4.47107612569812130
-4.34506046373631261      9.47203514526869661
-14.73902531812448835     -12.52892387430032528
16.47107612569580581     -12.47530964573766354
-0.88040551227688624      9.47107612569616286
-11.27492370298365287     -8.52892387430404675
 6.04835105433744502      1.47203514527474089
-6.07766460762532823     12.47107612569871371
 2.10615591362435062     -16.47107612569863377
16.34101399641363983     -16.47107612569634583
 6.04835105433764397     -0.52796485472526011
-2.61245631984510629      0.47107612569577889
-2.61245631984573112      8.47107612569610602
16.47107612569516633     15.52469035426275035
-6.07766460762445693     -3.52892387430132315
-16.47107612569516633     -11.52892387430294541
-14.73902531812444217     -2.52892387430029375
-16.47107612569618595     -13.52892387430295429
 2.58369610286907303     13.47107612571028135
-13.00697451055259357     -13.52892387430423504
 6.04835105433947628     -8.52796485472526555
-4.34506046373564647     -2.52796485473130117
11.24505681336916219      4.47107612569625879
-4.34506046373539778     -4.52796485473130073
 6.04835105433881370     -6.52796485472526378
-2.61245631984416482     -5.52892387430459298
11.24505681336955298     10.47107612569626944
14.70915842851837319     -7.52892387430194976
 4.31574691044449654     10.47107612569867641
-9.54287289541596095     14.47107612569621260
-6.07766460762356697     -9.52892387430132182
-11.27492370298399038     -4.52892387430404586
 4.31574691044740266     -9.52892387430134846
-2.61245631984371229     -7.52892387430461163
-13.00697451055331832      0.47107612569588464
-2.61245631984578930     10.47107612569612378
 9.51300600580013089      9.47107612569608293
-7.81026875151978750      3.47203514527834045
-2.61245631984551441      4.47107612569599766
16.47107612569514146     -8.47530964573738288
16.47107612569337221     -0.47530964573728224
 2.58369610286898732      7.47107612571022539
-9.54287289541572292      2.47107612569620638
-16.47107612569502777     10.47107612569718249
-4.34506046373511889     -6.52796485473130073
12.97710762094293457      3.47107612570466539
 4.31574691044459957     16.47107612569875457
-16.47107612569508106     -9.52892387430294541
-13.00697451055311049     -1.52892387430420063
 0.85164529529465538     -9.52892387430400234
14.70915842851697874     12.47107612569813462
-14.73902531812468020      9.47107612569972801
 7.78095519823248516     -3.52892387430412890
-4.34506046373475119     -8.52796485473130161
-14.73902531812435335     -8.52892387430029508
-2.61245631984576043     14.47107612569621082
 4.09197559240215814     -16.17714098540423251
 7.78095519823165738     12.47107612569616641
 0.85164529529210231      6.47107612569623569
 9.51300600580078459     13.47107612569608293
-13.00697451055359899      4.47107612569605539
 4.31574691044489889      2.47107612569865775
 2.58369610286934037      1.47107612571022139
14.70915842851581701      6.47107612569812574
-14.73902531812438710     -4.52892387430029419
14.42029071404225959     -15.91356193524206653
-6.26425193527259960     -16.21990084358062134
 7.78095519823530690     -13.52892387430433807
-0.88040551227311814     -14.52892387430433274
-7.81026875151950239     -0.52796485472165910
-7.81026875151994648      7.47203514527834045
-2.61245631984554683     16.47107612569656609
 7.78095519823426773     -9.52892387430422261
11.24505681337122098     -5.52892387430375454
16.47107612569297785      5.52469035426273347
-8.28389158521830637     -16.47107612569867641
-9.54287289541602313     10.47107612569621082
 6.04835105433751075     11.47203514527501689
-2.61245631984536031      2.47107612569590129
 2.58369610286954110     -0.52892387428977850
16.47107612569282509      1.52469035426272859
 0.85164529529421473     -7.52892387430399257
 2.58369610287070994     -6.52892387428977905
-0.88040551227373898     -12.52892387430433097
-6.07766460762525629      6.47107612569868174
-2.61245631984566806      6.47107612569609536
 2.58369610286894513     15.47107612571034707
 4.31574691044626579     -5.52892387430134669
-13.00697451055346043      2.47107612569591995
 2.58369610287287355     -14.52892387428977905
-11.27492370298489810     11.47107612569621260
-14.73902531812443861     -0.52892387430029386
 6.04835105433714926      9.47203514527490320
