341    35.27643645959999930
-9.71001499950709324     12.36178177023107416
-16.63821822978441745     12.36178177022786073
 4.08687001685890028     10.36089587343287377
-14.90616742221685698     -4.63821822978305054
-14.90616742221804358      1.36178177022405600
-16.63821822978518838      2.36178177022735536
12.84098463114756861     -8.70020619337037360
 7.61049307618085091     -1.63821822978722942
-16.63821822978486153      8.36178177022764757
 5.87844226861263852      7.36178177021238156
-13.17411661464681139     10.36178177022754454
 2.62178639117222767     16.63484400958974874
-9.90235480669172929     14.63821822978595755
-13.17411661464842076     -13.63821822978398579
-14.90616742221681079     -6.63821822978306919
-7.97796419194148854     -6.63821822978327702
-13.17411661464788608     -7.63821822978299192
-7.97796419194014561     11.36178177022729763
-14.90616742221702040     -2.63821822978303588
-16.63821822978669829     -11.63821822978488640
12.80664549888475356     -14.63821822978814424
12.62762530956002216     13.17411661465039252
-4.51386257680388869      1.36178177021801483
-6.24591338437300703     -3.63821822978186038
-8.17030399908021110     15.63821822984881749
-9.71001499951017522     -5.63821822978288978
 7.64452767391109234      6.41863643589199118
-6.43825319155408415     12.63821822978576748
 2.41434065347224758     -4.63821822978527187
11.24918896433789151      8.35835128318817233
 5.87844226861002284     -8.63821822978761844
-11.44206580707793819     13.36178177022766889
-2.78181176923516205     -3.63821822978267173
 2.41434065347298299     -0.63821822978526865
 9.51970420211571344      7.35391987326447349
 7.61049307623189986      4.36178177027572112
12.86743093520878389     -0.75179947852199025
-1.04976096166641342     -8.63821822978444054
-14.90616742221580182      9.36178177022760849
 7.61049307618000981     -5.63821822978737330
 9.62762530948844386     14.90616742217661184
 4.14639146104095246     -5.63821822978560849
 6.62470442719501396     13.17580627387003922
-13.17411661464783457     -5.63821822978279830
-7.97796419194192463     -14.63821822978525056
-14.90616742221672908     -16.63821822978582787
-13.17411661464808859     -9.63821822978338716
14.59948174277814203      0.24820052147810373
 0.68228984590415998      0.36178177021528335
-16.63821822978679776     -3.63821822978486331
-6.24591338437139409      8.36178177022697966
-14.90616742221700619     -10.63821822978332499
-9.71001499951078451      0.36178177021836194
-4.51386257680407521     -8.63821822978387210
-6.24591338437328947     -15.63821822978570530
 5.62470442711733831     14.90785708139408072
14.57303543871645424     -9.70020619337038070
-6.24591338437672139      4.36178177021821512
-14.90616742222052160     -0.63821822978300502
14.59948174277776722     -1.75179947852189555
 0.68228984590168962     -13.63821822978552412
 2.41434065347351678      5.36178177021473701
-7.97796419194190864     -4.63821822978182308
-8.17030399912086658     13.63821822978939657
11.07459469131683250     -9.63821822978823306
-6.24591338437294663     -9.63821822978388276
12.84098463114807664     -6.70020619337037360
-7.97796419194199480     -12.63821822978433040
11.09908280793705870      4.36178391458939085
-4.51386257680446956     -12.63821822978471410
10.62762530956001861     16.63821822978814424
-16.63821822978518838      4.36178177022743885
-11.44206580707965060     -2.63821822978172849
-9.71001499951035996     -7.63821822978328768
11.11517133823703674     -5.63853403617445537
 9.34254388374907307     -4.63821822978769482
-6.24591338437322285     -5.63821822978219522
-13.17411661464721284      4.36178177022746105
 4.14639146104002521     -9.63821822978567866
 0.68228984590479058      2.36178177021545332
 0.48995003871582715      8.63821822977606324
 7.61049307618045390     -3.63821822978724363
-11.63440561425855080     15.63821822978952447
 4.62178354482973486     16.63821822978809806
 6.62762530940753702     16.63821822978673026
-14.90616742221678415     -8.63821822978307097
16.63821822978777831     -10.67226681149763934
13.17411661464908512     -12.67226681149752032
-1.04976096166696165     -12.63821822978513332
 0.68228984590307717     -5.63821822978476561
-2.78181176923540274     -9.63821822978426113
 9.56880794469981488      9.44293398120623984
 2.35481920929049293      9.36089587343204776
-4.51386257680427594     -10.63821822978426823
-14.90616742221544122     13.36178177022793712
 9.34254388375589073      1.36178177021334723
 9.34254388374992217     -0.63821822978753506
16.63821822978814424     13.18027578321499149
-2.78181176923455187      0.36178177021749675
16.63821822978753318     -14.67226681149764111
 0.68228984590158237     -15.63821822978637499
-7.97796419194186601     -0.63821822978166587
-13.17411661464829997     -11.63821822978367315
 4.14639146104246237      6.36178177021461977
-6.24591338437332144     -13.63821822978477449
-14.90616742221567037     11.36178177022762803
-2.97415157641662864     10.63821822978524878
 0.48445355787241756     12.64767855931409102
 8.62762530956001861     16.63821822978849241
-13.17411661464694639      8.36178177022754454
14.87240720157183205     10.24117439751180392
-4.70620238398319035     11.63821822978925979
-4.51386257680432035     -4.63821822978223874
 5.83072926503705613     11.34015831146648523
14.59948174278477140      2.24820052147810312
11.07459469132192709     -3.63821822979457021
 0.68228984590188757     -11.63821822978506582
14.78021249879754961      6.24330049338763882
-6.24591338437287291      0.36178177021818614
-1.04976096166461752      5.36178177021556301
 2.41434065347260907     -2.63821822978527187
 0.62178923751471604     16.63821822978440679
-9.71001499951050029     -15.63821822978579235
13.62762530956338303     14.90616742221732949
-14.90616742221578583     15.36178177022794245
 5.87844226860841701     -14.63821822978767173
 9.34254388374605504     -16.63821822978795595
 9.34254388374663769     -14.63821822978794174
-2.78181176923481210     -1.63821822978261888
 9.34254388374818490     -8.63821822978777831
14.64953797934638402      4.24757401664634848
 4.14639146104167899     -1.63821822978559206
12.86743093520916936      1.24820052147800920
-11.44206580707939835     -10.63821822978371223
-13.17411661464910289      2.36178177022411750
13.04816169122855207      7.24330049338754467
-16.63821822978849241     -1.63821822978483778
 5.87844226861099095     -4.63821822978761844
-1.04976096166488486     -0.63821822978443710
-11.44206580708021015      3.36178177022414637
-1.24210076884329701     11.63821822978189680
 4.14639146103955536     -11.63821822978571774
11.07459469131733343     -7.63821822978822951
-11.44206580707921361     -8.63821822978334630
11.07459469131526575     -15.63821822978837339
 2.41434065347365223      7.36178177021473701
 7.61049307617800608     -13.63821822978746390
-7.97796419194569228      3.36178177021837232
 0.68228984590381125     -1.63821822978475873
 9.34254388383907042      5.36178177021335145
-13.17411661464713113      6.36178177022749036
-4.51386257680450953     -16.63821822978629683
-16.63821822978678711     -9.63821822978488640
-4.51386257680384517      3.36178177021806768
 4.14639146104205825      0.36178177021441316
-13.17411661464822714     -15.63821822978509068
-1.24210076884969300      9.63821822978188614
-7.97796419194167949     -8.63821822978362874
-9.71001499951075964     -1.63821822978164078
-1.04976096166706401     -14.63821822978573906
-2.97415157630427274     16.63821822978528431
 7.61049307617903281     -9.63821822978738929
-16.53300024291633719     16.63125909725405549
11.25430970057974278      6.35835783868382443
-2.78181176923477880      2.36178177021761204
-4.51386257680368530     -0.63821822978207887
-9.71001499950903835     10.36178177022732427
 0.68228984590268993     -7.63821822978478426
16.63706866957123154     16.63821030039951054
11.07459469132925101      2.36178177020560032
 2.41434065347045701     -14.63821822978635723
 7.62762530948631401     14.90616742226199598
14.66888530962977022     12.79644236180709171
-7.97796419194187756     -16.63821822978626841
-2.97415157631792759     14.63821822978526477
-11.44206580707799326      9.36178177022742553
10.62762530954307927     13.17411661463910377
-16.63821822978469100     10.36178177022769376
11.32951557384705055     10.39156912954722323
-1.04976096166674182     -10.63821822978463594
-1.17618116940843831     13.76226023086144856
 5.87844226861694086      3.36178177021238112
 4.14639146104051637     -7.63821822978566356
12.86743093521565839      3.24820052147800897
-9.71001499951126767      4.36178177022414371
-11.44206580707813536      7.36178177022742375
 7.73675649486587513     10.61101286973877400
 7.61049307618427218      0.36178177021805724
 5.87844226860831132     -16.63821822978773213
 4.14639146103913436     -15.63821822978697362
13.14020808783213923     11.24091747968813237
12.91748717177744865      5.24757401664624989
 2.35481920929435384     11.36089587344081586
-4.51386257680399972     -2.63821822978208420
11.62762530954202944     14.90616742220888113
 5.87844226860902808     -12.63821822978761844
 5.87844226861052288     -6.63821822978761844
 5.87844226861135866     -2.63821822978761844
 5.87844226861211272      1.36178177021238134
16.63821822978814424     11.18027578321499149
-9.71001499951088576     -13.63821822978430731
 3.62470727374269819     14.90448269354231670
14.90616742221898150     -5.72814557524323043
-1.04976096166455646      1.36178177021556279
-2.78181176923561235     -11.63821822978465015
 2.41434065347138116     -8.63821822978527187
16.63821822978792042     -2.72814557524324552
16.35601809953515229      3.20453729658299080
-4.51386257680446334     -6.63821822978268639
-16.63821822978610498     -15.63821822978488818
-7.97796419194232342      5.36178177022405045
-13.36645642182943483     16.63821822978607656
-9.71001499950932967      6.36178177022729141
-2.78181176923433204      8.36178177022169677
-11.44206580707900933     -4.63821822978267750
 4.14639146104131129     -3.63821822978559428
-2.78181176923549600     -5.63821822978280096
-6.24591338437273169     -1.63821822978182641
 9.62761962188408482     11.44206909085410651
14.90616742221792812     -13.67226681149758249
16.33153255034704543     -0.75179947852185181
 0.67216723506478104     14.63884999594449710
14.90616742221901525     -3.72814557524323087
-2.78181176923565321     -7.63821822978308074
 5.87844226861174590     -0.63821822978761866
-4.70620238397381652     13.63821822979445209
-13.17411661464796602     -3.63821822978276721
14.57303543871699780     -7.70020619337037981
-16.63821822978671250     -7.63821822978487930
16.63821822978794174     -4.72814557524324552
 0.68228984590421127      4.36178177021547775
12.62762530956002216     16.63821822978434994
16.27074711402251950     -16.63821822978813714
-6.24591338437337029      6.36178177022391900
12.84098463114708188     -10.70020619337037360
13.04275463963858428      9.24329318432246438
 7.61049307617953374     -7.63821822978738751
 6.06087384330231149      9.35344407104459918
 2.41434065347088600     -10.63821822978527187
16.63821822978781739     -6.72814557524330148
 2.41434065347186388     -6.63821822978527187
-9.71001499950916092      8.36178177022732250
 2.41434065347021765     -16.63821822978691856
16.63821822978745857      5.18452797496649787
-6.43825319145605857     16.63821822978577814
16.63821822978590248      9.18027578321499149
 4.54977524828929436     13.06955904106194311
 9.34254388376483291      3.36178177021335056
 5.87844226860952990     -10.63821822978761844
-6.24591338437279386      2.36178177021819025
-7.97796419194179496     -10.63821822978394316
-2.78181176923583662     -13.63821822978513687
-4.51386257680462855     -14.63821822978531273
 9.34254388374714395     -12.63821822978786180
-6.24591338436922072     10.36178177023041513
-2.97415157641024486     12.63821822978525944
-16.63821822978624709      0.36178177022251257
 5.87844226862605268      5.36178177021238156
-1.04976096166471722      3.36178177021556301
-4.51386257680438163      7.36178177022372715
 0.68228984590343222     -3.63821822978475895
-1.04976096166599064     -6.63821822978443876
-16.63821822978674092     -5.63821822978487930
14.78021249879741816      8.24330049338763793
-6.24591338437280630     -7.63821822978361720
-2.78181176923878537      6.36178177021791225
-1.04976096166855171      7.36178177021556301
 8.62470161087581211     13.17243190344435178
 9.34254388374953848     -2.63821822978755804
16.63821822978745502     -12.67226681149764111
-11.44206580707903775     -6.63821822978293774
16.30508624628589942     -8.70020619337046419
 7.61049307619126125      2.36178177022138369
 9.34254388374872313     -6.63821822978769838
-9.71001499951066904     -11.63821822978396803
15.62762530956339191     14.90616742222121971
-1.04976096166526456     -2.63821822978443699
-11.44206580708348753      1.36178177021841407
 7.61049307617741633     -15.63821822978746567
-11.44206580707968968     -14.63821822978446541
-7.97796419194179318      1.36178177021833413
 7.83932318247763682      8.43850257128251791
-7.97796419194178519     -2.63821822978166809
 4.14639146103931466     -13.63821822978622578
11.07459469132279573      0.36178177020556312
-11.44206580707923848     -16.63821822978607656
 9.34254388374766975     -10.63821822978781917
-9.71001499951461966      2.36178177021844427
11.07459469131576846     -13.63821822978832721
11.07459469131629248     -11.63821822978828457
-7.97796419194037654      7.36178177022716085
16.54602352701401458      7.18240187909070915
-11.44206580707956533     -12.63821822978394671
-6.43825319154772124     14.63821822978577814
-13.17411661465233941      0.36178177021835595
12.86743093520823322     -2.75179947852198969
-11.44206580707828813      5.36178177022738112
-11.44206580707978382     -0.63821822978170284
-14.90616742221596880      7.36178177022759783
 2.35296159729490828     13.36089501076029862
-7.97796419194012429      9.36178177022729407
14.53869630645355215     -15.63821822978828990
14.90616742221855695     -11.67226681149751677
 4.14639146104528766      8.36178177021520952
-9.71001499951070102     -3.63821822978167564
11.07459469132244223     -1.63821822979452425
-11.44206580707777121     11.36178177022761027
-9.71001499951053049     -9.63821822978368203
13.17411661465010475     -4.72814557524322865
-14.90616742221708080     -14.63821822978437481
12.80664549888441428     -16.63821822978814424
-1.04976096166707378     -16.63821822978679066
 4.14639146104296685      2.36178177021456737
-4.51386257680174019      9.36178177022563496
-1.17618116939498263     15.76226023086150718
 4.14639146104928180      4.36178177021459224
 2.41434065347412297      3.36178177021473701
 2.41434065347335602      1.36178177021473257
 7.61049307617853898     -11.63821822978738929
-2.78181176923585793     -15.63821822978590248
 0.68228984590224429     -9.63821822978482423
 0.68228984590231168      6.36178177021900293
-16.63821822978519194      6.36178177022759606
14.62762530956002216     16.63821822978815135
-13.17411661464481121     14.36178177023121449
-16.63821822978625420     -13.63821822978488818
16.63821822978789555      1.22454661819954591
-14.90616742221612689      3.36178177022749214
-13.17411661464880623     -1.63821822978170872
-4.51386257680777092      5.36178177021809876
-4.70620238388135714     15.63821822979470078
-9.90235480668548540     16.63821822978598775
 0.48995003872286835     10.63821822977635989
-1.04976096166565114     -4.63821822978443699
-16.63821822978499299     14.36178177022786429
-2.78181176923472417      4.36178177021764668
-13.17411661464675632     12.36178177022756586
-6.24591338437312871     -11.63821822978431086
 2.41434065347059645     -12.63821822978557563
-14.90616742221606827      5.36178177022750102
-14.90616742221714830     -12.63821822978372644
