352    35.91574320010000321
-0.22975171168106603      1.36941433199891049
-7.22975171178919052     10.02966836978227327
-15.95787160004989325     -16.95787160004172378
14.77024828872493778     13.49376998489008450
-12.95787160004599237     -15.22582079247099607
 6.49836817642016129     -15.22582079247209741
 8.77024828853973126      6.56556675469910722
14.77024828868766448     16.95787160002870664
 0.04212839995522773     -13.49376998490558499
12.77024828872357176     10.02966836974992049
 0.77024828819078506     -7.29083970591672781
-5.95787160004480576     -13.49376998490420121
-11.95787160001888161      0.36263647566186186
-10.22975171181289156      8.29761756220218238
 3.77024828832370451      1.36941433200576279
 1.77024828818694746     -12.48699212862447361
-15.95787160004574012     14.21904293619809323
16.95787160004685035     -14.94992835835234679
-16.95787160004584138     12.48699212862927155
15.34713129015345601     -11.76438390364615216
16.95787160002808847      3.22430775359389132
-9.22975171179144027      6.56556675464568595
-7.95787160004482175     -13.49376998490365587
 6.77024828852195526      6.56556675470847217
-10.95787159997335358     -1.36941433188073414
-2.22975171173233599     11.76171917738665940
10.77024828868835549     10.02966836975148723
16.95786011084880940     16.95786397518136823
-9.95787160004226912     -10.02966836976440135
 8.77024828868631268     13.49376998488846979
 5.77024828821886437     -5.55878889833577805
15.95787160096587343      8.42046021908076270
-12.22975171181236753     15.22582079247714582
11.80185581299679320     -7.51282370831932234
11.77024828869231143     11.76171917731811156
-5.22975171178191989     10.02966836978512433
-5.22975171171859632      3.10146513954889169
 0.77024828835698378      6.56556675473160212
 5.77024828818704716     -12.48699212862703867
-7.22975171181280274     16.95787160004635297
 5.77024828853445104     11.76171917740297168
 7.77024828827144809     -2.09468728320827369
-0.22975171165989591      8.29761756229073200
-7.22975171178436060      6.56556675464872974
11.49836817641312159     -16.95787160004086402
 1.77024828835850867      4.83351594716360733
-5.22975171173422826     -0.36263647559682649
-8.95787159996819682      2.09468728325987641
-3.95787160004479466     -13.49376998490417279
10.77006288009753554     -3.79950578792038662
10.19226425315254581     -10.69836783312313599
-12.95787160004352501     -11.76171917733210215
14.95787160002747385      3.22430779244909793
12.95787160002732286      3.22430779691580893
 8.32112502146796729     -9.47251203540146136
-3.22975171178583942     -3.82673809076437843
16.95787160004609717     -10.57883944893896278
 7.77024828832407444      1.36941433196636209
15.22353081580798317     -13.95390524409837774
-13.95787160004584138     10.75494132106024203
-12.95787160004477023      5.55878889835330892
-3.22975171173188702     -0.36263647559655532
-10.95787160002466010      5.55878889836510748
-14.95787160004497629      2.09468728321564868
12.77024828868755080     16.95787160002710081
14.95787160002940830      6.68840941205243134
-11.22975171181280274     16.95787160004627481
11.87858444261811464     -13.77840825328406282
 5.77024828852036276      8.29761756227643410
 3.77024828826448832     -2.09468728317167541
13.61479793786669745     -10.76487344519415679
 5.77024828868677542     15.22582079245902342
-2.22975171174139053     -2.09468728317092046
-4.95787160001804317     -4.83351594704512522
-1.22975171173120579     -0.36263647559754336
-11.95787160002470451      3.82673809079592742
-10.95787160001768967      2.09468728323109943
-13.95787160002407390     -6.56556675461553940
-5.95787160002112071     -6.56556675461528449
15.26877869346280114     -7.50787485898429363
-11.95787160004553407      7.29083970592263597
11.77006288017031821     -2.06745498039329600
 9.77024828868748862     11.76171917731987726
-1.22975171178463349     -3.82673809076477056
-1.22975171180921428     -7.29083970591562736
 9.95787159984852899      1.49225698947621321
-4.22975171174376907     -2.09468728317121178
-5.22975171178586962     13.49376998491924162
13.77024828870422013     11.76171917733053895
-10.95787160001966498     -4.83351594704525578
-9.95787159998461391     -3.10146513945611879
-15.95787160002637783     -3.10146513947909863
-16.95787160004354988     -11.76171917731876704
10.95787159982598702     -0.23979381810616901
 1.77024828844727744     11.76171917745080187
 3.77024828852250149     11.76171917741559270
-0.22975171174110451     -2.09468728317214437
-9.95787160002171490     -6.56556675461532624
-11.22975171181306209     10.02966836977096321
 8.77024828868824358     10.02966836975025622
-13.95787160002533334      0.36263647565810830
-12.95787160001974492     -1.36941433190754247
12.97151278893561077     -0.23184612225362361
-6.22975171178312070      8.29761756221689595
-9.95787160001767901      3.82673809080024352
-15.95787160004550920      0.36263647564705237
-16.95787160004612559     -15.22582079246922149
13.49377910398415459     -14.95787686494553625
-4.22975171173226006      8.29761756224489311
-0.22975171169638703     15.22582079250577536
-1.95787160004981664     -16.95787160004522676
 3.77024828818165236     -15.95109374376528422
 0.77024828836729975     16.95787160003815330
-2.22975171171446984      8.29761756225379088
 8.49836817642249187     -11.76171917733564065
-4.22975171178067377     11.76171917735336159
 4.77024828838995596      3.10146513956718550
-6.22975171172140918      1.36941433197945162
-15.95787160004564598      7.29083970592223807
-6.95787160004099281     -8.29761756219532032
-6.95787159996650484     -1.36941433187718720
 8.77024828827129888     -3.82673809077726235
 6.77024828853790162     10.02966836983589616
-5.95787160004981597     -16.95787160004442384
 2.77024828851606353     13.49376998498078528
13.49836817641312159     -16.95787160004682192
13.95787160179565944      4.95635860346374901
-15.95787160004841887     -10.02966836974561815
 0.77024828826986158     -0.36263647559829881
16.95787160004394067     -6.43691026902937224
 2.77024828821626645     -3.82673809076699900
-8.95787160004099192     -8.29761756219535052
15.95787162381536284      4.95635858730965140
13.77024828869141437     15.22582079245673015
-7.95787160004226912     -10.02966836976498044
-12.95787160002508109      2.09468728322716080
 6.77024828868700279     16.95787160002780070
16.95787160003983374     -4.43691026902928254
 5.77024828827126157     -2.09468728316226560
-2.95787160004348637     -11.76171917733487682
-11.95787159998691784     -3.10146513945746705
-8.95787160004597638     -15.22582079247270670
-14.95787160004354632     -11.76171917733054251
-4.22975171171736530      4.83351594711709165
 7.77024828822868052     -5.55878889832460032
-13.95787160002034710     -3.10146513947617652
 4.77024828819078373     -7.29083970591946873
 6.77024828839377069      3.10146513957547887
 9.77024828846243309      4.83351594708560039
-0.95787160004592686     -15.22582079247429832
10.77024828870164797      6.56556675459620998
 5.77024828843589699      4.83351594716868238
 2.77024828843083215      6.56556675472859919
13.53671457086164409     -6.50789792165114989
-16.95787160004117666     -4.83351594704009280
-2.95787160004099325     -8.29761756219663482
 9.77024828869069850      8.29761756218087321
-8.22975171181083631     11.76171917733878125
16.95787160002945981      6.68840940898870251
 0.77024828842408588     10.02966836986264099
-16.95787160004599770     -1.36941433192154838
-14.95787160004572236      9.02289051349129245
 7.77024828868680562     15.22582079245779418
-7.95787159995448601      0.36263647569886731
-1.22975171171606257     10.02966836982717957
 2.77024828819078461     -7.29083970591810360
-7.95787160002161187     -6.56556675461524186
11.77024828868703388     15.22582079245849407
16.95787160003040484     10.15251102719031273
-9.95787160004981686     -16.95787160004300631
-13.95787160004498872      3.82673809078454497
-11.22975171181239951     13.49376998490822999
-6.22975171173484732      4.83351594710840260
 4.77024828821994618     -3.82673809076627380
-4.95787160004348681     -11.76171917733453931
-14.95787160004103811     -8.29761756217913415
 5.77024828818960245     -9.02289051348906845
-14.95787160002115534     -4.83351594704496623
-16.95787160004104166     -8.29761756217203938
13.77006193338459461     -2.06550892219799520
-15.95787160004514860      3.82673809078445615
 8.95787159977938607     -0.23979381805274605
14.10806249860759820      1.41383147601871628
-9.22975171181102816     13.49376998490754787
-8.95787159996704219     -1.36941433187742101
15.22580747743922736     -3.43693333169532167
-10.95787160004350902     -11.76171917733345573
-9.95787159997200710      0.36263647568859242
10.77024828868705164     16.95787160002762661
 9.91621061165156803     -13.26649500638025714
-14.95787160004581118     12.48699212862914365
-0.22975171167854905     11.76171917737646844
-16.95787160004563532      2.09468728321585829
-7.95787160004981597     -16.95787160004381633
11.92600089134086616     -9.69344237618149052
 2.77024828840146320     16.95787160003722960
10.19111550310318748     -8.69836816302983173
-5.22975171173353903      6.56556675467663808
11.77024828869071627      8.29761756218396762
 1.04212839995408157     -15.22582079247515274
-15.95787160003511929     -6.56556675460618955
-1.95787160004224092     -10.02966836976630027
 4.77024828851762539     10.02966836984380627
 6.77024828822956604     -3.82673809075521376
 5.77024828832399983      1.36941433196020945
-6.22975171178778719     11.76171917735064909
-3.22975171173071551     10.02966836981329735
 2.77024828827402958     -0.36263647559728573
-8.22975171180984688     15.22582079247575670
-0.95787160004348648     -11.76171917733596040
-13.95787160004983818     -16.95787160004156746
-16.95787160004575966      9.02289051349119831
-7.95787159998244409     -3.10146513945519464
-1.95787160004478733     -13.49376998490456003
-13.22975171181280274     16.95787160004637784
-8.95787160004350547     -11.76171917733400640
-3.22975171171596243      6.56556675468542394
-3.22975171178512177     13.49376998492505919
-2.95787160004593552     -15.22582079247408693
-9.95787160004482530     -13.49376998490312829
 3.77024828842771109      4.83351594715790789
16.95787160004451266     -16.95787160004336869
-8.22975171178524789      4.83351594708034860
-3.22975171167777919      3.10146513957106462
 1.77024828838638371     15.22582079247689890
 7.77024828846231319      4.83351594710513943
15.77024828870700013     15.22582079246957143
-3.95787160004224159     -10.02966836976527176
-6.22975171180864962     15.22582079247528419
-6.95787160001815952     -4.83351594704469356
10.95787159987111714      3.22430779703206305
-0.22975171181048332     -9.02289051348523685
-13.22975171181314202     13.49376998490870072
-14.95787160004514327      5.55878889835333645
16.95787160004413252     -8.57883944893891304
11.95787160004972804      4.95635860449782140
10.77024828868730388     13.49376998488887125
 3.77024828818704494     -12.48699212862570107
-3.95787160004981597     -16.95787160004484662
 9.77024828868688822     15.22582079245769826
16.10806249862184814      1.41383143745754514
 3.77024828853729366     15.22582079254248555
-1.22975171175113851     16.95787160004320882
-12.95787160004570460      9.02289051349143278
11.95787159984861070      1.49225698945009544
-13.95787160004558913      7.29083970592248853
-16.95787160004539373      5.55878889835319256
13.39123268536547684     -4.26852551153626258
 2.04212839995018225     -16.95787160004682192
16.95787160002829808     -0.39664487867427384
-9.22975171181199450     10.02966836977055465
-11.95787160004484129     -13.49376998490204649
 3.77024828844931603      8.29761756231419767
-9.22975171181280274     16.95787160004621796
 7.49836817642129017     -13.49376998490382640
14.95787160003020944     10.15251102721597576
 1.77024828825936043     -2.09468728317324127
 4.77024828818591207     -14.21904293619528126
-1.22975171169595776     13.49376998493563740
13.53674120123318758     -8.50789792147386947
-5.22975171181280363     16.95787160004682903
16.95783959706723820     -2.43690026064645915
 4.77024828853972593     13.49376998497495883
 6.77024828818836166     -10.75494132105866285
13.95787160005007443      8.42046021963560953
 3.77024828818959756     -9.02289051348769888
 2.77024828844340831     10.02966836987966559
-4.95787160004595684     -15.22582079247374232
-2.22975171166966479      4.83351594714326716
-13.95787160004484306     -13.49376998490070356
 8.77024828868703032     16.95787160002680949
15.22580747744226848     -5.43693333169532522
-1.22975171166853259      3.10146513957502412
 0.77024828832010750     13.49376998494626712
-3.95787160002086313     -6.56556675461564865
-12.22975171181320242     11.76171917733978489
-6.95787160004348948     -11.76171917733456240
-10.22975171181116494     15.22582079247639442
-16.95787160004562111     15.95109374376705524
-15.22975171181280629     16.95787160004682192
 7.77024828853891769      8.29761756226756120
-11.95787160004229577     -10.02966836976386134
-4.22975171169054409      1.36941433199620133
-7.22975171180964349     13.49376998490697055
-12.95787160002037197     -4.83351594704507370
-15.95787160004588934     10.75494132106026157
-3.22975171175220455     16.95787160004228156
-10.22975171181223608     11.76171917733936390
 1.77024828843512405      8.29761756230003655
 7.49836817641312159     -16.95787160004526228
16.95787160003084892     13.61661264235342372
11.80182918262562097     -5.51282370849657788
15.22811988822740759     -15.95389997919514613
-11.95787160004983818     -16.95787160004218563
-15.95787160005226113     -13.49376998489448098
15.95787160004949357     11.88456183477372718
11.87556689189460002     -11.77841052968843982
15.22553824775970277     -9.57932899048546105
 3.77024828821415880     -5.55878889833709433
-14.22975171181308873     15.22582079247764142
 4.77024828818836166     -10.75494132105731815
 9.49836817641312159     -16.95787160004635297
-10.95787160004597816     -15.22582079247172615
12.95787160002925553      6.68840941207867790
 8.77024828839947723      3.10146513949997482
 6.77024828868274842     13.49376998488629908
-2.22975171168500275      1.36941433199800988
-14.95787160002587513     -1.36941433191049056
 2.77024828818834434     -10.75494132105595035
-0.22975171165134170      4.83351594715245714
-5.95787159997619753     -3.10146513945194302
-5.95787160004226202     -10.02966836976493958
 0.77024828821562330     -3.82673809076600602
-2.22975171178881215     -5.55878889833497158
 4.77024828844018778      6.56556675474004159
-11.95787160002223004     -6.56556675461502426
 8.49836817643414477     -15.22582079246529041
-4.22975171178645226     15.22582079249316678
-12.95787160004099192     -8.29761756219419944
 4.77024828868365347     16.95787160002699423
 9.78605195304054121     -5.56660534789716444
 6.77024828819078284     -7.29083970592087294
12.77024828868754547     13.49376998488983759
 4.77024828828180691     -0.36263647558730200
16.95787160004682548     -12.94992835835234679
-13.95787160004839222     -10.02966836975881826
 1.77024828832315873      1.36941433199997697
 1.77024828818957736     -9.02289051348630800
13.61536316557455173     -12.76487336532359684
 0.77024828834297188      3.10146513958029413
 7.77024828868748774     11.76171917731891270
14.95878592791118677     -0.45711367674535608
 8.77024828819078195     -7.29083970591535646
-2.22975171175018838     15.22582079247377962
 0.04212839995018285     -16.95787160004542926
 9.77006288009770074     -2.06745498035141351
-7.22975171173576570      3.10146513954004011
 0.77024828818825830     -10.75494132105484013
-4.95787160004099281     -8.29761756219564184
-0.22975171178670203     -5.55878889833484635
-1.22975171166560249      6.56556675471310491
 5.49836817641312248     -16.95787160004682192
-10.95787160004099192     -8.29761756219475899
-6.95787160004595773     -15.22582079247331954
-8.22975171179053433      8.29761756221404312
 2.77024828818585211     -14.21904293619398274
 2.77024828835965442      3.10146513959539361
 1.77024828821363700     -5.55878889833603118
10.49836817643417675     -15.22582079245916553
-8.95787160001908056     -4.83351594704490051
-14.95787160004599237     -15.22582079247037079
 6.77024828832181669     -0.36263647561018386
