354    36.00633617451384794
 5.51165954100376343      9.99999999999988276
-13.53906647212981795     -3.00316808723823092
15.27111727967894339     -4.37329327142697455
 3.77963102044345378     -7.00003860123288657
-11.80701566454982121     16.00316808725488826
 3.77960873345374404     11.00000000003256417
 0.31733998842536532     -9.00316808724056727
-1.41471081913870700     16.00316808725578710
 2.04936850899438472     14.00312948602471685
 0.31550711831649592      9.00000000003081801
-17.00316808725535367      5.00309088479390063
 9.15188604199994415      2.40094614347173296
-4.87881243428370137     -8.00316808723787787
 0.31731770142785654     15.00312948602878649
-17.00316808725679252     13.00316808725229833
15.27111727968789445      7.17518555835839766
 3.78139702956291801     17.00316808725686002
-13.54087705522382734      0.99996139878651191
-8.34474691952797976      6.00000000002751310
12.61598765713818615      0.40094614347230156
 3.77960873343782833     -3.00000000000169287
-10.07496485698002431     -15.00316808725614237
 3.77960873343519133      8.99999999999936406
-17.00316808725681739     -9.00316808725683337
 2.04755792586826946     -0.00000000000201449
17.00316808725691331      6.17518555835855310
-11.80703795155253566      8.00312948602401342
-10.07677544010377879     -1.00003860124430877
-15.27292786279304870      1.99996139878641133
-1.39505504758191368     -16.03721299096453379
-1.41652140225748591     -6.00003860124425881
 5.51165953960443389     14.00000000248700616
-4.87883472127758822     12.00312948602618945
 2.04755792586789998      1.99999999999798450
 0.31550711830007716     -3.00000000000248868
-17.00316808725678541     -15.00316808725686357
10.96679855766611311     -10.18826924619417618
-11.80701566456113127     -2.00316808723790141
16.16292871343308590     -11.18823067933453963
 5.51165954100530975      3.99999999999873834
 7.24371034857303098      6.99999999999951239
-10.07496485698162481     11.00316808725211359
-4.87881243428451050     -6.00316808723726414
-6.61267382496536893     -3.00003860124434407
15.27111727968795840      9.17518555835839678
 0.31552940531182772     -7.00003860124429611
-15.27111727968788202     -10.00316808725673567
-8.34291404942237591     -6.00316808723777839
-17.00316808725692397     11.00316808725086482
10.88393684956846030      3.40094614347235913
-10.07496485698195166     13.00316808725226103
 2.20439767765339667     -16.23883509228744515
-13.53908875912130583      7.00312948602350005
-1.41471084721708640     -14.00316813589837039
13.53898945452470315     -17.00316808724659978
 5.51165954100576094      1.99999999999873879
 7.24190376748352982     15.00312258317745773
-4.87881243427566957     16.00316808725520090
-15.27113956668988770      6.00312948602296892
-6.61086324184408003     17.00316808725604290
-1.41654368925275032     10.00000000003017853
-8.34472463254119745     -0.00003860123340461
17.00316808725692752      2.17518555835855887
12.49052279366201290     13.88489780684520625
-6.61269611195935347      7.00000000002794742
-3.14859449683863168      0.99999999999677469
10.03741331286303584     -17.00316808710491046
 2.04755792586676622      7.99999999999858957
 5.55098108673193735     16.07119584270596491
10.07496485698041688      6.17518555835723326
17.00316808725692397     -1.37329327141214286
-10.07679772709616195      3.00000000002697975
-11.80882624766127975      1.99996139879749579
 2.05902674888709392     -10.02004692053613333
-8.34291404941285997     16.00316808725507300
-8.34293633641791033      8.00312948601949081
12.61598765713843129     -1.59905385652774612
-6.61088552884922187      9.00312948601988339
12.69866679878137639     -13.18826923769145054
 9.23456518364550405     -11.18826923768798665
 9.23474775019774796     -9.18826924602004702
 7.24371034857526030     -1.00000000000087663
-8.34291404941143000     -10.00316808725539985
-13.53906647211866954     -17.00316808725674633
-13.53906647211920244     15.00316808725312967
 4.05258467348863505     -17.00316808724541673
-6.61088552884644276     11.00312948602541141
 2.04755792586918162     -4.00000000000209166
-4.87881243427246414     -12.00316808725581197
 3.77960873343568515      6.99999999999866240
-11.80701566455056017     10.00316808725135154
-3.14678391370913646     13.00312948602703855
-11.80884853466524653      4.00000000002661782
10.97803337352505970     -14.20778903459802578
 9.15188604200071154     -1.59905385652826681
-10.07677544011010617      0.99996139876655488
 0.31733998843304612     17.00316808725258255
14.42721469330287931     13.26903845323105990
-17.00316808725688489     -13.00316808725686357
14.43090017290994531     -12.18826924601269468
-17.00316808725098028      0.99683191279376593
-11.80701566454965601     -8.00316808725613704
-4.88064530439060373      8.00000000002847500
 9.03728322644976778      9.88492730308409051
13.53906647211011993     -5.37329327142775792
-6.61086324184452856     15.00316808725411022
-15.27111727968784294      8.00316808725051843
12.69882709818635469     -9.18823067952330774
-4.88064530440724109     -0.00000000000368778
-8.34291404307716356     -16.00316809822998110
14.34803846470663835      1.40094614347305590
 3.77960873343662840      2.99999999999833911
-6.61269611197646690      2.99999999999663292
-1.41654368926900354     -2.00000000000284484
 5.51165954100691380     -4.00000000000133227
-1.41654368927054253      5.99999999999783373
13.53906647211829117      6.17518555835818717
17.00316808725690620     -7.37329327141213664
-6.61269611195890317      5.00000000002785949
14.43087790585375529     -10.18823067935265314
13.53906647201042901     -7.37329327160049353
-10.07496485698115229     17.00316808725611040
-17.00316808725690976     -11.00316808725686357
-10.07496485699219591     -3.00316808723782636
 3.77960873343735049     -1.00000000000165890
-3.14859449683920012      4.99999999999746159
15.95649068971660967     15.29891856753329549
-11.80701566454924567     -10.00316808725613704
 2.04755792586704199      5.99999999999825828
 3.77950253115858326     -9.00026111821424379
17.00316808725692752     -13.00316808725694351
13.95722861247835844     15.24459411155822863
 3.78144156411200338     15.00316795978149109
-15.27111727968766708     -16.00316808725682094
 0.35621070844179831     -17.00316808724526041
-8.34472463253469421     -2.00003860124449240
-4.88062301740309490     -2.00003860123290922
-4.88062301739610938     -4.00003860124424993
 0.31550711829964140     -1.00000000000244427
 5.52291012731693343     -12.02042482242513621
17.00316808724547002     -15.00316808725693640
 7.24371034857204865     11.00000000000090061
-15.27111727968773280     16.00316808725373008
-13.54087705523038387      2.99996139879717161
 2.04755792588494367     10.00000000003163692
13.53906647211874059      4.17518555835815253
10.76933403401868894      8.88492730308412604
-3.14859449683809833     -1.00000000000322475
 3.77960873343703385      0.99999999999834011
 6.04499899316410172     -16.82914171351924892
 3.77960873343596448      4.99999999999833822
-3.14676162670732706     17.00316808725632356
-11.80701566455071294     12.00316808725174766
-8.34474691952755343      4.00000000002744738
-3.14632051925789558     -17.00316808724938866
11.80701566454870921     -4.37329327141482160
-11.80882624767268751     -0.00003860124434187
-10.07496485698010424     -11.00316808725575513
-3.14676162671518345     -7.00316808723725615
12.91055121493614877     16.94884363129056837
15.27111727968747523      5.17518555835839855
 0.31550711829812544      6.99999999999818812
-8.34291404941330050     14.00316808725269091
-11.80701566455046780     14.00316808725288453
-1.41654368926998786      1.99999999999717648
-17.00316808725652251     -17.00316808725692042
-6.61269611197616758      0.99999999999622413
-17.00316808725693107     -3.00316808725672901
-3.14857220983394326     -3.00003860123262811
-15.27111727968813781     10.00316808725070672
-4.87883472128012841     10.00312948602097407
-13.53906647213022474     -1.00316808723760831
-6.61086324184268914     -9.00316808725500728
 5.51165954100411248      7.99999999999944045
 0.31552940530455392     -5.00003860123241672
 7.24371034857553919     -3.00000000000089795
17.00316808725692752     -9.37329327141213398
-11.80701566454996865     -6.00316808725613704
-13.53906647211861980     -9.00316808725659712
-10.07679772709663446      5.00000000002709832
11.80701566454117390     -6.37329327142794710
 3.79107752869145465     -11.02004696863714805
 9.03728322645011772      7.88492730308360557
 7.16028036615659591     -15.16897682440189321
-17.00316808725188977      3.00309088477776109
13.53906647211735148     -3.37329327141433755
-4.87881243427563938     14.00316808725411732
11.80701566454906981      7.17518555835779814
-11.80701566456088436     -4.00316808723815232
-4.88064530440782463      3.99999999999703171
11.78820138373203008     -16.03634797410337498
17.00316808725692397      8.17518555835854954
-8.34291404941099657     -12.00316808725539808
17.00316808725660067     -5.37329327141213842
-6.61086324184231167     -11.00316808725501794
15.27111727967811916     -8.37329327142933977
-4.88064530440755817      1.99999999999668798
-3.14676162670485882     -13.00316808725861328
-10.07496485698156086     15.00316808725376916
-6.61086324185297602     -7.00316808723797557
 7.25474272549737176     -13.02080267697793303
 0.31731770142594168     13.00312948602353202
-15.27111727968803656     -4.00316808725669127
 2.05859035701283455     -14.02004687293879392
 9.03728322644958126     11.88492730308409051
10.88393684956941954     -0.59905385652797349
12.50138484158763319      9.88492730308399992
-11.80701566454928297     -14.00316808725619744
10.96661599111419072     -12.18826923786156513
-3.14676162671419002     -9.00316808723825623
-6.61086324185372742     -5.00316808723738315
-3.14859449682155468      7.00000000002877432
14.23343564915647619     10.88492730308404965
15.27107877092620924     -14.00323478933186649
 9.24598256590759426     -13.20778903467882159
-4.87881243427298550     -10.00316808725572848
-6.61086320524160698     -17.00316808725692397
-13.53906647211880099     -7.00316808725659889
-1.41654368927028740      3.99999999999752376
-1.41471081913524510     -12.00316808725989226
-3.14676162670326631     -11.00316808725636797
 7.24358185928462461     -7.00022251697099751
12.50138484158757102     11.88492730308399992
-3.14859449682142101      9.00000000002972023
17.00316808725692397     10.17518555835854599
10.96677629071727544     -8.18823067935045934
-13.53906647211911007     -5.00316808725659978
17.00316808725693107     13.59466904780967589
-15.27111727968817867     12.00316808725160911
-13.53906647211944225     13.00316808725201412
12.61598765713756265      2.40094614347273616
-15.27111727968769017     -12.00316808725674811
 3.79042295563690956     -15.02042472672367346
-1.41473310614046266     14.00312948602781837
 9.11592714080258304     16.12187625130419732
-13.53906647211839065     -13.00316808725659712
-17.00316808725689199      9.00316808725027862
-3.14676162670702597     15.00316808725479589
 2.04755792588428287     12.00000000003164402
 5.51165954100614286     -0.00000000000126081
 0.31550711829917444      0.99999999999760791
 7.24371034857385077      4.99999999999935518
13.53906647211886316      8.17518555835819072
 2.04936850899922929     16.00312948602486429
 0.31550711829837191      4.99999999999790035
 9.15188604200098332     -3.59905385652826704
-13.53906647211916514      9.00316808725087192
 2.04755792586729601      3.99999999999798339
10.83339414311953597     15.00468557047838836
 0.31550711829863820      2.99999999999760769
11.80701566454962936      5.17518555835778571
 5.51165954243816625     12.00000000248638621
-6.61086324184173169     -13.00316808725518491
10.91128913769743214     17.00316808725061080
14.34803846470722100     -0.59905385652759902
-6.61267382497225853     -1.00003860123333688
13.53898945460156433     -15.00316808724646656
-17.00316808725647633      7.00316808725006545
 7.24371034857453200      2.99999999999926503
 5.52269189015524464     -14.02080262887538176
-10.07496485699163102     -5.00316808723787965
 2.04758021287388825     -6.00003860123248955
-15.27111727968792998     -14.00316808725674811
17.00316808725692397     17.00316808725692752
16.08008927227562879      0.40094614347320956
 3.77960873345260140     13.00000000003261214
-15.27111727968766886     -8.00316808725669127
 3.77960873343826576     -5.00000000000173017
-3.14857220982683383     -5.00003860124423216
-8.34291404941179238     -8.00316808725539985
 5.51165954100460542      5.99999999999873790
 7.24371034857486862      0.99999999999912903
 7.24371034857272988      8.99999999999988987
-8.34291404942289105     -4.00316808723764250
-8.34291404941294346     12.00316808725249018
 2.04755792586872287     -2.00000000000208944
-13.53906647211890757     -15.00316808725659712
10.07496485697983779     -5.37329327141488911
-13.53908875912393306      5.00312948601790808
-10.07496485698066024     -13.00316808725575513
-10.07498714398380102      9.00312948602470087
12.69884936533397735     -11.18826924602378270
-17.00316808725014184     -1.00316808720705919
 5.51165954100645550     -2.00000000000126033
10.69516079675583242     13.00360597092192094
 9.15188604200034739      0.40094614347173307
-1.41652140226480583     -4.00003860123237054
17.00316808717547090     -17.00316808725693107
-17.00316808725674989     -7.00316808725682804
-1.41471081914467889     -10.00316808723854578
-17.00316808725591500     17.00316808725493445
 7.73907128826088719     -5.05869945248132424
-15.27111727969892740     -2.00316808723790274
 2.05902669335105282     -12.02004692053614399
-13.53906647211953640     11.00316808725118989
-10.07496485698055366     -9.00316808725575513
 0.31711934393583557     -15.00355015743390119
-3.14859449683891413      2.99999999999709033
 8.03741331286297900     -17.00316808697763804
17.00316808725667528     -3.37329327141214064
15.27111727968795840      3.17518555835839900
15.27111727968639876     -2.37329327141423319
15.96548645672530853     11.88492730308411538
-1.41473310614274461     12.00312948602272733
-17.00316808725660778     15.00316808725305151
-11.80701566454975726     -12.00316808725613704
14.90981329217630602     17.00316808725693107
 0.31550711831568484     11.00000000003098499
-10.07496485698133881     -17.00316808725692397
-15.27111727968793886     -6.00316808725669127
 7.24338590958524797     -11.00063902009785721
 5.51155333872087727     -8.00026111820284491
-3.14676165478556413     -15.00316813589923726
 7.30010152550836011     13.00281030400826587
-11.80703795155531743      6.00312948601845342
-8.34291404941157744     -14.00316808725539808
-4.87859194415836050     -16.00354998968249376
 0.31733998842300404     -11.00316808724148743
 7.32056514390662461     17.00316808724831930
-15.27111727968798505     14.00316808725259854
 9.23472548315599973     -7.18823067933730009
-15.27111727968913790      4.00309088478855468
-15.27111727968145694     -0.00316808720663259
 2.04758021288095859     -8.00003860124393995
-1.41654368926945384     -0.00000000000282297
 5.51165954100737121     -6.00000000000133138
 5.51155331096124623     -10.00026116631231687
 3.79085929197511406     -13.02042477432102174
-10.07496485698087341     -7.00316808725575601
-17.00316808725687778     -5.00316808725678897
15.27111727967835186     -6.37329327142887525
-1.41471081914563701     -8.00316808723769491
-6.61086324184406138     13.00316808725331796
 0.31733996036345180     -13.00316813591855158
10.88393684956905894      1.40094614347204893
17.00316808725688489      4.17518555835855576
 9.15993881786004138     -15.20593729700127383
-10.07498714398659700      7.00312948601892415
-1.41654368925232066      8.00000000003010925
15.27107877084917220     -16.00323478933188071
-8.34474691954507364      1.99999999999617151
-6.61086324184358354     -15.00316808725692574
10.76933403401862321     10.88492730308412604
-11.80701566454980167     -16.00316808725620632
-13.53906647211890046     -11.00316808725659712
-4.87881243427398736     -14.00316808725817452
-3.14678391371120236     11.00312948602187468
-4.88064530439027333      6.00000000002829825
 9.03803214621167150     14.12339373453861846
 9.15188604199924427      4.40094614347181334
-8.34293633641511612     10.00312948602504726
-13.53906647211800873     17.00316808725612816
10.88393684956978369     -2.59905385652813914
 7.24360411852274311     -9.00026116629944539
