355    36.07557395399999933
-6.96666534402538495     -6.63788343241467782
-13.57368536184026020     13.03778697698110989
 0.28272109871153395     11.03778697697793731
11.84045699786889827     -0.58756543372235104
 3.18020295782974483      0.41243456247673316
-11.84163455427279210      4.03778697698087807
-0.28389865511435769      0.41243456627641839
-2.97994370457636881     -17.03778697698107791
10.01880721700271160     -15.23506259942298868
 8.94297513655596710     14.03778697697811140
-14.12700068218858007     -4.90255114515556922
-6.97994370477444015     -17.03778697697206468
-16.04048250580592594     -11.87478776900810118
 3.03591078290658078     -5.87541384314868331
-7.21210188538758956      0.41243456627284369
-3.74800027025201610      2.41243456627662223
11.84045699786890715      1.41243456627764918
-0.28389865188139968     -3.58756544733655058
-13.04460344406778027     -3.22076155697620425
10.10840619030020271      8.41243456627774044
10.10840619029995580     12.41243456627779551
-3.74800027024948124     -1.58756543372814041
-3.18138051642628028     11.03778697697790179
-2.97994370467395253     -10.10958374578514984
15.30455861300310261     -6.58756543372911274
-10.97994370487775839     -17.03778697697508093
10.10840619030000909      0.41243456627767811
-15.30573616940969295     10.03778697698141542
 4.91225376759322430      9.41243456627796604
-13.57368536183923169     17.03778697698117028
-6.96423702635746267     -3.17518609707782717
 6.03398399972012189     -11.83355244202183698
17.03778697698075462     -13.58552306712173241
-0.97994370457644442     -13.57368536099267686
 1.02005629542355525     -13.57368536184317520
15.30455861300689513     -0.58756543372239345
-12.97994595667858775     -10.10958504683912906
13.57250780543780344      0.41243456627761876
-16.18244260867166773     -4.77008083141962835
 7.02005629542363607     -17.03778697696008848
 8.37635538273129399      7.41243456627778041
-13.57368536184301888      3.03778697698109612
-10.97994552168292515     -13.57368641083218463
-8.37753293913289987     10.03778697697845601
17.03778697698019329     -7.58552306725175285
 8.37635538273304014     -6.58756543373387782
11.84045699786734751     -6.58756543372546499
-3.18138051642642550      9.03778697697787869
 2.01477190628025449     12.03778697697832456
15.01755813857799282     -17.03778697698103173
-15.30573616940953663     12.03778697698143318
-1.97994370457641056     -15.30573616941216386
-11.98259308823020319     -8.37600536482532299
 3.02005629542355525     -13.57368536183760277
 4.02005629534400377     -11.84163455422279654
-10.03100837518415922     -1.48063787032277827
11.84045699792587669     -8.58756543390723515
17.03777960907373767     -17.03777414807637314
 2.02005629534284958     -11.84163455422770284
11.84045699786895867      3.41243456627766228
-0.28389865511416335      4.41243456627645259
10.10840619030000376     -1.58756543372232639
17.03777085084079701     -11.58552306718674529
-15.04445534430684006     -3.12539697543230899
-15.97994777421647328     -15.30573591912291853
 2.02005629542366671     -15.30573616941198800
10.67502594412487227     15.03778697697807232
-11.84163455427109568     14.03778697698088607
-4.91343132399524585     10.03778697697802258
-11.84163455427039402     16.03778697698101396
13.57250780543637525     -3.58756543372520165
-1.44932970885742307     14.03778697697854128
 8.37635538273110747     -2.58756543372232262
10.10840619029800003     -5.58756543372617553
 4.91225376759344812      5.41243456627788078
13.57250780848820781     -9.58756543902533664
-10.10958374670223492      7.03778697697857591
 2.02005459094050277     -8.37753106078644905
15.30455861300683829      7.41243456627767916
 7.21092432898704150     13.03778697697818245
10.17236685972245347     -11.69095806153409889
17.03778697697976696      8.41447693274828445
-9.97994370482443394     -15.30573616943626014
 6.64430457516219342     -1.58756543372233794
10.10840619030017784     10.41243456627775466
-2.01594946268222452      5.41243456627786745
-11.84163455427138345     12.03778697698088251
-6.64548213156351153     17.03778697697966038
-7.97994370472088388     -11.84163455435796131
-6.64548213156349643     15.03778697697881483
13.57068704195443942     -11.59176394885032302
-8.97994370525464269     -13.57368536161899364
 8.37635538273105240     11.41243456627783992
-3.18138051642657382      7.03778697697787869
 7.02005629542355702     -13.57368536107082058
 1.44815214956019078     -0.58756543873672129
-10.10958374670035909      3.03778697697410660
-12.03717644439396750     -4.94850310024250550
 3.74682271384913967     13.03778697697832278
 6.64430457515801365     -3.58756543372949155
 4.02005629532156128     -8.37753293907765872
-17.03778697697844535     17.03778697698117384
-13.54419965335888598      0.98727898451268903
11.84045699786744166     -4.58756543372530423
 9.01880721702738697     -13.50301179183986555
-6.64548213156446099      7.03778697697797817
-3.74800027024939153      0.41243456627186220
11.84045699796629414     -10.58756543391069371
-8.97994552058162121     -10.10958479517803354
15.30455861300628051     15.41243456627871389
-5.48005107781821099      1.41243456627197550
-0.28389865511425694      2.41243456627642816
-15.30573616941179260      4.03778697698141542
13.57250780543786206      4.41243456627762853
-1.44932970885750678      8.03778697697791955
15.06702740324103829     -13.08411938536858621
14.13912755926213016     17.03778697697905287
-17.03778076977167188     -17.03777974040482590
-4.91343132399483729     16.03778697697919498
-4.97994370467457426     -13.57368536188617725
-15.30573616941005533      8.03778697698141542
13.57250780543799173     -1.58756543372239012
-13.57368536184056573     11.03778697698110101
 6.64430457516220763      0.41243456627769381
-17.03778697698085054      5.03778697698110633
-2.83906091339233857     -6.57145495821381687
-10.10958374670168070     11.03778697697875799
13.09089798349925537     -13.53336186285648068
-1.44932970885734536     12.03778697697794087
 6.64430457516213657     10.41243456627790565
-3.74800027025114346      4.41243456627794117
15.30455861300532483     -2.58756543372516168
 7.21092432898673685     17.03778697697940814
 0.02005629533907464     -11.84163454277803140
13.57250780543795976      8.41243456627773512
-8.37753293913218933     16.03778697697914168
-3.97994370471705494     -8.37753293816438749
-4.91343132399565530      6.03778697697784583
16.01755813858336452     -15.30573616941525650
-10.10958374670075166     17.03778697697969946
 6.64430457516233197      4.41243456627780350
-4.91343132399547766      8.03778697697784850
-1.97994370466167524     -11.84163455335320236
13.57250780543795621     10.41243456627778663
17.03778697697987710      6.41447693274828001
 6.64430457516226269      2.41243456627776620
-8.94415269295565629      1.41243456627427633
17.03261547556741107     17.03639072448857306
-0.28389865309487250     -1.58756544726886184
-17.03778697696550992     -2.96221302326196945
-11.84163455427426825      2.03778697698087852
-7.21210188538627506      2.41243456627340125
 6.64430457516237816      6.41243456627782837
-6.64548213156474166      5.03778697697789557
10.10840619030004461      2.41243456627767960
 1.44815221010949702     -2.58756554139866157
-15.30573616940911741     14.03778697698145628
-15.30573616941208215      2.03778697698141542
-13.57368536183989249     15.03778697698112765
-5.97994370466748570     -15.30573616946493765
 0.28272109871148193     15.03778697697849331
 2.01477190628048097     10.03778697697804034
 1.44815215245466988      3.41243456627634556
13.01755813857799282     -17.03778697697825706
12.40707675169370994     16.03778697697816469
 1.02005629542363585     -17.03778697698107791
 0.28272109871135548     13.03778697697834943
 8.17236685972244459     -11.69095806153119987
 0.28272109871138351     17.03778697697942235
 6.64430457516658368     -5.58756543372953374
-2.01594945806260606     -0.58756544172674707
 8.37635538273112878      1.41243456627772579
-8.37753293913316810      8.03778697697827305
15.30243357654495107     -10.59123711719388261
 6.42712735407720182     -8.06497336693713152
-4.97994370467404579     -10.10958374676190452
-8.37753293913239006     14.03778697697881306
-13.57368536184091923      9.03778697698109923
 2.01477190628028646     14.03778697697836719
10.10840619030019027     -3.58756543372233239
15.30455861300517029     -4.58756543372540548
-5.95570550780875774     -4.91220669282615052
-8.97994370477737824     -17.03778697697917011
 3.74682271384921295     11.03778697697829436
-17.03778697697707045     -10.14118349125932106
-13.96205810617423104     -1.44360738724889903
 5.47887352141803685     14.03778697697830680
15.30455861300678677     11.41243456627790209
 6.64430457516234618      8.41243456627783104
-9.97478594767612670     -4.90098689734214421
-13.57368536184155872      5.03778697698109568
 1.16093645113150234     -6.57145353699314327
-0.28389865511330842      6.41243456627779818
-12.97994733942523027     -17.03778697658287200
 3.74682271384912946     15.03778697697842937
-2.01594946268319930      1.41243456627651365
-4.91343132399483906     14.03778697697840983
11.84045699786900308      5.41243456627766939
13.57250780543626156     -5.58756543372542236
-3.18138051642608977     13.03778697697817179
 3.18020296002350245      2.41243456627624608
-3.97994370466196834     -11.84163455432380729
-1.84759242700291360     -4.83450641533509096
-13.97994777421651946     -15.30573641968051568
-10.97994595667703699     -10.10958504633128818
-0.83906223193300344     -6.56915838097438165
14.01755813858263799     -15.30573616933934034
 1.44815215245475692      5.41243456627637798
10.10840619030016185      6.41243456627773512
 4.91225376759314170     -2.58756543372214320
 0.02005629542358938     -15.30573616941210524
11.84045699786906702     11.41243456627777064
-17.03778697697866917     13.03778697698112943
-3.18138051642615016     15.03778697697884326
-10.10958374670194537      9.03778697697869404
13.57250780543790469      6.41243456627763209
-6.97994370473583903     -10.10958374677994698
17.03778697697961420     12.41447693274831998
 3.02005629542363607     -17.03778697698105660
-17.03778697697934774      9.03778697698111344
-5.62804429776336956     -0.83176877594291798
15.30455861300184317     -8.58756543373128878
-2.01594946268308028      3.41243456627652142
 4.91223995899439636     -4.58756543367449776
-8.96423505916328089     -3.17238096317872742
 8.37635538273123714      9.41243456627780617
 0.28272109871151546      9.03778697697793554
 8.37635538273123181      5.41243456627777775
-3.97994370458732316     -15.30573616940590220
 1.44815215245457019      1.41243456627634112
17.03778697697973143      0.41447693274824704
-9.97994595613431912     -8.37753423907569328
12.01880721700293897     -15.23506259942589125
-10.96666534402541515     -6.63788345528032853
-11.97994595623795178     -11.84163585415375231
-17.03778697698114897      3.03778697698110278
 8.02005629542366805     -15.30573616935712700
 8.37635538273132241     -4.58756543372236525
 4.91225376759337529      3.41243456627787412
 5.47887352141814610     12.03778697697820554
-17.03778697698117739      1.03778697698109612
 3.18020296002367608      6.41243456627634156
-16.12902991415594656     -8.35956607981128741
-7.96666535997829595     -4.90583263405622017
-6.64548213156394496     11.03778697697833522
10.10840619037908361     -7.58756543386520566
-7.97994370482269400     -15.30573616938404413
 3.74682271384880305     17.03778697697939748
-10.10958374670140003     13.03778697697897293
-7.96180672554504287     -1.44173442619912295
-13.97994595692820319     -11.84163585448940204
-17.03778697697896405     11.03778697698112943
-8.37753293913271335     12.03778697697860167
-15.30573616940886872     16.03778697698155042
-5.48005107782007617      3.41243456627803932
 8.37635538273111280     -0.58756543372229697
-17.03778697690828281     -0.96221302326178182
-14.97994820771291202     -17.03778697697129019
 5.02005629542355702     -13.57368536179727414
-3.18138051642599029     17.03778697697945788
-15.03778939676330495     -10.14429462279844252
-9.97994552181146766     -11.84163560283362493
-4.91343132399498561     12.03778697697820199
-11.84163455427208866      8.03778697698087718
 4.91225376759331844      1.41243456627786990
-13.57368536184121766      7.03778697698109656
11.01880721700081622     -16.96711340699354764
-4.97994370457637636     -17.03778697698121647
17.03778697697988775     -1.58552306725175285
17.03778697697992328     -3.58552306725175285
-11.84163455427178135     10.03778697698087718
11.01880721702760901     -13.50301179184266687
-17.03778697697855904     15.03778697698115074
-8.37753293913348962      6.03778697697821976
-11.84163455427244749      6.03778697698087807
 4.02005629542366716     -15.30573616940641735
17.03778697697977762     10.41447693274830399
-2.15601695630605716     -2.80668071681091602
 1.44815215245560336      7.41243456627773689
-14.98077521394211686     -13.57320764912382494
-11.97994552181337014     -15.30573721841380674
13.57250780543783186     14.41243456627793229
-8.96666534402541515     -6.63788345083630826
17.03778697698023947     -9.58552306725175463
10.67502594412434647     17.03778697697944722
 3.18020296002447544      8.41243456627774400
 4.91225376759321275     -0.58756543372214054
-17.03778697697950051      7.03778697698110722
-7.97994552042197203     -8.37753398749867273
-10.67620350052880163      0.41243456628167047
15.30455861300683296      9.41243456627774755
 8.94297513655593335     16.03778697697834588
 7.01935883559917606     -10.05676942605871815
-6.97994370467479364     -13.57368536190023356
10.04363336031021525     -9.69219482209621219
-0.97994370457636437     -17.03778697698107791
-3.84759242750677810     -4.83450642676491515
15.30455861300677789      5.41243456627762054
 7.21092432898710456     15.03778697697821798
15.30455861300670506      1.41243456627760811
13.57250780543781232      2.41243456627762187
-4.96423702765522279     -3.17525814642011417
13.57250780541412816     -7.58756543376376058
-12.97994595629289982     -13.57368666169152860
 3.17774021661673878     -3.59181915886985159
10.10840619030009258      4.41243456627768627
-11.99305475916004582     -1.09285702096690640
-1.44932970885738954     10.03778697697792488
 3.18020296002358283      4.41243456627628916
-15.30573616941209814      0.03778697698141544
15.30455861300674236      3.41243456627761788
-1.97994370471672654     -8.37753292699967034
11.84045699786907946     -2.58756543372235148
17.03778697697978473      4.41447693274827291
-6.64548213156373091     13.03778697697843114
-17.03778697697677202     -13.60839204674357106
-5.97994370472042558     -8.37753293921980635
 3.02005629532618913     -10.10958374664920711
 4.91225376759343568      7.41243456627788877
 1.02005629532629993     -10.10958285238720222
-14.03778939670148773     -8.41224381526525455
 5.02005629532639652     -10.10958374664375370
 8.37635538273438485     -8.58756543373387871
17.03778697698000499     -5.58552306725175285
11.84045699786884676     13.41243456627777952
11.84045699786906347      7.41243456627769781
-0.97994370467380720     -10.10958373497542695
-15.04048250887811911     -6.68175067087154329
 6.02005629542366716     -15.30573616937005710
15.30455861300684361     13.41243456627806019
17.03778697697956801     14.41447693274868769
-13.04048492866218467     -6.67863953572829683
-6.64548213156420342      9.03778697697812206
 2.01477190628032288     16.03778697697856614
-2.97994370457644386     -13.57368536184330665
-11.03960329192129386     -3.20779738394169289
-1.44932970885728807     16.03778697697887523
 4.91225376753840948     -6.58756543362682923
-10.10958374670101456      5.03778697697587319
 5.02005629542363607     -17.03778697697625333
 3.18020295777059747     -1.58756543762555968
 9.02005629542363607     -17.03778697697819666
 5.47887352141803241     16.03778697697839206
 0.02005497671554263     -8.37523634900543712
-17.03778697697766731     -6.57794863953503750
-10.10958374670110516     15.03778697697911504
-5.97994370468871850     -11.84163455432251055
-8.37753293913093344      4.03778697697319444
13.57250780543786206     12.41243456627793051
-4.83906091341828848     -6.57145497137514845
-15.30573616941041415      6.03778697698141542
 8.37635538273116609      3.41243456627772845
 1.44569521626492681     -4.59182921760275864
11.84045699786907591      9.41243456627776176
17.03778697697972433      2.41447693274824715
