357    36.14390017372756603
-11.87579766415488436     -15.07195008686048610
15.33989927933463093     -2.49875716606064069
10.14374685658830266     -11.49875716612963039
-15.33989927929270891     16.07195008686759152
17.07195008686379012     -7.49875716612961529
12.05210265535383662      9.77099675858653782
-10.14374685658829733     11.07195008686380788
-6.67964524144929506     -16.07195008685798499
 8.90881202666692751     -15.07195008686352189
11.90813319934503589      5.55526749835399603
 8.58800104242721574      9.77099675649495580
 4.94759443389019005     -8.49875716611489374
10.32378199202409874     10.77748520731628368
 4.97992996914080965      1.55526749823053367
 1.48349281875200156     -4.49875716611564247
-17.07195008686378301      5.07195008686378213
 0.24855798883983604     15.07195008684851878
-15.33989927929446750     -9.07195008685823723
-8.41169604901854662     -13.07195008685802229
-13.60784847172548417     -10.07195008685816440
-1.48349281872625660     16.07195008685334869
11.87579766414479643      1.50124283404389303
11.87579766415715632     -12.49875716612967125
-0.21622245356579897      0.55526749823033361
-8.41169604901909373     -5.07195008685800630
-10.14374685657853981     15.07195008686379722
-10.63928121686749506      6.50000000000285372
-6.67964524143495897     15.07195008686379545
 1.55189497074596883     13.55494227157665499
 1.98060879639145648     -17.07195008686345616
-8.90723040929859344      3.50000000000289235
 3.24787916157195511      4.55526749823061827
-0.21622245356584779      6.55526749823051702
13.64018400691537636      6.55526749835146116
10.12958210508629087     15.06572109078012112
15.33989927929489738     -12.49875716612972276
15.48386873634708216      9.82502141871625945
 6.85595023397235348      8.77099675495650644
17.07195008686379012     -5.49875716612946075
-10.14374685658777864     -8.07195008685807913
 8.41169604902846046     -6.49875716611399135
-8.41169604901748436     12.07195008686709237
-13.60784847172591050     -2.07195008685816440
11.87579766413057136      3.50124283407031989
-1.48349281873936634     -7.07195008684944870
 6.71198077670966864      2.55526749823056498
13.60784847172605616     -9.49875716612963750
-8.41169604901894452     -7.07195008685800541
13.60784847172601175     -13.49875716612970855
-17.07195008686378657      7.07195008686378213
-11.87579766415596971     14.07195008686583115
12.37291364180464193     -17.07195008686360893
 8.41169604902838763      1.50124283388608903
10.32005184882414106      6.77099675446042326
10.16233571274632830     17.07195008685490123
15.33989927928037034     -0.49875716595993713
 0.24855798882253236     -14.07195008686321458
-3.68032406870355322     -1.44473250176972234
 1.98060879639140941     -15.07195008686321280
-15.33989927929490804     14.07195008686380433
-1.94827326113470445      5.55526749823048149
 5.44471041152925217     -13.07195008686337268
17.07195008685392068      6.50124283406471815
-1.91220664439855392      9.55494227157849707
13.60784847176543444     -1.49875716606120246
 1.55189497074959770     11.55494227157665144
-0.24855798881719968     -3.49875716611620557
17.07195008686376880     -11.49875716612970855
15.33989927927369479      5.50124283407075243
10.32005184949427878      8.77099675562575776
 6.85595023396915693      6.77099675495649667
-8.41169604901679513     -17.07195008686036886
10.14374685657469577      2.50124283404182091
-1.94827326113465626     -2.44473250176968726
 6.67964524145945937     -1.49875716611418852
-3.21554362629301949     17.07195008685702220
-8.90723040929860055      7.50000000000288747
-11.87579766415640670     -13.07195008685815196
-0.21622245356587858      4.55526749823040333
-17.07195008686345616     -8.07195008685825321
-15.83543363957412886      3.50000000000282485
-11.87579766415704796     -1.07195008685813775
15.33989927929489738     -14.49875716612972276
 3.28394577833035939     10.55494227157686282
11.87579766415723803     -6.49875716612953891
 1.51582835400312321     -0.44473250176958451
-15.33989927929491159     10.07195008686379545
 1.55189497074947580      9.55494227157664788
-3.21554362629551171     15.07195008685285842
-4.94759443386219555     16.07195008685713233
-3.68032406870356965      0.55526749823028354
17.07195008684361781      4.50124283406471459
-4.94759443387724662     -13.07195008685161142
12.05210265639292544      7.77099675446167559
 8.58800104241214335     11.77099675649523114
13.75181792950570348     10.82502141997663792
-1.48349281874626793     -15.07195008686334425
-6.67964524145004468     -6.07195008685789528
-8.41169604901939216     10.07195008686387716
-10.14374685658826181     13.07195008686380078
-10.14374685658828668      9.07195008686381144
 1.98060879639135812     -13.07195008686312754
 3.28394577831829615     12.55494227157697651
17.07195008685411608     13.04075067483123185
13.60784847172603840     -11.49875716612968013
15.33989927929492936     -8.49875716612963927
 8.55576349790303148     13.82486338201675835
13.58946448566483056     17.07195008190509355
-15.33989927929491159      8.07195008686378834
 5.01599658590319386      9.55494227157812404
 1.51582835400301064      3.55526749823043486
 5.01599658587932140     15.55494227158427911
 6.85595023397009395     10.77099675495651887
-6.67964524145047989     11.07195008686380966
 4.94759443389025577     -4.49875716611477650
 8.58800104192652647      7.77099675562369985
-8.41169604901872425     -11.07195008685800452
13.60784847170208245      4.50124283407130399
-17.07195008686378657     11.07195008686379367
 5.01599658590719155     11.55494227157822174
-17.07195008686371196      1.92804991314181207
-11.87579766415716698     10.07195008686379900
 0.24855798884229238     17.07195008685514992
 8.41169604902848711     -2.49875716611391940
 8.41169604902850487     -4.49875716611391940
-6.67964524144989991     -10.07195008685789084
17.07195008685803828      8.60929216260631414
-12.37133202443637892      5.50000000000283507
 4.94759443389025400     -6.49875716611477650
 3.21554362632111168     -7.49875716611525078
11.87579766415718119     -10.49875716612963572
15.34899993167362808     14.05635038080024302
-1.94827326113370791      7.55526749823227117
 4.94759443389025932     -2.49875716611477694
 8.41169604901948809     -8.49875716612953092
-7.17517960172968561      4.50000000000295675
11.87579766419372795     -4.49875716606629528
 0.24855798883042859     -10.07195008684930926
-1.48349281873874350     -13.07195008685005000
 8.90881202666689020     -17.07195008686352722
-0.18015583682296199     12.55494227157674558
-8.90723040929850818     -0.49999999999710376
10.14374685662301090     -5.49875716606952647
-11.87579766415697868     -3.07195008685813820
 8.58800104125363184      5.77099675446232752
 4.94759443389024689     -0.49875716611477727
13.60784847171330547      0.50124283404323999
-1.98060879638654663     -4.49875716611705467
-1.48349281874615624     -17.07195008686353788
 8.24083464026498369     16.51712252044043083
-6.67964524142900196     17.07195008686379012
 3.28394577831430157     14.55494227157759823
-3.21554362631504542     -16.07195008686351301
-8.90723040929859877      5.50000000000289013
-11.87579766415715454     12.07195008686382742
10.17608239177512530      4.55526749835578659
10.28781430637111605     12.82486338357422717
-13.60784847172594247     -0.07195008685816452
-4.94759443387723064     -7.07195008685107585
11.87589978680527381     16.04059264925387041
13.60784847176361367     -3.49875716606439013
-0.18015583682056960     10.55494227157674558
-17.07195008686378657     13.07195008686379367
-10.14374685658813746     -2.07195008685807913
13.61714288985557708     15.05668591786106703
 0.24855798883045424     -12.07195008684931814
15.83701525694247714     -17.07195008686368354
-13.60784847172563339     -8.07195008685816440
-15.33989927929459007     -7.07195008685823634
17.07195008686378657     -9.49875716612967302
-14.10338283200525211      4.50000000000282530
12.02886777449106503     11.84062112622697249
 1.98060879640830256     16.07195008684956861
-3.68032406869909945      8.55526749823830102
-6.67964524144974714     -12.07195008685788906
 8.90881202666700034     -13.07195008686352189
 7.17676121909816889     -12.07195008686344373
15.33989927927062524      3.50124283407071735
-15.33989927929435382     -11.07195008685823900
17.07195008681168602     17.07195008682134585
-15.33989927929476060     -3.07195008685821280
-17.07195008686144888     -16.07195008686107229
-1.48349281873869598     -9.07195008684973736
-7.17517960172959146     -1.49999999999703326
 3.71265960396021999     -12.07195008686310445
 1.51582835400297866      5.55526749823043708
11.87579766419595728     -2.49875716606228426
-0.24855798881718880     -5.49875716611621357
-5.44312879416056727      9.50000000000306244
-17.07195008686374749     -0.07195008685818777
15.37223481449150064      7.55526749833890854
 3.24787916157192447      2.55526749823050903
17.07195008684009352      2.50124283406459424
-10.14374685658590103     -16.07195008686043991
 8.41169604901947388     -10.49875716612955223
17.07195008685362936     11.04075067483102757
 5.44471041152916246     -15.07195008686337268
11.87589564955943189     14.04059264925783346
-4.94759443387714271     -15.07195008685177129
-5.44312879416075379      5.50000000000306688
-3.21554362629948853     13.07195008684993098
-3.21554362630777124     -14.07195008685057402
-5.44312879416077600      7.50000000000306422
-3.68032406870357054      2.55526749823029586
 3.21554362632115787     -3.49875716611516108
-15.33989927929483876      0.92804991314180507
-13.60784847172603307      7.07195008686379190
-17.07195008686162296     -14.07195008686100479
-4.94759443387719511     -9.07195008685108384
-13.60784847171769307     17.07195008686378657
 0.24855798882260852     -16.07195008686334248
10.64086283423579182     -16.07195008686356275
-10.63928121686749151      4.50000000000285461
17.07195008684966453     -1.49875716595952380
11.87579766415722560     -8.49875716612955756
-11.87579766414630633     16.07195008686624149
-12.37133202443633628      1.50000000000283040
-15.33989927929480857     -1.07195008685819482
-8.41169604901921986     -3.07195008685800763
-13.60784847172603840      9.07195008686379190
12.37291364180470588     -15.07195008686360893
-6.67964524143974092     13.07195008686380433
13.60784847172609879     -5.49875716612951848
14.10496444937357374     -16.07195008686364091
 6.93749765835994925     15.00011470516765044
-17.07195008686333537     -10.07195008685825321
-13.60784847172604017     13.07195008686379722
-6.67964524144954996     -14.07195008685788729
 1.98060879639903309     -9.07195008684856319
 7.17676121909808362     -14.07195008686345084
 1.55189497073895644      7.55494227157664877
-11.87579766415715810      8.07195008686380078
-11.87579766415651861     -11.07195008685813775
-10.14374685658805397     -4.07195008685807913
 3.71265960396815276     -10.07195008684830562
-13.60784847172583945     -4.07195008685816440
-3.68032406870350393     -3.44473250176973789
-3.21554362630780988     -12.07195008685037863
10.64086283423585222     -14.07195008686356275
-10.63928121686743999      0.50000000000285538
-10.14374685658767561     -10.07195008685807913
 5.44471041152925128     -11.07195008686337445
-13.60784847172603840     11.07195008686379900
-5.44312879416071738     -0.49999999999692457
-17.07195008686378657     15.07195008686379190
 6.67964524145937499      0.50124283388581126
 3.28394577832131684      8.55494227157683262
-7.17517960172971225      8.50000000000295053
15.33989927929492758     -4.49875716612944299
-12.37133202443636826      3.50000000000283507
 6.67964524145061311     -9.49875716612952914
15.33070728803743243     16.08804281694294858
 7.17676121909800813     -16.07195008686344906
-11.87579766415689519     -5.07195008685813864
-3.21554362630878598     -6.07195008685023652
11.87579766419798410     -0.49875716605874021
 3.21554362632115565     -5.49875716611516108
 4.97992996914093489      3.55526749823080479
-10.14374685657449149     17.07195008686379012
-11.87579766415662164     -9.07195008685813775
13.78415346395775565      8.77099675446888227
10.14374685662517805     -1.49875716606558806
 3.71265960397351336     17.07195008685650706
-7.17517960172965807      0.50000000000296341
-5.44312879416065343     -2.49999999999692157
-17.07195008686378301     17.07195008686378657
 5.01599658588501285     13.55494227158077258
15.33989927929491159     -10.49875716612967480
-15.33989927929235719     -17.07195008686097992
 3.21554362632116231     -1.49875716611516130
-4.92939439335497198     -5.04016807273087686
13.61694911767967220     13.05635039191118807
 8.44403158422109534      3.55526749833007161
-1.91220664439286447     11.55494227157851661
 1.51582835400310123      1.55526749823041532
-14.10338283200525211      2.50000000000282485
-4.94759443387307218     12.07195008685492787
-17.07195008686378657      9.07195008686379367
13.60784847172610057     -7.49875716612956023
-1.48349281873866867     -11.07195008684974447
10.14374685658836306     -7.49875716612953447
-15.33989927929467534     -5.07195008685823368
-4.94759443386560260     14.07195008685492787
 1.48349281875200378     -2.49875716611564247
17.07195008686378301     -13.49875716612971743
15.33989927929496133     -6.49875716612953802
-0.18015583683005973      8.55494227157673137
-4.94759443387722087     -11.07195008685130411
-5.44312879416074580      3.50000000000306954
-13.60784847172602419     15.07195008686379190
-3.21554362630786539     -8.07195008685023829
-1.94827326113470267      3.55526749823031185
-17.07195008686371551     -2.07195008685818749
-3.64425745196523643     10.55494227158455089
 6.85595023370329582      4.77099675443017990
17.07195008686379012     -3.49875716612942567
17.07195008686377946     -15.49875716612976362
 6.67964524145944516     -7.49875716611423115
-17.07195008686202797     -12.07195008686053228
 5.44471041152906476     -17.07195008686341353
-5.44312879416073780      1.50000000000307243
-3.68032406870256334      6.55526749823223387
-7.17517960172967850      2.50000000000296030
13.60784847169933443      2.50124283407008585
-4.94759443388376585     -17.07195008686378301
-0.21622245356581801      2.55526749823033361
-8.41169604900174228     16.07195008686792903
-10.14374685658792785     -6.07195008685807913
-1.94827326113468624      1.55526749823031207
-13.60784847172362078     -16.07195008686073123
-10.14374685658725106     -14.07195008685833315
 1.98060879639946386     -11.07195008684903570
-10.14374685658757080     -12.07195008685807913
 3.71265960396023553     -14.07195008686312754
-8.41169604901827128     -15.07195008685815552
-10.63928121686747374      2.50000000000285505
 3.24787916157198708      0.55526749823043919
-8.41169604900685108     14.07195008686709414
-13.60784847172539891     -12.07195008685816440
-1.94827326113467691     -0.44473250176968759
-11.87579766415441007     -17.07195008686117887
17.07195008683552118      0.50124283406454972
-15.33989927929288477     -13.07195008686066018
10.14374685662427744     -3.49875716606729581
 6.85595023393291481     12.77099675495655084
-1.48349281872910299     14.07195008684857562
15.33989927276922849     12.04075068578819518
-13.60784847172390855     -14.07195008686054472
15.33989927926845276      1.50124283406877423
-3.21554362630785695     -10.07195008685028448
 6.67964524145947447     -3.49875716611418852
10.14374685658835062     -9.49875716612955578
17.07195008682628057     15.07195008681706483
-15.33989927929261299     -15.07195008686089466
-15.33989927929490626      6.07195008686378301
 1.48349281875200045     -6.49875716611566467
 8.41169604902840184     -0.49875716611391957
 5.01599658587833730      5.55494227157768261
 6.67964524145947092     -5.49875716611418852
-17.07195008686366577     -4.07195008685818749
-8.90723040929857390      1.50000000000289457
-8.41169604901884149     -9.07195008685800452
 0.24855798882987626     -8.07195008684896287
-6.67964524145028005     -4.07195008685789706
10.14374685662717468      0.50124283393790370
-0.21622245356578898     -1.44473250176966661
-17.07195008686354143     -6.07195008685825144
 6.31933356778429101     17.07195008685712523
-7.17517960172969094      6.50000000000295319
-13.60784847172575596     -6.07195008685816440
-3.68032406870353235      4.55526749823038468
 3.71265960396023997     -16.07195008686329274
-11.87579766415677085     -7.07195008685813775
 5.01599658589332265      7.55494227157780873
 3.28394577830819134      6.55494227157682552
-15.33989927929491337     12.07195008686379545
-6.67964524145000293     -8.07195008685789261
