365    36.43090387090000348
 1.68508205988649529     -6.11806163468975406
-10.44167886542970969     -15.21545194030455939
 3.51229218928513198      3.12004328721686219
-0.07721507962927182     -11.16870978071892750
-5.24312117038912007     -10.11806163468960662
17.21545193542850072     -17.21545193542769780
-12.04714057316055786     -3.92862320650976393
13.78155844198906621      0.92861862584111388
-1.65483572774721854      0.07137679349025072
-13.75135032028419069     17.21545193542188557
17.21545193543200369      4.97920487768376585
 6.85098815064649713     -13.16870978071831111
17.21545193542738872      6.97920487772885689
 5.11893734307770121     -14.16870978071848164
-3.54131669476841182     -13.16870978072235232
-1.68504367871572613     16.21545193543971308
 0.07603163457994468      7.16678544161501829
17.21545193542908336     -9.21545193542650054
-3.38688653531613815      1.07137679349019943
-6.85217159570119616      7.16678544162410880
13.75135032026235038     -5.12196762596351007
 8.55519789758328741     -16.21545193542834440
 8.67942010625446159      8.16870978103273693
-0.07721507962905283     -13.16870978071913711
-10.28724870515334366      3.11811894788405564
-13.87553414777742411     -11.16480378906481263
-8.58422240326969543     12.16678544162543574
-8.70722278552303486     -10.11806163468221165
 0.04700712884993472     13.21545193542963403
-6.85217159570172107     15.16678544162450315
-13.78037482599293639     11.16678544165132969
10.41143253266266555      7.16864330585842424
-1.65601917298976176      8.16678544161788622
11.88414236793689049     12.59837105566606397
-8.67938172489629878     -12.16480378939655260
 5.11893734307758042     -12.16870978071833242
 1.80926588739064087      0.07137679349005716
-13.75135032028197379     -8.97536536091904580
-12.01929951272245134      4.11811894788407695
-3.51107036280606311     -5.11806163466504849
-8.55519789758435323      0.11811894788407837
 3.41713286745942613     -3.11806163468277031
-5.12012078813049420     14.16678544162331832
 5.24315955156010016     12.21545193544026553
 8.97521035929101885     17.21545193542599606
 8.70726116672144634     12.21545193545029662
10.31745682680146992      0.92861862593922895
 3.38688653550843677     -9.16870978071853493
-8.58303895802272976     -1.92862320650988583
-6.82314709001547204      1.11811894788414645
 3.51110874398558348     13.21545193543049557
 5.11893734307751735     -10.16870978071828091
-6.85217159570009660     13.16678544162438769
-1.65483572774718302     -1.92862320650982633
-5.12012078813188953     12.16678544162306430
13.75135032030683568      4.97920487769870679
-6.85098815045383969     -0.92862320650990660
-15.48340112785991707      8.11811894788475108
-6.85217159570147683     11.16678544162428999
 3.35904547487693428     -17.21545193542899099
 8.58303895821581264     -6.16870978071735365
13.75135032026603454     -1.12196762596344946
13.75135032026114956     -3.12196762596349675
10.31508976578429504     -11.16870978071828091
12.01929951272131625     -16.21545193542760543
 8.58426078451182129     -0.06939514099562510
15.48340112785280098     -4.12196762600082867
 5.11893734307746939     -6.16870978071817611
-12.14348334021972597     -14.16480378907507998
10.31745682682195131      2.92861862593925260
13.87553414778188632      9.16864330589133658
-10.41143253246989886     -13.16480378938837958
-10.31508976559163848     -4.92862320650981189
10.31745682679471265     -1.07138137406095413
-13.77919138072947725     -4.92862320650975771
 0.07603163458051160      9.16678544161551834
 5.12015916936141480     -0.06939514093865830
-5.11893734288497715      0.07137679349012774
13.75135032028956950     -17.21545193542882402
 8.70726116670364370     10.21545193545029662
-13.75135032029112381     -0.88188105211589807
-6.97757724934762269     -15.21545193542651830
13.73423707592916543     13.35807466330806648
-5.24552644361281484     -16.21545193860491807
-17.21545193543030905     -10.97536536090623116
 3.51110874398764095     11.21545193542949370
13.75138870144930259     11.35814820922476898
17.21545193542914021     -13.21545193542673502
-13.75135032029081827      9.11811894788523780
 3.38688653550853047     -11.16870978071860598
-15.60758495535010404     -12.16480378905961857
-17.21545193542901586      9.11811894788462673
 5.11893734307741877     -8.16870978071826848
-5.09109628244662105      2.11811894788422972
-1.78142482657508205     -16.21545193543988361
-3.38688653531603956     -2.92862320650987096
 0.07603163458150343      5.16678544161492770
-0.07721507962955318     -9.16870978071892040
 3.54013324973129295      9.16678544159147179
-5.12012078813077220      6.16678544162250208
15.47454757585093965     14.37095646060112308
-3.41709448628782564     15.21545193542967311
 8.58426078450497698     -2.06939514099570676
15.47643915882847843     12.37017633111480031
-12.01929951272223462      2.11811894788407695
-15.48340112785659350     -9.97536536090997217
 8.55519789758370308     -14.21545193542706009
17.21545193542516117     -1.12196762600732547
-5.27336750233610108     -12.16870978071935738
-17.21545193542884533      7.11811894788454236
-8.58303895802270489     -3.92862320650989449
-12.01929951272231989      8.11811894788457167
-15.48340112786011247      4.11811894788429012
17.21545193542989693      9.35808173405148835
-1.77901955525124422     -8.11806163468979314
-5.24312117037498915     -6.11806163466503872
-10.31627321085085924     11.16678544164613562
-10.31627321085109905     15.16678544164667031
-8.70962805813326213     -14.21545193750378822
10.28653535415749687     -3.12073367791329792
 6.97521035912307852     11.21545193543004970
 3.41713286746954203     -1.11806163466509800
12.04950763440529826      1.92861862587869148
13.77919138092225992     -9.16870978071823650
10.43931199525289166     11.21545197120378390
10.28724870515257628     -15.21545193542721996
-6.97757725508012250     -17.21545193542659646
10.31508976578443892     -7.16870978071827114
 1.80808244214899849      8.16678544161471187
-16.48340112787253631     -17.21545193543181895
-17.21545193542923613     -4.88188105211601808
-6.97517197795808208     -11.11806163468947695
-8.55519789758443494      2.11811894788407873
-10.28724870515330636     -0.88188105211596202
 5.24315955168522141     16.21545193547465757
15.48340112785212774     -2.12196762600082556
 8.58426078453228669      1.93060485900441647
15.51360924956083309      1.92861862583623100
-12.04832401842083378     10.16678544164786757
10.72446192082307803     16.24585460948203419
 8.70958984674679471      6.11805705409450251
-17.21545193543199304     -15.35424221722389682
 5.27218405732174400      8.16678544155680619
-5.24312117038512149     -8.11806163468248876
 3.38688653550843854     -7.16870978071842924
-6.82314709001559638      3.11811894788414667
 8.70958984674298620      4.11805705409440659
12.47371348236182520     17.21545193541701835
-10.44183245138545857     -17.21545193485460601
-3.38806998056201003     13.16678544162132880
17.21545193542639396     -3.12196762600733102
-8.58422240326962971      8.16678544162502007
17.21545193542907271     -11.21545193542655738
-5.24552644170845195     -14.21545193543197172
17.21545193542903363     -15.21545193542675634
-15.48340112786011247     10.11811894788477417
 8.58303895821535967     -12.16870978071826848
10.31508976578495052     -5.16870978071755705
15.48340112785990819     -12.21545193542640106
 6.88123448259339110     -3.11806163469014486
 0.04700712884785589     15.21545193543054175
-17.21545193542750951     -8.97536536090622938
-1.68504367871972782     14.21545193542829999
-10.31627321085186999      9.16678544164596865
13.87553414780083472      7.16864330586529963
 0.07603163457925639     11.16678544161554143
-13.78037482599180663     13.16678544165142206
 1.65483572793998190     -14.16870978071902876
-17.21545193542682384     13.21545193542194419
-10.28724870512781209     17.21545193540762497
15.48340112785419898     -6.12196762600084821
 3.51229218928131282      5.12004328721823843
-1.77901955523717459     -4.11806163466497921
-17.21545193542760543     -6.97536536090622405
-3.38806998056057740      7.16678544162122755
10.28724870515192080     -17.21545193542899810
 5.24315955158996072     14.21545193546140418
-6.97517197794393962     -7.11806163466503428
 6.85220997694223488      0.93060485904108869
-17.21545193542908336      5.11811894788434429
-8.55519789758446514      4.11811894788416311
-0.04696874768237379     -7.11806163468977005
-0.04937401899836878     -17.21545193542644014
 0.07721507982165969     -0.92862320650976549
12.14348334023332399      6.16864330586122200
-5.12012078813142946      8.16678544162256692
15.48340112785976430     -14.21545193542668883
-1.77901955524730959     -6.11806163468258912
-0.04696874767841414     -5.11806163468262110
 6.82314709001457764     -15.21545193542782748
-10.28724870515328860      1.11811894788403787
-15.48340112785714950     14.21545193542099383
-3.51107036281621454     -7.11806163468254116
-15.48340112786495659     -14.35424221722070293
13.75135032029084670     -13.21545193542656094
 8.58303895821534191     -10.16870978071826315
 8.58303895821549290     -8.16870978071819387
-1.80926588719813375     -12.16870978071937159
-8.70970425494006228     -16.21558390590980636
 3.38688653550869034     -13.16870978071865395
 5.09109628244570800     -16.21545193542841901
12.04950763442576367      3.92861862587874988
-12.04714057316079412     -7.92862320650976926
15.48340112786535983      3.97920487767989783
 3.54013324973290677      7.16678544159130837
 1.77905793641801280     12.21545193542823426
-10.28724870515330281      7.11811894788475819
 5.24434299686301308      6.12004328719603929
-17.21545193542899099     11.11811894788490740
 6.97521035922838983     15.21545193543005148
15.48340112785662193     -0.12196762600081808
-13.75135032029121795      5.11811894788426969
 6.97639380445304536      7.12004328715939749
11.87671211182072462     14.61113154506226763
 5.14918367502432517     -4.11806163468982955
-13.75135032029115045     -2.88188105211590706
-3.41709448628990131     17.21545193543053642
17.21545193542858243      0.87803237399443002
-6.88119610142571947     17.21545193542944929
-15.48340112785297329     16.21545193542128516
 5.24315955155553581     10.21545193542773511
 6.97521035914073639     13.21545193543004970
 1.68508205990052984     -2.11806163466487618
-1.65483572774729404      2.07137679349026138
-10.41143253246180755     -11.16480378938836537
-1.80926588719779580     -14.16870978071938580
 5.24434299686722927      4.12004328719600554
12.01929951265721108     -4.12196762590302956
-8.55519789758474758      6.11811894788416311
-5.14914529385749642     16.21545193542831598
-17.21545193542899810     -2.88188105211597501
-6.85098815045381038     -2.92862320650991892
-3.51107036282014695     -9.11806163468976827
-17.21545193542904428      3.11811894788417909
-10.43927359308195868     -9.11806163466493658
-3.38806998056177955      9.16678544162122755
17.21545193542730701     -7.12196762600757260
 6.85220997692177036     -1.06939514095895083
 6.85098815064643141     -11.16870978071825959
-17.21545193542122831     17.21545193542236873
-3.38688653531606443     -0.92862320650982400
-12.01929951271052488     16.21545193542862151
-13.75135032028502025     15.21545193541953189
-6.85098815045384857     -4.92862320650993091
 1.80808244215051750      6.16678544161469144
-5.09109628244677026      4.11811894788423505
-12.01929951272216712      6.11811894788452637
-17.21545193542912600      1.11811894788410360
13.75135032029050386     -15.21545193542706009
-13.75135032030020632     -15.35424221722804639
-10.28724870515356216      5.11811894788405564
15.51124218849130365     -8.16870978071825604
13.78155844199527280      2.92861862584214983
 6.97639380445725976      5.12004328715937174
10.41147091382156553      9.16870978103581713
 1.65483572793968103     -12.16870978071883869
-6.82314709001551289      5.11811894788446775
-15.48340112786017997     -3.88188105211608425
 5.14918367502852892     -2.11806163468316111
12.04714057335326416     -10.16870978071837150
-13.87553414778525962     -13.16480378906672932
13.77919138092231854     -7.16870978071823473
10.15209153948015519     13.59837101983446495
12.14348334022981213      8.16864330586158260
17.21545193542666752     15.35808173343103000
10.31508976578441938     -9.16870978071827558
-1.65601917299039481      6.16678544161755138
-0.04696874766829556     -3.11806163466497432
-6.97757724927427336     -13.21545193542650409
-17.21545193543009944     -13.35424221721324400
17.21545193543092722      2.97920487767398123
-12.04714057316057740     -5.92862320650976482
-8.70722278551290607     -8.11806163466506270
 6.97521035929008804     17.21545193543011720
 6.97639380445326740      3.12004328715936641
-12.04832401842195466     12.16678544164791376
 6.82314709001436981     -17.21545193542882046
-12.01929951272218844      0.11811894788407692
14.47371348237333777     17.21545193542696239
-10.31627321085200322     13.16678544164613918
16.47371348237333777     17.21545193542719332
-15.48340112786009470     -1.88188105211600742
 5.24434299686322358      2.12004328719599977
13.73199587826711898     15.35807340756599615
 3.51110874400276174     15.21545193543049557
-15.48340112786005385      6.11811894788434785
-1.80926588719841352     -10.16870978071904474
15.48340112785803413     10.35808173405046340
 0.04819057414242709      3.12004328722019419
 6.85098815064648115     -9.16870978071822407
-12.04832401842078049     14.16678544164804876
-17.21545193542567986     15.21545193542200991
12.01929951272182606     -12.21545193542661600
-5.12012078813020022     10.16678544162300213
-13.75135032029121263      1.11811894788410182
 3.38688653550902874     -15.16870978071884402
 1.78024138171282842      4.12004328721755542
 1.65483572793953959     -10.16870978071877829
-10.31508976559165447     -2.92862320650980434
-8.58422240327114849     14.16678544162545528
-6.97517197795403732     -9.11806163468242126
-1.65601917298966361     12.16678544161826814
 1.68508205989052029     -4.11806163468272057
 3.51110874408962781     17.21545193543050445
-13.77919138072967442     -6.92862320650977459
-12.14348334020300157     -10.16480378907436233
-12.14348334021157427     -12.16480378907505688
-14.48340112787237821     -17.21545193543095209
-5.11893734288493718     -1.92862320650988273
12.04950763439851791     -0.07138137412140920
-17.21545193542901231     -0.88188105211594636
 1.78024138171387802      2.12004328721700741
-12.44183849797810915     -17.20389453072161956
12.04714057335339739     -6.16870978071830489
 1.65483572794015865     -16.16870978071924014
-8.58422240327087316     10.16678544162511599
-6.85217159570024137      9.16678544162417630
 6.97521035912464527      9.21545193542800867
-10.31508976559173973     -6.92862320650990071
12.04714057335333166     -8.16870978071831466
 0.04700712886424420     17.21545193543054708
-1.65601917299100054     10.16678544161793241
-13.75135032029134408      3.11811894788410182
12.01929951266215291     -2.12196762590302468
-13.75135032029115045      7.11811894788437804
15.48340112785990996     -10.21545193542629626
-12.01929951272223995     -1.88188105211592482
 6.85098815064643851     -7.16870978071806597
 0.07721507982187260      1.07137679349057779
 1.77905793646935462     16.21545193549215469
-3.38806998056033448     11.16678544162129150
 8.97521035922851596     15.21545193542574381
 3.41713286745541067     -5.11806163468978159
 1.80808244214960934     10.16678544161535847
 8.58303895821653740     -4.16870978071675147
-15.48340112785654554     -7.97536536090976167
-3.35904547487737037      3.11811894788496335
-15.48340112786009115      0.11811894788403837
-8.58422240327001163     16.16678544162569864
17.21545193542687002     -5.12196762600735944
 1.77905793642215193     14.21545193543992802
-3.38806998056131281      5.16678544162108633
-3.51347563413642261     -15.21545193542653074
17.21541670772087329     13.35808173374125296
 3.51229218928248921      1.12004328721653268
12.01929951272176744     -14.21545193542664975
-1.65601917298882451      4.16678544161743147
15.48340112785953337     -16.21545193542685226
-15.48340112786020661      2.11811894788407029
12.14352172137334840     10.16870978106569723
17.21545193542641172     11.35808173405148835
-15.51124218829858847     -5.92862320650978791
-0.07721507963431801     -15.16870978072886444
10.44164065434769206      5.11805705403512690
-15.51242563356132287     12.16678544165223741
15.48340112787373357      5.97920487770213693
 6.85098815064646960     -5.16870978071801268
-3.51347563420263809     -17.21545193542663554
 1.65483572793940614     -8.16870978071877296
13.75135032029091242     -11.21545193542640639
15.60758495535435664      8.16864330589189613
-8.58303895802280614     -5.92862320650993624
-3.54131669476729227     -11.16870978071920284
-5.11893734288490254     -3.92862320650991226
10.28724870515284273     -13.21545193542669416
