366    36.44898562164101463
15.22449281079152961      3.46221320862881887
 9.07679723417151862      6.83218796541113704
16.22449281079111216      1.73016240105970098
-15.22449281081655137     -3.36808635021585712
-0.07679723421314726     -12.12246724645327767
12.07679723417241391      8.56423877298056446
13.22449281079145678      3.46221320862915549
 2.92615221167670292     10.39248708410569755
11.07679723420176465     17.22449281081588879
14.22449281079103933      1.73016240106003893
 1.07679723416210926     17.22449281081989980
12.07384778830559569     -5.10184332565482990
-2.07384778832372474     12.12453789167560103
-6.07679723421786644     -1.73016240103772811
 0.92322366118070998     -3.46222527272847103
-17.22449281081215133      0.52257246281592662
14.07679723420286599     12.02834038810940598
-15.22536135396828882     10.29679132442288392
 0.92320276578798499     -10.39041643888505462
-10.25033318501755275      8.54957465717363618
-5.22449281081222683     -13.76039119567739810
 3.07089834239465498     -13.76039119567700197
 5.07091923777536646     -13.76040325979956336
13.22449281079048511     -0.00188840650954244
-12.25033318501762913      8.54957494239446625
-17.22449281080562855      2.52257246281609770
 9.07679723417916762     13.76039119569109559
16.07945657714726551     -12.03437579482420006
 8.07384778830502370     -8.56594494080228941
 4.07091923779991394     -8.56425083707924806
 4.92615221168796413      6.92838546897322249
 8.07384778830618721     -1.63774171051653239
 0.92615221167670192     10.39248708410575617
-7.22449281081717487     13.76039119567663427
17.22449281082051087     -3.46599002162957293
 6.07384778830501926     -8.56594494079201674
 2.92322366117302002     -6.92632688787066098
 2.07089834239802384     -12.02834038810567385
-4.07679723420938167     -5.19426401617061018
 4.92615221168623929      0.00018223869730381
16.22449281081563655      8.65836563132191728
-17.22449281081886596      6.49805321568393879
 4.07089834239419535     -15.49244200324667453
15.22449281082050732     -6.93009163676732243
-8.07679723427243523      1.73393921413197982
 3.07679723416180639     13.76039119568149260
-8.22449281081629024     -8.56423877297289593
-5.22449281082241157     10.29628958053462995
-17.00338605855333896      4.51031283925077187
 7.07679723416232953     17.22449281081920347
-12.22449281081639683     -5.10013715783477561
-10.25051771632888276      5.08536651591659616
 1.92615221167688877      8.66043627653667869
12.07679723420174511     15.49244200324686993
16.22449281082017691     -1.73393921406088936
-1.07384778832445593     13.85658869924493253
-11.25051771640512754     -0.11078590679517968
 7.07679723417883899     10.29628958055315024
 1.92615221168655237      1.73223304626670083
-13.22449281082541006     13.76039119567132651
-14.25051771819189206      5.08557988063940947
 9.07384778830583016     -3.36979251808562985
13.15064502251824408     -13.80518063404371176
-12.22449281082524664     15.49244200324892162
11.07679723417885320     10.29628958055315913
16.22449281081563655     12.12246724645975604
-14.22449281081650518     -12.02834038811059258
-2.07384778832321803      8.66043627653711390
11.07384778830545358     -6.83389413322389050
 6.07679723417888873     12.02834038812208028
 9.07094013314835479     -17.22449281082051442
 7.07094013314750303     -17.22449281082051797
 2.92615221168556960     -3.46391937644033643
 9.07386868366824295     -13.76208529940404368
17.22398404593578647     17.22440041087522999
15.22449281075662419     -17.22449281076218952
 3.92615221169242323      8.66043627654469717
-3.07677633882837664      0.00187634240438231
11.22449281079145145      3.46221320862876825
-7.07679723427261020      3.46599002170100778
-0.07679723421157707     -8.65836563131518488
-1.07677633881821788      0.00187634240989775
-4.22449281081696437     15.49244200324569398
-10.22449281081644834     -8.56423877297284974
-8.22449281082429451     12.02834038811165307
-12.22449281081630446     -15.49244200324855392
12.07679723420169715     12.02834038810886241
-13.22449281081642702     -3.36808635024870107
-10.22449281082428030     15.49244200324945986
 3.07091923779942499     -10.29630164464793651
12.22449281078998418     -1.73393921407826079
-10.07679723421788509     -1.73016240103734309
-11.25051785069528343      3.35331578592409763
15.07679723420199736     17.22449281081574668
-9.22449281081640571     -10.29628958054176380
 1.92615221168725514      5.19633466140458822
 3.07089834239291859     -17.22449281081511785
-14.22449281082564987     15.49244200324026011
17.22449281082050732     -6.93009163686079432
-11.22449281081648031     -10.29628958054178511
-13.22449281081653361     -6.83218796540370654
-3.22449281081404049     -17.22449281081775041
-16.76006466774073900     -1.42275694371745143
-3.07679723421063134     -6.92631482374030494
-5.22449281081715000     13.76039119567644242
 1.92322366117192955     -8.65837769543977842
-5.07677633882720603      6.93007957268020824
 3.92615221168655992      1.73223304626638308
-7.07679723426908591      0.00188840656087378
 2.92615221168623751      0.00018223869762814
 8.07094013314792136     -15.49244200325188991
-15.22449281081657979     -6.83218796538851691
-13.22449281081653183     -10.29628958054169630
-14.22449281081643946     -15.49244200324872800
-0.07677633882178712     -5.19427608029841537
-8.25051771632628750      5.08536651592497169
-1.07384778832339434      6.92838546896802310
 4.92615221168693473      3.46428385383509108
-13.22449281081571648     -17.22449281081798134
13.22449281078980832     -3.46599002164725256
16.22483791773885287     -8.66234164617030089
 1.92322366117997290     -5.19427608029777144
15.15816177282457566     -13.80954223315156604
12.07384778833622363     -8.56594494077517510
 7.07384778830583016     -3.36979251808526881
 9.07384778830657801      0.09430909705236809
 0.92615221167564321     13.85658869924440140
 8.07679723417117579      5.10013715784245747
-15.22449306210287290     13.76039134074596682
 5.92615221168657147      1.73223304626599917
-8.22449281081393480     -15.49244200324697474
-11.25033318500731738      6.81752384959659352
 8.07679723417889583     12.02834038812236805
-8.25033318501746038      8.54957465719451015
12.07945673541599874     -12.03327279650403803
-13.22449306228709709     10.29628972549992838
-3.07384778832340722      6.92838546896834639
-14.76006466774069104     -1.42275694368113381
13.07679723420182505     17.22449281081580708
 6.92615221168700579      3.46428385383491122
-5.07679723426318308      0.00188840655731602
-16.27596463417879846     11.99862349817427543
-3.07384778832332684     10.39248708410648447
 0.92615221168623396      0.00018223869789525
 7.07384778829634442     -10.29799574837832132
-17.22449281081012273     13.75938875793119109
-8.22449281081152428     -12.02834038810784101
 5.07679723416211459     17.22449281081936689
-17.22449281082051087     17.22449263725176749
 6.07679723416198048     15.49244200325036047
-12.22449281100224106     12.02834038798959959
 7.07679723417147155      6.83218796541153317
 1.92615221167640871     12.12453789167481055
-11.22449281081624761     -3.36808635026592507
11.07679723420172202     13.76039119567800562
17.22449281080573513     -13.67415993415816367
-1.07679723421462770     -13.85451805402129999
-16.51493692454291562      8.36795442592413607
12.22449281079095584      1.73016240105960550
-12.25051771647438237      1.62126490086269381
 9.07384778829885086     -10.29799574837474729
-5.22449281081712602     17.22449281081452455
-0.92910165760714303     -17.22449281081541628
14.22449281079046202     -1.73393921407843199
17.22449281081520667      3.46221320861466708
-1.07679723421248719     -10.39041643888353761
 1.07089834239462101     -13.76039119567536950
 9.07679723420166873     17.22449281081620498
16.07679723420375950     15.49244200324768883
-7.25033318500731827      6.81752384963149893
 8.07384778830557615     -5.10184332565457854
11.07679723437122910     -17.22449281080989181
-3.22449281081698258     13.76039119567679414
10.07386868366243249     -12.03003449183181850
 1.07089834239286574     -17.22449281081480521
 8.07384778830218508     -12.03004655594582673
-10.22449281081644479     -12.02834038811064943
-15.33603557995868982      3.40580282049563454
-11.22449281081644656     -13.76039119567955460
-15.22449281081653538     -10.29628958054164833
 4.92615221168564421     -3.46391937644046921
-3.07679723421465345     -13.85451805402004233
 4.07091923777716591     -12.02835245222965632
-17.22449281081657091     -3.36808635024998093
-17.22449281081662775     -6.83218796538827888
-14.25033294183427834      8.55056121486333787
 8.07679723417938611     15.49244200326009846
14.15064502310255889     -15.53723144127807565
13.07679723420242901     10.29628958054032672
-5.07679723421782469     -3.46221320860660775
 7.07091923777536646     -13.76040325980004120
-0.07384778832484601     15.58863950681420896
-10.25051771647202514      1.62126490081237118
 1.92615221168584694     -1.73186856887122653
 5.92615221168731843      5.19633466140397093
 5.07384778830532479     -6.83389413322275274
-15.22449281082052330     17.22449281081384598
-4.07677633882756485      5.19802876511112544
-16.22449281081669881     -5.10013715781924493
-15.22449281081602379     -17.22449281081793515
 6.07091923777785691     -12.02835245222973093
14.22449281082017336     -5.19804082919863664
-15.25033294182393817      6.81851040728670910
 3.07679723416211459     17.22449281081926387
-0.07384778832359114     12.12453789167508234
-7.22449281081017247     -10.29628958053824839
14.22449281081552108      8.65836563132206294
-12.22449281081650341     -12.02834038811070272
-6.25033318500697899      8.54957465720025134
 5.07089834239360293     -17.22449281081604511
-6.07679723421174334     -8.65836563130969239
-4.07679723421687701     -1.73016240103827257
-9.22449281082450234     10.29628958054274968
-17.22449281081664907     -10.29628958052734333
-9.22449281081408046     -17.22449281081596340
-6.22449281081702210     15.49244200324545240
-12.22449281081645189     -8.56423877297278580
 0.92322366117302024     -6.92632688787028084
17.22449281081581773     13.85451805402855285
-8.07679723421788331     -1.73016240103760022
 7.92615221168657236      1.73223304626578378
 8.07679723417236772      8.56423877298050407
-6.22449281081686223     12.02834038810737383
15.22449281081546779      6.92631482375311336
 0.92615221168691564      3.46428385383579274
10.07679723420171314     15.49244200324697296
10.07386868373247957     -15.49413610700964483
-2.07679723421228113     -15.58656886159153210
13.07384778833598205     -6.83389413320616335
-6.22449281081392769     -15.49244200324702092
-6.07677633882756396      5.19802876511145318
15.22449281082051264     -3.46599002162995840
10.07384778830559391     -5.10184332565478105
 9.07679723417884432     10.29628958055345933
-11.22449281082052330     17.22449281082050732
-9.22449281081743422     17.22449281081465955
-2.22449281081690664     15.49244200324672072
 6.07679723417230289      8.56423877298090375
14.22449281079181738      5.19426401619786215
-1.07677633881942358     -3.46222527272818326
-13.22449281081647854     -13.76039119567968783
-5.22449281081408046     -17.22449281081677341
-9.25051771637070352      3.35331570832282466
-15.22449281081681249     -13.76039119567935742
16.22449281085955164     -5.19804082922098942
-11.22449281081643591     -6.83218796540389395
16.30319800654120144     -15.44932637244962947
10.07679723417241391      8.56423877298087000
-2.07677633881885582     -1.73017446515898810
-0.07384778832316917      8.66043627653679593
-4.22449281081685335     12.02834038810749639
10.07679723417911077     12.02834038812218331
11.07384778830583016     -3.36979251808581770
 3.92615221168726736      5.19633466140417877
17.22449281076256611     -17.22449281076325889
-16.22449281081790673     -12.02834038810977368
-9.07679723421801121     -3.46221320860641368
-12.76006466774048320     -1.42275694371420647
14.07945662559230726     -12.03393558998515012
 7.07679723417898376     13.76039119569129632
 4.07679723416179307     12.02834038811260342
-15.43120050054179337      1.40806819400230099
17.22449281081572181     10.39041643889075672
-8.07679723421801299     -5.19426401617540900
-7.22449281082448547     10.29628958054266441
-13.33873569607752252      3.29937101192768090
 5.07679723416209150     13.76039119568131852
-0.07677633881878546     -1.73017446515930473
-4.07679723421390783     -12.12246724644875684
-14.22449281081646077     -8.56423877297275737
-10.22449281081393480     -15.49244200324698717
-3.07679723420684459     -3.46221320860193682
-5.07677633882823987      3.46597795754219584
14.07384778833633199     -8.56594494077486246
10.22449281079091854      1.73016240106003338
-14.22449281081645189     -5.10013715781798815
-2.07679723421168738     -8.65836563130980430
11.07945673541555465     -10.30122198893529628
-17.22449281081674499     -17.22449281081737382
 6.07384778830552374     -5.10184332565397636
15.22449281081560812     10.39041643889089350
17.22449281082050732     -0.00188840649220390
 3.92615221168592399     -1.73186856887143015
15.07679723420350726     13.76039119567872859
 4.07679723416198048     15.49244200325027165
-13.25033318500729784      6.81752413481687025
16.22449281081570049      5.19426401618382982
-10.22449281081630446     -5.10013715783507493
-11.22449281081408579     -17.22449281081619077
 2.07679723416193740     15.49244200325045284
 0.92615221167683348      6.92838546896782326
-8.22449281081737915     15.49244200324541865
12.07679723434686281     -15.49244200320204179
-11.22449281082486294     13.76039119568027580
-9.22449281082476169     13.76039119568029534
-7.22449281081271089     -13.76039119567744073
 5.07091923779942455     -10.29630164464840547
 3.92615221168480266     -5.19597018400969901
 5.92615221168593642     -1.73186856887175056
-7.07679723421794105     -6.92631482374430352
-6.07679723421794815     -5.19426401617541433
-16.22449281081662065     -8.56423877295787506
17.22449281080464090     -10.39459165548947261
 2.07089834239338311     -15.49244200324588583
-3.07679723421249252     -10.39041643887925304
-16.22535739161802937     15.49194285363400070
 9.07384778830543404     -6.83389413323364625
10.07679723417127882      5.10013715784206667
-3.22449281081702743     17.22449281081562589
-0.07384778832318410      5.19633466139892963
11.07679723417153461      6.83218796541148610
 6.92615221168626150      0.00018223869693958
15.07945662559642841     -10.30188478241675831
12.22449281079160066      5.19426401619811440
 6.07091923777453690     -15.49245406736891084
13.07679723535385818     -17.22449281071933669
-1.22449281081692440     17.22449281081628669
-7.07679723421797036     -3.46221320860654913
-10.22449281087296669     12.02834038808363637
-0.07384778831345698      1.73223304626698171
15.22449281079051531     -0.00188840650913902
-4.07384778832325534      8.66043627653755266
11.07386868366828026     -13.76208529940370617
-4.07679723421173446     -8.65836563130976344
-14.22449306210250519     12.02834053317722507
14.07679723420194406     15.49244200324672782
 2.92615221168692718      3.46428385383549475
-2.07677633882802581      1.73392714997310993
10.07384778831201722     -8.56594494081333480
-9.07679723436322838      0.00188840661546104
-2.07679723421378037     -12.12246724645166829
-1.07384778832329864     10.39248708410603683
-17.22449281081559036     10.23785561161966662
-9.22449281081636840     -6.83218796540400852
 5.07679723417853879     10.29628958055338650
11.22449281079038386     -0.00188840650915270
-5.07679723421252671     -10.39041643887907007
-9.22449281081304129     -13.76039119567757574
-6.07679723426772966      1.73393921412898866
-4.07677633882839618      1.73392714997323827
-2.07679723420918672     -5.19426401617217604
 0.07089834239233009     -15.49244200324394072
13.07679723420186058     13.76039119567772140
 2.92615221168796191      6.92838546897345964
-11.22449281086263007     10.29628958050075482
-13.76006466778187587      0.30929386391157782
13.22449281079192751      6.92631482376680285
-7.22449281081731254     17.22449281081496153
-3.07677633882805424      3.46597795754196802
-7.22449281081408046     -17.22449281081596695
-4.22449281081392680     -15.49244200324798548
-1.07384778832352534      3.46428385383022341
-9.25033318500731738      6.81752384960320157
 9.07679723417074413      3.36808635027333114
-6.22449281081104910     -12.02834038810763673
-12.25051772953058382      5.08536666347256094
-2.07384778832351424      5.19633466139919253
 7.07384778830542515     -6.83389413322337269
-1.07679723420981999     -6.92631482374149510
17.22449281081558325      6.92631482375278296
-16.22449281081662420     -15.49244200324852017
-13.22449281082052686     17.22449281082051442
10.07384778830622807     -1.63774171051671091
13.07945673541989251     -10.30122198893741015
-17.22449281081754435     -13.76039119567899149
-5.07679723421083740     -6.92631482374024543
