375    36.90576328231405512
 3.52677623645083127     12.45290906417018739
-17.45288164115592622     -1.45288164115655660
-5.20596130265946844     -12.50966051499039544
-12.16572726390071502     -2.45288227393088354
-12.16572726390111292     -12.45288227393104741
10.52467669000827932     -5.45288462179473932
 9.14633381405652024     17.45288164115679663
 1.78425206727703767     17.45288164115702756
13.98877830514982179     -15.45288462179351541
 1.79472542888204867      9.45290906417015186
 0.06007403890356800      6.45742699238499274
 0.06007403890340782     -3.54257300761502902
-6.96957484119034287      8.54711772606249376
10.41705203246820943     -17.45288164115571661
-5.20596130261430456      5.49033948500972180
-1.29972858866581165     -17.01060031688712115
 3.52677623645087746     -1.54709093583003665
-3.44769257692982478     14.53719149632002683
 0.06007403890354980      4.45742699238499274
-8.70162564875961841      7.54711772606318387
 7.02055064167064735     -13.49383797989735534
-15.67533003897857036      1.46380276560355260
-17.45288164115597240      6.54711835884361548
-1.67197676867098077     13.45742699239577433
 8.51913682365644220     -16.82207433289020315
10.52467669000824912     -9.45288462179492051
12.25672749757811530     -10.45288462179322053
 7.02388406539633081     -15.49383520196699315
15.72082911271713179     -4.45288462179081801
-15.67533003897855082     -4.53619723439646361
-15.67533003897854904      3.46380276560356304
-8.70162564875942834      5.54711772606298137
-17.45288164115554252      8.54711835884369009
 3.52677623645099336      6.45290906417014831
-3.69898189759586726     16.80525890189598925
-1.80673857614042221     17.45288164115669005
-15.67533003897861654     -0.53619723439644740
 1.79319158632506626     -14.54709034766266740
-17.45287056289106076     17.21829520425905358
17.45288164115371288      8.54711835884508631
17.45288164115335050      6.54711835884496818
13.98877830514816978      6.54711537820934542
15.72082911271720107      3.54711537820949774
 8.76134459891730444     13.49086319225788699
-17.45288164115404328     12.54711835884369897
-12.16572726390132253     -14.45288227393121439
-1.67197676867149880     -4.54257300760458982
10.52467669000829886     -1.45288462179457678
-10.43367645633158070     -1.45288227393132074
-13.89777843680159464      0.54711835884291404
-1.67197676867140932     -2.54257300760458804
-1.67197676867136802     -0.54257300760451355
15.11415378684723620     17.45288164115570595
 5.25882704401979328     11.45290906417021581
13.98877830514820886      4.54711537820931877
 3.52677623645092542     10.45290906417017496
-6.96957484119029314      4.54711772606249021
 3.52677623645049154     -7.54709093583022383
-10.43367645633159135     -3.45288227393132052
-13.89777843680169234     -9.45288164115706842
-10.43367645633164287     -5.45288227393132185
-12.16572726390102233      5.54711772606948106
10.52640572465970870     -15.45587343636429623
-13.51282587736892538     17.02540231490387512
-3.44769257694845699     -11.46280850368001225
 0.06007403890415542     14.45742699238501316
 7.02055064167918097     12.50616202010292177
-5.20596130261431522      3.49033948500972357
13.98532540004984526     -17.45288164115293128
 0.06007403890347050     10.45742699238500606
 5.25874130093064718     -14.54862517569771363
 5.25731422612226940     15.45552477634694988
10.52467669000821004     -7.45288462179480682
-6.96957484118173642     14.54711772606279574
 1.79472542888196451     -2.54709093582997514
-12.16572726389961012     11.54711772606959741
 8.76134459891728312     -2.50913680774220893
-3.44769257694776510      0.53719149632000518
 0.06007403890357982      0.45742699238498902
-1.67197676865590261     15.45742699240029161
 7.01762848890516011     14.50615988535760970
13.98877830514819287     -3.45288462179089928
17.45288164115336471     -11.45288164115575924
15.72082911271722949     11.54711537820979750
-6.96957484119024251      0.54711772606248643
-0.01124325414973630     16.57186146503472912
 3.52677623645000748     -9.54709093583099389
17.45288164115310892     -9.45288164115575746
-1.67197676867175726     -10.54257300760506944
-6.97037091619564997     -15.45425985055346807
 3.52677623645075222     -3.54709093583015855
13.98877830514819109     -7.45288462179101963
15.72082911271717265     -8.45288462179084732
12.25672749757817037     -4.45288462179289279
10.52467669000829176     -3.45288462179462075
-5.20596130261432855     -2.50966051499027154
-6.96957484119047788     -7.45288227393761638
12.25672749757805846     -12.45288462179322586
 0.06007403890354593      8.45742699238499540
17.45288164115350327     10.54711835884531723
-10.43367645633163043      2.54711772606869591
 8.76134459891726003     11.49086319225788522
12.25672749757850077      5.54711537820790213
-13.89777843680157154     -5.45288164115707641
15.72082911271711936     -2.45288462179070343
-5.20596130261424683      1.49033948500972513
15.72082911271726502     -10.45288462179086864
13.98877830514855169     10.54711537820939249
-1.67197676867143330      5.45742699239556739
-12.16572726390071324     -6.45288227393100122
-17.45288164115585872      0.54711835884344362
 8.76134459891737372     -8.50913680774223025
 7.02055064167921206      0.50616202010270084
-1.67197676867170775     -8.54257300760490423
-5.20596130261425483     -0.50966051499027321
-17.45288164115589424      4.54711835884355331
-17.45288164115464724     10.54711835884369897
-3.44769257694796138     10.53719149632002683
-1.67197676867139489      3.45742699239549589
-13.89777843680156622     -3.45288164115707952
-17.45288164115580187      2.54711835884344362
13.98877830514801168     14.54711537820968914
 8.76134459891722095      5.49086319225787634
 7.02055064167912057     -9.49383797989735534
-5.20596130261428414      7.49033948500972002
 0.06007403890325994     -5.54257300761511029
-8.70162564875942302     -8.45288227393749736
 5.25882704401966983     13.45290906417026910
12.25672749758103208     -14.45288462179334132
-12.16503271704612565     -16.45408568954944784
 3.52677623644129490     -11.54709093583111645
 3.52677623645103999      2.45290906417013188
17.45288049685678544     -17.45288164115561358
-3.44769257694794140     -5.46280850367999982
 3.52677623645096894      0.45290906417004656
 8.76134459891722450      3.49086319225786568
-15.67533003897860766      5.46380276560357103
-1.67197676867169398     11.45742699239576723
-5.20749514516504597     -14.50965992682210270
-13.89777843680118607      8.54711835884290672
10.52467669000834505      4.54711537820572786
-17.45288142302298340     -17.45288164115662966
13.98877830514822307      8.54711537820938005
17.45288164115332208      4.54711835884495574
13.98877830514829412     -11.45288462179108180
 7.02055064167915344     -3.49383797989732514
-5.20596130261456036     -6.50966051499026843
-17.45288164115593688     -3.45288164115656837
-5.20596130261440226     -4.50966051499027021
 8.75842244614336707     15.49086105751254117
17.45288164115342155     -3.45288164115542351
 3.52524239389380423     -15.54709034766290898
-17.45288164115699914     -15.45288164115661900
17.45288164115315155     -7.45288164115563934
-13.89777820593626956     -17.45288164115703466
-17.45288164115637031     14.54711835884373627
 4.63598843565837626     -17.21029305049396285
17.45288164115315155      0.54711835884468529
11.13024380045162864     17.19969956066535488
-12.16572726390053205      9.54711772606958320
-15.67533003897728783     11.46380276560357458
-12.16572726390075765     -0.45288227393087621
-15.67533003897888477     -10.53619723439653200
 7.02055064167915521     -5.49383797989732603
 3.52677623645060656     -5.54709093583019719
-8.70162564875941946      3.54711772606292097
12.25672749757818103     15.54711537820804423
 0.06007403890339868     12.45742699238501316
15.72082911271712469      1.54711537820942646
-10.43208544730344656     -17.45288164114602125
 0.06007403890297605     -9.54257300761519822
-17.45288164115614649     -11.45288164115660123
 1.79472542888225628     15.45290906417086063
 7.02055064167914367     -7.49383797989735534
15.72082911271697370     13.54711537820983303
-15.46660719205748791     17.45288164115702756
 5.25882704399200129     -12.54709093586280844
-3.44769257694782061      4.53719149632000995
-1.67351061121839262     -14.54257241943703072
-15.67533003897895405     15.46380276560357281
 0.06007403890349473     -1.54257300761501548
 0.06007403890310851     -7.54257300761517246
-6.96957484121344084     -13.45288227397909608
-8.70162564875929689     -6.45288227393744496
 5.25882704401984569     -0.54709093583001667
-8.70162564875934663     -12.45288227393847791
12.25672749757808688     -6.45288462179314593
-5.20596130261474510     -8.50966051499026754
-8.66411047918140476     -16.51786051046583381
 1.79472542887190967     -10.54709093583086954
12.25672749757828051     -0.45288462179257122
-8.70162564875930755     -0.45288227393719621
 7.02055064167919873      4.50616202010278855
-13.89777843680207781     -13.45288164115705953
 8.76134459891034467     -12.50913680774225689
-17.45288164115587648     -5.45288164115657281
 1.79472542888213038      3.45290906417010790
 1.79472542888196163     11.45290906417017318
 7.02055064167912768     10.50616202010285427
-12.16572726390066705     -4.45288227393097635
-8.70162564875936084      1.54711772606281883
-1.67197676871382162     -12.54257300760512628
12.25672749757850966      9.54711537820796607
-3.44922641949852116     -15.46280791551171774
12.25672749757814373     13.54711537820802825
-10.43367645633163576      4.54711772606871723
-3.44769257694782327      2.53719149632000507
-15.67533003897917787     -12.53619723439667766
-12.16572726390090509     -10.45288227393104563
-12.16572726389893155     13.54711772606963116
-5.20596130261497869     -10.50966051499034570
-12.16572726389794568     15.54711772606967735
 8.76134459891726713      7.49086319225787634
12.25672749757821300     -2.45288462179279021
 2.65075525648729204     -17.45288164115368446
 7.25321846188763786     16.80781244833547561
 0.06007403889244457     -11.54257300761532612
-15.67533003897863786     -6.53619723439646361
17.45288164115315510     -1.45288164115541751
-3.44769257694788189      8.53719149632001617
-10.43367645633169793      6.54711772606872611
-3.44769257694781084      6.53719149632001084
-10.43367645633162155      0.54711772606867937
13.98877830514813070     -5.45288462179101696
 6.62122161482905369     -17.45288164115702756
-11.55904456268001823     17.45288164115546081
-8.70162564875923650     -4.45288227393743341
15.71994160974890242     -16.45442121822411963
-13.89777843680029967     10.54711835884294580
-1.67197676867147060      7.45742699239561535
13.98877830514827458     -9.45288462179103561
 8.76134459891723338     -10.50913680774223913
-6.96957484118974868     12.54711772606250264
 1.79472542888156505     -8.54709093583017498
-10.43367645632955387     14.54711772606883713
-13.89777843680158576      2.54711835884291160
 5.25882704401967960     -2.54709093583023138
-10.43367645633028928     12.54711772606883180
17.45288164115386209     -15.45288164115586227
-12.16572726390090686      3.54711772606940068
-15.67533003897856325     -2.53619723439645961
 1.79472542888166786     -6.54709093583011192
 8.76134459891725825     -0.50913680774218750
-5.20596130261443335     11.49033948500971647
-8.70162564875904820     11.54711772606321674
 0.65075525648729204     -17.45288164115569529
-17.45288164115590135     -9.45288164115660123
-6.96957484119024429     -1.45288227393751601
17.45288164115318352     12.54711835884535809
10.52467669000798622     -11.45288462179517275
10.52467669000932737     10.54711537820744383
 5.25882704401957124     -4.54709093583031976
-8.70162564875745481     15.54711772606328601
-10.43367645633170859     -7.45288227393132274
17.45288164115332563     -5.45288164115559937
12.20118872203671323     -16.54908060426187077
 8.76134459891734529     -4.50913680774222048
-6.96957484119029402      2.54711772606249021
12.25672749757846525      7.54711537820792699
 0.05854019634611170     -15.54257241944704226
 1.79472542888184350     13.45290906417026378
-13.89777843680165503      4.54711835884290938
-13.89777843680164970     -1.45288164115708263
-17.45288164115651242     -13.45288164115660123
-10.43367645633115437     10.54711772606878384
-5.59122521908034553     17.45288164115703111
 3.52677623645075622     14.45290906417020693
-5.20596130261375123     13.49033948500971469
12.25672749757846525      3.54711537820787548
-13.89777843679959091     12.54711835884298843
15.72082911271665573     15.54711537821020073
10.52467669000868078      6.54711537820627054
-6.96957484119052229     -9.45288227393787928
-8.70162564878680378     -14.45288227397171710
15.72082911271717620      5.54711537820951950
-12.16572726390076120      1.54711772606913600
 5.25882704401893264     -8.54709093583102764
-12.16572726390113601      7.54711772606957521
 3.52677623640343008     -13.54709093583117152
10.52467669000959027     12.54711537820744915
15.72082911271753858     -14.45288462179117062
12.25672749757832314      1.54711537820760592
17.45288164115351037     -13.45288164115577345
-5.20596130261435164      9.49033948500971825
 7.02055064167923959     -1.49383797989732470
 1.79472542888210840      5.45290906417013055
-3.44769257694787035     -3.46280850367999893
-6.96957484119026827      6.54711772606249109
 3.52677623645099869      4.45290906417013321
10.52467669000832373      2.54711537820566836
-9.55904456268001645     17.45288164115407881
-15.67533003897817956      9.46380276560357636
-12.16572726390076831     -8.45288227393100478
-1.67197676867157408      9.45742699239567841
-3.44769257694830289     -9.46280850368001225
 5.25882704401945489     -6.54709093583034640
-6.96957484119028869     -3.45288227393753999
12.25672749757813307     -8.45288462179319566
 1.79472542883408481     -12.54709093583096013
-15.67533003897867516     -8.53619723439646627
 5.25882704401989276      7.45290906417017762
13.98877830514864407     -13.45288462179108890
-13.89777843680186464     -11.45288164115706486
 7.02055064167919873      8.50616202010285249
10.52467669000826689      0.54711537820546174
-5.20596130259629852     15.49033948500971292
-3.44769257694777531     -1.46280850367999760
 8.76134459891721207      1.49086319225784880
 7.02055064167889942     -11.49383797989735534
-6.89613522313060656     -17.45288164115698493
-3.44769257694726106     12.53719149632002683
-6.96957484119042281     10.54711772606250264
-3.44769257699277265     -13.46280850368001225
17.45288164115370222     14.54711835884585547
-5.07317382847489551     -16.63019594564438464
-15.67532980972721823     -16.53619723439712885
10.52361536087951599     14.54736417545491811
-13.89777843679855884     14.54711835884299198
-15.67533003897668031     13.46380276560357458
 5.25882704401983769      9.45290906417018029
-3.25021243381861558     -17.45288164115702756
10.52467669000929362      8.54711537820742961
-1.67197676867135847      1.45742699239549012
-8.70162564875958999     -10.45288227393754887
 5.25882704401991319      3.45290906417016075
-10.43367645635636975     -15.45288227397352010
 0.06007403890359256      2.45742699238499229
12.25672749757883295     11.54711537820799627
 8.76134459891724937      9.49086319225788166
 8.76467802263510443     -14.50913402981193734
15.72082911271719574      7.54711537820952039
-15.67533003897865918      7.46380276560357725
 5.25882704401523338     -10.54709093583735324
 1.79472542888210040      7.45290906417013499
-17.45288164115595109     -7.45288164115658169
 1.79472542888204933     -0.54709093582993351
-6.96957484119035264     -5.45288227393755776
-10.43367645633180096      8.54711772606878029
13.98877830514816978      0.54711537820924327
13.98877830514818044      2.54711537820931699
-15.67533003897957933     -14.53619723439682154
 7.02055064167921650      2.50616202010275924
 5.25882704401986523      1.45290906417004173
-1.67197676867164602     -6.54257300760466798
 0.06007403885377762     -13.54257300761533500
-3.44769257694811815     -7.46280850368001225
15.72082911271708916     -0.45288462179069716
17.45288164115329721      2.54711835884482030
 5.25882704401988121      5.45290906417016519
-8.70162564875970013      9.54711772606319542
13.11415378684718469     17.45288164115327589
-10.43367645633237117     -13.45288227393133695
-8.70162564875921163     -2.45288227393736058
15.72082911271742844     -12.45288462179090949
15.72082911271754568      9.54711537820959322
 5.36010310975599147     17.45288164115638097
13.98877830514816800     -1.45288462179082156
 1.79472542888212527      1.45290906417010524
17.15754542569288077     17.09824242876951672
15.72082911271711403     -6.45288462179084110
-13.89777843680164438     -7.45288164115707286
 3.54844042005048887     16.49949971973899920
 7.02055064167922538      6.50616202010283118
 1.79472542888181286     -4.54709093583005064
-8.70162564875819200     13.54711772606325404
-13.89777843680239400     -15.45288164115705420
 8.76134459891730621     -6.50913680774222225
-7.57513489087999137     17.19969709553897630
10.52467668999210382     -13.45288462181197175
-13.89777843680171188      6.54711835884290760
13.98877830514788201     12.54711537820948664
 3.52677623645096805      8.45290906417015186
-10.43367645633186314     -9.45288227393132630
-6.96957484119066262     -11.45288227393814395
-10.43367645633205854     -11.45288227393132807
