378    36.96438768782221018
-8.48219384390879405     10.53391231990965338
 3.50134766683009069     -3.57854701638821204
-2.49865233317062874     13.74196105930075618
-14.49865233316755031     -13.98924750169549291
14.48219384390819897     15.75014303633872181
14.48219384390856312      5.35783819092517088
 5.48315569907012001     -17.48219384390777265
 7.48219384390862707      3.62578738335600992
-17.48219384391110864     -15.71148484267225243
-0.49865233317055696     10.27785944416296005
-3.48254928771968508     -12.24799887418018862
 8.50134766683001608     -1.84649620881913212
-17.48219384390901254      1.87365828206021257
-17.48219384390903741     -1.59044333307807273
 8.51771437524888952     -15.73064508630529268
 9.50134766683269127     -13.98924750169452125
13.48219384390917952     -6.76651746205709692
 1.50134766683024679     -7.04264863152605880
-14.48219384390899656      3.60570908962976056
-4.51684430092989864     -17.48219384390828068
-2.49865233316956292     -10.50675024666400503
 4.51771437524888864     -15.73064508630543124
-7.49865233316970858     -8.77469943909522421
 6.50134766683038468     -8.77469943909476058
-6.49865233316733715     -13.98924750169525666
-17.48219384390896636      5.33775989719899613
-9.48219384390874787      8.80186151233921699
-12.49865233316983115     -7.04264863152626486
-4.49865233316977253     -7.04264863152624088
12.51745071228027584     -12.24799887417939104
-7.49865233317022639      1.61760540631836336
-9.49865233316974056     -8.77469943909519401
10.48219384390836417      8.82193980606283290
 3.48219384390789033     17.48219384390741737
-8.48219384390879583     13.99801393504778346
-17.48219384390879227      8.80186151233796643
-16.48219384390905518      3.60570908962957537
12.48219384390887932     -1.57036503935046956
12.48219384390871056      1.89373657578730725
 5.50134766683049303     -10.50675024666369950
 4.50134766682968213      5.08170702145633690
13.48219384390829312     14.01809222876978644
 1.48219384390784792     17.48219384390744224
-14.48219384390886333     10.53391231990708476
-10.48219384390879583     13.99801393504744595
17.48219384390873188      3.62578738335636830
 1.50134766683269372     -13.98924750169494402
 8.50134766683017951     -5.31059782395688718
16.48219384390930742     -8.49856826962573741
-5.49865233316970858     -8.77469943909515671
-13.49865233316996438     -5.31059782395729663
17.48219384390929676     -6.76651746205684823
13.48219384390833930     10.55399061363180024
 3.48219384390828335     10.55399061363166879
-9.48254928771966377     -12.24799887418037869
14.48219384390834996     12.28604142120076226
11.48219384390830555     10.55399061363174873
 7.50134766683026744     -7.04264863152581544
 9.48219384390844233      7.08988899849389043
-14.48219384390882958     13.99801393504586855
 6.51771437524888686     -15.73064508630533354
 3.50134766683269483     -13.98924750169485165
-11.48254928771965488     -12.24799887418037336
 0.51771437524889374     -15.73064508630565506
-5.49865233317048485      8.54580863659403711
-9.49865233317008695     -1.84649620881948229
-16.71217138364103860     -10.36447033898715553
 6.48219384390817588     15.75014303633853885
-17.48219384391111575     -12.21029411461679182
 8.50134766683038556     -8.77469943909466821
-3.49865233317032587      5.08170702145613351
-14.49865233316977431     -10.50675024666406721
-2.49865233317042224      6.81375782902506621
 2.51745071228029449     -12.24799887417995237
-5.49865233317019797      1.61760540631830518
-12.51780615609260572     17.48219384390632314
 4.50134766682984111      1.61760540631853722
-15.48219384390877451      8.80186151233772662
 8.48219384390869990      1.89373657578714116
10.51771437524916841     -15.73064508630530511
-11.48228562475108561     -15.73064508630606717
 3.50134766683045484     -10.50675024666379009
-5.48254928771967798     -12.24799887418025790
-11.49865233316996260     -5.31059782395730906
-5.48219384390876385     12.26596312747928330
 0.50134766682951670      8.54580863659400691
 0.50134766682984111      1.61760540631838312
16.48219384390827358     15.75014303633870227
-12.49865233317003721     -3.57854701638837724
-16.48219384390912978     -3.32249414064720217
17.48219384391110509     -10.23061907719357500
-1.49865233317015889      1.61760540631831451
10.48219384390854536      5.35783819092502078
-7.49865233317006030     -1.84649620881952892
-13.48254928771964600     -12.24799887418042665
 0.50134766683035925     -8.77469943909500927
-10.51684430093007983     -17.48219384390853293
 0.50134766682998755     -1.84649620881938126
-13.48219384390893261      5.33775989719932742
 9.48219384390862707      3.62578738335608586
-1.49865233316964486     -8.77469943909507499
-6.51780615609218206     17.48219384390743514
13.50134766683268239     -13.98924750169436670
15.48219384390809594     17.48219384390765896
 3.48315569907011158     -17.48219384390799291
 1.50134766682992016     -0.11444540125045750
-8.51780615609219005     17.48219384390734277
-16.51780615609271408     17.48219384390717224
 4.50134766683017951     -5.31059782395707281
-4.49865233317042357      6.81375782902512483
-1.49865233317058832     12.00991025173186344
14.48219384390847075      8.82193980606290928
11.48219384390878872      0.16168576821837216
-14.51684430093030365     -17.48219384390930031
-15.48219384390880471     12.26596312747651929
 2.50134766682984111      1.61760540631846816
-13.48219384390875319      8.80186151233802327
 2.48219384390817588     15.75014303633835056
14.48219384390888465     -1.57036503935036653
15.48219384390881181      0.16168576821855296
-4.49865233316996704     -3.57854701638843675
17.48219384390863240      7.08988899849410537
-1.48228562475110337     -15.73064508630576341
 7.48219384390792097     17.48219384390756304
-5.48219384390881981     15.73006474261719312
 3.48219384390821540     14.01809222876947381
11.48219384390862885      3.62578738335615336
-0.49865233317040225      6.81375782902508309
16.48219384390866438      5.35783819092520641
 7.48315569907013245     -17.48219384390766606
-3.49865233316967128     -8.77469943909511585
 2.50134766682998988     -1.84649620881932863
16.73090736290703617     -15.56664502730170518
-3.49865233317058832     12.00991025173185278
 0.50134766683017473     -5.31059782395720070
-7.48219384390882514     15.73006474261708476
 9.50134766683009779     -3.57854701638796246
 4.51745071228028827     -12.24799887417983513
-2.49865233316732427     -13.98924750169514120
-12.48219384390886333     10.53391231990755728
-16.48219384390892017      7.06981070476843421
 8.48219384390826825     12.28604142120070364
-7.48254928771967087     -12.24799887418031119
 2.50134766683037491     -8.77469943909495242
10.50134766683038734     -8.77469943909455452
-8.49865233316734070     -13.98924750169531883
-4.49865233317055679     10.27785944416295649
 5.50134766683009069     -3.57854701638813655
13.48315569907013156     -17.48219384390811015
-7.49865233316990221     -5.31059782395734636
-2.49865233317024193      3.34965621388723633
-6.49865233316959401     -10.50675024666410096
15.48219384390829312     14.01809222876978112
-5.49865233316990221     -5.31059782395735525
13.48219384390879938      0.16168576821846545
-11.48219384390884024     15.73006474261659626
-11.48219384390875142      8.80186151233872494
 9.48219384390878872      0.16168576821827893
15.48219384390897169     -3.30241584691919865
 8.48219384390853293      5.35783819092495950
 4.48219384390817588     15.75014303633839319
10.48219384390817766     15.75014303633868273
 7.50134766683009691     -3.57854701638805706
-6.49865233317028590      3.34965621388727808
-0.49865233317023450      3.34965621388724033
17.48219384390866082     14.01809222876955552
-11.49865233316980806     -8.77469943909519756
-13.48228562475108028     -15.73064508630622882
17.48219384390881714      0.16168576821866359
-6.48219384390879494     13.99801393504816538
14.48219384390873188      1.89373657578738985
15.50134766683267706     -13.98924750169509856
-8.48219384390890596      7.06981070477023277
 4.50134766683037846     -8.77469943909485828
-17.48219384390905873     -8.51864656335535564
15.48219384390854358      7.08988899849406007
-12.48219384390891307      7.06981070476875484
 1.48219384390821540     14.01809222876944538
-11.48219384390877984     12.26596312747697048
-1.49865233317031832      5.08170702145615749
-1.49865233316985313     -5.31059782395724245
 1.50134766682976739      3.34965621388730295
 2.50134766682968213      5.08170702145622943
 6.50134766682984111      1.61760540631856653
17.48219384391034481     -17.42017372237562967
-4.48219384390879405     13.99801393504823999
 3.50134766683025234     -7.04264863152599663
17.48219384390819542     17.48219384390764475
16.48219384390873188      1.89373657578749133
-15.48219384390885800     15.73006474261537058
12.48219384390817943     15.75014303633864898
 0.48219384390817399     15.75014303633833990
11.48219384390796804     17.48219384390769804
12.48219384390828068     12.28604142120067166
12.50134766683038734     -8.77469943909444794
-2.49865233316975965     -7.04264863152618137
 7.48219384390821673     14.01809222876966743
11.50134766683056675     -10.50675024666344548
-0.49865233316990981     -3.57854701638832662
 7.50134766682992726     -0.11444540125028534
-0.49865233316731833     -13.98924750169504172
-2.51780615609217451     17.48219384390762343
-3.49865233316988844     -5.31059782395729219
11.50134766683030030     -7.04264863152561738
11.48219384390822029     14.01809222876974026
-11.48219384390895392      1.87365828206149820
12.48219384390837483      8.82193980606290040
-1.49865233317001390     -1.84649620881945697
 9.50134766683026832     -7.04264863152572396
-8.49865233317013136     -0.11444540125057764
 2.50134766682951648      8.54580863659407086
 7.50134766683049925     -10.50675024666361068
 4.50134766683001430     -1.84649620881929000
-2.51684430092989553     -17.48219384390826292
14.51771437524923591     -15.73064508630604053
 2.50134766683017595     -5.31059782395714031
-10.48219384390880471     10.53391231990807242
-9.49865233317022728      1.61760540631836447
-9.48228562475108916     -15.73064508630605829
15.48315569907018130     -17.48219384390856490
14.51745071228027406     -12.24799887417920274
 6.48219384390836240      8.82193980606278849
12.51771437524918973     -15.73064508630547920
-11.49865233317009761     -1.84649620881946497
-4.49865233317028235      3.34965621388723100
-17.48219384390894504     15.73006474261575072
-6.48219384390879316     10.53391231990991805
-13.48219384390885445     15.73006474261514498
-13.48219384390903741     -1.59044333307752761
-16.51502484367179591     -13.96088947966658367
 3.50134766682976739      3.34965621388740020
-2.49865233317055679     10.27785944416296537
-3.49865233317048441      8.54580863659404244
-10.48219384390895037      3.60570908963096581
 9.50134766683050103     -10.50675024666350232
 6.48219384390853293      5.35783819092494351
-6.49865233316977253     -7.04264863152630927
-5.48228562475109715     -15.73064508630592151
-8.49865233317029123      3.34965621388728119
 3.50134766682959997      6.81375782902517901
-11.48219384390887932      5.33775989719988964
 3.50134766682992016     -0.11444540125040123
-7.48219384390874698      8.80186151234079439
-0.49865233317007984     -0.11444540125054033
-14.48219384390902853     -3.32249414064706627
 5.48219384390844056      7.08988899849386467
-16.51801137734663527     -17.48218432270098788
-3.49865233317002877     -1.84649620881952248
 7.48219384390844233      7.08988899849387888
-16.48219384390901610     -6.78659575578621066
13.48219384390844588      7.08988899849404053
-15.48254928771963712     -12.24799887418041422
13.48219384390896280     -3.30241584691930612
-8.49865233316962509     -10.50675024666414892
-17.48219384390887399     12.26596312747689232
14.48219384390927189     -8.49856826962599499
-2.49865233317007984     -0.11444540125061012
 8.48219384390836240      8.82193980606284534
-10.49865233316971747     -10.50675024666408497
-10.49865233317003010     -3.57854701638839279
 6.48219384390824871     12.28604142120060772
-15.48219384390894859      5.33775989719899258
10.48219384390870168      1.89373657578722066
-16.48219384390911912      0.14160747449089936
-10.49865233316734781     -13.98924750169532238
16.49829688935883709     -11.97186770470854533
 8.48219384390817588     15.75014303633859747
-12.48219384390897346      3.60570908963040093
-4.49865233317010205     -0.11444540125059899
10.48219384390887754     -1.57036503935056748
-6.49865233317043423      6.81375782902512483
 5.48219384390828601     10.55399061363165991
-9.49865233316994839     -5.31059782395735080
-0.49865233316975627     -7.04264863152611920
-1.49865233317048308      8.54580863659397849
 8.51745071228028117     -12.24799887417963085
 1.50134766682945053     10.27785944416292985
10.50134766683018483     -5.31059782395679836
-9.48219384390877273     12.26596312747857631
13.48219384390864306      3.62578738335622974
17.48219384390865727     10.55399061363178070
 4.48219384390835884      8.82193980606274053
10.48219384390827891     12.28604142120073561
-4.49865233316957536     -10.50675024666406365
-3.48228562475110026     -15.73064508630588776
 1.50134766682959997      6.81375782902509997
10.51745071228027939     -12.24799887417954380
-0.51780615609216929     17.48219384390702658
-0.49865233317062890     13.74196105930078993
-4.51780615609218206     17.48219384390759856
 5.50134766683269660     -13.98924750169472553
-12.49865233316740998     -13.98924750169544495
13.48219384390800535     17.48219384390764120
 0.51745071228030126     -12.24799887418004118
12.48219384390904452     -5.03446665448825748
 7.48219384390828779     10.55399061363171320
-15.49865233316985069     -8.77469943909511763
 0.50134766682941267     12.00991025173185456
-16.48219384390893083     10.53391231990743648
17.48219384390901610     -3.30241584691908585
15.48219384390864839      3.62578738335632123
-14.48219384390891840      7.06981070476837203
 5.50134766682992371     -0.11444540125036033
 6.51745071228028383     -12.24799887417974098
-0.51684430092988798     -17.48219384390811371
-10.51780615609219893     17.48219384390704789
-13.49865233316984359     -8.77469943909513717
-12.48219384390881537     13.99801393504602665
-15.48219384390900899      1.87365828206048746
-14.51780615609270697     17.48219384390650433
11.48219384390844411      7.08988899849396947
 9.48219384390821851     14.01809222876973671
15.48219384390948505     -10.23061907719480779
 9.48315569907013156     -17.48219384390786146
16.48219384390857556      8.82193980606295014
-3.48219384390881892     15.73006474261741339
-12.48219384390898767      0.14160747449187430
 5.48219384390821585     14.01809222876951466
-14.49865233316983115     -7.04264863152625153
-17.48219384390908004     -5.05454494821701061
-4.49865233316732649     -13.98924750169518205
-2.49865233316993329     -3.57854701638838257
-3.49865233317018065      1.61760540631832361
-6.49865233317010382     -0.11444540125062631
-15.48219384390903741     -1.59044333307806540
-1.49865233317067847     15.47401186686973595
-12.49865233316972279     -10.50675024666412583
11.50134766683268772     -13.98924750169443598
-5.49865233317004787     -1.84649620881950760
-15.48219384390904629     -5.05454494821670064
-14.48219384390901077      0.14160747449154870
-8.49865233317002478     -3.57854701638842654
-16.48219384390887399     13.99801393504627178
-7.48228562475109360     -15.73064508630599612
-8.49865233316977786     -7.04264863152629506
 5.50134766682976739      3.34965621388746504
 1.48315569907011180     -17.48219384390800712
16.48219384390842279     12.28604142120081377
 5.50134766683026744     -7.04264863152591225
-7.49865233317034274      5.08170702145618858
 9.48219384390830555     10.55399061363177537
 4.48219384390824871     12.28604142120057041
16.48219384390912268     -5.03446665448802388
15.48219384390918130     -6.76651746205693438
11.48315569907013156     -17.48219384390787923
 9.48219384390794495     17.48219384390762343
 5.48219384390791298     17.48219384390743159
-5.49865233317034185      5.08170702145619479
12.48219384390856135      5.35783819092509539
 7.50134766683269483     -13.98924750169462961
14.48219384390906050     -5.03446665448812691
 6.50134766683017951     -5.31059782395698221
-9.48219384390887399      5.33775989720087285
-13.48219384390879405     12.26596312747652995
16.48219384390891307     -1.57036503935026861
 0.50134766682968190      5.08170702145616815
-8.51684430092990752     -17.48219384390842635
-0.49865233316955876     -10.50675024666393753
-6.49865233316998125     -3.57854701638842343
 1.50134766683044840     -10.50675024666387181
-1.48254928771969197     -12.24799887418012467
-9.48219384390882958     15.73006474261679877
-13.48219384390898590      1.87365828206080387
 2.51771437524889130     -15.73064508630560354
-10.49865233316978319     -7.04264863152632348
-12.51684430093021838     -17.48219384390885267
 2.48219384390824915     12.28604142120056508
-7.48219384390877273     12.26596312747886230
 1.50134766683009024     -3.57854701638826667
 6.50134766683001430     -1.84649620881921384
13.50134766683059517     -10.50675024666331758
-15.48228562475107495     -15.73064508630636738
-10.49865233317013136     -0.11444540125056821
-10.48219384390890596      7.06981070476974072
15.48219384390833930     10.55399061363186952
11.48219384390896280     -3.30241584691941625
17.48219384391110864     -13.71311633222351389
-6.51684430092989864     -17.48219384390836240
