381    37.31794662810000318
 2.22298447764537510     -14.19487169890616940
11.75313665818779540      5.30185822098914894
 3.22298447764931817      1.39358556922311361
15.92692250647574248     -0.55984711736732107
-5.77701552235462401     -14.19487169890634348
-17.65897331404671888      0.33846523835604042
-6.65897331404353920      2.07051604592342020
17.65897331404826431     -5.61618412401013600
14.22298447764387497     -17.65897331404675441
-17.65897331404686099     -6.58973799192195564
15.84401745759406666     -12.59272437461267558
14.19295613196372408     -7.61193891510748966
-14.65897331404693382     -1.39358556921300658
 1.22298447764539442     -15.92692250647506391
 2.22298447764381368     -17.65897331404493542
-3.77701552235623783     -17.65897331404506687
-12.77701552235679294     -12.46282089133929460
 6.22298447765149287      6.58973799193121224
 8.22298447764965346      3.12563637679238893
-5.77701552235623783     -17.65897331404521964
 8.22298447764762841     -7.26666846863222915
 2.34102668595544650     17.65897331404576676
10.22298447764927509     -0.33846523834572351
-10.65897331404381987      5.53461766106175723
-0.77701552235479354     -5.53461766106090458
15.92692250648120833     -2.55984711736732518
-0.65897331404432868     12.46282089133827320
 5.22298447764932039      1.39358556922338273
-14.77701552235647497     -15.92692250647723284
 5.22298447765123797      4.85768718436243763
-9.65897331404470805     17.65897331404478621
 7.22298447764600837     -5.53461766106210096
-14.65897331404652348     -8.32178879949062988
-17.65897331404702442     10.73077008376993469
15.91081357742950786     -6.58774860219783420
12.11021556345224681      7.26972372844011705
 2.22298447764547014     -7.26666846863005933
 7.22298447764555362     -8.99871927619991041
12.10494226935658091     10.73077008376022690
17.65897331404486792     -3.55984711739080995
-10.65897331404471515     15.92692250647554708
14.12384730122261089      0.30555441036503600
 5.22298447764880081     -2.07051604591494032
-12.65897331404419468      8.99871927619966350
 7.22298447765154972      8.32178879950019912
-4.65897331404432880     12.46282089133773852
12.22298447764387319     -17.65897331404606874
-9.65897331404467785     14.19487169890660816
-4.77701552235469684     -12.46282089133707949
 4.22298447764565044     -7.26666846863033289
-0.77701552235132720     -2.07051604591580274
-17.65897331404602255     -16.98204283733517883
13.71392924241469480      4.67358826195357580
-2.65897331404410631      8.99871927620006140
-5.77701552235517823     -7.26666846863008686
-14.65897331404674198      5.53461766106337993
-7.65897331404470005     17.65897331404451975
-13.65897331404469739     14.19487169890659395
 0.22298447764529469     -10.73077008376778885
 4.22298447764537510     -14.19487169890663125
-17.65897331404529069     17.65897331404424975
15.71343400343412711      9.38538277527782938
17.65897331404532622     -13.61371498249059186
 4.22298447764073348     -3.80256685348912571
-7.77701552235518445     -7.26666846863072813
 7.22298447765112162     11.78589041463819598
10.22298447765295037      6.58973799193238996
15.57482630759130693      5.42461046605711683
-7.77701552235479987     -10.73077008376866992
-3.65897331404398507      7.26666846863099547
 3.22298447764879192     -2.07051604591522143
-8.65897331404418402      8.99871927619972567
-6.77701552235561433     -5.53461766106126163
 8.10494226934005013     14.19487169890803813
 5.22298447764560603     -5.53461766106142328
17.65897331404751469      2.44015288263582875
-2.65897331404464854     15.92692250647625229
-8.77701552235766691     -5.53461766106328401
-14.65897331404473825     15.92692250647556840
10.22298447764072726     -3.80256685348928780
-10.65897331404691251     -4.85768718435229641
-6.77701552235463200     -15.92692250647541563
-15.77701552235665083     -17.65897331404618598
 4.22298447764529783     -10.73077008376832531
-6.65897331404465209     15.92692250647560570
15.92692250647212582     11.37395579614270780
-2.77701552235469684     -12.46282089133657678
 5.22298447764860452     11.78589041463634146
-2.77701552235506099     -5.53461766106098363
 6.22298447764537777     -14.19487169890703093
 9.22298447765291662      8.32178879950135908
 8.22298447765095730     -14.19487169890371447
 3.22298447764539464     -15.92692250647552754
 2.22298447764935636      3.12563637679204254
-15.65897331404595327     -13.51794122219732586
17.65897331404431725     -9.61618412401013956
 0.22298447764537524     -14.19487169890571288
-5.65897331404365644      3.80256685349259804
-7.65897331404463699     14.19487169890668632
11.41344918962450627      1.51721642978546800
13.17989224319586583     12.42159780160403315
-9.65897331404826787     -3.12563637678188444
-16.65897331404505977     15.92692250647532859
-16.65897331404683612      2.07051604592499938
-5.65897331404421777     10.73077008376873032
 8.22298447764383056     -17.65897331404593373
-1.77701552235487736     -7.26666846862976623
-11.77701552235627958     -17.65897331404575255
-1.77701552235098759      3.12563637679138795
 1.22298447764535245     -5.53461766106101738
 9.22298447764962326      1.39358556922337296
 3.22298447764549945     -5.53461766106119324
 9.10494226934073936     15.92692250647652763
17.65897331404437764     16.40001044243026840
 8.22298447765147067     10.05383960706943647
 0.22298447764859874      6.58973799192942966
 3.22298447764791174     15.24999202977471846
17.29662174523182827      4.40705433938876201
12.22298447765095730     -14.19487169890687284
-13.77701552235668636     -14.19487169890823353
11.10494226934797091      8.99871927619631684
-13.65897331404674198     -6.58973799192162613
-16.65897331404706350     -1.39358556921305010
-5.77701552235121696     -0.33846523834726727
11.10494226934074824     15.92692250647556840
 9.22298447765319906      4.85768718436315794
 1.22298447764869689     -2.07051604591543370
15.92474195184732011     -8.61239774686934112
-1.65897331404462856     14.19487169890722988
-10.77701552235470928     -12.46282089133787352
 4.22298447765099993      6.58973799193121312
13.93139577588983258     -9.60139381274720272
 2.22298447764765594     13.51794122220536920
 8.22298447764072904     -3.80256685348909240
17.65897331404590176     14.40001044243018669
-2.65897331404432880     12.46282089133814175
 8.22298447764924845     -0.33846523834536685
-13.65897331404434212     10.73077008376866459
 9.22298447764892693     -2.07051604591443406
-11.65897331404402770      7.26666846863075655
-8.65897331404468673     15.92692250647554708
-1.65897331404419202     10.73077008376927033
-7.77701552235925408     -3.80256685349349111
17.65897331387892777      8.37395579614187646
-9.77701552235485316     -10.73077008376890795
14.09802350115682934     10.56455575391588297
13.57167297081253921      8.63505967483038717
-16.65897331404661941     -8.32178879949085193
 4.22298447764856721     10.05383960706742741
 7.22298447764882123     -2.07051604591466099
 9.22298447765142271     -12.46282089133457838
-11.65897331404826609     -3.12563637678270823
 5.22298447764554297     -8.99871927619958889
-9.65897331404381276      0.33846523835483988
 0.22298447764520110     -7.26666846862982485
-7.65897331404424797     10.73077008376864150
-7.65897331404365644      3.80256685349250434
 2.22298447764860096      6.58973799192964727
17.65897331404488213      0.44015288263582891
-3.77701552235462401     -14.19487169890592071
 6.22298447764570284     -7.26666846863080185
17.65897331404663362      6.37395579614185781
-15.65897331404507398     17.65897331404425330
-15.65897331404673132      7.26666846863226379
10.10494226934650364     10.73077008376435337
-15.65897331404671888      0.33846523835616737
17.65897331404494963     -7.61618412401013867
15.91464454925288763      7.39552993743425890
 4.22298447764382257     -17.65897331404545767
-11.77701552235699722     -10.73077008377030062
-12.65897331404693205     -1.39358556921273946
-17.65897331404826431     -3.12563637678293782
-17.65897331404673309      7.26666846863209859
-10.77701552235469151     -15.92692250647583840
-15.65897331404673309      3.80256685349412793
-10.65897331404440607     12.46282089133755555
11.22298447765630058     -8.99871927619868650
 1.22298447764812068     11.78589041463621001
-9.65897331404369019      3.80256685349284629
-1.65897331404458170     17.65897331404575610
 2.22298447764896911     -0.33846523834621112
-5.77701552235925586     -3.80256685349003698
10.22298447764916141     -7.26666846863364313
-16.65897331404704929     -4.85768718435296698
-5.77701552235477944     -10.73077008376824892
 1.22298447764880902      4.85768718436060887
 3.22298447765104612      4.85768718436216673
-11.65897331404370441      3.80256685349281076
-10.77701552235713578     -8.99871927620134393
11.24176603397367380     -2.05957338708775817
10.10494226934054396     17.65897331404554293
-12.65897331404669401      2.07051604592565397
-14.65897331404434034      8.99871927619978074
-1.77701552235475457     -10.73077008376762365
-11.65897331404427284     10.73077008376859354
-12.65897331404397619      5.53461766106184161
-4.77701552235082527      1.39358556922209553
-16.65897331404574189     -15.24999202976632517
13.79628254850644709     -15.70372788929694607
 3.22298447764551454     -8.99871927619913237
-6.77701552235469773     -12.46282089133750937
12.10494226934056528     17.65897331404634940
10.10494226934009809     14.19487169890549794
 6.10494226934037165     17.65897331404599413
-13.65897331404826609     -3.12563637678293782
-4.65897331404464943     15.92692250647579755
-8.65897331404410764     -1.39358556921453269
 0.22298447764073778     -3.80256685348933354
17.65897331404741877     12.37395579614191554
 5.22298447764532270     -12.46282089133772075
 9.10494226934616968     12.46282089133308801
 8.10494226934037343     17.65897331404595150
-3.65897331404419246     10.73077008376890262
-15.65897331404681836     -6.58973799192185705
 7.22298447765280649      4.85768718436309133
-0.77701552235461058     -15.92692250647471930
12.22298447767686547     -10.73077008375569896
-13.65897331404402770      7.26666846863068994
-16.65897331404451620     12.46282089133756621
 6.22298447764529783     -10.73077008376877117
-11.65897331404470805     17.65897331404444515
-11.65897331404667092      0.33846523835679071
-6.65897331404379944      5.53461766106155562
 9.22298447764609364     -5.53461766106246333
 4.22298447764909213     -0.33846523834589487
-1.77701552235462445     -14.19487169890563294
-8.77701552235499705     -8.99871927619990331
-14.65897331404669401      2.07051604592524097
-15.65897331404634762     -10.05383960705960789
12.10494226934020112     14.19487169890590827
15.69045857254210041     -10.59862817111053879
-17.65897331404551096     14.19487169890587630
-2.77701552235461424     -15.92692250647487029
-4.77701552235544913     -5.53461766106102626
14.14816685606615287     -13.65295582920050066
 6.22298447764382878     -17.65897331404577386
-16.65897331404675441      8.99871927620114498
 1.22298447764520657     -8.99871927619883749
-3.77701552235509697     -7.26666846862984173
 5.22298447764791707     15.24999202977479840
11.22298447767489549     -12.46282089132368043
-12.77701552235475191     -15.92692250647599295
-3.77701552235477367     -10.73077008376766983
 6.22298447764073170     -3.80256685348906132
-1.77701552235926008     -3.80256685348957824
-10.65897331404693205     -1.39358556921223653
 2.22298447764529516     -10.73077008376791142
-11.65897331404467785     14.19487169890664546
 0.22298447764890744     -0.33846523834643355
-9.77701552235731519     -7.26666846863236415
 4.22298447764766216     13.51794122220562677
-5.65897331404398596      7.26666846863068816
 6.22298447765143425     10.05383960706901902
17.65777001420735459     -17.65861038774461989
-13.65897331404670467      3.80256685349452450
15.93450944299467587     13.38698311928476059
11.22298447764807960     -15.92692250647428054
17.65897331404697113     -15.61371498249059364
-8.65897331404380211      5.53461766106179187
 0.22298447764826870     10.05383960706723023
-15.65897331404440074     10.73077008376866281
-16.65897331404674375      5.53461766106300956
-15.65897331404826431     -3.12563637678299377
-3.77701552235925808     -3.80256685348980561
14.02335988139981637      6.68673246031940494
 2.22298447764073570     -3.80256685348919010
 4.22298447764793838     16.98204283734368758
-12.65897331404639026     -8.32178879949039718
10.22298447765440699     -10.73077008376657027
-5.65897331404463344     14.19487169890669520
 9.22298447764753249     -8.99871927620158019
12.22298447764072549     -3.80256685349100199
-6.65897331404416448      8.99871927619975942
 6.22298447764964990      3.12563637679264117
-1.77701552235621851     -17.65897331404469028
-6.77701552235168059     -2.07051604591672778
14.21144311902662061     -3.58801562068690805
14.10494226934022066     14.19487169890829747
12.22285746703189346     -0.31592579873556104
-3.77701552235098914      3.12563637679107220
-9.77701552235627247     -17.65897331404562820
-14.65897331404445225     12.46282089133757154
-17.65897331404650927     -10.05383960705980151
17.65897331404069703     10.37395579614189778
-2.77701552235486160     -8.99871927619865630
 7.22298447764785490     -15.92692250647458074
 6.22298447764914631     -0.33846523834559589
 3.22298447764842155     11.78589041463624199
-7.77701552235462579     -14.19487169890653533
-1.77701552235140259      6.58973799192920762
-9.65897331404399040      7.26666846863073612
-13.77701552235629556     -17.65897331404612913
-11.77701552235463467     -14.19487169890692613
14.10494226934236472     17.65897331404551807
 1.22298447764530294     -12.46282089133679349
 1.22298447764843443      8.32178879949844230
-8.65897331404353920      2.07051604592355920
-0.77701552235469695     -12.46282089133667448
11.22298447764609541     -5.53461766106298025
17.58871124124493690     -11.61494955325038347
 8.22298447765280116      6.58973799193202758
-6.77701552235491533     -8.99871927619945033
-12.65897331404442383     12.46282089133759463
-14.65897331404695336     -4.85768718435287106
17.65897331404826431     -1.55984711736417081
-17.65897331404597281     -13.51794122219758165
-14.65897331404605630     -11.78589041462837095
-12.65897331404691784     -4.85768718435261260
-4.77701552235461424     -15.92692250647523444
-9.65897331404427284     10.73077008376868768
-4.65897331404414405      8.99871927619978429
 1.22298447764925378      1.39358556922285892
-3.65897331404458948     17.65897331404521253
10.22298447765095730     -14.19487169890373757
-0.77701552235156901      8.32178879949823802
-8.77701552235470928     -12.46282089133770654
-0.77701552235080806      1.39358556922261245
-1.77701552235114058     -0.33846523834679426
-4.77701552235155624     -2.07051604591642269
15.94349392658603115     -4.58801562070330515
15.91427953039614707     -16.59148980385294792
 5.22298447764539464     -15.92692250647599295
-8.65897331404434034     12.46282089133760529
-2.77701552235082039      1.39358556922226806
15.91798573414567564      1.44038028121911110
-4.77701552235491445     -8.99871927619883571
-3.65897331404462856     14.19487169890685330
10.22298447764965346      3.12563637679223305
13.90510587687784216      2.29355647004093699
 8.22298447764530849     -10.73077008376919217
-5.65897331404466097     17.65897331404477555
-4.65897331404378789      5.53461766106186470
 3.22298447764843576      8.32178879949861994
-7.77701552235624138     -17.65897331404540438
-9.77701552235463289     -14.19487169890670764
 0.22298447764378557     -17.65897331404452331
-8.77701552235464177     -15.92692250647560392
-7.65897331404381188      0.33846523835438863
15.55449457093959076      3.42471381360604976
15.83317035678114770     15.42765652644753338
-11.65897331404656079     -6.58973799192139253
-10.65897331404354098      2.07051604592387539
-12.65897331404472403     15.92692250647556840
-13.65897331404481641     17.65897331404458370
 1.34102668595545027     15.92692250647676389
-7.65897331404398685      7.26666846863077875
12.20982398182611028      3.35469703392011764
-3.77701552235118898     -0.33846523834699183
 0.22298447764901247      3.12563637679159845
-2.77701552235121163      4.85768718436013813
11.10494226935511364     12.46282089132826698
13.10494226934076600     15.92692250647756325
15.91427953039447729     -14.59148980385292305
-6.65897331404433412     12.46282089133761950
 7.22298447764532359     -12.46282089133808313
 7.10494226934034501     15.92692250647708541
 2.22298447764829143     10.05383960706742386
-0.77701552235119653      4.85768718436038593
 7.22298447764939056      1.39358556922361299
 3.22298447764531737     -12.46282089133725890
-0.65897331404464710     15.92692250647683139
12.22298447765297880     -7.26666846862788951
-0.77701552235483951     -8.99871927619869005
 6.22298447764766927     13.51794122220577599
13.99460797101239962     -11.65885962569770129
 4.22298447764964635      3.12563637679246131
13.97015526372235250     -5.58474914021591218
 0.34102668595544477     17.65897331404565662
 0.34102668595537133     14.19487169890788891
10.22298447764385720     -17.65897331404599768
-13.65897331404627302     -10.05383960705936275
-17.65897331404678994      3.80256685349398182
-13.65897331404670467      0.33846523835628162
-10.65897331404418935      8.99871927619976120
-15.65897331404471515     14.19487169890665079
13.71157003315764733     -1.65149118293042974
 5.22298447765131524      8.32178879950007477
 9.22298447764801033     -15.92692250647429830
-16.65897331404619663     -11.78589041462857523
16.10494226934238782     17.65897331404423554
-2.77701552235151095     -2.07051604591608784
