384    37.48014518130000283
12.07537844738540755     10.81186936039553714
 7.07537844733305921      9.07981855280144501
10.72121390394615936     -9.67204953962636793
-10.74007259064335607     -12.54392016793615205
-3.74007259064016218     -10.81186936036703905
-15.74007259064336495     -3.88366613005248107
 5.07537844732592092     -15.16889275321153541
-11.74007259064321751     -10.81186936036703194
-9.92462155268229118      7.34776774523008758
-2.74007259063875841     -16.00802178307340284
-15.74007259064315889     -0.41956451491497110
 0.07537844731740462     -3.04453710018672563
-7.92462155268032120     10.81186936036670865
-15.74007259064324060     -10.81186936036612067
10.89082948528991324     -16.00802178307343837
-14.74007259064245190      4.77658790779113751
13.07537844746431865     12.54392016794026254
-4.92462155268007784      9.07981855279799355
-9.74007259064168274      3.04453710022210133
15.84147998509227584      1.43967516956692387
13.07537844738581079     16.00802178304708079
15.98556179589492565     -0.55512818711782630
-17.74007259064320507     -14.27597097550401450
 5.07537844732309562     -8.24068952293550616
11.89082948529007311     -17.74007259064256203
-7.92462155268085322     14.27597097550444261
 6.07537844733299970     10.81186936037055979
-8.92462155268116319     16.00802178307322166
 4.07537844732435328     -9.97274033050510944
-11.74007259064311981     -3.88366613005314409
-4.74007259064075726     -9.07981855279848915
-14.74007259064346087     -12.54392016793526565
-17.74007259064359943      3.04453710022255608
17.74007259064541486     -9.75994534745157161
-11.92462155268097668     14.27597097550395766
 7.07537844732912369     16.00802178307454327
 9.07537844733020727      5.61571693766139468
-3.92462155268069024     14.27597097550498084
 6.89082948528970896     -16.00802178307312218
-16.74007259064326547      1.31248629265384920
-11.74007259064224051     -0.41956451491537228
-3.92462155268031854     10.81186936036709056
-6.92462155267962309      5.61571693765997537
10.07537844733824706     14.27597097550607508
17.74007259062752340     12.63156304656787121
-9.74007259064318376     -10.81186936036737478
-12.74007259067596465     -5.61571693764055713
-2.74007259063961506     -12.54392016793564224
10.07537844732877375      0.41956451495338337
-5.92462155268435531     17.74007259064426378
-5.74007259063865938     -17.74007259064303810
15.88321174956033133     -12.73035287316427322
 3.07537844728296461     -4.77658790777574271
-16.74007259067596465     -5.61571693763975066
-1.74007259064013842     -10.81186936036640311
13.07537844733086985      5.61571693765904367
 4.07537844732165322     -6.50863871536647665
-1.92462155268061275     14.27597097550936311
14.14523814182614814     -13.72002339349939071
 8.07537844733401045     10.81186936037016366
15.71480755110643912     -16.91964342525313114
-17.74007259064353192     -17.74007259064191899
-0.92462155268107638     -1.31248629261697047
-12.74007259064344311     -12.54392016793577902
11.07537844732983068      2.15161532252176357
-11.74007259064308251     -14.27597097550519045
 0.25992740936100311     -14.27597097550356509
-7.74007259064316155     -10.81186936036963075
-2.92462155271703450     -4.77658790777211006
 1.07537844732590782     12.54392016793713438
 2.07537844731741794     -3.04453710018691925
-1.74007259063900954     -14.27597097550424010
 9.07537844733462506     12.54392016793871356
-15.74007259064287645      3.04453710022250501
15.89549243116535671      9.54918301219126953
-2.92462155268095891     16.00802178307804269
 9.07537844732761201     -1.31248629261487415
17.74007259064492459     -15.75022748255015692
12.39811895891478066     -14.69345780870791884
-7.92462155267972790      7.34776774522883791
 5.07537844731921961     -1.31248629261581762
 8.89082948528876038     -12.54392016793454090
 2.07537844732551280     -13.43684194564354684
-7.92462155268435620     17.74007259064394404
-2.92462155268038826     12.54392016793600817
12.07537844734786248     17.74007259063926156
-6.74007259064357456     -9.07981855280051597
-13.92462155268437307     17.74007259064354258
-15.74007259064314113     -14.27597097550432714
 4.07537844732629395     -16.90094356078092019
14.11469748285777293     -15.71979019694173552
17.74007259064029185      6.45781886280071582
 0.07537844732586137     17.74007259064372732
12.57245688132057282     -2.63866733699762701
-14.74007259064339870     -16.00802178307355916
-17.74007259064335429      6.50863871536001959
 3.07537844732684373     16.00802178307458234
12.55041687227382141     -8.69654419392661282
17.60074520432478096     -13.75508641500091223
-10.74007259064251585     -2.15161532248440857
-17.74007259064404707     16.90094356077253224
-3.74007259064281650     -7.34776774522747544
-12.74007259064206643      1.31248629265360539
-8.74007259064364739     -9.07981855279822980
 6.07537844732819110     14.27597097550573757
-5.92462155267953694      3.88366613009113193
16.02969738785510856     -8.72330815649209512
-8.74007259064244124     -2.15161532248469411
-9.74007259064006981     -17.74007259064359943
 7.07537844732319776     -8.24068952293384349
-13.74007259064219788      6.50863871535988192
17.74007259064053343      8.64352709157788723
 3.07537844732669186     12.54392016793705622
11.07537844733078281      5.61571693766055979
15.86892006519772558     15.71385929610452692
-15.92462155268441393     17.74007259064296349
14.25351098833150232     -1.55512818712728262
-8.74007259063982112     -16.00802178307461787
14.10942917753508219      0.43967516954667685
-7.92462155268202828      3.88366613009248596
-1.92462155267900203      3.88366613009066475
-14.74007259067596465     -5.61571693764018054
12.59285563635789629     -6.67751284310601800
 7.89082948529004824     -17.74007259064183373
-2.92462155268112012     -1.31248629261644467
-7.74007259064135411     -0.41956451491644214
-10.74007259064364739     -9.07981855279788874
-11.92462155268283475     10.81186936036752755
-15.74007259064353192     -17.74007259064247677
-3.74007259063839381     -17.74007259064253716
-17.74007259064403996     -7.34776774522708376
-14.92462155268325219     16.00802178307397483
10.69067250593462504     -11.67181633178176980
16.06505919228682799      7.55067297718948183
 8.70990276408190667     -10.55210778885407841
-6.74007259064001207     -12.54392016793672227
 7.07537844728296417     -4.77658790777453568
-3.92462155268019686      0.41956451495297525
 6.07537844732584098     -13.43684194564203516
 2.25992740936182068     -17.74007259064088160
 5.07537844732754184     16.00802178307438695
-1.92462155268029678     10.81186936036712254
-11.74007259064218545      6.50863871536021410
 2.07537844732157417     -6.50863871536699001
 9.07537844733814048     16.00802178307489498
-6.92462155268007784      9.07981855279791716
-7.74007259064393427     -7.34776774522918696
 4.07537844732584098     -13.43684194564269951
 4.07537844732211862      3.88366613009767203
10.86208167854263884     -5.67530452795961526
10.64583953071635847     -13.68869859843808356
-0.92462155267953017      2.15161532252148158
-0.92462155267468293     16.00802178307483814
-13.74007259064321751     -10.81186936036652924
-16.74007259064287823      8.24068952292864410
-8.92462155268209578      5.61571693766132363
 2.07537844732043686      7.34776774523445919
-2.92462155268007429      9.07981855279808414
-1.74007259063829678     -17.74007259064201847
-16.74007259064355324     -12.54392016793482689
17.74007259064416431     -7.68667096553065754
14.30323083914660920     -5.64087565214406084
 3.07537844732069132      2.15161532252278676
 0.07537844732431172     -9.97274033050638842
-13.74007259064322461     -3.88366613005276573
 1.07537844732606835     16.00802178307496604
 0.25992740936181047     -17.74007259064155662
-0.74007259063863096     -16.00802178307293389
14.07537844732946652      3.88366613008930672
-7.74007259063929620     -17.74007259064320507
-4.92462155267957868      2.15161532252220944
 8.07537844733445098     14.27597097550788874
-7.74007259063999697     -14.27597097550560967
 4.07537844732930576      7.34776774523176357
-13.74007259064223518      3.04453710022238511
14.15714513370796723     -11.72005883792497016
14.07537844733228560      7.34776774522710419
 0.07537844732106290      3.88366613009123851
-9.92462155268436241     17.74007259064368824
10.69435679754055002     -3.58291550299450501
-4.74007259067596465     -5.61571693764406099
-10.92462155268075641     12.54392016793520526
-3.92462155267971724      7.34776774522899778
16.00802178307527157     -6.68667096552953222
-8.74007259064334008     -12.54392016793840448
-3.92462155267909552      3.88366613009080908
 8.07537844733100307     17.74007259064235953
-3.92462155268435442     17.74007259064498498
-13.74007259064353192     -17.74007259064293152
 6.07537844732454513     -9.97274033050375586
 6.07537844732085119      0.41956451495918246
-4.92462155267903068      5.61571693765972402
-12.92462155268305679     12.54392016793627640
-8.74007259067596465     -5.61571693764147462
13.89082948529007311     -17.74007259064206821
 7.07537844732541377     -11.70479113807213878
-4.92462155268100776     16.00802178307380785
-17.74007259064327613     13.43684194563529744
 4.07537844732726295     17.74007259064325837
-14.74007259064297415     11.70479113806645444
-13.74007259064255848     -0.41956451491506563
-8.92462155268061252     12.54392016793542020
-0.92462155268007440      9.07981855279818362
 7.07537844732994081      5.61571693766214164
 9.07537844732887677      2.15161532252329657
12.07537844732946120      3.88366613009091433
17.74007259064492104     -11.75994534745164088
-10.74007259064317310     -16.00802178307625212
-17.74007259064395470     -3.88366613005236738
 0.07537844732571108     14.27597097550604310
-0.92462155267691459     -8.24068952293644941
-16.74007259064318376     15.16889275320414576
-11.74007259064352660     -17.74007259064492459
 3.07537844732704180      9.07981855279959760
-15.74007259064319619     13.43684194563520506
 1.07537844732486820     -11.70479113807497029
-6.92462155268105750     16.00802178307348100
-15.74007259064276276      9.97274033049745512
11.07537844738441102     16.00802178304840950
-2.92462155267955115      2.15161532252166809
-4.74007259063973496     -12.54392016793616271
-15.74007259064394937     -7.34776774522754206
-5.74007259064393427     -7.34776774523143139
 3.07537844731896737     -1.31248629261664762
 6.07537844732829235     17.74007259064303099
-9.74007259064299902     -14.27597097550747662
-11.74007259064394759     -7.34776774522835030
17.74007259064276454     -5.68667096552709506
-5.92462155267971813      7.34776774522890808
-16.74007259064347863     -2.15161532248366649
 2.07537844732119625      3.88366613009195749
 4.07537844732728249     10.81186936036837132
-0.92462155267891211      5.61571693766014501
 2.07537844732431465     -9.97274033050577202
 2.07537844732650711     17.74007259064365627
10.07537844734784294     17.74007259063914788
-16.74007259064317310     11.70479113806631055
-6.92462155268197055      2.15161532252364252
-17.74007259064310205      9.97274033049739295
12.07537844733207422      7.34776774522875975
 8.89082948528979955     -16.00802178307255375
17.74007259062813802     14.63156304656798845
-5.92462155268031854     10.81186936036693425
-8.92462155268011514      9.07981855279771288
-0.92462155271703483     -4.77658790777583242
-11.92462155268436419     17.74007259064351416
10.07537844733478494     10.81186936036945667
11.07537844732820353     -1.31248629261682481
-1.92462155268261426     -3.04453710018689083
 5.89082948529004735     -17.74007259064244479
-6.74007259067596465     -5.61571693764180502
17.74007259063649400      0.40491966124497503
-9.74007259064393693     -7.34776774522884413
15.99294546921473348     -10.73336551447325249
-14.74007259064249631      8.24068952292865653
16.07537844734812893     17.74007259063831654
11.07537844733739085      9.07981855280098848
10.83094762359966445     -7.67506218093545645
 1.25992740936139880     -16.00802178307224466
-16.74007259064340758     -16.00802178307305113
-5.74007259064038866     -10.81186936036761104
-14.74007259064368647     -9.07981855279695793
17.58550123032776114     10.63754506907240227
 4.07537844731763066     -3.04453710018630108
-9.74007259064305053     -3.88366613005359440
-1.92462155268019441      0.41956451495241642
 6.07537844731776566     -3.04453710018553458
14.07537844734790689     17.74007259063806075
 7.07537844733393850     12.54392016793902265
-13.74007259064275210      9.97274033049769670
 3.07537844732587340     -15.16889275321223884
 4.07537844731990440      0.41956451495345498
 8.07537844732832610      0.41956451495469899
 8.07537844731879417     -3.04453710017976276
-0.92462155268038626     12.54392016794061604
-6.92462155268053703     12.54392016793572573
17.74007259064378061     -1.59508033875502497
-12.92462155268123603     16.00802178307281309
-9.92462155268043311     10.81186936036643331
-3.92462155268358082     -3.04453710018391854
-12.74007259064249098      8.24068952292895140
17.74007259063883879     16.63156304656819984
-10.92462155268258250      9.07981855279879646
14.07537844745754718     14.27597097551325867
 5.07537844732783050     12.54392016793706865
 9.04663898011027889     -8.57852367140922212
16.03528164671411815     -4.64087565214159525
 6.07537844732985555      7.34776774523148024
10.07537844732935106      3.88366613009196904
-13.74007259064394759     -7.34776774522792309
-4.92462155268264379     -1.31248629261450045
-10.74007259067596465     -5.61571693764098434
12.44068315260920699     -10.69353155263600996
-6.74007259063934239     -16.00802178307418089
-14.74007259064270059      1.31248629265372951
-1.92462155267850554     -6.50863871536699090
 1.07537844731896737     -1.31248629261714567
-11.74007259064181952      3.04453710022234336
-9.92462155268088253     14.27597097550415484
 4.07537844732710575     14.27597097550573935
 9.07537844728296506     -4.77658790776932651
-16.74007259064315178      4.77658790779124587
 5.07537844733240995      9.07981855280183758
-5.92462155268202562      0.41956451495473363
-7.74007259064304698     -3.88366613005392125
 8.07537844732932264      3.88366613009284078
15.87781347617297456     11.67860344126398786
16.02356415283521685      3.43136926202227421
-12.74007259064366693     -9.07981855279738959
 8.18949959294198848     -6.57943679834308170
14.26687885336197148     -9.72307147923416082
 0.07537844732150104     -6.50863871536665695
 3.07537844732229537      5.61571693766665270
14.07537844739839272     10.81186936033328827
 0.07537844731984504      0.41956451495224362
 3.07537844732492571     -11.70479113807433080
10.07537844733134236      7.34776774522979803
12.10981451296929734      0.39922448299828434
-0.74007259063960174     -12.54392016793497788
13.07537844733784027      9.07981855279919436
 0.07537844732033265      7.34776774522948983
-5.74007259064280895     -3.88366613005544803
 1.07537844728296506     -4.77658790777550735
-15.74007259064268638      6.50863871535987837
 2.07537844732638277     14.27597097550581040
15.98556179590571347     -2.55512818711863909
-12.74007259064270059     -2.15161532248402487
 5.07537844732916366      5.61571693766270830
-17.74007259064377706     -0.41956451491480379
 2.07537844731985022      0.41956451495274116
-12.74007259064337028     -16.00802178307393575
12.07537844739736066     14.27597097547153204
 5.07537844732145960      2.15161532252841425
-3.74007259063926956     -14.27597097550478189
 5.07537844728296417     -4.77658790777523290
14.29764658028546442     -7.72330815649318314
-17.74007259064334008     -10.81186936036582580
 7.07537844732867072      2.15161532252427579
 0.07537844731971015     10.81186936037179436
-4.74007259063893649     -16.00802178307391088
 6.07537844732170917     -6.50863871536582561
-1.92462155267967305      7.34776774522889831
 7.89082948528947092     -14.27597097550382976
-4.92462155268048640     12.54392016793595310
15.98321073716303253     13.67582436479152364
-5.92462155268072177     14.27597097550473215
17.53878561692152260     -17.74007259064522302
 8.07537844733058030      7.34776774523086562
 3.07537844732308985     -8.24068952293618651
12.57245688133132866     -4.63866733699762790
 1.07537844731995436      9.07981855280305794
 6.07537844732892118      3.88366613009347761
17.74007259064315889     -3.59508033875677491
-8.74007259064142872      1.31248629265281869
-10.74007259064192077      1.31248629265336114
 2.07537844732628196     10.81186936036841040
 9.89082948529004824     -17.74007259064288888
 1.07537844732053878      2.15161532252202425
-10.92462155268116497     16.00802178307296586
-1.92462155267503610     17.74007259064408970
11.07537844733780119     12.54392016793693898
 9.07537844733428400      9.07981855280043249
15.37207451000149838      5.43303883041157309
 1.07537844732218435      5.61571693766140534
14.30450768889876301     -3.63866733699512812
17.74007259064269348      2.40491966124500278
-12.74007259064195452      4.77658790779114462
-13.74007259064313402     -14.27597097550483518
-16.74007259064370245     -9.07981855279656180
 5.07537844732534538     -11.70479113807343907
12.41002595080059301     -12.69349325313591237
17.74007259064226716      4.45781886280049555
-9.74007259064214814     -0.41956451491564750
-6.74007259064192610     -2.15161532248569065
-2.92462155267892321      5.61571693765958813
-2.74007259064073017     -9.07981855279783368
 1.07537844732308985     -8.24068952293676737
-14.74007259064300435     -2.15161532248376020
13.07537844732985199      2.15161532251996013
-13.92462155268329305     14.27597097550507144
15.89778317095473881     -14.80438714191467398
-5.74007259063935216     -14.27597097550526861
 7.07537844731998256     -1.31248629261019767
-10.74007259064191722      4.77658790779129827
