390    37.69658975549999980
 1.20828766189633607      4.85528318610486131
11.60387489531903782      4.86098684023548167
 6.40772247255154070     -2.13901315994834462
 6.40772247251217753      5.86098684005609272
 2.26331223800966130     -14.84829484257335430
 6.76031745730546696     12.60345260758890973
 5.72550606836511911     -8.84499473940320868
-9.18804083986446329     14.84829487774705470
-2.93284016447555906     -13.84829487759690103
-16.11624407015651528     -13.15170512227448718
-16.11624407015475668     -7.15170512227421096
15.06797651045872399      4.86098684023664696
-12.65214242653568810     16.84829492705295806
-5.72393918153488368     -1.15170504750754499
-9.18804083986560904      8.84829487774682200
-17.84829487772450207     13.84829487772551815
-7.45599007529529878     15.84829495222547280
-1.20078935690633215     -14.84829487759724209
-6.39694177961422383     -11.84829487759757782
 9.81217908332662780     14.37125802104850436
-9.18804083986692177      2.84829487774673495
 8.82759082680346552     16.11624407014954841
16.11641455086849817     -16.84799965456187820
10.92009164751054762     -5.84228504753074862
-14.38419326258519959     13.84829487772557144
-1.20078937712781730     -12.84829484257286758
-14.38419326258597941     -4.15170512227452626
 8.13977328017226576     -1.13901315978408135
-5.72393918157418913     -9.15170504750755676
16.11624407015431260      6.56425872789576825
13.85963197948777292     17.84829487771876089
-2.25653435442740147     -5.14596510468644031
10.92330944397027004     -17.84829487772566381
-2.93284018469703245     -11.84829484257345200
-10.92009164744340666     -8.15170512227452981
-14.38419326258569342     -6.15170512227452715
10.69553736574637348     12.14989593433831594
-9.18804083986423770     10.84829487774683265
10.92199943220111713     -15.84558522084459931
-12.65214245501551993     14.84829487772633350
17.84829487772349310      5.56425872789621501
-17.84829487772546130     -10.15170512227454047
17.84829487772280032      9.56425872789689713
 3.99345526079568547     -7.84499473940344583
17.84829487772260848      2.15771495257686885
14.84352538838873770     16.10704424672732671
-2.25653435444302186     -1.14596510467557677
-10.92009164744786176     -4.15170512227452448
-3.99161548793071397      9.84876775403908056
 2.94335096397654317      3.86051922527066971
14.38419326258460451      7.56425872789444220
-17.84829487772388390     11.84829487772550749
-5.72393918155308690     -5.15170504750755232
 3.99379622221996833     -11.84558518569162722
-5.72393918157205128      8.84829495249249476
-16.11624407015467497     -3.15170512227421096
-8.12899258711437334     -12.84829487771662038
 3.99362574151750760     -9.84528996256395672
14.38419328287782228     -9.84228508258392232
-0.51802914497474761     15.86760997364369530
12.65214245501687707     -0.84228504742490284
12.65214245501786827     -2.84228504742545018
17.84829487771767376     -15.84770443140106444
 9.18804086017538424     -6.84228508257664902
 7.45599003237146718     -3.84228504753094002
-17.84829487772456247      9.84829487772549328
-13.32514500981582728     -17.84829487772559631
-2.25653435444198269      0.85403489532582599
-6.39694177953972609     -15.84829487772436707
 8.13977327998814459      8.86098684021591687
 6.79342364707451996     16.13642506831698498
-9.86104339467760127     -17.84829487772559986
16.11624407015138161     12.56425872789836973
-10.92009164744582606     13.84829487772556078
-14.38419326258464714     11.84829487772550927
11.82759082680992258     17.84829487772257650
-5.72393918157446535      2.84829495249246545
-9.18804083986646525     -7.15170512225338406
 7.45772735665579578     -11.84528996256548083
 2.94335096401648233     -0.13948077472933029
 2.94335096397634821      5.86051922527066971
-12.65214245501698187      4.84829487772586365
 6.40772247251204252      3.86098684005554382
-9.86104339467813773     -13.84829487772550038
 4.76216802564566333     12.69074890984092541
10.92009164745317484     -3.84228504743270216
 9.19138704219632885     -16.84807250533353695
-3.99161548793188103      5.84876775403908145
 9.87182408773232289      5.86098684023303740
-3.99216147511684927     15.84876767953705112
 1.20828766194331982     -5.14471681391137814
14.00385915986185381     14.27019889713350587
16.11624407021404437     -8.84228504753976097
-7.45599003210833455      5.84829487800687708
 1.20756694967308231     12.85528341306309841
-14.38419326258761366     -12.15170512227452804
 2.26157493394828135     -8.84528996256455535
 9.18816926597096106     -8.84250745496912849
16.11624407014580740     14.56425872789889553
-7.45599003214826084      1.84829487800616787
10.92182897172657441     -13.84528996268206669
-16.11624407015496985      0.84829487772589218
-12.65214245501652890     -3.15170512227416122
-11.59309420224698428     -14.84829487772555545
-16.11624407015540683      4.84829487772609991
17.84829487772267598      7.56425872789670706
15.85963206878929554     17.84829469454864537
-2.24971942405478309     14.86698577977997182
-10.92009164742984240      7.84829487772547907
 1.20828766189679415      8.85528318610632148
 4.67567162237691214      6.86098676632894389
14.38576008591583921     -13.84499477455666572
-17.84829487772443457      7.84829487772547107
-5.70206010305786837     16.88619077652565181
 2.94335096397616525      7.86051922527066971
 1.20828766188516012     -3.14471681390995306
15.06797651045948605      2.86098684023664473
12.65392183397522352     -16.84580759323696597
-17.84829487772396917     17.84829487772559631
-16.11624407015655436     -15.15170512227451916
 3.99536304557412336     -15.84829484258100507
 6.40772247251205673      1.86098684005515502
-17.84829487772539736     -8.15170512227453870
-1.20235620048766689     -8.84558518569275520
17.84829487772032408     -17.84829487771757428
-16.11624407015541749      2.84829487772590406
 5.75925646733529728     17.84829487772167411
 9.29167584286415327     10.72540556070588735
 5.72567654908726364     -10.84528996256479871
 9.18960768350367374     -10.84499473940519465
-17.84829487772384482     -6.15170512227453870
-0.24074353266855558     17.84829487771424539
16.11624407015622040     -4.84228504742441324
-17.84829487772460510     15.84829487772551992
-6.39694177954517063     -13.84829487771610523
-14.38419326258512321     15.84829487772559276
-12.65214245501524282     10.84829487772632461
 0.53113302464673973     -11.84807247018185983
-16.78924662495359144     -17.84829487772562118
-1.20078935683855370     -16.84829487771614609
-16.11624407015468563     -1.15170512227412236
 2.94335087797671724      9.86051922527066793
-5.72393918155464121     -3.15170504750755232
 0.53126143044120755     -13.84829484257261711
 2.26140445322646988     -6.84499473940400893
-7.45599003214797129      3.84829487800625936
 5.29441185787782054     10.76287015248847467
 1.20828766193504400      0.85528318610271692
-9.18804083983978970      0.84829487774667689
-0.52412324331916982      1.85465921911345299
 2.94335096397512785      1.86051922527066971
-0.52412332935749584     11.85465921911651854
-2.93284016440234518     -17.84829487772503143
17.84829487772483247     -3.84228504742361210
-17.84829487772422141     -4.15170512227453870
-2.93284016440699924     -15.84829487771538936
14.38453422400536397     -17.84829487770169365
12.65214245508015445     -6.84228504753135880
-3.99161548793314225     -0.15123224596091717
-4.66489097197595282     -14.84829487771552081
 8.13977328017332979      4.86098684021591687
 4.67567162241720613     -1.13901323367107499
-3.99161548793292997     -8.15123224596091589
-17.84829487772459800      3.84829487772547019
11.60387489532220329      0.86098684023477845
-10.92009164742838223     -0.15170512227452129
-14.38419326258562236      7.84829487772548617
-7.45599003211078060     -0.15170512199418743
 5.72406765083264713     -6.84250745497009039
14.38419326257684716      9.56425872789472109
 7.45611845840187737     -7.84250745496948376
 8.13977328017351098      2.86098684021591732
-5.72393918153461723      4.84829495249248144
16.11624407015436944     10.56425872789791853
-14.38419326258533815     -8.15170512227452804
14.38419326258359732     11.56425872789488807
16.80002731802822424      3.86098684023689831
-9.18804083985090969     -3.15170512225334365
10.92009166774445816     -7.84228508257630885
-16.11624407015492366      6.84829487772615852
10.92022007353958912     -9.84250745496956547
-14.38419326258432918     17.84829487772564605
16.11624407015505867     -0.84228504742369037
-2.25653435442790240      6.85403489534607502
 9.18804083994068144     -4.84228504753036137
-5.72393918157470338      0.84829495249246278
 7.45789783735336709     -13.84558518570047880
-10.92009164744754912     -10.15170512227452981
 9.18994864485947183     -14.84558518580925224
17.84829487772205070     11.56425872790140552
-2.25653435442756045     10.85403489534733623
 4.67567162237480627     -3.13901323367107743
-7.45544417349378907     17.84829487772341849
10.92165849106825171     -11.84499473941275660
-12.65214245501550572     12.84829487772633350
14.38580216084213070     -15.84551237010941449
-10.92009164744986194     -12.15170512227453159
-17.84829487772547196     -16.15170512227459199
-0.52412324336229787     -0.14534078088790420
 7.45599005260614511     -5.84228508257727253
16.11768248769003264     -14.84521714694893646
13.33592570288754331      5.86098684023618954
-9.86104339467797253     -15.84829487772551992
10.82759082680361828     16.11624407015179372
-12.65214245501616830      8.84829487772623047
 9.87182408775202269      1.86098684023258643
-0.52412324336272686     -2.14534078088824964
17.84829483413786733     17.63564363844821159
-5.72393918157220494     10.84829495249258358
-10.92009164744808025      3.84829487772547907
 3.99536306573204225     -17.84829487771951051
 4.67567153637747701      8.86098676632894211
-14.38419326258614639      5.84829487772548084
 9.87182408756759244      7.86098684023303740
-9.18804083986667841      4.84829487774674561
-17.84829487772546130     -14.15170512227454580
 3.75925646733145769     17.84829487772156398
 7.79342364707249047     14.40437426074015370
-17.84829487772418233      1.84829487772546575
12.65227088110428610     -10.84250745497682189
-5.72393918157342796      6.84829495249248410
 9.82759082680893847     17.84829487772432799
-14.38419326258551578      9.84829487772548795
 9.87182408775225895     -0.13901315976741327
-3.94867603260350553     17.84829487772412193
-16.11624407015654725     -11.15170512227447652
-16.11624407015498051      8.84829487772629619
16.11637247595165334     -12.84250749012089265
-7.45599003214349576      9.84829487800986847
13.33592570289127011      1.86098684023546701
-5.72393926757206906     14.84829495249278253
 5.72741385307944473     -16.84829484269109301
14.38419326258716247     -3.84228504742472721
-16.11624407015480642     14.84829487772638323
17.83965790510443838     15.63566227662204966
-16.11624407015634830     -9.15170512227424027
 3.04907357359880704     13.90958851696527709
-12.65214245501629797      6.84829487772622070
 1.75925646733144725     17.84829487771431999
-12.65214245501856993     -11.15170512227423494
17.84829487772537604     -11.84228511772810499
-6.39694177953967813     -17.84829487772459444
12.65214247531309155     -8.84228508257673873
-12.65214245501691970     -5.15170512227421451
-13.32514500981586636     -15.84829487772555190
 8.13977328017375079      0.86098684021591798
17.84829487772431733     -1.84228504742357302
 2.75925646733353069     16.11624407014662452
12.65214245501050527      8.56425872788541120
 4.75925646733353513     16.11624407015380811
 2.94263004715609933     11.86051909537139615
-9.18804083986227482     -9.15170512225340183
 3.99201684326343553     -5.84250745497066593
14.38419326259152875     -5.84228504743166255
-8.12899258710876893     -16.84829487772495682
 0.52952412637906354     -7.84528996256511046
-9.18804083986445796     12.84829487774693746
-9.18804083986646347     -11.15170512225340183
-12.65214245500285983     -1.15170512227416100
-2.93296859049167846     -9.84807247018298781
 2.26318383221576491     -12.84807247018161469
 4.67567162237584100      0.86098676632893045
 5.72393924503693352     -4.84228508257784895
-3.99161548793290732      1.84876775403908233
-17.84829487772542933     -12.15170512227454580
-0.52412324336042626      3.85465921911362841
16.11624407015189675      8.56425872789754905
11.60387489529973593      6.86098684023561223
-16.11624407015416338     10.84829487772636014
17.84829487772511314     -7.84228504743903354
10.92009164744865402     -1.84228504742603505
 3.99523463978426197     -13.84807247018228260
-7.45599003214335809     13.84829487801070336
-9.18804083984717757     -1.15170512225333588
-7.45599003214524103      7.84829487800921122
 5.79342364707246826     14.40437426074923088
16.11624407016013549     -6.84228504743213062
-3.99161548793050747      7.84876775403908145
 7.29237328259509354     10.67259199709214101
-9.18804083983836506      6.84829487774682200
12.65214245497057099     10.56425872788546805
-3.99161557393067268     13.84876775403907878
-2.25653435442567529     -7.14596510468644119
 1.20828766188669579     -1.14471681390768842
-14.38419326258584086      1.84829487772547929
11.84361140314360661     14.39354206793134416
-17.84829487772394785     -2.15170512227453870
-16.11624407015504090     -5.15170512227421096
-9.18804083986676012     -5.15170512225335031
 9.87182408775183262      3.86098684023258620
-12.65214245501717194      2.84829487772584011
 0.53126145066258579     -15.84829487759881594
12.65214245500918722     12.56425872788546805
 6.40772241343984117      7.86098684024270700
 7.45946464042175084     -17.84829487772454115
-2.25653435439947492      2.85403489532610877
 8.75996175328942428     12.65343048973240769
-0.52412324330425863     -4.14534078088857072
-15.05719581738479285     -16.84829487772548262
12.65387975906802254     -14.84528999771722724
 4.67567162237709066      4.86098676632893589
-17.84829487772466550      5.84829487772547019
-14.38419326258763675     -14.15170512227457600
-17.84829487772411127     -0.15170512227453853
-5.72393918157234172     12.84829495249259246
-14.38419326258561348     -2.15170512227452049
-3.99161548789147158      3.84876775403908189
-0.52412324334072213     -6.14534078088858848
 0.52969460708155380     -9.84558518569220809
16.11624409038495642     -10.84228508269112012
-10.92009164744755090     -6.15170512227452537
12.65370929857437865     -12.84499473952154247
-12.65214245501660706     -7.15170512227421540
-1.20091778292247953     -10.84807247018245135
-5.72393918157450354     -7.15170504750755498
-4.66489097197082714     -16.84829487772433509
16.11624407015558802     -2.84228504742387322
 7.45933625485487450     -15.84807247029858956
-0.52412324335814908      7.85465921911547404
-0.52484416139531587     13.85465908929639411
-0.52412324335841487      5.85465921911466669
-9.18776786936526868     16.84876768312104289
-10.92009164744567329     11.84829487772552525
-10.92009164744682792      9.84829487772550038
-14.38419326258763498     -10.15170512227452804
17.84829487772483958     -5.84228504742486088
 1.20828757594559044     10.85528318619046928
 1.20828766189652059      6.85528318610552301
-11.59309420224671250     -16.84829487772579526
16.11624407015371574      1.15771495257668700
-7.45599003214884704     -8.15170512199575725
 2.26174541465082735     -10.84558518569173913
 7.45755687593493821     -9.84499473940413417
-4.66489099226622894     -10.84829484257398313
12.84361140314548955     16.12559287549926879
-14.38419326257338327     -0.15170512227452060
 2.94335096397409757     -2.13948077472933029
-2.25653444042723716     12.85403489534751031
-10.92009164744783867      5.84829487772547907
 2.94335096397386042     -4.13948077472933029
13.33592570289014212      3.86098684023610650
 6.40772247251015425     -0.13901315994556807
-3.99161548791136767     -6.15123224596091589
-10.92009164743014971      1.84829487772547885
-4.66489097204501224     -12.84829487759708044
-14.38419326258627784      3.84829487772548040
-2.25653435442781269      8.85403489534659904
14.38432168861114135     -11.84250745508428970
14.38419326264920883     -7.84228504753250366
-3.99161548793085696     11.84876775403908056
-10.92009164743206462     -2.15170512227452448
-7.45599003214345402     11.84829487801030901
10.92009164739764948      9.56425872780940800
 5.72584702978879179     -12.84558518569287244
-3.99161548791276655     -4.15123224596091678
-2.25653435440263683     -3.14596510468519863
17.84829487772222478     -9.84228504764519130
12.65214245502246904     -4.84228504743197874
 0.53126145072566899     -17.84829487772422851
17.84829487771798995     13.56425872790270937
-12.65214245501873869     -13.15170512227453159
 1.20828766189462944      2.85528318610435239
 9.18804083988396236     -2.84228504743328481
 8.13977328000311218      6.86098684021591687
 9.18977816422039417     -12.84528996257322575
 2.26331225822684079     -16.84829487760682198
 1.20684611768665717     14.85528328316341629
14.38419326258551045      0.15771495257551923
 4.67567162237730294      2.86098676632893278
 5.72728544734880973     -14.84807247018979304
17.84829487772559986     -13.84272986251310122
-2.09470978263781404     17.09808881003970882
-7.45599003212847222     -2.15170512199418873
-10.92009156523539737     17.84829487772564605
-7.45599003214866407     -6.15170512199489483
11.60387489532201322      2.86098684023480931
-7.45599003212730160     -4.15170512199458841
-12.65214245501626600     -9.15170512227421540
 7.82759082680882834     17.84829487772434575
17.84829487772382706      0.15771495257684079
-12.65214245500034274      0.84829487772583922
-0.52412324335806970      9.85465921911593057
-3.99161548789011400     -2.15123224596091678
-8.12899258710894301     -14.84829487772495149
-16.11624407015418470     16.84829487772657686
-10.92009164744584915     15.84829487772559808
-16.11624407015468208     12.84829487772636014
14.38419326258624409     -1.84228504742454002
-7.45599003214452605     -10.15170512199582298
-2.25653435443456507      4.85403489533697297
