391    37.76975304959999846
-8.88487652420361051     -16.15282571663802358
 0.19066412160281096     -14.46664295097494346
-5.88487652420136520     -10.95667329393053002
 0.19066412164293622     -4.07433810557556342
-14.88487652420639229     -16.15282571663897926
-7.19060080511742949     16.15282571663959033
11.88503580706719909     -13.24630177834143652
 0.19066412163724863     -11.00254133585620941
 5.80939919490043355     -2.89973316660921743
-4.80933587839530574     -5.80638891312947791
 7.80939919488442147     10.95667329393234724
10.80939919488471723     16.15282571664176459
 7.80939919489887124      7.49257167879990504
-4.80933587836609178      4.58591593226360672
15.88487654196808840      0.61019611559442588
-1.88487652420222340     -14.42077490906969572
 1.80939919488286427     10.95667329393205947
-7.19060080511727406     12.68872410150149044
15.88487652418303675     11.00250095074351897
-3.88487652420228802     -14.42077490906901005
10.80939919490148959      5.76052087123460232
-16.88910716669225209      4.63421966046820888
 3.80939919489550238      0.56436844852568924
12.88439909274884876     -4.58568043804159231
12.88503571529966685     -11.51406747557892629
 5.80939919489592782      4.02847006366347937
13.88487652424142027      0.61019610533167523
-5.80933587836591414      2.85386512469341413
-14.88487652426659658      1.16768249524001244
-10.19060080511744815     17.88487652421176577
-17.88487652420596064     -0.56436844617158799
-14.88487994836563999      4.63178613193152877
-6.88487652420146112     -9.22462248636168347
 2.19066412165051494     -7.53843972070894086
-14.88839848563955215      8.09790054296696660
-5.19060080511742683     16.15282571663938072
-1.80933587835888243     -4.07433810557834786
 4.26620476747552146     -17.88487652420976914
14.88487654199430921     -1.12185469198962440
-1.19060080511606481      2.29641925608717568
 3.26620476743298260     -16.15282571666469735
-10.88487652420537621     -5.76052087122606604
-0.80933587836023313     -2.34228729800851676
16.88487654021552586      5.80634851881565250
-17.88487652420723961     -10.95667329393215361
 5.26620476747562538     -16.15282571663989941
 5.80939919488399870     10.95667329393203815
13.50386657004701796     -14.42077484556172351
17.09101165549323298     -4.71985266187851327
-1.88487652420300433     -17.88487652420793950
-11.80933589317854526      6.31796673131754538
17.88487652421346752      4.07429769997623126
-12.88487652421767926      1.16768235905620288
 4.80939919488259005     16.15282571663950151
14.50386660523701998     -16.15282566457130642
 4.80939919489623513      2.29641925609429265
-8.80933587836595144     11.51411916253919365
14.80939919489764556     12.68872410151371533
-6.19060080511742594     14.42077490907049864
-1.80933587835561815     -7.53843972071432944
-17.88487652420713658     -17.88487652420768370
-2.19060080511645250      4.02847006365603910
 8.88487663980983200     -8.05005785877272118
 9.80939919489893875      7.49257167880207309
 5.26620476743055299     -12.68872410152554053
 6.80939919488316558     12.68872410150143182
15.88487652420684526      7.53839933559437458
-4.88487652419621732     -12.68872410149653973
-10.80933587836473464     14.97822077767775717
-12.88487652420638518     -12.68872410150095753
-16.98641360937102718      8.15855636510757698
 6.80939919506928515     -4.63178397408060771
 0.80939919488393564      2.29641925608673692
-13.89473940884800918     13.29742615914038595
-4.80933587836428700     -2.34228729801262947
-6.80933587839915067     -2.34228729799394664
-1.19060080511704180      9.22462248636288074
-12.88487652420570662     -9.22462248636367299
16.50386660523707505     -16.15282567344427633
13.88487652418643670      4.07429772046661043
-8.80933587836611309      4.58591593226210303
-9.88487652420493390     -10.95667329393218736
-3.80933587836095988     -4.07433810557959131
-5.80933587836552157     -0.61023649044439510
-0.80933587835565002     -5.80638891314537720
 4.80939919488391077      5.76052087122566725
-14.88487652420671203     -9.22462248636332127
13.88487652418201002      7.53839933560518372
11.80939919488285206     17.88487652421278895
 4.19066412163729929     -11.00254133585432470
-1.19060080511727184     12.68872410150071417
 7.26620476747565380     -16.15282571663921374
-0.19060080511742070     14.42077490906967974
-5.80933587839844634     -4.07433810556241571
11.88474465702181426     -6.31793071127906991
17.88487652420863583     -14.70617035730908562
12.88487663980982667     -8.05005756609384093
-6.88487652420258911     -12.68872410149999652
 7.80939919490074264      0.56436844852836476
 7.88503575673467605     -13.24630209982001894
13.88474461722153031     -6.31753171100599964
 9.80939919488267975     14.42077490907403359
 1.80939919488354772      4.02847006365654092
 1.19066412165095059     -5.80638891313981276
 4.26620476743246879     -14.42077490909552395
 2.26620476739815802     -17.88487652421347107
15.89818501133091111     -6.32520763725882684
-15.88487652420618979     -4.02847006365723015
-16.88487652472770861     -5.76052087092502241
13.80939919491136614     17.88487652420777962
 2.80939919488273215     12.68872410150136965
17.88487652420989349      0.60992959562644500
17.79436570545010099     -8.55349922394275630
-2.19060080511688104      7.49257167879389385
 6.80939921031780848     -8.09588559821301068
12.88487652419636298      2.34224691287461440
 0.80939919488334000      5.76052087122529866
 1.19066412163763435     -12.73459214342529933
-11.88487652420479890     -17.88487652420709040
 2.80939919488357059      5.76052087122540524
-11.88487652420576168     -14.42077490906963355
10.88503572376587414     -14.97835278010602167
-5.19060080511711242      9.22462248636267468
-2.80933587835887977     -5.80638891314729477
-10.88487652420511331     -12.68872410150109431
-8.80933587836644882      8.05001754739988584
-17.88487652420743856     -7.49257167879433705
-7.88487652420311402     -17.88487652420661433
-4.19060080511720745     10.95667329393164557
 8.88503572372160733     -11.51425116499381929
-14.88487652424045748     -2.29641925606852304
 3.80939919488332812      7.49257167879442232
-15.88487652420643848     -14.42077490906994797
11.88487676653653757     -9.78210844684492820
-13.88487652420580432     -7.49257167879485131
 9.88474465702178406     -6.31793085761009099
-0.19060080511645219      4.02847006365627713
-10.80933587838032217      8.05001754739168796
-3.80933587836591414      2.85386512469483256
-9.88487652420531049     -4.02847006365721505
12.88487654198961607     -1.12185471248412738
-10.80933587836595322     11.51411916253794843
 5.80939919489859768      0.56436844852620005
14.13055100293559185     -9.93105335073045126
-7.80933587836592835      2.85386512469323783
-7.88487652420510976     -4.02847006365718752
-17.88487652421302343     15.93774307505285392
-17.88487652420813134     -14.42077490906933335
16.88487652420496943     12.73455175829976582
-5.88487652420228891     -14.42077490906871340
-12.88487652420560359     -16.15282571663865596
-6.80933587836610421      4.58591593226229755
 2.80939919488393564      2.29641925608788799
-6.19060080511736288     17.88487652420844753
-13.88487652420575635     -0.56436844851955892
-4.19060080511735933     17.88487652420831964
-17.88487652420582563      2.89973316947926296
 8.80939919489672718      9.22462248637002880
-15.88487652420572971      2.89973334065569821
14.89805306470309176     -4.59323301580699273
-8.88487652420286267     -12.68872410149987218
 9.88487676653642389     -9.78210859317619175
-17.76128663548329101     11.94156509916649966
-4.88487652420263085     -16.15282571663783173
-2.80933587836563525      1.12181431712611723
-12.88487994836557426      4.63178614033229863
 8.80939918864524962     -4.63162361287614655
-7.88487652420456531     -7.49257167879457597
14.88487652418482377      5.80634852803791546
-3.88487652420306118     -17.88487652420721119
-9.80933587836630672      6.31796673983086965
14.88487656384519475     -8.04950633245491254
-5.80933587836624543      6.31796673983239465
16.91130592048172687     -1.13711370079271568
-7.80933587836671794      9.78206835496987459
 9.88487652418452889      0.61019610532722857
15.88487652421346752      4.07429772048556860
 6.26620476747554989     -17.88487652420888807
-8.19060080511741440     17.88487652421093799
-16.09434090610542256     13.04668628657838170
 3.19066412163770430     -12.73459214342523893
 1.19066412165189695     -9.27049052827881503
 1.80939919488257939     14.42077490907028547
 1.80939919490039003     -2.89973316662533387
-4.19060080511742061     14.42077490906947013
-4.80933587836565124      1.12181431712463486
 3.80939919490042733     -2.89973316661978275
15.80939919491377132     17.88487652420846530
-12.80933587851098743      8.05001754735473973
-1.80933587836237209     -0.61023649044087513
 6.88503572372161177     -11.51425131131123436
12.88487652418431217      5.80634852803427215
 5.80939919488339207      7.49257167879497565
-0.19060080511734076     17.88487652420877438
 1.80939919488318623      7.49257167879427044
14.50377266668613352     -12.68866982625603335
 9.82383174825287853     -2.89004002464382070
-2.80933587838995980     -9.27049052826414233
-11.80933587836450549     16.71027158524677247
 6.80939919489531587      5.76052087123297696
10.88487663980982667     -8.05005771244167789
-12.88487652420578122     -2.29641925608845421
 3.80939919488270062     17.88487652420846885
-0.19060080511686273      7.49257167879405994
 8.80939919488264422     16.15282571664308975
-12.88487652420577589     -5.76052087122598167
-13.88487652420628748     -14.42077490906993731
15.80939919499504853     14.42077490911817961
 8.80939919489979495      2.29641925609779474
10.88439909274674022     -4.58568058437142501
-16.88487652428210595      1.16768236174403173
-2.19060080511717326     10.95667329393175038
16.88487652418599083      9.27045014317633509
-10.88487652420458396     -16.15282571663805911
 4.80939919488302969     12.68872410150132879
 1.80939919489259737      0.56436844851355794
14.88487652418571194      9.27045014317208071
16.88510733878473502      2.34211365205498812
 7.82383215765487883     -2.89131972348644473
-6.80933587836574628      1.12181431712441748
-6.88487652420446850     -5.76052087122575074
15.88510734614612829     -2.85377222421521370
-3.19060080511727229     12.68872410150059515
-7.88487652420155616     -10.95667329393050871
-5.88487652420306873     -17.88487652420666052
 0.19066412164999724     -7.53843972071102719
 7.80939919488257939     14.42077490907071002
-11.88487652420569596      2.89973316661816360
 3.19066412616595896     -9.27049052567082477
 5.80949789496071656     -9.82800834801079226
-11.88487652420560359     -10.95667329393250000
 9.88503572376471951     -16.71040373399303292
17.88487652421346752      7.53839933562332210
 0.80939919488300338      9.22462248636306192
-14.80933587836595322     11.51411913350342431
-8.88487652420518437     -5.76052087122603584
-6.88487652420268592     -16.15282571663753686
 8.80939919488332812     12.68872410150225782
17.87911297053829429     -17.84310022272090990
16.19985570028509869     -11.62881023973591965
-14.88487652420605478     -5.76052087122609713
-1.19060080511666033      5.76052087122504464
-9.80933587839953702      2.85386512471245846
-6.80933587836642040      8.05001754740117015
16.80939919501804169     16.15282571669825273
-17.42807095161028030     17.88487652421320462
-13.88488940668027283      6.36384289161642158
-16.88487652420660368     -16.15282571663905031
-3.80933587836429943     -0.61023649044371264
 6.80939919489792445      2.29641925609561515
-1.19060080511741573     16.15282571663859201
10.80939919489268064     12.68872410151089269
-15.88820415072193803      9.83006353732112714
-2.19060080511742061     14.42077490906957671
13.88510736389355316     -2.85403874413878045
-17.88487652421346752     13.93774307505285392
10.85787113642624924     -1.13716804806170146
 3.80939919488257939     14.42077490907033521
-13.42807095161021458     17.88487652421327212
12.80939919489280499     16.15282571664944911
12.80939919489757095     12.68872410151078434
14.80939919491313361     16.15282571663990652
 0.80939919488258572     16.15282571663930966
17.87668483316552326     17.87946124769698386
-0.19060080511717337     10.95667329393183742
 0.11512347579704506     -17.88487652421205354
 4.80939921031739193     -8.09588560172847238
 8.80939919490110235      5.76052087123189427
-16.88487652420717566     -9.22462248636329285
 2.80939919488258960     16.15282571663927058
 3.80939919488413148      4.02847006365665283
11.88439896602243628     -2.85362970363824253
-17.88487652420621998     -4.02847006205029246
-0.88487652420245555     -16.15282571663907518
-2.88487652419046903     -12.68872410149366381
15.91938226126151079     -14.21216153959307960
17.88487652420805674     11.00250095073258372
-16.88487652426189811     -2.29641925409959313
 6.80939919488262024     16.15282571663979283
-3.88487652419600371     -10.95667329392771272
 3.80939919488289824     10.95667329393252665
-10.88487652420550234     -9.22462248636363391
-14.42807095160960706     16.15282571664404543
17.88487652421091667     -12.70617035730890265
-8.88487652420533358     -2.29641925608830633
17.88487652420780449     14.46660256586701720
-13.80953021494988242      9.78195614019097448
-7.88487652420336893     -14.42077490906904735
-10.80933587839968268      4.58591593228125038
-11.88487652420570306     -0.56436844851950219
10.88503572372162687     -11.51425101888680125
 2.80939919488300349      9.22462248636326088
13.80939919490083234     10.95667329394277623
-15.88487652420575991     -0.56436844594875213
 2.80939919489738488     -1.16768235905263684
 7.80939919491533452     -6.36383478173836803
-9.80933587836600118     13.24616997010814679
 5.80939919491530610     -6.36383478512853351
 9.80939919490682399      4.02847006366261517
-2.88487652420248741     -16.15282571663865951
-11.88487652420567287     -7.49257167879481489
17.88487652418355012     -6.55554832572411428
-13.88487652420648999     -10.95667329393211453
-1.80933587838470333     -11.00254133582998328
10.88487652419339646      2.34224691289121356
 7.80939919489707002      4.02847006366510296
 2.80939919491732226     -4.63178397419854271
-7.80933587839929988     -0.61023649042515671
-15.88487652420720764     -7.49257167879431840
-17.88487640643752385      6.37172539663603121
11.80939919489493839     10.95667329394328426
-15.42807095161026965     17.88487652421256158
 4.80939919488303325      9.22462248636369075
-9.88487652420547036     -0.56436844851949564
-8.80933587839943222      1.12181431714364299
 0.80939919489726497     -1.16768235905813200
11.88487652419990859      0.61019608481809351
 7.80939919488274015     17.88487652421205709
 8.88503572376575512     -14.97835292642355043
-10.88487652420545615     -2.29641925608839426
 1.80939919488268863     17.88487652420823082
-16.88487652420695895     -12.68872410150103391
-4.88487652419976470     -9.22462248636090010
 4.80939919489740131     -1.16768235904209128
 0.80939919488273226     12.68872410150087227
-13.88487652420614005     -4.02847006365712801
 2.19066412163727575     -11.00254133585614191
-0.80933587839673826     -12.73459214340580736
11.80939919489936685      7.49257167880471187
 7.88487665522340908     -9.78210867524063055
-9.88487652420526253     -7.49257167879488151
11.50386668005243962     -17.88487652421204288
 8.85787178379922580     -1.13877723823147847
17.88487652420633012     -2.88415699804325332
 2.19066412163760438     -14.46664295099454201
15.50386668005253910     -17.88487652420810292
-16.09434090610497847     15.04668628657838170
-8.88487652420464791     -9.22462248636341364
-11.80933587836602605     13.24616997010685360
11.80939919489495082     14.42077490907848336
 5.80939919488257939     14.42077490907052528
-9.88487652420384677     -14.42077490906926229
-13.88487652420572260      2.89973330788910300
-9.19060080511745525     16.15282571664207723
-6.19060080511756183     10.95667329393151235
-11.88487652420551477     -4.02847006365725413
-12.80933587836595322     11.51411916253786494
-3.19060080511707955      9.22462248636278836
-3.80933587839315146     -7.53843972069710944
-11.80933587836680942      9.78206835496839666
 1.19066412159899215     -16.19869375854602467
14.88487652421640561      2.34224691291499498
17.88487652421088114     -10.55145012216236999
16.10934488140541987     -9.63085934152385548
-15.88489199085997150      6.36382998671451272
12.80939919489683021      9.22462248637545379
 6.26620480033332505     -14.42077489009844626
 6.80939919488626444      9.22462248636226612
 9.80939919488282364     17.88487652421209262
 8.26620476747557298     -17.88487652421002494
13.80939919489510892     14.42077490908142323
-3.19060080511742505     16.15282571663847833
 9.80939919489490997     10.95667329394006373
 5.80939919488272150     17.88487652420880636
-8.19060080511746236     14.42077490907069581
10.80939919489672718      9.22462248637223148
-17.88487648717245904      9.94538734966171134
-9.88487652420424467     -17.88487652420677065
13.50386668005253732     -17.88487651587228910
-12.80933587836473464     14.97822077767650839
 9.88503575765025921     -13.24630195297398139
 3.80939919491524215     -6.36383478176863271
-5.88487652420125684     -7.49257167879287422
-15.88487652420604768     -17.88487652420820595
-7.80933587836626497      6.31796673983108459
-14.88487652420643848     -12.68872410150102326
-0.19060080510745955      0.56436844851284940
-15.88487652420671203     -10.95667329393222467
-5.19060080511727406     12.68872410150050811
-10.88487652420559293      1.16768235904932771
12.50386660523701998     -16.15282567344812037
-9.80933587836674725      9.78206835496859561
 6.80939919490975409     -1.16768235904571527
11.88487652418640117      4.07429772046413330
-2.19060080511734068     17.88487652420755580
-0.80933587834997889     -9.27049052827995368
-13.88487652420556806     -17.88487652420829477
 4.80939919504960844     -4.63178397427006061
-3.19060080511667721      5.76052087122487855
-4.19060080511688238      7.49257167879377395
-2.80933587836095500     -2.34228729801066704
