395    37.96026310070918441
-5.85577589737244075     -9.61255193654198692
-16.24808074278535130     -5.61255193654241591
-16.24808074278507775     -15.61255193654309359
-4.26383621848391225      9.61255193656876372
-11.05192832007799808     11.83765580964453967
17.98013155035352284      0.24497232273572322
16.52077347232976123      3.61255193654482643
-4.26383621848785666      5.61255193656814289
16.24808074278448444     -2.75502767726425546
-2.53178541093011766      2.61255193654891071
-2.53178541091627363      8.61255193656661966
-14.51602993521579776      9.83765580964458586
17.98013155035316402     -9.75502767726428921
-4.21420677549561340     17.98013155035269151
11.32462104962295690      2.61255193654513462
12.92409025633956077     -16.98013155035247479
 7.58782670494103240     12.98013155035376798
-7.72793783362405673      7.61255193657083407
16.24808074278529091      9.98013155035368449
 0.79973460335784863     -11.98013155035166832
 0.93231620420925165     -1.38744806345415483
 9.31987751250888685     -2.75502767726407161
17.98013155035319954     -13.75502767726428921
-14.51602993521430562     13.83765580964706743
-0.79973460335986568     -0.38744806345363142
-0.93231620421063810     -16.98013155035312494
-4.26383621849771099      1.61255193654667495
16.24808074278425707     -8.75502767726425724
14.51602993521544072     -5.75502767726421993
-11.19203944876129952      5.61255193656744478
14.58608549956384692     -15.86757961381066906
 7.86051943448518387      2.61255193654522611
16.24808074278420733     -12.75502767726427855
-11.05192832007845283     13.83765580964570496
14.51602993521641238     10.98013155035381594
-16.24808074278881875     -3.61255193653626616
-11.12198388443044550      7.72510387309151891
12.78397912764638988     -12.75502767726421993
17.98013155035423694     14.98013155035378041
-16.24808074277823522     -1.61255193651828277
-4.26383621849895889      3.61255193654897511
-2.53178541091809972      6.61255193656661966
-9.31987751251024399     -3.61255193654180440
-17.98013155035414812     -12.61255193654283424
11.05192832007748294     -9.75502767726412046
13.05667185719192247      5.61255193654505469
-5.99588702606614454     -1.38744806345418814
-12.78397912764763689     -7.61255193654253848
 2.66436701177819169     -4.38744806345424720
-12.78397912764805611     -3.61255193654160056
-12.78397912764754807     -9.61255193654270634
12.78397912764664923     -2.75502767726415065
17.98013155035421562      6.98013155035349797
-2.56862868227085883     10.67698188308920315
 2.66436701177833246      5.61255193654579188
-6.12846862691688710     -17.98013155035340560
-9.31987751250740004     12.83765580964155895
 9.59257024205408548      3.61255193654518436
-9.38993307686156520      8.72510387309150381
 7.72793783363305664     -15.98013155035221899
-17.98013155035361166      1.38744806347286453
 7.58782670493973654     -5.75502767726404496
-17.98013155035228294      9.83765580964246134
 0.93231620420934802      2.61255193654585804
-12.92409025633017983      4.61255193656731066
-14.51602993521990648     -4.61255193653645357
11.05151114984957239     16.98085406602819347
12.78397912764754629     11.98013155035385147
 4.19378065415062817     -9.86757961381064774
 5.99588702606435309     -12.98013155035166832
17.98013155035459576     -17.98013155035459576
-9.31987751251024044     -7.61255193654190432
14.51602992069030407     16.98013157551394059
11.05192832007746340     -11.75502767726412046
 9.59257024205404285      1.61255193654518458
-14.51602993521732010      7.83765580963759056
16.24808074278528736     15.98013155035401844
-16.24808074278310954     14.83765580964721131
 6.12846862691629468      3.61255193654527629
 2.66436701179114888      9.61255193656748474
-11.19203944876145762      3.61255193656704199
-11.05192832007853276     -12.61255193654292484
 2.04491726986822009     17.98013155035459576
17.98013155035312138     -11.75502767726428921
-11.19203944876205092      1.61255193656468898
-2.39167428223470679     -7.61255193654189455
 0.93231620420940231      4.61255193654587359
-0.79973460335970048     -2.38744806345402516
 4.12372508980170061     -5.75502767726382558
 5.85577589737073723     -8.75502767726390552
12.78397912764753386     13.98013155035399535
-17.98013155035233979      7.83765580964235564
 5.99588702606424828     -14.98013155035208754
 7.58782670493969835     -7.75502767726404496
11.05192832007753267     -7.75502767726411779
-14.51602993521613705     -14.61255193654318774
16.24808074278429970     -6.75502767726425546
-12.85403469198183934      0.50000000001753830
-9.59257024205533781     -13.98013155035285848
13.05667185719189050      3.61255193654505247
 7.58782670493970990     -9.75502767726404763
11.05192832007768011     -5.75502767726410891
14.51602993521539631     -7.75502767726421993
11.32462104962293203      0.61255193654513351
 6.12846862691621830     -2.38744806345472238
13.05667185719185674      1.61255193654505202
-11.14241000576827645     15.98013155035241795
-12.78397912764640765     14.83765580964877095
-17.98013155035213373     13.83765580964717046
-11.05192832008081005      9.83765580963980568
-9.31987751251027419     -5.61255193654183859
14.51602993521531815     -13.75502767726426434
 4.26383621849554029     -17.98013155035320665
 9.31987759002708138     15.98013170873863231
-12.78397912764794953     -1.61255193654159878
-0.79973460334750313      9.61255193656680440
 9.31987751250859020     -10.75502767726409381
-12.92409025633052444      2.61255193656538864
 0.04491726986822044     17.98013155035392074
-14.51602993521643015     -8.61255193654269036
-5.94625758306281860     14.98013155034881727
 6.12846862691634087      5.61255193654527584
14.51602993521646923     14.98013155035389765
 2.37176775994158096     14.01142633990941988
14.51602993521643548     12.98013155035383903
 7.72793783363284437     -17.98013155035271637
-11.12198388442372199     -0.50000000000108813
-14.51602993521577467     11.83765580964468001
 0.57735049040521813     15.21709797594511926
 9.59257024205418674      7.61255193654518436
-4.39641781934856279     -12.98013155035242150
 0.79973460335783508     -13.98013155035184951
-5.99588702605447832      8.61255193657119200
 9.31903811048018760     17.98013153288906096
 7.56823306643698324     17.01334212516488265
-12.78397912764735089     -13.61255193654302964
16.24808074278536552     13.98013155035376087
12.78397912764761202      9.98013155035368271
11.05192832007774228     -3.75502767726410891
 2.66436701177826007      1.61255193654575857
-11.05192832007919179     -6.61255193654178264
 5.85577589737073634     -4.75502767726386022
11.05192831673335263     12.98013155614821024
-12.78397912764812361     -5.61255193654160056
 7.58761713917192981     14.98049490880842427
-16.24808074278530157     -9.61255193654271167
-17.98013155035420496      5.83765580963603625
-4.19378065414834023     -4.50000000000126921
-7.58782670494096134     -10.61255193654260509
-9.59257024205455444     -17.98013155035337718
-17.98013155035224031     -0.61255193652714357
-14.51602993521530394     15.83765580964917774
-9.41035919820079592     14.98013155034999677
 7.72793783363317122     -13.98013155035183352
-11.05192832007874237     -8.61255193654256956
 4.39641781934714615     -1.38744806345437821
 2.46172984658177718     -8.86757961381061044
12.78397912764653022     -6.75502767726416664
-16.24808074278423220     16.83765580964909248
 9.31987749118019337     13.98013158729791705
12.78397912764756228      7.98013155035364008
-16.24808074278331915     12.83765580964702657
-7.58782670494137523     -4.61255193654187501
-5.99588702606658330      0.61255193654666107
-0.79973460336037117      3.61255193654742390
 4.39641781934721454      2.61255193654562534
-16.24808074278343994      8.83765580964237252
 0.93231620420932726     -5.38744806345426763
 4.26383621849550121     -13.98013155035186195
-2.40086308711578544     14.82380486852404644
-2.66436701177939650     -17.98013155035340205
-7.67830839062934700     17.98013155035191701
-4.12372508980358887     -8.61255193654194251
-4.26383621849729444     -2.38744806345423521
-11.32462104962353777     -16.98013155035338428
-4.39641781934814180     -16.98013155035314625
 7.58782670493995770     -3.75502767726404496
16.31813630713307006     -16.86757961381005799
12.78397912764638633     -10.75502767726417908
 2.53178541092664933     -10.98013155035153332
14.51602993521528973     -9.75502767726421993
12.78397912764751609     15.98013155035401667
16.24808074278453773     -0.75502767726425535
-7.72793783363543252      1.61255193654671958
 4.39641781934730602      6.61255193654562579
 4.26383621849532624     -15.98013155035230604
12.78397891425886002     17.98013155035400601
-16.24808074278537262     -7.61255193654259799
-11.05192832007914738     -4.61255193654176132
11.05192832007780268     -1.75502767726409781
-6.12846862691736671     -13.98013155035254940
-0.93231620421072403     -14.98013155035254584
-0.79973460335956859     -4.38744806345429428
-14.51602993521650653     -6.61255193654247364
 4.39641781934740550      8.61255193654562667
 0.93231620420926531     -3.38744806345416860
17.98013155035334876     -3.75502767726428299
-7.67830839063149106     15.98013155034944432
14.51602993521645324      8.98013155035361699
 2.66436701177817925     -0.38744806345424143
-2.66436701177962076     -13.98013155035237709
 4.12372508980183028     -7.75502767726386022
-16.24808074278617909      6.83765580963753283
 0.72967903901257891     -7.86757961381117532
-17.98013155035422272     -6.61255193654254203
 9.59257024205402509     -0.38744806345481519
-2.66436701177996760     -11.98013155035193300
 2.41170676266496287     16.01405284695183084
 0.93231620420950501      6.61255193654587803
-11.05192832007866599     -10.61255193654274542
-0.79973460334785318      7.61255193656582918
 6.12846862691621297      1.61255193654527673
-11.32462104962413640     -14.98013155035299349
 2.53178541092656673     -14.98013155035210175
 9.45998864120172733     -16.98013155035258848
 2.53178541092668707     -12.98013155035175004
-12.78397912764747879     -11.61255193654286977
-0.93231620421153694     -8.98013155035185129
11.19203944877076218     -15.98013155035214972
 2.66436701179184432     11.61255193656798390
-5.85577589737247717     -5.61255193654191853
-7.65788226929256854      9.72510387309128710
-1.08464475281377060     16.32964991249345488
 9.38993307685718115     -12.86757961381075610
 9.31987751250990293     11.98013155035375910
-4.39641781934925291     -10.98013155035191524
 2.53178541092678389     -16.98013155035299349
11.05192832007875126     10.98013155035370936
-17.98013155035422983     -8.61255193654266904
16.24808074278538328     11.98013155035368982
-7.72793783363503195     -0.38744806345409133
16.24808074278464431      1.24497232273577629
 7.86051943448512436     -1.38744806345477345
11.32462104962299243      4.61255193654513462
-0.72967903901057674     -6.50000000000123546
-4.28426233984701987     11.86757961379649906
 9.31987751250984786      9.98013155035372357
 4.26383621849549677     -11.98013155035159549
 5.92583146171946851     -10.86757961381070281
-4.12372508980361374     -6.61255193654194251
-14.58608549956686140      5.72510387308922297
 0.93231620422093064      8.61255193656599083
 9.31987751250860263     -6.75502767726407249
 2.66436701177836799      7.61255193654590290
 0.93231620420933248      0.61255193654584505
-0.79973460334698920     11.61255193656681861
-16.24808074277780534      0.38744806348226601
-9.31987751251186580     10.83765580963976660
17.98013155035379995     -15.75502767726428921
-5.92583146171719921     -3.50000000000124700
-4.26383621848644800      7.61255193656874862
-7.86051943448611645     -14.98013155035278210
-5.94625758306610308     12.98013155034469435
-7.86051943448573898     -16.98013155035327060
-12.85403469199805571      6.72510387308933488
-2.53178541092843679     -3.38744806345426941
-4.21420677549672007     13.98013155034392518
-16.24808074278525538     -11.61255193654281825
-9.45998864119331984      6.61255193657024876
17.98013155035426891     10.98013155035364719
-7.65788226928605553     -2.50000000000122080
 5.85577589737071413     -6.75502767726386111
-17.98013155035233623     15.83765580964721664
-14.60651162090583988     17.98013155035282651
17.98013155035344823     -1.75502767726427811
-2.53178541092878850     -1.38744806345356775
-12.78397912764692634     10.83765580964460540
-0.79973460336042168      1.61255193654739903
 5.85556638707917543     15.98049510054251243
 5.85577589724977443     11.98013155056230161
 3.93162104684197633     17.31399931535714742
-9.59257024205482445     -15.98013155035308941
16.24808074278434233     -4.75502767726425546
-9.31987751250974839     -11.61255193654276319
-16.24808074278521630     -13.61255193654293905
17.98013155035322086     -5.75502767726428655
 7.86051943448521051      4.61255193654522611
 7.86051943448525670      6.61255193654522611
 0.93231620422166295     10.61255193656642959
 7.86051943448513413      0.61255193654522633
-7.86051943448652857     -12.98013155035274124
14.51602993521568585      0.24497232273580571
14.51602993521559704     -1.75502767726419440
-17.98013155035459931      3.61255193654054629
-9.45998864119332517      2.61255193656574702
-4.13536583984873474     15.97861473885585859
 4.39641781934724474      4.61255193654562579
17.98013155035382482      2.24497232273573299
-17.98013155035414812     -10.61255193654278983
11.12198388442604013     -13.86757961381077919
-7.72793783362443953      3.61255193656584606
-5.94625758306225372     16.98013155034881905
-6.12846862691777616     -11.98013155035252630
 6.12846862691648475      9.61255193654527496
17.98013155035315691     -7.75502767726428921
-7.58782670494136369     -8.61255193654195494
-2.66436701178037838     -9.98013155035191168
 9.31987751250881935     -4.75502767726407161
11.05192832007870152      8.98013155035368449
16.24808074278423931     -14.75502767726430875
-2.46172984657947991     -5.50000000000128964
-17.98013155035408062     -14.61255193654298523
-17.98013155035383193     -16.61255193654332274
11.19203944877052592     -17.98013155035275901
-9.38993307685489320     -1.50000000000116196
-14.51602993520920570     -0.61255193651841433
-9.45998864120392291      0.61255193654604889
-2.53178541092880094      0.61255193654652695
 7.65788226928837812     -11.86757961381063708
-5.99588702605681245      4.61255193656807894
-2.53178541093004306      4.61255193654897244
16.24808074278523407     17.98013155035413391
16.24808074278531222      7.98013155035357258
-5.99588702606656643      2.61255193654677464
 0.79973460335769686     -9.98013155035157418
 5.81742801977027923     17.98013150256976900
 2.66436701177828894      3.61255193654576168
-16.31813630713502050      4.72510387308799107
 6.12846862691638972      7.61255193654527584
 4.39641781937409881     10.61255193659115648
-7.72793783362484366      5.61255193656955331
-4.26383621849771366     -0.38744806345341487
-7.67830839063223802     13.98013155034944432
-14.78872266476165009     -16.98013155035341271
-17.98013155035250676     -2.61255193652714768
 9.59257024205412634      5.61255193654518436
-14.65614106390518678      3.61255193655540818
 0.79973460335810620     -17.98013155035337363
-7.58782670494122247     11.83765580963670772
 7.86051943448533397      8.61255193654522699
-17.98013155035424404     -4.61255193654229334
11.32462104962304927      6.61255193654513729
-17.98013155035225452     11.83765580964697861
-9.45998864119248317      4.61255193656729112
 4.12372508990901743     14.98013155053683931
-0.73886784389673810     13.71125293197566286
 5.85577602274423548     13.98013176750454356
-2.47091865146581702     12.71125293197601813
14.78872266476078323      2.61255193654498807
17.98013155035425115     12.98013155035375732
16.24808074278530512      5.98013155035354327
-6.12846862691699723     -15.98013155035303434
-12.78397912764682687     12.83765580964462849
-16.31813630712535002      2.50000000000754730
 7.58782670494099865     10.98013155035376975
-5.92583146172206821     10.72510387308846624
-14.51602993521635909     -10.61255193654282003
-0.93231620421104322     -12.98013155035185129
17.98013155035424049      8.98013155035361521
14.78872266476081343      4.61255193654502182
 2.39167428223284917     -6.75502767726398456
-0.93231620421113481     -10.98013155035185129
-12.87446081333700398     16.98013155035267729
-13.05667185719292434     -15.98013155035314981
-4.39641781934832920     -14.98013155035267019
14.51602993521549578     -3.75502767726420306
 9.31987751250860796     -8.75502767726407249
-2.21420677549561429     17.98013155035402022
-14.58608549955040168      1.50000000001807354
 0.93231620422210704     12.61255193656649176
-9.41035919819875311     16.98013155035224031
 6.12846862691622363     -0.38744806345472288
-14.51602993521625962     -12.61255193654303675
 5.99588702606405555     -16.98013155035256361
12.78397912764672384     -0.75502767726413911
 4.39641781934714437     -3.38744806345437954
12.85403469199494708     -14.86757961381071702
 0.79973460335803059     -15.98013155035275901
-16.24808074278466918     10.83765580964469244
-14.51602993521983720     -2.61255193653644691
14.65614106390831672     -17.98013155035278388
14.51602993521641238      6.98013155035357880
-7.58782670494137612     -6.61255193654188123
 2.66436701177818458     -2.38744806345424143
16.24808074278423575     -10.75502767726427855
-5.85577589737249404     -7.61255193654194073
-13.05667185719249979     -17.98013155035323862
12.78397912764640765     -8.75502767726416664
-11.05192832007908876     -2.61255193654173112
-11.14241000576754459     17.98013155035243216
17.98013155035412680     16.98013155035415167
-5.99588702605588963      6.61255193656960483
-16.52077347233053928     -17.98013155035339850
 9.45998864120195471     -14.98013155035202537
11.05192831564494682     14.98013155803339735
-0.79973460336027868      5.61255193654743589
12.78397912764659416     -4.75502767726416664
-9.31987751250986385     -9.61255193654260864
 4.12372508966613349     12.98013155053683754
 4.39641781934713549      0.61255193654562168
-17.96755034671246065     17.97677382727101048
14.51602993521528262     -11.75502767726424302
17.98013155035415522      4.98013155035345445
-2.66436701177939650     -15.98013155035290822
-12.78397912764967437      8.83765580963977548
