399    38.12842345511599262
-0.74370365193858090     -17.06421172755540994
-7.90763203650795710     16.30233360425666334
-14.95929446280640462     18.06421172755457505
-9.64860119347365064      2.27280716270795624
-12.86805930484910476     -8.06421172742953907
-18.06421172755442228     15.60982605286107194
-14.60011011241806500     -3.06421172742950798
-4.45244877076703549     -2.72719283729196116
-14.60011011241824086     -13.06421172742982506
-16.33216091998922792     -18.06421172755769788
 4.20780526707839098      2.27280716271035210
15.17490318400593807     18.06421172755442583
-18.06421172755461058     13.60982605286078062
-3.88421452697466441     16.31615793599208430
 7.91655038590641169     -14.06421172755529270
 0.98834715563266962     -10.06421172755192650
-12.86805930485022742      8.60982605284390523
-9.40395768974938484     -14.06421172749552717
 9.40395768974583746     -2.72719283735801143
11.18251306424227209     14.39657210183435332
11.21379132096662090     12.39681669912717865
 8.19270226780157884     16.33024879218283942
-7.67190688218051076     -13.06421172749552007
-2.72039796319843452     -5.72719283729177420
-7.91655038590483606     -0.72719283729202366
-2.94272063471704648     14.55162138186757304
-14.60011011241809697     -11.06421172742961012
16.33216091998759367     -10.72719283741719032
-14.60011011241803836     -9.06421172742956038
-16.33216091999191022     12.60982605284991642
-7.91655038590479787      3.27280716270799887
-14.60011011241818757     -1.06421172742950487
-0.98834715562915854     -4.72719283729175377
 4.45244877076894241     -12.06421172755463544
12.86805930485151173     -2.72719283741338225
-18.06421172755748472      3.60982605284361524
-7.91655038590483517      5.27280716270805527
-0.98834715562897113     -0.72719283729157269
17.17490318400614768     18.06421172755239724
12.86805930484980109     -10.72719283741710683
-2.47575445947356254     -10.06421172749597481
-12.86805930484910299     -4.06421172742951420
-4.20780526707588987     -17.06421172755510796
 4.20780526707868763     -1.72719283728972139
-9.40395768971269774      8.60982605284365476
-2.72039796319803528      2.27280716270826044
-4.45244877076695733     -0.72719283729196049
-14.60011011241915391      9.60982605284392655
12.86805930463416203      9.27280716322302467
16.33216092003132403      5.27280716277093831
-10.85409148024854531     18.06421172755799631
-6.18449957833584918      0.27280716270803690
 5.95257281186040821     13.39281254849340286
-18.06421172755632298      0.93578827257039177
11.18546234484860591     17.85896759707071979
11.13600849728083730     -11.72719283741720453
-14.60011011242272083     13.60982605284980096
 5.93985607464686627      3.27280716271116745
14.60011011241880929     -7.72719283741685548
-7.67190688218027095     -11.06421172749508841
-16.33216091998814079      4.60982605284353220
12.86805930485088290     -4.72719283741501606
-11.90669297152587092     16.36361474397817872
-7.67190688221267258     -17.06421172755383253
 5.93985607457430653     -10.72719283741639629
 7.19602150709966892     18.06421172755564442
-12.86805930488675642     -16.06421172749628923
-0.98834715563168429      9.27280716271265426
14.60011011241999945     -1.72719283741262597
-6.18449957833594421      4.27280716270805616
-2.47575445950575412     -12.06421172755117688
12.86805930488131722      1.27280716264586058
-16.33216091998705366     -2.06421172742953996
-8.85409148024851156     18.06421172755556626
11.13600849728274689     -3.72719283741368779
-11.13600849728136488     11.60982605284433156
-14.60011011245524237     -17.06421172749701398
-7.67190688214244609     -9.06421172742957282
16.33216092001883979      1.27280716264637150
-13.11270280861148940      4.27280716270791849
 9.19602150709967070     18.06421172755152682
 2.47575445952021633     11.27280716271240912
18.06230534717093406     -18.06233674036007741
 6.08541579738291283     15.66723469081163778
-0.74370365193845733     -15.06421172755451110
 5.19602150709964050     18.06421172755539573
-9.64860119347415868     -1.72719283729206174
 2.47575445947036110     -4.72719283735821794
16.33216091998353292     11.27280716285707385
-7.91655038590492044      7.27280716270806593
-11.38065200104305852     -0.72719283729209216
 2.47575445947032469     -6.72719283735826412
 2.49055236599766827     13.27275241745411805
 5.93985607460808307     -2.72719283735815266
-2.79217469966523213     10.40892817567161543
-12.86805930484920069     -12.06421172742962433
 9.40395768975221280      7.27280716276656936
-16.33216091998806618      8.60982605284374358
 7.75009868360604415     10.39741837904782251
 7.67190688214331917     -9.72719283741662899
14.60011011241872403     -9.72719283741716900
-11.13600849728031328     -11.06421172742964210
 9.40395768978551594      3.27280716271853578
 0.74370365193993915      2.27280716270880045
-1.03060390935323642     13.96526856266740957
-0.98834715562935127      5.27280716270844518
-4.20780526707510827     -15.06421172755304738
-16.33216091998567521     16.60982605286161373
18.06421172755799986      4.27280716269784566
-6.18449957833632258     -3.72719283729197759
-0.98834715562902231      1.27280716270843763
 4.20780526700712265     -7.72719283741388363
-9.64860119347377143      6.27280716270801530
-14.23756561077884975     16.12064790233819167
 0.74370365193909393      6.27280716270920635
-9.40395768971131574     -4.06421172742948400
-16.33216091998691866     -6.06421172742957104
 4.20780526707532943      6.27280716271257965
-16.33216091998703590     -10.06421172742959946
-2.72039796319794203     -1.72719283729175443
-16.33216091998490072     14.60982605286141478
-12.86805930484921312     -2.06421172742946135
16.33216091998762920     -8.72719283741697716
-2.85623307791759196     18.03174942011485271
14.60011011241615009     10.27280716285435780
-4.45244877076744583     -4.72719283729198203
-5.93985607464379584     -16.06421172755338844
 7.67190688221827344      0.27280716271403438
 7.67190688221356698      6.27280716271415795
 2.47575445943808603     -8.72719283741371576
 2.47575445950905015      3.27280716270955052
 9.40395768974566160     -0.72719283735784079
-12.86805930484908700     -6.06421172742953551
-5.93985607461157716     -12.06421172749555559
 4.21372080001377025     10.28308654693570645
 5.93985607464771803      1.27280716271113126
 7.68669748322368740     12.39641319839830658
-14.60011011241925338      5.60982605284351532
-11.13600849728020492     -5.06421172742953729
 4.45244877076756129     -16.06421172755526428
-9.40395768978108038     -18.06421172755485571
-2.72039796319797267      0.27280716270825250
-16.33216092002388464     -16.06421172749644199
-9.40395768971239221     10.60982605284448432
11.13600849732519471      8.27280716277179629
-14.60011011241800638     -7.06421172742954973
 0.74370365194397858     10.27280716272446348
14.60011011246172608      4.27280716277153783
-9.40395768971135304     -10.06421172742956394
 9.40395768975330348      9.27280716276657202
-18.06421172755582916     -5.06421172742962611
-4.45244877076710655      7.27280716270844874
-11.13600849728022801     -3.06421172742950665
 0.74370365194012156     -3.72719283729122886
16.33216091998747288     -12.72719283741725071
-2.47575445950637318     -14.06421172755279336
-12.86805930485042460     12.60982605284403135
11.13600849728115705     -7.72719283741674445
18.06421172754958704     16.27280716286522022
-16.33216091998803421      6.60982605284372404
 9.40395768971174029     -12.72719283741697716
-12.86805930484915983     -10.06421172742956749
18.06421172755631588     -15.72719283741743546
14.60011011241861922     -11.72719283741720986
-11.38065200104255581      3.27280716270792560
16.33216091998778552     -4.72719283741626395
-18.06421172755596061     -9.06421172742962966
-9.40395768971132640     -8.06421172742956038
 9.40395768978499369      5.27280716271857486
 7.67190688221742789      2.27280716271406336
11.13600849728049269     -13.72719283741724716
11.38065200104278674     -18.06421172755622351
14.60011011244994705      2.27280716264636906
-9.40395768971288071     12.60982605284512736
 0.74370365190141285     -5.72719283735810425
 4.20780526700622381     -9.72719283741500718
 0.74370365193973975      4.27280716270880134
 2.47575445950915629     -2.72719283729095174
11.13600849728198128     -5.72719283741517149
 2.72039796319892524     -15.06421172755482907
-18.06421172755602456     -1.06421172742961101
-2.47575445950716277     -16.06421172755484150
11.13600849735412623      4.27280716271901717
-6.18449957833589181      2.27280716270804106
-5.93985607464466181     -18.06421172755533533
-9.40395768974915924     -12.06421172749507598
-12.95929446280637976     18.06421172755602100
-11.13600849731829179     -15.06421172749556092
 2.47575445950924378     -0.72719283729068762
14.60011011241860501     -13.72719283741728447
12.86805930488304028     -0.72719283735701201
-4.20780526700417390     -7.06421172742998049
-8.93587695327727616     14.55427981269079574
 9.64860119347514278     -15.06421172755556448
-7.91655038590525262     -2.72719283729202377
-11.13600849728019249     -7.06421172742954084
18.06421172755799631      2.27280716269784744
-2.72039796319832217      6.27280716270828798
-11.13600849728120501      9.60982605284431024
-7.91655038590476057      1.27280716270797778
11.13600849731460407     -1.72719283735777562
 9.43257283274320812     13.42821824785631613
 0.98834715563003706     -18.06421172755588245
14.60011011241819112     -15.72719283741737151
 0.74370365193705490      8.27280716271240379
-9.40395768971126778     -6.06421172742954528
-11.38065200104262509      1.27280716270791716
 7.67190688217691807     -1.72719283735807649
-0.98834715562895881     -2.72719283729157258
 2.47575445950612938      7.27280716271240202
12.86805930489279071      5.27280716277144101
-12.86805930485028426     10.60982605284399227
-13.11270280861152493      2.27280716270791583
 0.74370365194010613     -1.72719283729122774
-6.93587695327726994     14.55427981268864279
-14.60011011245538981     -15.06421172749577941
-2.72039796319861615      8.27280716270928451
14.67758525746718767     14.39636373775353739
14.60011011241627799      8.27280716285422102
18.06421172755631588     -3.72719283741559648
-0.74370365193759713     -13.06421172755259974
 9.46385108956209642     11.42846284515015221
 7.67190688217698913     -3.72719283735812734
-4.20780526704270041     -11.06421172749555026
16.12672262247705746     15.77656794950215335
16.33216091998512809      9.27280716285445727
 0.98834715563032494     -14.06421172755433702
 4.25622096339627820     12.33338326522459028
 2.72039796319953364     -13.06421172755413984
-5.88327546199254225     16.25487679627149973
-18.06421172755589311     -3.06421172742961501
18.06421172755647220     -5.72719283741663698
-4.30799612701592061     11.76612753236923048
-5.93985607461138532     -10.06421172749510085
 7.67190688214423222     -7.72719283741522744
 5.93985607457524623     -8.72719283741520435
-2.72039796319804239     -3.72719283729176265
-18.06421172755541704     -15.06421172743132253
14.60011011241975787     -3.72719283741478336
-4.45244877076765633      9.27280716270900740
-7.67190688214234218     -7.06421172742956660
 4.19602150709945043     16.33216091998655983
-4.20780526707461355     -13.06421172755124438
 7.91655038590544269     -16.06421172755540638
-7.67190688221213080     -15.06421172755169380
18.06421172755658233     -7.72719283741682883
 3.19602150709962096     18.06421172755559112
10.18251306364480691     16.12862290905828644
13.11270280861248416     -17.06421172755636206
-13.11270280861203297      0.27280716270787098
-6.18449957833612274      8.27280716270820804
 7.67190688218350303      8.27280716276692196
-11.13600849728153186      7.60982605284357838
18.06421172755656457     -13.72719283741738927
-11.13600849728025999     -9.06421172742959946
16.33216091998830777     -2.72719283741404084
 0.74370365194006749      0.27280716270879796
-4.85596961021268214     18.06421172755606364
 4.45244877076808176     -14.06421172755471183
-18.01522194408007493     18.03497217974273781
-12.86805930491750516     -18.06421172755416649
-7.67190688214390715      9.60982605284380398
16.33216091998692931     -16.72719283741762553
 5.93985607461352050      9.27280716276500705
-18.06421172755698734      9.60982605284367075
-7.67190688214226313     -5.06421172742956660
 2.72039796319876048     -17.06421172755547389
-14.60011011242258583     11.60982605284968194
 6.18449957833671160     -15.06421172755515236
16.33216091998826514     13.27280716285710227
-4.93937664333982696     14.43601522618999411
-2.48821752471271873     12.59582979137507586
-4.45244877076709944      5.27280716270811478
12.86805930484930904     -14.72719283741735552
12.18546234545605067     16.12691678984114674
-18.06421172755799631     -17.06421172755665694
14.60011011241896561     -5.72719283741651441
12.92999117270423426     13.42378216538977220
-6.18449957833591668     -1.72719283729196671
 4.20780526703925961     -5.72719283735830142
-6.85503054523058974     18.00293058783645606
 7.68254229118698628     14.39640888198843882
18.06421172755496229     12.27280716285324225
 5.93985607464465915      7.27280716271410377
16.33216091998859198      3.27280716269873695
 0.98834715563150388     -12.06421172755266902
 0.16976248073853423     16.34758934310286094
-12.86805930485052052     14.60982605284405267
 4.45244877076745116     -18.06421172755581850
16.33216091998727748     -0.72719283740963703
14.84475361618130584     -18.06421172755646509
 2.47575445950592821      9.27280716271240912
-5.93985607457331888     -6.06421172742965187
 5.93985607464487053      5.27280716271369077
12.86805930484993254     -8.72719283741696827
-16.33216091998689024     -14.06421172743059422
-7.67190688214391781     11.60982605284524638
-18.06421172755556626     -13.06421172743023007
 7.67190688221409101      4.27280716271413130
12.86805930492292838      3.27280716271887151
-9.64860119347373235      0.27280716270794347
12.86805930506047879     11.27280716322365528
-0.85649654562253286     18.06421172755799631
 7.67190688214299854     -11.72719283741673912
18.06421172755392845      6.27280716285292606
 4.18690421410015023     14.33218170135241110
 6.18449957833766817     -13.06421172755505111
 6.18449957833625508     -17.06421172755558757
 0.74370365190129029     -7.72719283735811846
 9.40395768971384349     -4.72719283741377438
 4.20780526707490399      8.27280716271258143
 0.65635311479845504     12.47506628963170527
 4.20780526707859526      0.27280716271032396
-16.33216091998692931     -8.06421172742957459
-9.90763203650795710     16.30233360425881628
14.60011011245022772      0.27280716264591370
-0.98834715562987951      7.27280716270904026
-6.04004693458438524     12.76612753236994990
 9.64860119347403433     -17.06421172755593219
18.06421172755490545     10.27280716285313922
 9.40395768978705249      1.27280716271534455
 5.93985607460812037     -4.72719283735824725
 9.40395768971311874     -6.72719283741522656
-0.98834715566765807     -6.72719283735777207
 2.72039796320083616     -11.06421172755323212
 9.40395768971225721     -8.72719283741672136
18.06421172755650062     -11.72719283741723295
-14.84475361618094169      1.27280716270783478
12.86805930484972116     -12.72719283741721341
11.38065200104384900     -16.06421172755589666
-18.06421172755698024      7.60982605284362634
 4.20780526703924895     -3.72719283735823526
 0.90045749767808225     14.48584693551267222
-5.93985607457349030     -8.06421172742965986
16.33216091998766828     -6.72719283741681640
-16.57680442375002272      2.27280716270768535
16.33216091998519204      7.27280716285425299
-18.06421172755698379      5.60982605284362368
-16.33216091998690800     -4.06421172742957104
18.06421172755498006      8.27280716285308770
 4.20780526707762270      4.27280716271053684
18.06421172755612758      0.27280716259108068
16.33216091998749775     -14.72719283741730756
-14.60011011241910239      7.60982605284389013
-10.93676363782512873     14.00805435383322184
11.13600849728102560     -9.72719283741692919
 5.93985607457607934     -6.72719283741394669
 9.40395768971204404     -10.72719283741697005
-9.40395768978081037     -16.06421172755209170
-0.74370365193666732     -11.06421172755138826
-4.45244877076697065      1.27280716270804728
12.86805930485001959     -6.72719283741670093
-5.93985607457545051     10.60982605284453228
-18.06421172755586824     -7.06421172742962611
-11.13600849734930520     -17.06421172755276672
-18.06421172755720761     11.60982605284371338
 7.91655038590493731     -18.06421172755599258
-4.45244877076704082      3.27280716270809169
-14.60011011241796908     -5.06421172742953907
-4.20780526704239399     -9.06421172749522874
-5.93985607464331444     -14.06421172755156057
 1.19602150709961363     18.06421172755799276
-0.74370365190413734     -9.06421172749628390
-12.86805930485039973      6.60982605284355973
-9.64860119347368617      4.27280716270798688
14.60011011246304946      6.27280716277197925
-14.84475361618047806      3.27280716270784433
18.06421172755554139     -1.72719283741109586
 0.98834715563014475     -16.06421172755500137
11.12117508847420666     10.29893998083417017
-16.33216091998813013     10.60982605284378621
 2.47575445950817929      5.27280716270956695
13.17490318259720006     18.06421172755482019
-1.87264658278014107     16.28194654487865023
-6.18449957833598596      6.27280716270811123
-11.38065200104261443      5.27280716270794336
12.86805930489420113      7.27280716277202366
 7.67190688214498717     -5.72719283741383567
14.58469191519279562     12.29999599462624360
-16.33216091998698971     -12.06421172742960124
 2.15803621652307909     16.13122934034486633
11.13600849732379139      6.27280716277124828
 5.95183361169183200     11.27277129709480619
-11.13600849731803244     -13.06421172749508308
14.17490318330115073     16.33216092039230105
18.06421172755345950     14.27280716286461448
11.13600849731412623      0.27280716264293375
 5.93985607464794985     -0.72719283728890916
-2.47575445950732931     -18.06421172755565863
-0.98834715563171716     11.27280716271265426
11.13600849735431808      2.27280716271840522
 2.47575445950924378      1.27280716270952232
-2.47575445947306516     -8.06421172749597481
18.06421172755652904     -9.72719283741704821
-12.86805930488696958     -14.06421172749497828
-0.98834715562915221      3.27280716270843897
-18.06421172755596416     -11.06421172742965631
-2.72039796319813210      4.27280716270826932
-16.33216091998719222     -0.06421172742953304
