53    14.29648718673547947
-0.00922325227043330     -2.68414197816941336
-1.85175640664623131      6.14824359335976123
-4.08779491301318920     -2.72097844182272564
 4.14824359335334503      4.14824359330803016
 1.99077674773320057     -6.14824359330600867
-6.14824359335573423      4.16040562225271060
 0.14824359336494794      6.14824359336773973
-5.15730508246652430     -1.03096424145628762
-5.85406732719004097      6.14653746247885557
-1.00922325226958898     -4.41619278574072460
 1.06951017069781007      2.46410161512268777
 6.14824359336495618      6.14824359328915548
-4.00922325226691267     -6.14824359336536830
 3.14824359321442104      2.41619278568019968
 2.99077674773118929     -4.41619278573486618
 6.14824359336705939     -6.14824359336773973
-0.00922325226683018     -6.14824359331051795
-6.14824359333861903      0.70628670980858099
-2.14826829400966224      4.17034554223270515
-3.85175640670238373      6.14824359331167702
 5.14824359328805414     -1.04790882941937968
 3.99077674773325120     -6.14824359336311410
-0.00052382348840016      4.15378420403869608
 3.06951017060789688     -1.00000000006698242
 6.14824359335345516      4.14824359328890946
 1.99077674773069702     -2.68414197815849143
 2.06951017052194874      0.73205080745227269
-4.14281959278591394      0.69946794532462331
 4.14824359328963066      0.68414197815224709
 0.99077674574633956     -0.95209116943957306
 5.06951017055382458     -4.46410161523595495
 0.99077674773044022     -4.41619278573858409
-0.01581725181945500      0.78375425489986505
 5.14824359330780457      2.41619278571129215
-2.00922325226688159     -6.14824359331232095
 4.14824359336495085      6.14824359330939618
-1.00922325425624648     -0.95209117174679403
-5.13964772048566854      2.43334616601323228
-2.07878535356473648      0.73789016416657260
-5.07873342281919982     -4.45822939369566740
-3.13964772047901697      2.43334616592813102
 2.14824359335329707      4.14824359335595272
-4.14826829401011565      4.17034554216972975
 2.14824359336494908      6.14824359335596515
-1.08740593102461980      2.47488954256715976
-3.01571020627224007     -4.41246155820596542
 6.14824359330499437      0.68414197814023725
-2.00922325429748705     -2.68414197934255272
-6.14824359336773885     -6.14824359336773973
 6.14824359328862258     -2.77995963698886461
-6.14824359313063784     -2.76821519287030071
-3.07878535356109762     -0.99416064340440546
 4.06951017060334941     -2.73205080763848462
