61    15.46401264390000030
-3.26799367818401354     -6.73200632182098513
 2.73200632181902181     -6.73200632194822202
 2.73169815289614881      6.73200632194707094
-6.73200632194820070     -6.73200632194772730
 6.73200632194820958     -4.73200632194805593
-6.73200632188642256     -4.73185222656971671
 6.73200632194823001      3.26799367805195473
-5.00000000011563372     -5.73192927434984512
-4.99999996408218905      0.26853286651582436
 6.73200632194408133      6.73200632194524573
-1.26799367805181729     -4.73200632194775483
-6.73200632194822379     -2.73169815291628693
 0.73154411978808509      6.73200632194822557
-4.71192051376283061      4.82451261688394162
 0.73154415057974587      3.26799362465206356
-3.26799358317350519      1.26860981181345234
 4.73185222715284759      6.73200632194823090
 4.73200632185940950     -2.73200632194646476
 4.73185223741811090      3.26799367211809999
-1.26860985173552865      6.73200632194753901
 6.73200632192616233      1.26799367805195451
-5.36858373399196331      6.73200632192773085
-1.26799367814095842     -2.73200632194775350
-4.99999998249787847     -1.73162113583017474
 5.73192927454508894      4.99999999999694644
 0.73200632194818227     -4.73200632194740844
-6.73200632193331039     -0.73154411870697067
 2.73200632194813675     -0.73200632194822179
 1.73162113634094683      4.99999998218998520
-2.31859679286153142      5.02979381363202904
-1.26799367807666008      1.26799367805228180
 0.73200632181852798     -6.73200632194751858
 2.73200632185929049     -2.73200632194822157
 0.73200632194813442     -0.73200632194735771
-6.73200632192737469      5.26876374234362288
-1.26799367818248809     -6.73200632194777793
-1.26799367805186769     -0.73200632194772197
-6.73200632194803195      1.26860985170861507
 4.73200632182467551     -6.73200632194669257
-4.99999994104558532      2.26868679700494225
-6.73200632192536119      3.26876374234301048
 6.73200632183213710     -6.73200632194805593
-3.26799362465128684     -0.73154415060404532
 2.73169817347047461      3.26799365431291022
-3.36858373399182387      6.73200632194466841
 3.73177519002552716      4.99999999406988227
 2.73200632194818294     -4.73200632194822202
 4.73200632194818294     -4.73200632194647763
 0.73200632185922176     -2.73200632194737381
 4.73200632194818827     -0.73200632194645332
-4.99999999385994798     -3.73177518968003952
 0.73200632192336690      1.26799367805264662
 4.73200632192561343      1.26799367805358387
-3.26860896864371364      3.26982879526760328
 2.73200632192344584      1.26799367805177798
-1.26860981064477030      3.26799358314744604
-3.26799365440215883     -2.73169817258832914
 6.73200632194819448     -0.73200632194804538
 6.73200632185947345     -2.73200632194804749
-3.26799367211630809     -4.73185223743191319
-0.26853286597289355      4.99999996441045358
