62    15.56367346180000055
-5.19337893230547820      0.44297765176198567
-3.82431088726705548      6.78183673084757199
 3.32050860613888288     -0.34657351125318353
-1.59123128896936228     -5.78183673087505934
 3.31773511573230095     -2.35136202648145876
 1.66852771948942502      6.78183673087589778
-0.14081951859145211      3.65821500396426247
 1.72927731717057620     -3.56659937868425470
 1.87287032616768623     -5.78183673087549721
-3.31773511573939439     -2.77225970042863068
-1.82431088726703305      6.78183673087752492
-6.78183673087752403      1.65821500395111721
-6.78183673087723182     -0.77225970042752712
-6.78183673087671401     -4.77225970042980396
 6.78183673087752403     -4.35136202649431603
-1.58845779856644476     -3.77704821564534221
 6.78183673087564909      1.65821500397366894
-5.04978592330699438     -1.77225970042641312
-6.78183673087552119      4.08868970836550627
 5.05255941370178530      2.66300351918875444
-6.78183673087602745     -2.77225970042754799
 6.78183673087238859      5.90547520097893486
-5.04978592330802289     -3.77225970042906411
-1.91742038302880990      2.73916599750707679
-1.79520710132766514      4.78204849967803192
-3.60492113374093037      1.65821500396977539
 5.04978592330310505     -1.35136202648478343
 3.32629534840914154      5.66299514758253419
 6.78183673087576544      3.66779203440358081
-3.71461601055534940      4.22002586741364194
-5.30307380911236947      5.43526321962241621
-3.32328209653750895     -6.78183673087644756
-1.72927731716804467     -1.55702234823857677
 6.78183673087748762     -0.35136202649431048
-1.87287032617340832      0.65821500396742161
-0.14081951860637140     -0.34178499603578372
-5.05255941370409811     -5.77704821564795612
 1.58845779856695501     -1.34657351125171276
 1.57970276917134900      4.68778798824994958
 0.00000000000514825     -2.56181086345473474
 3.32328209653988527      1.65821500395313270
-5.19337893231636372      2.87345235615447869
-6.78183673087743255      6.78183673087719630
 0.14081951859893863     -6.78183673087613492
 3.32050860613737520      3.66300351919649314
 5.12406910195062526      4.78663361768881757
 5.04978592330235099     -3.35136202648485604
-6.78183673087283534     -6.78183673087181571
 4.98406297733104786      6.78183673087301653
 6.78183673087752492     -6.78183673087752492
 3.46132812473888896     -4.56659937868523524
 1.59123128897547472      2.65821500396087318
 0.14081951859932179     -4.78183673087448646
-3.32050860613519783     -4.77704821564608828
-3.46132812473515994     -0.55702234823552499
 5.19337893230737002     -5.56659937868592269
-0.07789158388514310      5.80714723324048876
 1.59123128896445110      0.65821500396086619
 6.78183673087680017     -2.35136202649431558
 5.05255941371358563      0.65342648873783793
-0.14081951860259004      1.65821500396425137
 3.60492113373583400     -6.78183673087693162
