73    16.84464420621397451
 3.43398275672066733      7.27309713160124183
-5.71194862694283678      4.34641608259212830
-3.52663179395439119     -7.42232210310635576
-1.52663179395439008     -7.42232210310638774
 0.47336820604562985     -7.42232210310589124
 6.42232210310642948     -0.46563382411719789
-0.55917517719515086      5.35113581296737628
-7.42232210310678298      1.24068354207672549
 5.42840796411667270      3.42232210310664309
-7.42232210310648544      3.30977604283097993
-4.61375560719599509     -5.64160398339919222
-2.27974152724938239      4.33150282259210861
 1.42232210310634333     -2.19768463168627592
 1.42232210310633889     -5.66178624682415421
 0.42232210310632007     -3.92973543925520952
 4.47336820604563812     -7.42232210310575624
-0.56044245067104692      7.42232210310494356
 7.42232210310643836      5.26641698345229514
-7.42232210310317964     -2.79305744434108805
 7.42232210310574203      1.26641698345207909
 3.43398275670670650      1.27309713159647031
 1.43955754933340740      5.42232210310647034
 4.42232210310642948     -0.46563382411754373
-1.57767789689368043     -3.92973543925586410
-5.70012165018587158      0.22381304886751169
-3.57767789689602589     -3.92973543925572555
 7.42232210310649343     -2.19768463168605299
-2.27810742438141522      2.29499933900557185
 7.42232210310401186      7.26641698345676712
 5.42232210310636553     -5.66178624682413378
 0.42232210310961366     -0.46563382411546872
 3.43398275672538489      3.27309713159647009
-0.57767789689365823     -2.19768463168247097
-0.55531056080878405      1.27913962090250721
 4.42232210310636020     -3.92973543925525926
-2.57767789689366245     -2.19768463168697181
 7.42232210310698814      3.26641698345207931
-0.55754107432859612      3.31463232938295072
-3.99138227688994940      5.36604907296947786
 2.42232210310634422     -3.92973543925526236
-0.57767789689366189     -5.66178624682476439
 6.42232210310649076     -3.92973543925526814
 6.47336820604575536     -7.42232210310587259
-3.98118940299912261      7.42232210310626694
-7.42232210310698726      7.42232210310698726
-1.80557660593722002     -0.32148010290004397
 1.43955754932896385      7.42232210310647122
-2.27081592683556632      6.38568206334500488
 1.43955754931533475      1.42232210310567253
 2.42232610569685791     -0.45972729655127098
-7.42232210310656271      5.38305612235310260
 7.42232210310648366     -5.66178624682417464
 3.42232210310634732     -2.19768463168637673
 5.42840796411608295      5.42232210310664264
-3.94835794114903038     -0.74123819728572471
-4.00030787730224802      3.31186983221470843
 3.42232210310635621     -5.66178624682413556
-5.70175575305368820      6.40268911273041930
-7.29434324397975864     -4.78895859710829530
 2.47336820604563501     -7.42232210310579621
-5.57153608128805899     -3.77311634548706776
 1.43955754933408397      3.42232210310647034
-5.71068135346588956      2.27522979245357027
 5.42840796410171222      1.42232210308858931
-5.52663179395440274     -7.42232210310637530
-5.68058619715741742     -1.77609154037586214
-7.42232210310652007     -6.78485974987529961
 3.43398275672474540      5.27309713159672100
-2.57767789689414428     -5.66178624682447396
 5.42232210310645613     -2.19768463168640560
 5.42840796411246806      7.42232210310664442
-3.98848090054501814      1.25835929924440659
-7.42232210310698726     -0.79305744434108827
