74    16.92552097602361982
-1.68263017513727409      2.19367606180988295
-1.54649825496927007      5.73070968043592099
 7.46276048801157899     -5.46276048801181258
-2.26928496178602579     -4.45813111654245997
 1.45813111651648830      0.53723415421669196
 2.45813111651658067      2.26928496178652495
-7.46276048800617531      0.54649825494234927
 0.45581180512205116      2.26794383466750471
-3.60690720148849220      5.69488340281724703
-6.96938521697975588      7.46049215910855956
-5.71776117584575072      5.84160560022173936
-7.46276048800420000      4.86437614888153647
 1.45350174503177665      7.46276048800459701
-7.46276048801181080     -5.46276048801153724
-5.73204544979962094     -2.45581180513043806
 1.45581180512134001      3.99999464223679180
-5.71776117584768073      3.84160560022173714
-0.53723951198875919     -7.46276048801152303
-7.46276048800948288      2.86437614888152359
 2.45581180512172592      5.73204544980544561
-5.73205080756917162     -4.46044117660316441
-0.53723415421101528     -3.45813111655307637
 5.46276048801124237     -7.46276048800458280
 5.46276048800215719      7.46276048800700575
-5.73070968044296158     -6.46276048801160119
 1.46276048801181036     -1.46276048800602942
 6.46276048800258174      5.73070968043706142
-7.46276048800769676     -1.45350174505883367
 3.46276048801181080     -1.46276048800472824
 5.46276048801180902     -3.46276048800451530
 3.46276048801124192     -7.46276048800564862
 1.46276048801124148     -7.46276048800611846
 7.46276048800472580      3.99865887286866917
-4.54649825497011406      7.46276048800453218
-0.53723415421100118     -1.45813111655306549
 3.45812186519611808      7.46276048801181169
 7.46276048801181080     -1.46276048801181502
-5.83277259934207049      1.70543720191426029
-0.53723415421124998     -5.45813111655307637
 4.45813111651819316      2.26928496178668349
-4.10072179177431728      0.70543720191230874
 5.46276048801156655     -5.46276048800455793
 3.46276048801156255     -5.46276048800503133
-0.55434295147613277      0.54179570437217528
-2.26794919243156023     -6.46044117660343709
 1.46276048801156144     -5.46276048800605807
-2.54649825496967441      7.46276048800487768
-7.46276048801180991     -3.45812186519478404
 5.45813111651931671      0.53723415421843690
-4.07196305303665884      2.70523042495969257
 7.46276048801124237     -7.46276048801181169
-2.54649825496844651      3.99865887286654864
-2.37000675356644930     -0.29687285815949288
 3.46276048801180814     -3.46276048800498559
 7.46276048801180991     -3.46276048801181391
 5.46276048801181080     -1.46276048800447311
 6.46044117659567263      2.26794919242631954
-3.99865887287419719     -7.46276048801180902
 5.46044117659422668      3.99999999999436051
 1.46276048801179748     -3.46276048800604785
 7.46276048800429948      7.46276048800501624
-4.00000000000031708     -5.46044117660320349
 3.45813111651724814      0.53723415421802645
-0.54649825496843352      3.99865887286673294
 4.46044117659483685      5.73205080756358853
-2.26928496178600181     -2.45813111654245953
 7.46276048801181080      0.53723951198818387
-4.00133576935646662     -3.45813111653971461
 0.45350174503114565      5.73070968043603202
-3.99999464222863699     -1.45581180513408759
-7.46276048801180636     -7.46276048801166869
-0.54649825496965743      7.46276048800511393
 3.45813111651759053      4.00133576935540791
-5.73070968043789186     -0.45350174506033769
