76    17.18256607189999841
 1.59128303593465747     -4.12718142079743622
-7.59128303593225517     -5.87768119105862752
-4.50049832334916999     -7.59128303593479714
-6.55998835581435458     -7.59128303593435128
 2.59128303593464215     -5.85923222836632274
-2.90581438417727700      5.85923222836612023
 6.59128303593480069     -2.39513061322851772
-1.42896930555644142     -5.87108387313913926
-7.59128303593496323      3.05052203921804477
 3.09418561582273188      2.39513061322831211
 5.59128303593474563     -7.59128303593514797
 0.09418561582269494      0.66307980565945590
 4.59128303593470033      1.06897100190918781
-5.53024333958157044     -5.87674951291890135
 6.59128303593478471      1.06897100190913719
 2.09418561582269680      0.66307980565945446
 7.59128303593488063      6.26512342461573368
 5.59128303593472076     -4.12718142079739359
 5.09418561582285712      5.85923222836599589
-1.90581438417730853      0.66307980565945024
-6.59128303593498011      1.31847123164915736
-3.90581438417726901      7.59128303593500853
 2.09418561582273899      4.12718142079719463
-6.59128303593493214      4.78257284678698458
-1.90581438417728521      4.12718142079723016
 0.09418561582269942     -2.80102180947830171
 6.59128303593480602     -5.85923222836622326
 6.59128303593483444      4.53307261704687825
 3.59128303593466169     -4.12718142079743888
-7.59128303593501474     -0.41357957591988942
 5.59128303593477494      2.80102180947802326
-4.90581438417728943      5.85923222836610780
-0.90581438417726823      5.85923222836611313
 7.59128303593491527     -0.66307980565967406
 4.59128303593466303     -2.39513061322854970
 3.09418561582281315      5.85923222836603586
 7.59128303593495080     -4.12718142079730921
 1.09418561582270413      2.39513061322833654
 4.09418561582280027      4.12718142079715022
-1.59128303593493148     -3.87768119105741249
 1.59128303593371179     -7.59128303593467102
 1.09418561582269924     -1.06897100190942429
-5.59128303593495701     -0.41357957591970679
-3.90581438417728544      4.12718142079722750
 2.59128303593466258     -2.39513061322855902
-4.59128303593496856     -2.14563038348859081
-7.59128303593493570     -3.87768119105836817
-3.59128303593494147     -0.41357957591966071
-3.47485998519770289     -5.87428973387625408
 3.59128303593469100     -7.59128303593517195
 0.09418561582271504      4.12718142079722128
 5.59128303593470388     -0.66307980565969604
 3.59128303593466613     -0.66307980565966995
-6.59128303593513643     -2.14563038348890123
-2.90581438417731874      2.39513061322832943
 2.09418561582281626      7.59128303593492504
-0.90581438417730886     -1.06897100190942762
-0.90581438417730265      2.39513061322834142
 1.09418561582275542      5.85923222836608293
-2.59128303593494902     -2.14563038348854285
-4.59128303593496057      1.31847123164920710
 4.59128303593471365     -5.85923222836628632
 6.09418561582288820      7.59128303593485576
 0.57089397760442495     -5.84747648057141944
-5.59128303593493481     -3.87768119105766429
-5.59128303593492948      3.05052203921810516
 7.59128303593492149     -7.59128303593503428
 7.59128303593484244      2.80102180947799173
 0.09418561582276902      7.59128303593497034
-5.90581438417727789      7.59128303593499876
-1.90581438417725235      7.59128303593500675
 4.09418561582286600      7.59128303593488418
-3.59128303593493214     -3.87768119105744757
-0.40871696406628960     -7.59128303593508580
-7.59128303593493747      6.51462365435586843
-2.44922164704659506     -7.59128303593508313
