81    17.58398781724480386
-4.33236174432403232      6.79199390862095331
 2.60031093675573688     -1.21570776152307514
-4.32789229352261184     -1.21570776152809557
 7.79199390862240016      7.79199390862237884
-0.86379067838227164     -1.21570776152317084
 6.05994310107181811      6.79199390859067975
-0.86826012918640960      4.79199390862071350
 7.79199390862178642      3.79199390855801477
 4.33236174432584065     -2.21570776152519056
-7.79199390861866092     -5.21570776160223115
-6.05994310105268053      3.78429223853981478
-0.86379067836337364      2.78429223850970287
-0.82313697305124911     -7.79199390862240282
 7.79199390862196228      1.79199390855801477
-6.05994310107532996     -2.21570776155661253
 2.60031093675549263      0.78429223847692586
-6.05994310104849365     -4.21570776160082517
-6.05994310106998046     -0.21570776149034537
 2.59584148593401132      4.79199390859073748
-2.59584148593455666     -4.21570776155138471
-6.05994310104893241     -6.21570776160086158
-6.05994310105259615      5.78429223853988006
-7.78434526985972486     -7.78104689929720372
 0.86379067838235912      7.79199390862154218
 0.86379067836516898      3.79199390859067664
-6.06441255189270123      7.79199390862131569
-2.59584148591494390      3.78429223853969887
 2.51320491597507889     -5.60635126243092241
 6.05994310105311129      0.79199390855796969
 4.61643895798187387     -6.20248518114402092
-7.79199390861837227     -3.21570776160198823
 4.32789229348270510     -4.22340943160677451
 4.32789229350289872      5.79199390859073393
 4.33236174432469934     -0.21570776152322094
 6.05994310105280309     -3.22340943160888660
 6.57813147601948334     -5.81291815908583231
 1.40257652538275068     -7.79199390862141961
 7.79199390862185304      5.79199390855801610
-6.05994310105271872      1.78429223853970620
 6.05994310105289813      2.79199390855797391
-1.82604796100025957     -6.06162702548717025
 2.59584148595114206      6.79199390862109365
 6.06441255189375994     -1.21570776152351145
-7.79199390862163366      0.78429223853965990
-7.79199390862153951      6.78429223853985075
 3.40257652538275845     -7.79199390862071706
-4.32789229350112592      0.78429223850969410
-4.82895894895137090     -7.79199390862007135
-2.82895894895137046     -7.79199390862118513
 0.28971977616494687     -6.13020274974474066
-4.32789229350574089     -3.21570776155537930
-0.86826012918636919      6.79199390862120111
-2.59584148595341446     -0.21570776152709517
 4.32789229348405602      1.79199390855786445
-7.79199390862157415      2.78429223853975083
-2.59584148593225938      1.78429223850971530
 0.86826012918687301     -4.21570776152323390
-0.86379067838234702      0.78429223847685159
 0.86826012918657891      1.78429223847691021
-7.79199390862156793      4.78429223853983743
-4.32789229348377358      4.78429223853978147
 2.59584148591513530      2.79199390855785223
-2.60031093675507696      7.79199390862151731
 7.79199390862200048     -0.20800609144201676
 7.79199390862072772     -2.22340943160721860
 7.79199390862064067     -4.22340943161068694
 2.60031093675573466     -3.21570776152311266
-3.83719957625693997     -5.86911562133681919
 5.83030139058149199     -7.79199390862032892
 6.05994310105286793      4.79199390855798413
 0.86826012918686601     -2.21570776152309623
-2.59584148595315023     -2.21570776152713300
-2.60031093675524660      5.79199390862079433
 7.79199390861915475     -7.40242688656242720
 0.86379067838239187      5.79199390862085650
 4.32789229351977678      7.79199390862152530
 0.86826012918658757     -0.21570776152309562
 4.32789229348396454      3.79199390855793794
-4.32789229348384641      2.78429223853972729
-0.86379067838196821     -3.21570776152317084
-7.79199390862240282     -1.21570776151884696
