92    18.75571398399999978
-3.00000419751465675     -3.46409918166689046
 8.37785573741227907      2.90204104522156081
-8.37785699174472676     -0.56210339865338022
-5.37789143316739704      3.18168468524937698
-2.37785699195901401     -8.37785699195909572
-6.37789055231653634     -4.91374086687287459
-1.37785699333960676      6.64580618352909980
-2.37785699195750500      8.37785699191292998
 5.37789143234721045     -3.18168468547484506
-1.00000000000096789     -6.92819837362430846
-0.99999999961951536      3.46409675931694894
-2.00000419730598411     -5.19614998913553983
 2.37785699333309264      8.37785699195909572
-5.37788633809002814     -6.64578924142199501
 5.37785699198252409     -6.64580618432005821
-4.37785699195901401     -8.37785699173790910
-2.00000419728165069     -1.73204837423252633
 1.00000000000666112     -3.46409675849095899
 6.37789002402204019      4.91374118084758216
-8.37785650073760557     -4.90207014411968434
 8.37785699189944388     -1.43789672892315368
 2.37785699198518818     -4.91375537680627872
-6.37785699195909750      8.37785699195909928
-4.37785699195750500      8.37785699189042532
-5.37785699334214673      6.64580618359171904
-8.37785699195909572      1.43789660134667274
 3.37787424796769153      6.64579622226892397
 2.37785699195814937     -8.37785699195846334
 0.37785699195811218     -8.37785699195811340
-7.38802730530689011      3.17579310313278240
-5.37789143926222124     -0.28241693340563234
 2.00000841148955066     -1.73205080724333715
 6.37785699198518774     -4.91375537674940421
 8.37785641672394021      4.90204112260399150
-8.37785699195896427     -8.37785644537627228
 8.37785699195909572     -8.37785699188485289
 0.00000421416028823      1.73204838456112120
-3.37789143316735396      3.18168468506813307
 1.00000421436906639     -0.00000242288816900
 5.37788560171439123      6.64578966733987109
 0.00000000039152249      5.19614756687945345
-0.37785699195750488      8.37785699195795708
-3.37787417818946700     -6.64579626177681071
 7.37786578869325815     -6.64580110551223857
-7.37792566194940047      6.64576653750698298
 4.37785699198518774     -4.91375537673629292
-1.00000419709052268     -3.46409918169105735
 3.37785699198226030     -6.64580618437684567
 4.37785699333310419      8.37785699173113407
 5.37789145083393638      0.28241694357785835
 5.37787844614100941      3.18169703094184708
 0.00000000000504162     -5.19614756605890094
-6.37785699349931523      4.91375537611337165
 7.38800521096103679      6.63991247317924849
-2.00000841101472604      1.73205080809659329
 2.00000421464183908      5.19614999944415246
-4.37785699347203039      4.91375537594785339
 3.00000421484799329      3.46409919198318317
 6.37789143236098433     -1.44963387781721664
 6.37785699195909661     -8.37785699190341226
-3.00000841101882498      0.00000000052722568
-2.37785699345215340      4.91375537587070355
 1.37785699198182421     -6.64580618437588022
 8.37785699195909395     -4.91374516030252817
 8.37785699173471876      0.56210327107684921
 4.00000841363315729      1.73205080736926198
-5.37787839248759880     -3.18169707976188754
-6.75576141910625072     -1.73206320703428540
-6.37785699195901401     -8.37785699172889231
-4.00000841241574090     -1.73205080634984920
 4.37787424815818849      4.91374541479866256
-8.37785699195909928      8.37785699094333758
 1.00000421418744723      3.46409919213179451
 3.37789143233797784     -3.18168468545776939
-8.37785428420662193     -2.90206999148206224
-1.00000419725339329      0.00000243335079100
 8.37785699195897315      8.37778285158641189
-6.37789143316958640      1.44963387768174723
 6.37785699333310419      8.37785699173830345
 3.00000841150926156      0.00000000031905050
 2.00000421439242526      1.73204838467691458
 1.00000000068838113      6.92819837427693930
 6.75576148275076527      1.73206316771184787
-4.37787417839076642     -4.91374545431535203
 4.37789143235683387     -1.44963387789447107
-0.00000419706130408     -1.73204837410718238
-8.37785699192690814      4.91367606606895801
-4.37789143316958640      1.44963387750054462
-3.37785699333980105      6.64580618350464380
 7.38153530100386668     -3.17957587596419433
-7.38052608755690898     -6.64426737192772521
 4.37785699195909661     -8.37785699195909572
