98    19.21857737074781269
-5.14518707023497424      4.48661131064565222
-8.60928868537318337      8.60928868537291159
 1.75487133820814578      0.43863299352398599
-5.15925948115450783     -3.58535616503325461
-1.69515786601163465      2.46262215208717983
-5.17326759143916437     -1.56136700655726113
 4.33554205055493558     -8.60928868537192926
 8.60928868537242309      0.56131036824957481
 3.44124893419784161      7.60923300148559534
 5.21897295334572764     -1.56136700647644022
-6.87525296129008012     -8.60928868537177472
 1.75487133820794350     -3.56136700647653015
-3.42720867358054848      1.46262215208724555
-8.60923790484023854     -7.61014970080713304
 6.87723787780362450      3.56131036824990410
 8.60928868537287606     -5.68404438120145983
-3.48692214577685133      7.60928868537200920
-5.21897295334549050      8.60928868537243908
 0.02282053063920365     -0.56136700647596749
-1.75487133820786179      8.60928868537244441
 8.60928868537251546      4.56131036825023628
-1.70919812663855564      0.43868867739456263
 6.91413081935820895     -0.50002831911188750
-8.60928868537390812     -1.56136700646957349
-0.02285268093998537      5.60923300148452597
 5.18208001178919986      0.49997168088791494
 6.91413081936150942     -2.62270569383551999
 5.14518707023481792     -5.68404438120196076
-8.60928868537282632      6.48661131064592222
-5.18208001179109878      6.54794999800981614
-3.40762834402887638     -8.60928868534558411
-8.60928868537277125      4.48661131064591689
-6.87720572930261298     -6.60928963869769071
 3.45002920422056070      1.49997168088835919
 3.48493048684916662     -6.79918924951487380
 0.02285268093059980      1.43868867739492123
 5.18208001179258293     -3.62270569383543473
-6.89127813839707493     -0.53743353183542575
 0.34974629719315004     -8.60928868537390812
-6.91413081936005547      7.54794999800968913
 6.89127813842647541      7.58535521069043028
-1.75487133820818419      6.60928868537162373
-5.14339342068543992     -5.61234687279400468
 8.60928868537294356     -3.68404438120145628
-8.60928868537191327     -3.60923395586208606
-6.87727002809333676     -4.60928963973124795
-1.52894102777650320     -7.92333389984396064
-6.89127813843300618     -2.58530048116400879
-3.45002920422232462      5.54794999800960831
-5.14144065266642514     -7.61234591947528560
-8.60928868537286718      2.48661131064553720
 1.70919812662891979      6.60923300148458637
 6.87727002809766397      5.56136605212582769
-1.70919812657865067     -3.56142269045185245
 5.14518707023465627      2.56131036825006175
-1.71801054695409228      4.54789431412257006
 0.00000000000076080      3.52396083945153693
 1.71801054694302646      2.50002736475929588
-8.60928868537145320      0.48649994280293807
 8.60793120564016689     -8.48588691135372386
 6.87723787780381723     -4.68404438120169964
-1.69339636486811385     -5.58229893076237182
-3.41316841297827667      3.48655562673855401
 3.42720867358375703      5.58529952681312292
-0.02282053063929355      7.60928868537185199
 3.48692214577676829     -0.56136700647647231
 0.07093767173492094     -4.64042558084528167
-3.42720867358626613     -4.58535616503435417
 8.60928868537390812      8.60928868537390635
 5.17326759146857640      8.60928868536889880
 0.00445690158074268     -6.63932035230923212
 1.70923027692935836      8.60928868537241065
-8.60928868537188485     -5.60934532360042937
 6.33554205055493558     -8.60928868537291869
 6.87723787780328788      1.56131036824959502
-6.87727002811965882      1.48655562673245201
 1.75487133820778451     -1.56136700647651483
 6.87723787780375950     -6.68404438120187017
-5.15925948114938304      0.46262215208717383
 3.41316841295792583      3.56136605212242374
-1.70923027692960172     -1.56136700647609805
-3.40958111205221792     -6.60928963867106400
 5.14521922052868774      4.56136605212532320
 1.69515786601477036      4.58529952681331565
 0.02282053063883064     -2.56136700647691296
 2.34264417387395918     -8.44089019036542432
 1.78977262083809285     -5.73785056214840328
 8.60928868537236980      2.56131036824958658
-3.44124893420770306     -0.56131132260615435
 3.45002920422374126     -4.62270569383549557
-6.87723787780393359      3.48661131064574858
 5.15925948115251387      6.58529952681332809
-5.14521922055043834      2.48655562673319475
 3.48692214577678961     -2.56136700647647597
-3.44124893415954025     -2.56142269042946280
-6.87723787780376306      5.48661131064588492
 8.60928868537390635     -1.56136700647112270
 8.60928868537229341      6.56142173600384382
