101    9.07106781185127886
 0.70710717797183464    -3.53553390184374416     2.12132014923102918
-2.12131326809614507     0.70710701008461962    -2.12132015602386703
 0.70710674262276763    -2.11953913471847999     0.70710722822007155
 3.53553307873300016    -2.11760921748387432    -2.12040676549797036
-3.53553389585907007    -0.70710619379083783     3.53553390173373128
 2.12132052969492468    -3.53478331779731469     0.70710657539158273
-3.53552966049313833     0.70710955985567403    -0.70710941932497196
-2.12131864921688607    -0.70710547954171432     2.12131906378440993
 1.54507968599392354     0.08821975177062472    -1.90162951776694422
 3.53553390184773075    -3.53273460385568638    -3.53553390183837779
 3.53553382881529510     1.31881880427296494    -3.53553383026331947
 1.54026487562100001     1.67945427290799998    -0.11712094838400000
-2.12131958378402841    -0.70710659616858529    -3.53553389655799499
 2.12079392068958494    -2.08155324882478920    -0.70713857323574680
-2.12131984127501072    -2.12131978573352020     3.53553382963338825
-3.53161669154902080     3.53553390185178751    -3.53553390185178662
 3.53553386183639962     3.53553386152628235     3.52554215383889158
-0.70710583996794707    -2.12131997709867148    -3.53553389988635614
 3.53386387894765708     3.53414550506446412     0.63493456694472672
-0.70710635710437231     2.12132051708845770     3.53553382956315820
-2.12061170643404040     2.12202843941153985     2.12061239979657490
 2.12184508654543436    -2.12004563360022802     2.12079572484254220
-3.53553390184371708     2.12132020302346458     3.53553390592563099
-3.53553384749375921     2.12132276866777092    -2.12132333525414918
-0.67940108052249903     0.72573037290551967     2.09293760741043888
-0.51578929801399487     3.53553383081910955    -0.92323652175231763
-0.57646445459406781    -0.57638669772656936     0.56449398084023217
-2.07463565177480413     3.53553365857030455     0.70643080202889730
 0.83318168538368143     2.02766940921873395     1.96236915021531666
-2.12131997777849923    -3.53553390183792571    -0.70710695090457831
-2.12131881092184837    -0.70710671531148250    -0.70710666117832821
 3.53553388778688937     0.70860373641326702     3.53553383651397102
 0.97315631392323731     3.53357056399717839     0.45231253332356575
 2.12132201610266113    -3.53553383182599257    -2.12132143316795752
 3.53553383144506217     0.22939441649621023    -1.76686298195868496
 2.12117571262480187     2.12192380755493781     3.48951936788654482
-2.12132015920498107    -2.12132036840243376     0.70710682394645252
-0.05976940292541102     0.74702769637890665    -0.89894375682711003
 0.70710736003308439    -3.53553390184374061    -3.53553390184373617
-3.53553375567458650    -2.12132020302327540    -3.53553390592562033
 1.33951335186145837    -0.34312907359989858     0.04045201325319554
-3.53553390184372462    -0.70710699826558610    -2.12131998593720317
-3.53553390225273256    -3.53553390592562211    -2.12132048408179097
 3.51190001402699981     3.53135839617899983    -1.45456056897399999
 0.79406158393954063    -0.62544787365293497     2.03614744568708383
-0.70710580890565633    -2.12131976397536848     2.12132069311823024
-0.70710463970958559    -0.70710483020862336     3.53553339004250988
 3.53553389006940666    -2.11877960146022915     0.70605816402308685
-2.11829371808880040     2.12132263398555132    -0.70711187544845000
-0.47980593139405603     3.53553383381442687     1.91329374667124941
-0.70292924843743299    -0.70293033006129624    -2.11712567206849833
-3.53553390184372107     2.12132392665803327     0.70710333861206720
 0.70710739555439106     3.53553388934817292     3.53553384017774031
 2.12206778419413977    -0.70635689026000981     3.53553389407706709
 3.53553390184377347    -3.53404080339016069    -0.70710698228199831
 3.53553384382609215    -0.70486833923970871     2.12057396203541648
-0.60501186110441207     3.53510066675895773    -3.53480456993794734
-2.12131583036394344     0.70710991503073861     0.70710387541340614
 3.53493281536527659     1.76027184253312252    -0.28884629986016280
-0.70710524183324552    -2.12132027097156106    -0.70710679195434956
-2.12131995031704523     0.70710698542318895     3.53553388547584291
 0.70783782595691402    -2.12058907859078749     3.53521954083241097
-0.70710653673858370    -3.53553388159760296     0.70710673282896075
 0.15748292129055058     2.17514716011678377    -2.28215605170836611
 3.51589699682164625    -0.18136605500698161     0.19040302720167634
-0.70710619416163378    -3.53553375073566034     3.53553390184373884
-3.53553390184371397    -0.70710684735516227     0.70710670683999899
 1.39866939573366444     3.53553383205260774    -1.50189696633095093
-2.11678391068753147     2.12131320672629364    -3.53553383101222041
 0.70710825202204042    -3.53553390186328143    -0.70710807249974594
 3.53553384101694279    -0.70430972120004065    -3.53553383416777622
 3.53553387313299972     2.10046912579602063     2.07561318620906343
 2.12132055010512000    -3.53553315760785924     3.53553390184371619
-2.12131999018024509    -2.12132022203282533    -2.12132039605848899
 3.53553366123341650    -2.12131914363349328     3.53553365249948870
-3.53553007162891753     0.70711022376106381     2.12131676045608764
-3.53250962545274794     3.53553390184376726    -0.70711057725692339
 2.12131916482172267    -2.11852216975073393    -3.53553387163863775
-3.53553382982210396    -3.53553390184369309     3.53553390184369309
-2.12132015558493858     3.53553384339543886     3.53553388707709448
 2.44201319845782816     1.89252926546357680    -1.96229864819232414
 1.39846428750569074     1.23227421538043602    -3.53553383235805363
-0.70710643763860093    -3.53553382109830494    -2.12132053554425548
-3.53553381019621282    -2.12132004795363072     2.12132063098762558
 1.43017397992499995     3.29095944341999980    -3.52880370181800007
-2.12131999948739969    -3.53553375069283948     2.12132058242334987
-3.53553390184371175    -3.53553390184370775     0.70710736003355490
 2.14248367929402050     3.53553383810745236     2.07486288960512821
 3.43375719680400016     3.53393621211200015    -3.52417938547500009
 0.70707652268542509    -0.70431246868299135    -3.53553386978609074
 0.70768012083241150     0.70768130756470626     3.53365963892536206
 2.24332664519426661     0.68815602849777702     1.49632720340774394
-3.53553387733561841     3.53553390592562566     2.12132048408158935
-2.12132019567751007    -3.53553385742888571    -3.53553390225274367
-3.53553390184373306     0.70710621055623468    -3.53553390188245809
-2.11721936446391590     3.53553383012788558    -2.12132739668940085
 3.53553390184773075    -3.53553383016372669     2.12132012884032273
-0.60035108688299998     0.80983717373300002    -3.53538165151599992
-3.53553390186716365    -2.12132070116804927    -0.70710656409325623
-0.51331344869988427     2.11657084151600694     0.48620943796713029
 0.70710803070366579    -2.12131845291694310    -2.12132064550500488
