102    9.07106775154800005
 2.12099931372782669     0.70742841240137078    -0.70617039248355340
 3.53553383518068687     0.70780932726330292     0.70780911086095522
 2.12119480553985795     2.12133242502720520    -2.12119464272414904
 0.70636195207039754    -3.53538574094621616    -0.70636222674989591
-2.12233748210095330    -2.12029897588228877     0.70858170345092852
-3.53553383848072800     0.75092455573070405    -0.66452587821895803
-3.53553384089053857     3.53553384089053857    -3.53553383791385789
 0.68738375765638526     2.14129566112956793    -0.68642112288154378
-2.14231748586209614     0.72824205430172417    -2.09925014146888778
 2.12099471030416131    -0.70678055333795609    -2.12039823582674813
 0.36474077245341463     3.01484891926849619     1.19179401434245724
-3.53553384010788507     0.70710692729757263    -3.53553369143043827
-0.72088459952933537    -0.41245056218685439     3.53553372916379960
 3.53553372598614501    -3.53553384027731754    -3.53424768532205524
-3.53553375777683287    -2.12087557364977641    -0.70666184383592145
 0.68677448955930476    -0.68676578124806875     2.14152976482187762
 2.10429821389133886     0.72417773904150484     2.13865404614899912
 3.53553384001442961    -3.53553384089053768     2.12132071303186631
-0.72828070571297709    -0.68616944155955462    -2.10022918960889760
 2.12132012530587977    -2.12132032208144539     2.12132023495348143
-3.53552956612312341     3.53526494182395323     1.53523420914078201
 2.12131995350766589    -3.53553384089047285     0.70710649710982854
 3.47150049610763745     3.53553383885711714     3.53553383968537860
 1.86265252051038277     2.13496978592720232     3.53553384030263995
 3.53553384046970898     3.53553384089399581    -2.12132027801445844
-3.53553363653659547    -0.44085576979727736     0.94160601415119183
 2.10387069119840309    -0.69006281218939214     0.72446753777065820
 0.68672682110782801    -2.10133679085816727     0.72746898589569275
-2.13933639592532687    -1.82258539560973554     3.53553363561181921
-2.12132031013199684    -0.70710667695265239    -3.53553384089053013
 2.12131919032380623    -0.70710601610062940     3.53553372603689642
-3.53553384092312450    -2.12132027090771391    -3.53553384005951532
-0.72970144855985397    -2.09871372467401907     2.14388624166204744
-0.70785163422544295    -3.53478231635778251     0.70785118302411720
-1.53552957185583194     3.53538553475144690     1.53532705605610786
-2.12206484053641642    -3.53524504495983871     2.12206502575722000
-3.53553260324782048     2.16374433673420263    -2.08013209144790334
-1.04902305140643581     1.60536587733134994     1.31274609254695718
 3.53553384089057543     2.12132062732316751    -0.70710636683918249
 0.45218087857679207     3.53553384018593775     3.31419681848546777
 2.05743807464565798     3.53553384005114024     2.12115096481438314
 3.53553383122624298    -2.12131984363357828     3.53553384052120911
 3.53553384092312450     2.12132027902731002    -3.53553384089396427
 2.12065511283739960    -3.53553384087830569    -2.12065514731617188
-3.53553364533270820    -0.70650336760402443    -2.12071683212334383
 0.70710674714223598     2.12132024710744371    -3.53553384089053102
 0.70681885995223126     3.53553358826520281    -2.12103237448732918
 3.53553376634643968    -0.70710660615003840     2.12131995324185807
 0.67536429112956153    -0.67514911251816656    -0.67527306981378799
 3.53553384088672829    -0.70646408196941113    -0.70646348656674307
 3.53553384016964900    -2.12067731896635214    -2.12067737431746872
-0.70805879458925503    -2.11974305848593003    -0.70579103781724994
-2.09758562292159745     3.53553368470855256    -1.85540188985967980
-2.12132082310877434     2.12132038455585992    -3.53417727662949543
 0.70710627600031672    -3.53553382513504655     2.12131994434912974
-0.71893814058834460     3.53553383639151875    -0.40649500872477384
 3.53553384088527478     0.70710706544062207    -2.12131992971764261
-3.40473616592050288     1.57653092532020933     1.15269793777918350
 0.70710677638355435    -3.53553384013803207    -3.53553379354379382
 3.53553384033826301    -3.53553384018997408    -0.70710706307368010
-3.53532775186634307     3.53528530235267580    -0.46477908691466246
-0.79253911426417611    -0.62788144177793792     0.78973846686247451
 2.12096920252863175     2.12167173077063032     0.70801341299041465
 2.12132027807274515     3.53553384092312450    -3.53553384049090980
 3.53553383954551181    -0.70710691059944164    -3.53553383653465492
-0.70710675530413181    -2.12132024706514777    -3.53553384089053102
 2.12131984302427190    -3.53553384089054479     3.53553384089054479
-3.53553384024361339    -3.53553384009529026    -2.12132026905506654
 2.12118209873939456     3.53553362456807996    -0.70696850411314005
 3.53553384010924665     3.53553384089053857     0.70710754433955081
-3.53553384089050926    -3.53553382273777217     0.70710732262227083
-2.09819619026540671     0.15188535314281915     2.19966778632592286
 3.53553384089058920    -2.12132060341524742     0.70710682576099881
-2.13005768430775788     2.12317284559061692    -0.28826610807348552
-1.54895458534655006     1.53535705627687813     3.53546009508820624
 0.70655459602124970    -2.12076833252516073     3.53553370912454312
-1.53553386306139172     3.53531202547759316     3.53553379452510974
-2.12132028619234214    -3.53553384092312628    -3.53553384089048395
 0.26709689186762314     1.20629267532198914     2.76495787862909026
 0.66725801837764254     0.74754094538300442     0.74783558129031957
-3.53522103678524013     1.57299545067964397     3.14843369265508422
-0.70710713666609248     0.70710714024862431    -3.53491802233788377
-2.14342287560771005    -0.68491959562478988    -0.68398479227480846
-0.70763329333096492     2.12153804668939561    -2.11943789324061882
 2.12131994396178625    -2.12132002922573859    -3.53489045683275060
 0.70668199238810159     0.70741844692371558    -2.12028018824170150
 0.70677393716897519    -2.12098799446775388    -2.12039152106978390
-0.73886164535486132     0.73905329363700889    -0.67440049373198208
-0.70710695817291258    -3.53553384089060696    -2.12132004415251618
-3.53522167588140857    -0.38924754914414006     3.53521842668475816
-3.53553383926709719     3.53523523371549642     3.53523476281005289
 2.12132031015180145     0.70710668505244456    -3.53553384089053013
 3.53553383943585287     2.12204506614343869     2.12204552307359107
-2.12143127684543398    -2.12098671957187035    -2.12098647456125500
-2.12132051165910962    -3.53553376248533180    -0.70710647289252271
-0.70710725872620128     3.53553373820126682    -3.53553364696036221
 2.10439822099280516    -2.10439788856741394    -0.68987723255248290
 3.53553384010956817     0.70710663094739823     3.53553384089054212
-3.53553384034512019    -3.47035053872703880     3.53553384034651197
-0.70710695229361398    -3.53553382080658851     3.53553384080868494
-3.53553377626192766    -2.05514663531155506     2.12231131264573758
 0.70710642206109575    -0.70710642564359616    -3.53493695999838842
