133    9.91590508299499973
-0.93679527142382024     3.95795254149735021    -1.27634452597187042
 0.72908317468755102     0.72785342898917249    -2.97971009146948296
 2.45443557482025732    -3.95795254149734843     0.01047795150286368
-3.95795254149725340     3.95795254149724984     1.34480964443232032
-3.95795254149736886     2.46260092846138123     0.01668180668814218
-0.88496156610452836    -3.95795254149727871     2.15525000104948461
-0.50648701276438457     2.62027846736946968     2.16863473950077612
-2.14940626059582085    -0.79475407096715245    -1.57166497521471626
 2.53207488398000002     3.95775425726100005    -1.94841401229199995
-2.46113672574075215    -0.53218035051924062    -3.95795254149737596
 0.99603176425622919    -0.99603176425623896    -3.95795254149736042
 3.95650729127499989    -3.95763796813599988     3.34728151802399987
 0.56113293572056910    -2.12510742099827610    -0.11978940330998063
 3.95795254149734577    -0.96340942730112722    -3.95795254149736175
 1.01011791283754926    -2.47732694627411965    -2.61423896928460486
-3.95795254149726139     3.95795254149727072     3.34480964443232365
 2.29858739500033371    -2.29858739500033193    -1.09506203214212250
 3.95795254149736309    -3.95795254149736175    -1.30839912044663431
 0.47909595129469063    -2.49957788725848795     2.04348928746640857
 2.22590218229600323    -2.22590218229600323     0.98401482378447747
-3.95776815676999982    -3.95527700781800018    -0.50805304313800004
 3.95795254149732756     0.99367582253429332    -0.69262306311517485
 2.49252552207099987     2.61941403920799987     2.26321764141400017
-1.49618183694961449    -2.01775537134279093     3.95795254149736531
-3.95795254149683906     0.07081211630942846     3.93360100420768566
-2.24577752778518258    -2.24407649301355150    -2.94650209131752039
-2.56589766255900020    -2.54506181253199992     2.30860587000600015
 1.92136618539452031    -0.50149409393417110     3.95795254149728226
-1.14913744853101107    -2.35589144023844188     0.89100926567178396
-3.95795254149734976     0.93679527142382002    -1.27634452597188264
 2.49141309485572426    -2.49141309485582862    -3.95795254149712283
 1.87375832857067004     3.49099131448695355     3.95795254149728359
-3.49099131448698152    -1.87375832857066493     3.95795254149729647
-0.47106853576303748    -2.45451159324750723    -3.95795254149734932
-2.49520853018824473    -2.49763525690058641    -0.58140417272653300
 0.53218035051924872     2.46113672574074283    -3.95795254149737374
-3.77924844378151992     2.06266347825696839     3.95795254149739639
-2.06266347825695906     3.77924844378151725     3.95795254149739639
-0.73982852454615211     0.73982852454615045     1.32431344259748851
 0.71463710531199998    -0.72164742486300004    -1.58931708353200007
-3.87989352727876646     0.96065163266081499    -3.95795254149735598
-2.46044129962629565     2.46044129962630098    -1.30900873656584560
-2.45828563763201036     3.95795254149724141    -2.63469928627626793
-2.04678788668710121    -3.95795254149739550    -3.95795254149738973
-3.95795254149724585    -2.34928800095121293     0.77446198919368714
-3.95795254149692477     3.95795254149691411    -3.95795254149698694
 0.46571044753957025    -3.95795254149722409     0.67492646604998852
-0.78389018914248221    -0.64493518145430295    -0.11807625795395736
 3.95795254149734044    -2.02554498264471183     3.95795254149739772
 3.95795254149726450    -0.92034994568992368    -1.27271388236135130
 0.96340942730112722    -3.95795254149735687    -3.95795254149736619
 0.97852838638909712     3.93101193467824084    -0.68166035552523530
-3.95795254149723741     2.45828563763200103    -2.63469928627626659
 0.53412867647238194     3.95795254149734754    -2.63147652673988564
 0.97901046293858285     3.95795254149734710     2.23128712242624294
-3.95795254149734532     0.48426059738751270     0.68198277691304277
-0.72333203183858308    -2.22275087878806987    -1.64969642736867073
 2.34928800095121382     3.95795254149725739     0.77446198919369036
 0.02773216161519411    -3.86444354656341993     3.95795254149467413
 3.95795254149736353     2.34166824618070635     0.78484653920897163
-3.95795254149736531    -3.95795254149735776     1.96282152905923812
-0.96065163266082210     3.87989352727875270    -3.95795254149735953
 1.99979607667676462    -3.95795254149739772     1.95811829990599451
-0.91176484785440537     2.43656699109979957    -2.57432737829986147
 0.02283995484530278    -0.02283995484530882     3.54992268100949460
-0.73903700193877309     2.22902643896560582    -0.29059293513639051
 0.93526751419582421     1.24000286565243445     2.29584773920766638
-2.14716521306268415     2.14716521306268593     1.12731879721179973
 2.42386717479937275    -3.95032793661768311    -2.59156861551872941
 0.92034994568993533    -3.95795254149724895    -1.27271388236135841
 3.95795254149724363    -0.46571044753956292     0.67492646605000917
-3.95795254149732045     3.95795254149734044    -1.31144603105599789
 2.02554498264461280    -3.95795254149734044     3.95795254149739772
-1.96645353642670773    -3.95795254149735509     3.83762187377225761
 2.47732694627411787    -1.01011791283754637    -2.61423896928460442
 2.49957788725848395    -0.47909595129470045     2.04348928746641034
-2.55157470270146058    -3.95795254149468079    -1.94679652766221301
-3.95795254149739639     2.01726193812286603     1.96646979097882624
 3.95795254149735642     1.96645353642670084     3.83762187377229180
-1.93461093342762092    -0.06640201344947928     3.95795254149734932
-3.95795254149731246    -3.81848124263040489     3.95795254149736664
 3.94217553495672313     3.95795254149728537    -3.36871511204341756
-2.46260092846137368     3.95795254149736797     0.01668180668814988
 3.95795254149453068     2.55157470270146236    -1.94679652766219657
 2.03094576024484397     3.95795254149739639    -3.95795254149739018
-3.95795254149739684    -2.03094576024484530    -3.95795254149738662
-2.62027846736947678     0.50648701276438701     2.16863473950077434
 3.95731904260899991    -3.95660148099800013    -3.95609496488199985
 3.94807531674499979    -3.95734417040900022     1.34707036465199992
-2.34166824618071434    -3.95795254149736131     0.78484653920896219
 2.01775537134279803     1.49618183694958762     3.95795254149736708
-0.54168922969298761    -3.95795254149734843    -2.64088077704619772
 3.95795254149739550     2.04678788668708966    -3.95795254149739550
-3.93101193467821330    -0.97852838638908324    -0.68166035552522553
-0.07081211630940001     3.95795254149684661     3.93360100420753511
 3.95795254149739772    -1.99979607667677284     1.95811829990599606
 0.93083073117904258     2.54800551985862045     0.77978833906494560
 0.67344396531087947    -0.67344396531088546     1.25136319361503756
 2.49763525690056065     2.49520853018726108    -0.58140417272700606
 3.95773389851399982     3.95771832132800006    -0.52370104047499999
 2.12510742099826988    -0.56113293572056910    -0.11978940330998077
-3.95763393364800020    -2.52525119667599984    -1.94949475161299990
 0.79475407096716655     2.14940626059583684    -1.57166497521470427
 3.86444354656341993    -0.02773216161517786     3.95795254149463371
-2.01726193812284382     3.95795254149739639     1.96646979097882690
 2.45451159324751034     0.47106853576303837    -3.95795254149734843
-0.72785342898917627    -0.72908317468754680    -2.97971009146948695
-0.70809586678444214     0.70809586678444192    -1.58898149052342830
 0.50149409393415512    -1.92136618539452941     3.95795254149729736
-2.45597719587000007     2.45394333313300006    -3.95744820560999999
-1.86100605978400369     1.86100605978400102     3.42910431959401762
-3.95795254149735287    -0.53412867647238693    -2.63147652673987986
 3.95795254149735154    -2.45443557482025421     0.01047795150286033
 3.95032793661774262    -2.42386717479936875    -2.59156861551872320
 3.95795254149736087     3.95795254149736486     1.96282152905923746
-2.43656699109979336     0.91176484785441902    -2.57432737829986946
-3.95795254149734799    -0.97901046293858662     2.23128712242624383
 3.95795254149734754     0.54168922969298450    -2.64088077704619018
-0.99480201855790629     0.99480201855790062    -3.95795254149731957
 2.22275087878807476     0.72333203183858741    -1.64969642736866651
-0.48426059738750660     3.95795254149734399     0.68198277691302567
-3.95795254149729647    -3.94217553495606765    -3.36871511204341223
 3.95795254149727738     0.88496156610451060     2.15525000104954190
-2.22902643896561070     0.73903700193878041    -0.29059293513639572
 0.06640201344947542     1.93461093342761625     3.95795254149734932
 2.35589144023844144     1.14913744853100619     0.89100926567179095
 2.24407649301355949     2.24577752778518747    -2.94650209131751550
 0.64493518145430218     0.78389018914248865    -0.11807625795395615
 2.22222531597197648    -2.22222531597199380     2.98400806410011299
-2.54800551985861867    -0.93083073117903714     0.77978833906492973
-0.99367582253429831    -3.95795254149729114    -0.69262306311518262
 3.81848124263040534     3.95795254149730491     3.95795254149736886
-1.24000286565244555    -0.93526751419582632     2.29584773920766105
