136   10.00250138379299969
 4.00125069189635774     2.16424297220046036    -0.82416566248104428
-2.07028402063392258     2.12240311152900274     0.70915971067003603
-4.00125069189641458     2.58941597086864528    -2.58466228290104683
 0.75417313301014066    -0.69177347524665822    -2.10844206001426571
 0.62914918922088869    -0.26477140442467278     4.00125069189636751
-2.58434769863372260    -4.00125069189642080     2.58938872558623023
-4.00125069189284233    -1.16778640265114064     4.00125069189641813
 0.58777182496833691     4.00125069189619786     2.58630281556047015
-4.00125069189626181    -2.58507409085138740    -0.23440081249647066
 3.72788114524550451     4.00125069189631954    -4.00125069189579374
-0.82570704196598832     4.00125069189632931     4.00125069189629379
 0.27589650121687120    -4.00125069189648563     2.61713380606414558
-2.58508542731886859    -4.00125069189644567    -0.23438944458634797
-2.58436253518074777     0.24893087017854387     4.00125069189648741
 0.75660023943635624    -2.10645645521193048    -0.69470015451984335
-2.08443025335782295     0.70890800362782147    -0.70570122385291711
 4.00125069189635152     0.62094994031152351    -2.51079598777489954
-1.16807387390529027     4.00125069189643057    -4.00125069189627602
 0.26618782580070766     4.00125069189644034    -2.55110351736087670
 2.05288049111690851     4.00125069189624583    -1.65236589174074511
 4.00125069189639060    -2.49861498001708471     0.56785062066345338
 4.00125069189637728     0.62718655951167601     0.61682244628392591
 0.77406890890687685     0.72268782675495880    -0.69461626337532678
 4.00125069189648741    -4.00125069189642968    -4.00125069189648919
 1.91617334330700007     0.93961410806000001     0.93436919890000003
-4.00125069189641280     1.66598993139269558     4.00125069189643234
 0.63068323766809165     2.48999148745839971     1.13811531800039556
 2.75355980206469164    -0.93576138096032080     0.59534737222814260
-0.67116801528261127     0.71116925869788883    -2.12086366440741125
-4.00125069189642257    -0.23427882661147195    -2.58468755369175218
 0.77233850263011228    -0.69196948326668262     0.71915235308793724
 2.69779076962598907    -0.97641741301432816    -2.48437863887823607
-2.21159918488270302     4.00125069189432292     2.55927185425624071
 4.00125069189647498     4.00125069189634619     4.00125069189625560
 4.00125069189633997    -0.80519414419474888     2.15298007608181896
-0.65452122474022789     2.12234894910327743    -0.70350291813760513
-2.10665233349034509    -2.11924045050472021    -3.53459700897787110
 0.81908544921429449     2.12912333482499472    -2.11585258177509683
-4.00125069189630711     1.17758124984075541    -4.00125069189644034
-0.99271004206756963     2.36439777943726037     2.42800049801656215
 2.70303093479552992    -2.48002896543831231    -0.96275076124697934
-4.00125069189648652    -4.00125069189642346     1.17786971838757482
-2.09510298326186950    -2.11941382794584143    -0.70570033826113088
-4.00125069189220639     4.00125069189644478    -1.16807387390556339
 2.79431876406364088     2.21303683062893830    -2.41819655332278138
 2.00125069189647098     4.00125069189648652     4.00125069189642169
 2.68745508088275908    -4.00125069189598825    -2.49329144427702376
-1.16268331715452455     2.59485573923409918    -2.57927172615030775
-2.21203183506868850     2.55968780113201433     4.00125069189531413
-2.58472784540045541    -2.58471651467835040     1.17749964344746871
-4.00090895336671970    -4.00125069189645366     4.00125069189645366
-2.58451853697082390    -2.58468944757941488     4.00125069189643501
 4.00125069189637106    -0.95864731198897180    -0.96758054600480869
-0.69421114712957166    -0.70330720423171433    -3.54655264240482948
 2.02350669102126890     1.16902446068601029     4.00125041645253354
 4.00125069189623872     4.00125069189629468     2.00125069189624982
-0.79403784513484321     1.14041138270365572     4.00125069189638971
 1.87279781555445557    -0.42558991663289519     2.44321490913983297
 3.24706559708988030     2.43778917152368901     1.00787618191213446
 1.71795630229033502    -3.93281110918378873     4.00125069189643501
-3.82403253797700016    -3.82621300566600020    -3.88831899076199994
 4.00125069189634708    -2.49331956643650043    -2.48408202767064878
 2.68230665147193958    -4.00125069189643412     0.51812602299096444
-4.00125069189641458    -1.64613890306370081    -4.00125069189643856
-0.67222504184781884    -2.12163732432783503     0.70673630067802651
-4.00125069189644833     2.59008741529062370     0.24918340928585675
-2.58456238554323203     1.17768149418304491    -2.58456238554325290
-4.00125069189632221    -2.58451856788201795     2.58956022582382994
 2.01132336569443204     4.00125069189632132     1.17678210797722715
-0.65495246825565911    -0.70338856682338058     2.12011990765823422
-2.07175280911800064     0.70822963663370819     2.12341259667132531
-2.58446249527858596    -0.23405298250307002    -4.00125069189640659
 1.27925709589300007    -2.58346386420500007    -2.58035460223899982
-3.49707941025880764     0.71035580450170277     0.71007427508029763
-4.00125069189648741     0.24910176437078541     2.58971680206108967
 2.80304509493722920    -2.40648094457142792     2.16654216906428809
-4.00125069189642968    -4.00125069189642524    -1.64664860756032949
-0.65130339820415539    -0.68599042345117567    -0.68555686558789608
-0.69449259209588898    -3.54709799925996894    -0.70279531898863701
 2.05610913611939061    -1.66612264874118066     4.00125069189641636
 0.46100264309733757     0.99101521454873920     2.45123322172419345
-2.58466228290056144     4.00125069189635152    -2.58466228289151267
-2.09591824012939298    -0.70523014171487619    -2.11994354116314510
-1.16117550082501708    -1.15625191694978557     4.00125069189642879
 3.24734554448546975     1.02710015687818235     2.42560550219437543
 3.71678496516219825    -4.00125069189642080     4.00125069189642968
 1.19909203217613536    -1.16009244372572962    -4.00125069189643146
 1.86299737860803938     2.42520867261382156    -0.43579860751784943
-1.15594679334825390    -4.00125069189645188     1.18950628274338444
 0.58777182496531932     2.58630281556356545     4.00125069189641636
 0.26578444607348484    -2.55760316126629395     4.00125069189645632
-2.08475232537987010    -0.70574132699197634     0.70901621424267558
-2.58466228290082922     2.58941597086867015    -4.00125069189637639
 0.75159696935028930    -3.52592013944547134     0.73358132988402602
 1.37211280646400002    -3.99929634082600005    -4.00050091743599978
-2.58467493611553278     2.58940329113915491    -1.16786144485884336
 4.00125069189645632    -2.04087041915483391     3.72559069015664335
 4.00125069189643146    -4.00125069189626004     2.02158424263949188
 0.82655325152297920    -2.10223906809660033     2.13626224971069067
 4.00125069189631422     3.76100359208237700    -2.03464182839625707
 3.88917253361399995    -0.04797783542200000     4.00124169652599981
-0.59794239605309718     0.77013571503085654     0.76901811931760822
-4.00125069189634797     4.00125069189648741    -4.00125069189648741
-3.51907606517219040    -2.11849387880306272    -2.11859607507538517
 1.72977857564714155     4.00125069189630533    -3.91415234883194918
 0.28216127213178499     2.62400052536936457    -4.00125069189643501
-0.79816267879584790     3.88937959654834842     1.14871093700049265
 2.00395305597681617     2.58507150393105789     2.58900807647830922
-0.20167479870481053    -2.58762608098397440    -4.00125069189525018
 2.69813389412623073    -2.48405373323581102    -4.00125069189517646
-1.16202556026728709    -2.57875701008109992     2.59537781805099366
-3.50860836365016038    -0.70449322464428887    -0.70420837106229661
-1.16813858815229366     4.00125069189639238    -1.15729300719935191
 0.61855407716391086     4.00125069189463289    -0.25855538157921515
 2.67097269999650289     0.52658236521821711    -4.00125069189641280
-0.66789812750400002    -2.11494018032699982    -2.11273674946800005
-1.15731356989076595     1.18846070696174655    -4.00125069189641458
-1.16778644401514620    -4.00125069189625826     4.00125069189648297
 4.00125069189641991    -0.96685677457514063    -4.00125069189635418
 4.00125069189646165    -4.00125069189626181    -0.98533219665753546
-4.00125069189643856    -1.16763040086016301     1.17802633598857298
 0.73487922548802731     0.73056137094184093    -3.54306445990149088
-3.82646196864800014     3.95698703786499983     3.91802431350299996
-2.58444053391042772    -1.16787928870053803     2.58963850449752186
 2.75460204106709838     0.60514342915514563    -0.94694903375712181
-3.48405224343567621     2.12435436506635345     2.12444281391508882
-1.61647706737086239    -4.00125069189643234    -4.00125069189644655
-2.10639042481646221    -3.53423355739241885    -2.11926240865023052
-4.00125069189648741     1.17755589441643371    -1.16809914469634446
-4.00125069189641636     4.00125069189644034     1.66644069247728277
-0.19892599237691733    -4.00125069189559035    -2.58645109354603298
 4.00125069189641813     2.00125069189633553     4.00125069189639770
 3.99999950109799984     4.00124966915699964    -0.02031406156000000
 1.19962332596174126    -4.00125069189648741    -1.15674489849246220
-2.58400645417460684     4.00125069189643146     0.25526431410320405
 4.00125069189640925     2.02002150501158440    -4.00125069189630800
