143   10.01387685344800005
-2.12132034355964239     2.12132034355964327    -0.70710678118654768
-0.23570226039551415    -4.00693842672376821     2.59272486435067595
-4.00693842672376910     1.64991582276861015    -4.00693842672376910
-4.00693842672376821    -4.00693842672376821     1.64991582276861348
 1.17851130197758081    -4.00693842672376821     1.17851130197758081
-4.00693842672376910     4.00693842672376999     1.17851130197757925
-4.00693842672376910     1.17851130197758036     4.00693842672376999
-2.12132034355964105    -3.53553390593273731     2.12132034355964416
 4.00693842672377176    -2.59272486435067195    -0.23570226039551359
 1.17851130197757925     2.59272486435067506    -2.59272486435067462
-1.64991582276861126     4.00693842672376999    -4.00693842672376910
 4.00693842672377176    -4.00693842672376732     1.17851130197758125
 2.12132034355964327    -0.70710678118654557     0.70710678118654824
-4.00693842672376821    -1.64991582276861015     4.00693842672377087
 2.59272486435067595    -4.00693842672376732     2.59272486435067551
 0.70710678118654902    -3.53553390593273686    -0.70710678118654613
-0.70710678118654635    -2.12132034355964150     2.12132034355964416
 0.23570226039551781     2.59272486435067684     4.00693842672377087
-4.00693842672376910    -1.17851130197757925    -4.00693842672376910
 2.59272486435067639    -2.59272486435066973     4.00693842672377176
 0.23570226039551759    -2.59272486435067417    -4.00693842672376910
 1.17851130197757925     1.17851130197757947    -4.00693842672376910
 4.00693842672376999     1.17851130197758036    -4.00693842672376910
-1.64991582276860926    -4.00693842672376910     4.00693842672377087
-0.23570226039551578     2.59272486435067462    -4.00693842672376999
-2.12132034355964327     3.53553390593273820    -2.12132034355964283
 2.59272486435067506    -1.17851130197757614     2.59272486435067506
 2.12132034355964416    -2.12132034355964105    -0.70710678118654646
 2.58112458489600005     2.23611122547400010     4.00535513010400024
-2.59272486435067329    -2.59272486435067417    -1.17851130197757770
-2.12132034355964150    -2.12132034355964150     3.53553390593273953
-1.17851130197757992     4.00693842672377087     1.17851130197757903
 2.12132034355964283     0.70710678118654902    -0.70710678118654724
-2.59272486435067462     4.00693842672376999    -0.23570226039551612
-0.70710678118654713     0.70710678118654902     2.12132034355964283
 2.59272486435068039     0.23570226039554809     4.00693842672377620
 0.70710678118654802    -0.70710678118654591     2.12132034355964327
 2.59272486435067462     4.00693842672377087    -2.59272486435067462
 0.70710678118654724     2.12132034355964416    -0.70710678118654779
 4.00693842672377087    -4.00693842672376555     4.00693842672377087
 2.12132034355964372    -2.12132034355964194    -3.53553390593273642
 2.59272486435067595    -4.00693842672376732    -0.23570226039551384
 2.59272486435067595    -2.59272486435067195     1.17851130197758081
 2.59272486435067417     2.59272486435067462    -4.00693842672376999
-0.23570226039551606     4.00693842672377087    -2.59272486435067462
 3.99695955223099997     2.23984591862999993     2.59275481073400016
-1.17851130197757881     4.00693842672376999     4.00693842672377087
-4.00693842672376910    -1.17851130197757925    -1.17851130197757770
-4.00693842672376910    -0.23570226039551492     2.59272486435067506
-0.70710678118654680    -0.70710678118654724    -2.12132034355964194
-4.00693842672376999     2.59272486435067462    -0.23570226039551581
-1.17851130197757770    -4.00693842672376910    -1.17851130197757770
 2.12132034355964194     2.12132034355964461     0.70710678118654735
-0.70710678118654680    -0.70710678118654591     3.53553390593273908
 3.53553390593273953    -2.12132034355964150    -2.12132034355964105
-3.78758887290699997    -3.98716815799699997     3.95886985593800000
-1.17851130197757814    -1.17851130197757925    -4.00693842672376910
 3.53553390593273908    -0.70710678118654591    -0.70710678118654657
 2.12132034355964416    -3.53553390593273686    -2.12132034355964105
 4.00693842672377620     0.23570226039554845     2.59272486435068039
 2.59272486435067462     1.17851130197758036    -2.59272486435067417
 3.53553390593273775     0.70710678118655035     0.70710678118654802
-3.53553390593273686    -0.70710678118654713     0.70710678118654857
 0.70710678118654791     0.70710678118654835    -2.12132034355964239
-0.70710678118654680    -0.70710678118654668     0.70710678118654813
 2.12132034355964194     3.53553390593273997     2.12132034355964194
-3.64433100152399980     3.63836821633700014    -4.00601426424599971
-4.00693842672376821    -2.59272486435067417     0.23570226039551756
 0.70710678118654835    -0.70710678118654657    -0.70710678118654680
-3.53553390593273775     2.12132034355964239    -2.12132034355964239
 0.23570226039551756    -4.00693842672376910    -2.59272486435067284
-4.00693842672376910     0.23570226039551548    -2.59272486435067373
-2.12132034355964194    -0.70710678118654713    -0.70710678118654691
-1.17851130197757747    -4.00693842672376910    -4.00693842672376821
-0.70710678118654791     3.53553390593273908    -0.70710678118654813
-4.00693842672376999     4.00693842672376910     4.00693842672376999
 4.00693842672377087    -1.17851130197757548     1.17851130197758081
-4.00693842672376910     1.17851130197757969     1.17851130197757925
-2.59272486435067284    -2.59272486435067462    -4.00693842672376821
-1.17851130197757770    -2.59272486435067417    -2.59272486435067329
-0.70710678118654757     2.12132034355964372     0.70710678118654735
-2.59272486435067373    -0.23570226039551448     4.00693842672377087
 4.00693842672377087    -2.59272486435067062     2.59272486435067595
-0.70710678118654724     0.70710678118654835    -0.70710678118654746
 4.00693842672377087    -4.00693842672376910    -1.64991582276860904
 0.70710678118654891    -2.12132034355964150     0.70710678118654868
 4.00693842672376999     4.00693842672376999    -1.17851130197757858
 2.59272486435067506    -0.23570226039551487    -4.00693842672376910
 0.70710678118654768     0.70710678118654902     0.70710678118654757
-4.00693842672376821    -4.00693842672376999    -4.00693842672376732
 1.17851130197758125    -4.00693842672376732     4.00693842672377087
 0.70710678118654713     2.12132034355964505     2.12132034355964283
 0.70710678118654757     0.70710678118655002     3.53553390593273820
 0.70710678118654680     3.53553390593273953     0.70710678118654702
 0.70710678118654846    -0.70710678118654724    -3.53553390593273686
-1.17851130197757947     2.59272486435067595     2.59272486435067462
-2.12132034355964150    -0.70710678118654646     2.12132034355964372
-2.12132034355964239     0.70710678118654835     0.70710678118654791
 3.87464639971500002    -3.73527130595000001    -3.92496065612299994
 4.00693842672376999    -1.64991582276860993    -4.00693842672376910
-2.59272486435067417     2.59272486435067506     1.17851130197757947
 2.12132034355964372    -0.70710678118654646    -2.12132034355964194
 1.17851130197757903     4.00693842672377087    -1.17851130197757992
 2.12132034355964239     0.70710678118655013     2.12132034355964283
 1.64991582276861370    -4.00693842672376910    -4.00693842672376821
-2.59272486435067462     4.00693842672377087     2.59272486435067462
 4.00693842672376999    -1.17851130197755216     4.00693842672376999
-4.00693842672376999     4.00693842672376999    -1.64991582276861082
-2.12132034355964239     2.12132034355964283    -3.53553390593273775
-2.59272486435067417     1.17851130197758014     2.59272486435067462
-0.23570226039551403    -2.59272486435067240     4.00693842672377087
 4.00693842672376999     4.00693842672376910    -4.00693842672376910
 2.59272486435067373     4.00693842672377176     0.23570226039551534
-0.70710678118654746     2.12132034355964327    -2.12132034355964283
-3.53553390593273642    -2.12132034355964150     2.12132034355964416
 1.17851130197758103    -2.59272486435067195     2.59272486435067595
-4.00693842672376999     2.59272486435067462     2.59272486435067417
-2.59272486435067373     0.23570226039551542    -4.00693842672376910
-2.59272486435067417     2.59272486435067506     4.00693842672376999
 4.00693842672377087     2.59272486435067728     0.23570226039551884
 1.17851130197757947     4.00693842672376999    -4.00693842672376910
-3.53553390593273731     0.70710678118654768    -0.70710678118654724
 4.00693842672376999     2.59272486435067506    -2.59272486435067373
 4.00693842672376999     1.17851130197758081    -1.17851130197757881
 0.23570226039551495     4.00693842672377176     2.59272486435067417
-0.70710678118654635    -2.12132034355964194    -0.70710678118654657
-2.12132034355964150    -2.12132034355964194     0.70710678118654902
 0.70710678118654891    -2.12132034355964194    -2.12132034355964150
-4.00693842672376821    -4.00693842672376910    -1.17851130197757747
-2.12132034355964239     0.70710678118654779    -2.12132034355964239
 1.64991582276862614     4.00693842672375844     4.00693842672377620
-2.59272486435067284    -4.00693842672376910    -2.59272486435067284
 4.00693842672377620     4.00693842672375844     1.64991582276862769
-1.17851130197757903     1.17851130197758081     4.00693842672377087
-0.70710678118654724     0.70710678118654768    -3.53553390593273731
-4.00693842672376821    -2.59272486435067417    -2.59272486435067284
 2.59272486435067417     2.59272486435067551    -1.17851130197757947
-0.70710678118654624    -3.53553390593273686     0.70710678118654902
-2.59272486435067329    -1.17851130197757925    -2.59272486435067373
-2.59272486435067284    -4.00693842672376910     0.23570226039551753
 4.00693842672377087    -0.23570226039551473    -2.59272486435067373
 3.85054769458700008     3.77564422922600018     3.86969366987400010
 1.17851130197758036    -1.17851130197757592     4.00693842672377087
