14    4.82842712474619162
-1.41421356237309537     0.00000000000000000    -0.00000000000000000
 1.41421356237309492     1.41421356237309492    -1.41421356237309492
 1.41421356237309492    -1.41421356237309492    -1.41421356237309492
 1.41421356237309492     1.41421356237309492     1.41421356237309492
-0.00000000000000000    -0.00000000000000000     1.41421356237309537
 1.41421356237309492    -1.41421356237309492     1.41421356237309492
-0.00000000000000000    -1.41421356237309537    -0.00000000000000000
-1.41421356237309492    -1.41421356237309492    -1.41421356237309492
-1.41421356237309492     1.41421356237309492     1.41421356237309492
 1.41421356237309537    -0.00000000000000000    -0.00000000000000000
-1.41421356237309492     1.41421356237309492    -1.41421356237309492
-0.00000000000000000     1.41421356237309537    -0.00000000000000000
-0.00000000000000000     0.00000000000000000    -1.41421356237309537
-1.41421356237309492    -1.41421356237309492     1.41421356237309492
