163   10.48528137423899942
-2.82842746107226484     2.82842674182752818    -1.41421322604684541
-4.24264066588439448     2.82842626211037151     0.00000069498757490
 4.24264068711925901    -0.00000000000000772     0.00000000000000028
-1.41421356237312379     4.24264068711913200     1.41421356237311024
 1.41421354802276311     2.82842711039587424     2.82842713909633980
 1.41421354668973676     1.41421354668975963    -4.24264067821216795
-0.07593564936764749    -1.49473517724899629     2.76343458967132261
 2.82842712474613167     4.24264068711923859    -2.82842712474620450
-1.41481734042843188     1.41360962683020319     4.24264052113095946
 4.24264068711875364    -1.41421356237305851     4.24264068711929720
-0.17182737847800000    -0.16439411350100000     1.21821869487100010
-0.00000001097212779     2.82842711377408218    -1.41421355140113114
 4.24264068711924835     4.24264068711928122    -4.24264068711928299
-1.41421356237307894     4.24264068711887443     4.24264068711929720
 1.41421259549326228    -0.00000055846801891     2.82842672113828364
-0.83844948387684148    -1.56236339456390882    -0.06207054822987487
-0.00000019073123991    -0.00000019073124231    -4.24264065913351374
-2.82842788878076679     2.82842596174019345     4.24264067268905087
 1.41421353625919988     1.41421353625921986    -1.41421357268777048
-1.41421363439094039     1.41421349035523725    -4.24264065780013322
-2.82842712474619828     4.24264067341015938     2.82842712474622537
 4.24264068711913467    -1.41421356237309759     1.41421356237310047
-2.82899506158089764    -1.41478139545348092    -2.82703671842620041
-1.41421375354106815    -1.41421375354105994    -4.24264030231913480
-2.18769566656499981    -0.40061075787000000     1.00728508836300001
-4.24264064245951467     2.82717050887109433     2.82842685079124312
 2.82842711213473130    -2.82842712474835256     1.41421356237535045
 2.82842712474400360     1.41421356237092821    -2.82842712474407598
 2.82842711084012466    -2.82842712475040736     4.24264068711856623
-0.00000000000003120     4.24264068711927234     0.00000000000001334
-1.41620416255568760    -4.24264026023747753    -1.41222437206260887
-4.24264068711928122     4.24264029222721550     4.24264068711928122
 1.41421353368119362    -1.41421356959270161    -1.41421354500223373
 1.41421262602087117     1.41421262602091447     4.24264066139553453
 2.82842712474613256    -4.24264068711929454    -2.82842712474618185
-0.06288095350110262    -2.84075884939453305     4.24264040667230002
-4.24119486374299992    -2.82515507137199995    -2.64946756955899998
 2.82842712474617475     4.24264068711928122     2.82842712474618763
 4.24264068711925812    -1.41421356237311580    -4.24264068711928743
 1.41421356237307294     4.24264068711928033     4.24264068711929276
-1.48931978499184736    -4.24264050751622168     4.24236347936514502
 1.38969557847867331    -4.24264067785663634     4.24264067785663634
 2.82842712474398450    -0.00000000000218585    -1.41421356237092954
 4.24264067780207821    -4.24264068711928921     4.24264068711928921
 2.82842712474317048     2.82842712474317359    -4.24264068711827669
 2.82842708741873761    -1.41421356237314599    -2.82842712474615920
 4.24264068711922437    -0.00000000000004277    -2.82842712474617031
 4.24264068711927056    -4.24264068711929010    -4.24264068711929010
 4.24264067779813736    -4.24264068711929632     1.41421356237314821
 2.82842712474616809     2.82842712474617874     1.41421356237308804
 2.82842712474617564     4.24264068711928211    -0.00000000000002195
 2.82842712474617120     1.41421356237309115     2.82842712474619384
 2.82842711216659959    -2.82842712474623248    -1.41421356237305407
-2.34948868929519294    -2.35074563745221665    -1.12512583838047320
-4.24264063578373563    -1.14594385930582687     1.00219967893254713
-3.03594950801250807    -2.97459617598790294     4.24264050035804097
-0.00000021464153076    -4.24264064511491945    -2.82842697028246981
 1.41420913072767740    -4.24264064117463313     1.41421380837964561
 1.41421356237308937     4.24264068711929188     1.41421356237308360
-1.41466861956428458     1.41375849608897397    -1.41375845202897610
 2.82842712474437707     1.41421356237130036     0.00000000000177581
-0.00000007773838097    -2.82842720248450386    -4.24264067779744725
-3.36936947159800004    -4.24259242074299969    -0.90151689052600004
 1.41308147721431054    -2.82852384909995669     2.82852374684984564
-4.24264065709334393    -1.41421375092458024    -4.24264064241881211
 1.41421340765330839    -0.00000003050972437    -2.82842713066545315
 1.41421355137799831     2.82842711375111389    -2.82842712004513785
 4.24264068711923059    -1.41421356237313089    -1.41421356237306761
-1.41421375511916003    -4.24264065573946780    -4.24264064241881211
-4.24264057887292090    -1.35674857165038842     4.24264063762928867
 1.41421334817677868    -4.24264064783606276    -1.41421340825775710
-2.25229851275779902    -0.35653135930002572    -1.00823398650717055
-4.23789539967499973     1.16534759495300011     4.23808971778700005
 1.41421346032565598    -2.82842717225091356    -2.82842706718833803
-1.41478160556788590    -0.00056789015424761    -2.82785922957006486
-0.00001070419900827    -4.24264062755756122     0.00000651858795393
 1.41411664103345780    -0.00009692035254800     0.00009692073539941
 4.24264068711926878     1.41421356237309537     4.24264068711929010
-2.41599878851110361    -4.24263955914576663     2.46068532137155449
-0.00033057288042176    -1.41454393074291662    -2.82809647362042416
-2.82842712474620583     4.24264068711927056    -2.82842712474619207
-0.00000007315031388     2.82842705159540264     4.24264064992945400
-1.93140374878983145    -4.24263910758165785     0.52028080584598468
-2.82842681869473322     2.82731326412975736     1.41421355699656615
-4.24264067780215015    -4.24264064435050869    -4.24264067780215282
 2.82842712474609570    -0.00000000000007346    -4.24264068711927944
-1.91621755194959698    -2.31707279555509382     2.66662857649762852
 4.24264068711922437    -4.24264068711929454    -1.41421356237308360
 1.41294182465071083    -1.41431043138690704     1.41431004668473870
-0.00044953164579128     1.41376422580827499     2.82797863785591286
-0.48642636706285497    -2.89058549452589730     1.39117394980420483
 4.24264068711928655     0.00000000000001479     2.82842712474617919
 2.82842712474616675     2.82842712474618407     4.24264068711929099
-0.00000000000000501     4.24264068711929632     2.82842712474618097
-4.24254778203699967    -3.99696693453100016     0.93154746654099996
-4.24264030179939233     1.41386892980209877    -1.41386912693045641
-1.41421356237313844     4.24264068711926345    -1.41421356237306983
-4.24264068711929720     4.24264052010019554     1.41421356237314244
-0.00033518048167735     1.41387839243477997    -2.82809196673729124
 4.24264068711923770     2.82842712474615388    -2.82842712474621916
 4.24264068711924303     1.41421356237307960    -1.41421356237310269
 2.82842712474422697    -0.00000000000180164     1.41421356237489615
-0.15020725925066428    -0.12968456945707396    -1.27608105105427305
-1.41421389853688662     2.82842675245729813    -2.82842678858245566
 4.24264068711927678     2.82842712474619251    -0.00000000000002529
 1.41421356237302831    -4.24264068711928033    -4.24264068711926878
 1.41421299070263862    -1.41421404311477783     4.24264063712245409
-4.01224717285049870    -2.39378761924016192     2.54809903082860467
 2.82842712474446012     2.82842712474448676    -1.41421356237143847
-4.24264068711919951     2.82842712474594693    -2.82842712474597091
-2.82865804001612497     1.41272602404130887     2.82805433633981007
-4.24263995782247871    -2.48964403690054681    -0.49529608234060185
 4.24264068711927322     2.82842712474618763     2.82842712474618585
-0.01942225988135225    -2.80901116183197663    -1.39438573270090393
 2.82842706714356495    -4.24264068711928033     0.00000000000008875
-1.41421400487258664     2.82842666425602607     2.82842743021665299
-2.25516198849957394    -1.13330020273675292     4.24264052026327398
-2.82842712474620761     2.82842712474615610    -4.24264068711926701
-3.33748320333468440    -0.51502324731596338     2.67032113849412323
-1.42236184121589848     1.40502157842408537     1.40598817946247845
-2.82842719893585892    -0.00000007418972016    -4.24264067780205156
-1.41421358065377856     2.82842709754838895     0.00000001828074551
-2.85393349841048849     1.25880798794825677     0.01702295497811529
-2.82951378726876523    -4.24248650802227711    -2.82734128633281934
-0.00000000000005282     4.24264068711925280    -2.82842712474617475
-0.03052942941300000    -4.24224107012800022     2.80910044780400003
 1.41421332609895467    -2.82842709930633607     0.00000016805060159
 1.41421349031313892    -1.41421363443304360    -4.24264066202042844
-0.00000001441169842     1.41421353900585034     0.00000000288096928
-1.41421356237312112     4.24264068711927855    -4.24264068711929720
 2.82842294209380585    -4.24264068711855913     2.82842712474525504
 2.82842711380224587    -1.41421356237527229     0.00000000000217660
-4.24264068711929365     4.24264068711926967    -4.24264068711929454
-2.82842720539771175    -2.82842720255585345    -4.24184454101408193
 1.41421356237302254     4.24264068711921638    -4.24264068711929099
 2.82842712474615965    -2.82842712474620939    -4.24264068711928921
 1.41421356237305451     4.24264068711927234    -1.41421356237309181
-4.24264064137624075    -0.00000075873830016    -2.82842649790335221
-0.00000037224234366     2.82842675250386799     1.41421393461538170
 4.24264067803484313    -2.82842712474622049     0.00000000000003285
 4.24264068711926523     4.24264068711928033     1.41421356237307916
-0.00000007198918829     2.82842705275702500    -4.24264064803097884
 4.24264068711926523     4.24264068711927678     4.24264068711928743
 4.24264068711924569    -2.82842712474620406    -2.82842712474618452
-4.24264068711928299     1.41421356237304163    -4.24264068711925546
-2.82842738692338447     1.41421311265962091    -2.82842672308344634
-1.41454379751174075    -2.82875762116188367    -2.82730093361458312
 4.24264067780211107    -2.82842712474617120     2.82842712474621738
-4.24223454852999993     0.81770864132900001     1.39431995118999996
 2.82842671633273257    -1.41421356237484708     2.82842712474798619
-1.40957122379653876    -0.00551692011594173     2.82380959986358748
 4.24264068711925901     4.24264068711927411    -1.41421356237313423
-4.24264068711929898     4.24264068711925990    -1.41421356237309448
-2.82842712474623070     4.24264067831914815     0.00000000000002770
-4.24264052157315863    -4.24264064240019501     3.27519009123591243
-2.71956582493857102    -2.43184503588173140     0.83866279620348416
 1.41421355559448214     2.82842711796759527     0.00000000677845693
 4.24264068711921905     1.41421356237303097    -4.24264068711928832
-0.00000098624218974    -0.00000088670150317     4.24264064203188340
-4.24263850161452094    -0.51810861731772162    -0.89670077139632798
 2.82842712474555924    -0.00000000000001178     4.24264068711928211
 1.41421355077479927     1.41421355077496069     1.41421356440004131
 4.24264068711928477     1.41421356237310447     1.41421356237307871
