175   10.74699978810400047
-2.45126601799778454    -4.33421585123369546     4.37349986842585903
 4.37349868745272374     1.53550407690996926     1.00384322519419866
-3.63175024557099979    -2.48313666039000003     4.37345887054600002
-1.29837320402535306    -4.37349986842596117    -4.37349986842592386
-4.37349986842585103     2.91728062927152809     2.71902023382349700
-4.37349986842594518     0.11677785628973747    -2.95623838104627223
-0.06923182523408904     2.88831278002718150    -1.61022125730273880
-2.95878467355584185    -4.37349986842523375    -0.40175367614569102
 4.37349986842586702    -2.95502549471155884    -2.95969051310467091
-1.47254607347336863    -1.48002567079388481     1.08270826511571427
-4.37349986842586436     1.51601505324736374     1.29197616111117330
-2.95749599528142015     0.12223608700931447    -1.54382794531694212
 1.42542443664322382     0.00202358514331851    -0.26421032349131623
 2.94454663731880917     4.37349986842501082     2.42331098868680739
 2.95880644247338731     4.37349986842556326    -0.40219745054913808
 0.13999461143884565    -4.37349986842589455    -2.94755173834562312
 2.38688540867496091     0.71041129566470873     4.15477887715276228
-4.37349986842588301     4.37005235239797152    -4.37349986842587413
-1.54509361577207494     2.95027089294420852    -2.95855102685992710
 1.58057306007967591    -4.37349986842585547     1.32677103510122452
-1.42999906809373267    -1.41607246303166789    -4.37349986842411376
-2.84022216497336011    -0.00241847788455630     1.15003732653481494
 2.96619125817280471    -4.37349986842577554    -0.11547104205266610
-2.95897376072629470     1.53572438015643065    -2.95959929418950818
-4.37349986842587146     0.11107556908318920    -0.13145105720260633
-1.53583630949462324    -4.37349986842592386     1.00367079824470151
 1.54595550745846988    -0.11988757938060711    -2.96147440124948069
-0.12773453012647792     2.97088411190522184    -4.37349986842586969
 0.57133919967436264    -2.65492799497431475     4.37349986842565475
 1.43506343805976422    -2.81933319503943869     2.57712814458420070
-4.37349986842533234    -1.41299081502623847    -1.66790309384016422
-1.43180054276412982     2.82325286823837462     2.57642871912260141
 4.37224562891300028     0.12489900282499999     2.48398848492400015
-2.96003142540978015     2.94961397651497892    -1.54506223541215637
 2.83575980633600011     2.82611505654600004    -4.37349941636299988
 4.37349986842592653    -1.53657164042868799    -4.37349986842481986
 0.10698531580013278     4.37349986842596916     2.40344350302951204
 1.55877227609174285    -2.95252595936614259    -0.11769784463102002
 2.88616257904155082     1.47127895269099795    -0.33171800183866312
 0.06961966766180132    -2.88810222111116799    -1.61015082738426574
-1.54444729712899465     1.53594790431568828    -4.37349986842586880
 0.45177208637133298     4.37349986842588923     4.37349986842596472
-4.37349986842579597     2.95511563714259484    -2.96000982890398978
 2.96356771899938343    -4.37349986842561300    -2.95502305870134041
 0.40898985346217592     0.91063692001414565     4.37349986842578886
 2.95710707520044469    -0.12269068753313954    -1.54420823166662768
 1.55363029475898506    -4.37349986842596472    -4.37349986842589455
 1.54348378391499996    -1.53752058165999994    -1.53954380239299993
 2.95888981402576690    -2.95038859958218902    -4.37349986842585992
 0.05274792647689686     2.88790715574139023     1.06550755627500537
-4.37332240715200005    -4.37344838120399970    -4.37332421043699959
-2.84467454590699997     1.40378303528000004     2.57705184526900011
-2.96593130257411497     2.93682834020211692     1.29832722707521930
-0.00214490203733614     1.40272732498089803    -0.27285997459233524
 1.55552963221981955    -4.37349986842586169    -1.53466087032185583
 1.47253707927745614     1.47940061654973287     1.08306006732742688
 4.37349986842587235    -0.11050258521047407    -0.13222986587597402
-4.37349986842588834     4.36661257243395884    -1.53673540004492759
 2.95349094642768684     1.54086372893355406     2.42581765125271387
 4.37349986842537408    -4.35986480939911836     1.30554850766307706
-0.05234622240019025    -2.88812334119523451     1.06558127991646701
 0.00184261342403294    -1.40273429265609795    -0.27258274013190320
-2.90155973238823428    -1.35220303824064114    -3.02056605338204154
 4.37349986842584926     2.94923925576298984     2.41853500931964049
-0.41172848571381238    -0.91321104726279279     4.37349986842577199
-0.10463727099633235    -4.37349986842593719     2.40383470083075190
-1.55345155659422640     4.37349986842585992    -4.37349986842585903
-2.38900829755064370    -0.70853932685471166     4.15333167687812832
-0.00425893163076729     4.37349986842556948    -0.27231325016926555
-4.37349986842561389     4.35764357459487339     1.30422656402144810
 1.98041545486039094    -1.23559571989883921     4.37349986842576843
 1.35912487869246590     2.89646362331191876    -3.02641949231518836
 2.99068165386872220    -4.37349986842371585     2.75041108613083773
 4.37058853771400369     4.37349986842581195     1.01444340569443181
 1.54456612216420486    -1.53628517527437602    -4.37349986842592831
 1.29798249634127183     4.37349986842585992    -4.37349986842585015
-2.83615419912363542    -2.83829879786085426    -4.37349986842579153
-1.54633393625581395     0.11993960829128715    -2.96108458028187060
-2.96347781980848612     4.37349986842464844    -2.95511136838574240
 4.37349986842589011    -4.36964314867232684    -4.37349986842589100
 2.83386862280024099     4.37349986842302663    -3.09246364467928014
 0.12762854536681761    -2.97117358302357015    -4.37349986842596472
 1.54527961325406227    -2.95045729907507859    -2.95868320342496016
-1.41787188032165234    -4.37349986842580396    -1.67892434877718588
-1.55635374650938552     2.95437699214502469    -0.12039866549856044
-4.37349986842584748    -2.94913052918031626     2.41863099065103038
-4.37349986842580751     4.37349986842581195     4.37349986842561567
-2.83357643872518761    -4.37349986842511562    -3.09164534151299586
 0.05838188259835964    -1.48574335259573242    -3.03607625183078511
 2.95989862794058345    -2.94954643339461642    -1.54487550301128240
 1.41862614559797406     4.37349986842429761    -1.67926562958759340
 2.84149760506063886     0.00626800364739551     1.14813480663794198
-4.37349986842586880    -0.13014528266860639     2.42782656871642688
-2.98000446559492005     2.95589306866272006     4.15313307520430097
 0.05243499040721371     1.48541652145936531     2.49134763244848889
-2.95857151632671567     2.95025080422025443    -4.37349986842563965
 1.52570407954346354     2.96393092691974536     2.42221764867304712
-0.05246490383383773    -1.48522493486425766     2.49102017633721218
 4.37349986842589811    -0.11695042154977757    -2.95622753204657274
-4.37080547666265495    -4.37349986842578975     1.01464925085864799
 1.41438577320083914     1.41391738498165487    -1.68470827687784142
 4.14470543382099965    -1.26603549395800008     4.28199167812500026
 2.90172092528705727     1.35223266421891486    -3.02038381404736400
 2.45132530454170583     4.33122780076288638     4.37349986842586880
-1.36423817044699991     0.05147580746300000     2.61188859734799994
-2.95444810553380810    -2.95612976272887540     1.00928961789462512
-2.94237339407217124    -4.37349986838622229     2.42551939416397877
 4.37349986842587501    -1.53472098951087621    -1.54557994436796720
 2.83968215530983104    -1.39559170246251463     2.57459408349362651
-4.37349986842587057    -0.59313060727166633     4.37349986842586169
 1.47764230526434326     2.89114934222857700    -0.33794016185586767
-4.37349986842583860     1.53465583033289299    -1.54569875000768420
 4.37349986842565830    -4.37349986842566008     4.37349986842562455
-4.37331176744700034     1.45485332591000005     4.22880655816600015
-2.89651412248362705    -2.89432452168124321    -1.74699700772818178
 2.96992547487741110    -2.93510193228967431     1.30010186160637864
-4.37332695020311313    -1.53541723663676022     1.00391734592112747
 2.95903306054639925    -1.53578403059324997    -2.95953981627380891
 4.37349986842473903    -2.95244400764749138    -0.12456588007956959
 4.37349986842562188    -2.91018050045030297     2.72465717608555247
 4.37349986842574623     2.95976767609127300    -0.40024836727608537
-0.13999416663486483     4.37349986842560590    -2.94783555279130249
 4.37349986842581906     2.83574067383830242    -3.09471816948480249
 3.58187090762063098     2.62139668363188072     4.37349986842483940
-1.56919580234954803     4.37349986842580130     4.15627584107007753
 4.37349986842580041     1.41250677061660856    -1.66752248536962355
-1.57472154526261376     4.37349986842586880     1.32091773730636652
-4.37349986842567073    -2.83512471135920441    -3.09421951672283990
-0.00004320520389204    -0.00014420781173298    -1.69832377467652962
 2.96608622968165037    -1.53146306190222203    -0.12460273294459394
 0.00409185210861658    -4.37349986842579064    -0.27250366361436140
-2.96234341720931305     0.11948831383419208    -4.37349986842594696
-1.98145067407231101     1.23707696393217681     4.37349986842584215
-1.52344518574366949    -2.96401985329809481     2.42254801175102097
-1.42809628362563479     1.41387898197894102     1.14862296705509825
-1.41433409905088037    -1.41421561172724441    -1.68478375215407739
-0.01703204786019026    -0.00061345630139206    -4.37349986842562100
-2.96398053866848832     1.53362164754156871    -0.12680686212229594
-2.98367271356542618     4.37349986841899163     2.74232567658616055
 1.42792155270499999     1.40052392901899991    -4.37349311373499994
-1.54401973498699996     1.53719279193100000    -1.54056284964099999
 1.43045636257094166    -1.41110772743477231     1.15107571584365864
 2.96235366182297088    -0.11929736083772043    -4.37349986842594607
-1.55559581180662243     4.37349986842570004    -1.53459447248317171
-2.95458896402597837    -1.53964155396980273     2.42434712003741781
 4.37349986842586169    -1.51033392956504420     1.29622111590900757
-2.96563469379313815     4.37349986842500194    -0.11621851693152109
-0.45165186371869814    -4.37349986842570893     4.37349986842593452
 2.98082358765740807    -2.95412705892225214     4.15941202517446573
 2.95449188997065093     2.95643308886481604     1.00915053166775315
 4.37349986842594429     4.37349986842586347     3.82262963120848642
-4.37349986842566807    -2.95978912328617794    -0.40006438423851626
 1.57178825804616973    -4.37349986842565031     4.15992927732046525
 4.37349986842570981     0.78473569465899795     4.37349986842562721
 4.37349986842586258     4.37349986842586880    -1.81593098646277107
 1.53604112201162168     4.37349986842588478     1.00341232563035110
-1.47745129095896632    -2.89112287173319116    -0.33765303636315408
 2.89664395954396747     2.89474549653415814    -1.74734477829003709
 1.58400282886394206     2.52907583070478026     4.37349986842588567
 0.00286331175708343     0.00014167780809035     1.15287787653579210
-2.88627193018368633    -1.47154825921174748    -0.33196743466937506
-4.37349986842585015    -1.29777576536566874    -4.37349986842583682
-1.35915049235715624    -2.89659613085233092    -3.02625769599940764
-1.59046599820232459    -2.52893932783858144     4.37349986842592564
-4.37349986842587857    -4.37349986842586436     3.82261531585455883
-0.57038603607072524     2.65443245476059619     4.37349986842554372
 4.36975474926698748     4.37349986842539096    -4.37349986842539895
 1.34811433414565207    -0.06442883599565058     2.63143471870031931
 4.37349986842588834    -4.36888498573286288    -1.53654851297579476
 4.37349986842593008     1.29797691875324128    -4.37349986842592298
-0.05845332864665618     1.48565428538246636    -3.03585549209532823
-4.37349986842586613     1.53675239303396038    -4.37349986842584748
-4.37349986842591942    -4.37291132443282216    -1.81546530551700647
-1.42572479364430671    -0.00202883653459615    -0.26389231622779979
-4.37349986842560501     2.95250711140452093    -0.12241374458933951
