176   10.76908528855400071
 4.38454264427010276    -1.44816494733702283    -2.96416243426175807
-4.38454264427038964     1.42096072821795594    -0.82735349275589676
-2.48034384841100009     2.91663167738300011    -2.91995902732500001
-4.38454264427019780    -4.23235066757890088    -2.08722737747137055
 4.38454264427026885    -2.96130161313578544    -1.45067757801799546
 1.66963809421390752     4.38454264427041274     2.95924435745239034
 1.65799239687507449     0.03643185194967333     1.45920006877020425
 1.64514375486719056     2.88658012220543769    -4.38454264427028217
-2.48530907690631553    -4.38454264427024665    -1.47915710289034319
-2.40084094963470740    -4.38403995319148532    -4.38454264426930518
 0.29885632239093912    -2.92645331261858388    -2.92620072400856568
 1.65397275025067136    -1.46280618817370445    -0.04110291524325125
-2.46253496184787224    -0.03374590702706074    -2.89940847631551080
-1.09445391969698824     4.38454264427014628    -2.97053086467062277
 0.24755313846376820    -1.46527743809470223    -1.46306556190631998
 1.63232210000733380    -2.87227924821733449     4.38454264427033813
-4.38454264427014095    -2.59818941928355995    -0.93418053775937593
-4.04686023132011474     1.42421587843483977     2.66306106007158094
-4.19366268152545985    -0.41678877345207826    -4.38454264427037543
-4.38454264427040741    -2.54668572225579037     2.60800993829564742
-4.38454264427013563     2.38466980406058848     4.38454264427014184
 3.01004266995705638    -2.92887659525006727     2.93275555049244296
 4.38454264427009122     2.88299044798171344    -1.47105027019359480
 3.01486332815341918     2.92733824933845543    -2.92776295412171228
-1.07473843249097567     0.03523593346630659    -1.46091541106033862
 4.38454264426957074    -4.38454264427017648     2.95656296333564939
-2.64796327774800000    -2.95865472707899979    -2.94939279931799980
 2.96962215260995910     1.46948735513043616    -1.46804487197079281
 4.38454264427036389     4.38454264427037010     2.85548283733772523
 4.38454264427041362     4.38454264427014184     0.02569656727840352
-4.17435783541647165     0.39574488186589979     4.38454264427036211
 1.65054820995768003     0.05181906851016717    -4.38454264427029106
-3.96807945277921892    -4.38454264427014806    -0.13699764424402761
-4.15754696117197931    -0.58854849436200607    -0.86031191217435576
-1.08491173238999972    -2.96453423550040895     4.38454264427039586
-2.43633749704537861     2.92497083793874113     0.01688279394499048
-1.06930824404050151     4.38454264427033102     0.04656719373478907
-4.38454264427038698     4.38454264427031415     4.36198997277678480
-2.45315084589735655     1.52539688202062007     1.45896272549511585
-4.38454264427033813    -2.40765914588281849    -4.38454264427034168
 1.65771847881238843    -2.88352280071090927    -1.45935014845793298
 0.27884555008637962     0.01242766952585979     2.93833661887381403
 3.05888032050902314     1.47188972393193507    -4.38454264427012497
-1.12485711179992998    -0.10441749017834563    -4.38454264427026263
 3.06737449799458561    -1.47921621481538579     4.38454264427016671
 3.06812421063686447    -1.45565187093358017    -1.45851092957494033
-4.17342418189160469     3.40968220148257073    -0.84774703631847659
 4.38454264427033813    -1.47700991535405279     2.87952995107473120
-2.44683305290770337    -0.00196305294076081    -0.00627710961429059
-4.38454264427012763     3.39511297688033942     2.62387923600288797
-1.09688010724865626    -1.49414522739699374    -2.94653217712419124
 4.38454264427040830     1.44874843494735361     2.96507442378590991
-1.10055741943954732    -4.38454264427023599    -0.03608300668355454
 1.64534428421206047     2.96967969303034307    -1.47083989835304285
 3.01509172744305509     2.92748456588874539    -0.01412732786847026
 4.38454264427001839    -2.98423052519164944     4.38454264427016049
 0.34858744602300001     1.46530268470299996     4.38453244540999965
-4.38454264427018003    -4.38454264427017559     1.81916145208049396
-4.03963787615843550     4.38454264427038520    -2.58893868041909592
-1.06314112060122046     2.88335580087119236     4.38454264427019158
 0.32943664753791768    -1.45853853906989883     1.45742499566857808
-1.08153800004983358     2.87622371391718401    -1.45946172497483118
-1.10116024719488759     0.07624092502474152     4.38454264427018980
-1.08928398743281374    -2.87699775095188670     1.44623384551983136
 2.97072756455823894     4.38438536487362551     1.44030849132034677
 3.02103601628734575    -0.00343974302951154    -0.00385233886715781
-1.05903648783333715     4.38248509262501518     2.88698059968281262
-2.38866912066301218     1.44567257373841840    -4.38454264427039053
 3.07258403036122241    -4.38454264427023510    -4.38454264427014362
 1.64686246862221863     1.46702676083631900    -2.96814512325151014
-4.38454264427033547    -1.64379545345340028     0.82341217899470376
 3.07291552682398716     1.45891329556519533     1.45526285263279065
-4.38454264427035234     2.41460053658380946    -2.56973468872053212
 0.30628903982037231     2.92157760602879435     2.92742215188180133
 0.31996139666282553     4.38454264427024309    -4.38454264427034435
 0.26154776776533328    -4.38454264427029905    -4.38454264426952012
 0.24904224041622755     1.45588786822901395     1.46121859913336571
 1.65798924473794584     1.45944192954200314     0.04176246819410951
 0.33589237157300000    -4.38441822563699990    -1.46879286117200003
 4.38454264427011697     1.47052069037447453    -2.88700548977005900
 4.38454264427033280    -4.38454264427027063    -0.02850203546209956
 0.22776434037295898    -4.38454264427005835     1.45909634791195719
-2.46095918460218277     2.95764745795485684     2.95369242113007635
 0.23483698090232957     1.46847053424895035    -4.38454264427016049
-4.38454264427033902     3.57408159897866984    -4.38454264427034968
-2.54711243376599983     4.38422137222400021    -4.38241989538500043
 2.97107503173399978    -1.47496233482800010     1.46398681948000009
 0.34400322758124985     4.38454264427034701     1.46168227180524890
-1.08914990118650201     1.48896777087407117     2.94720271659284094
 1.64051104786529023    -2.96886382385741765     1.45862954486873853
 2.97123123471649953     4.38454264427013207    -4.38454264427041718
-1.08506774001276218    -2.95649781684521251    -1.48264555801528086
-1.08678711478279255    -4.38454264427040830     2.96639673992074160
 1.66733542765665299    -4.38454264427014184    -2.96142059588602002
-4.38449152634899963    -3.72457275472699978     4.23784062824400021
 4.38454264427031770    -2.89201158652927326     1.46610493694368893
 3.01637070896151371    -2.92618919549866963     0.00770257597518589
 1.64559631568970977     4.38454264427035945    -2.88698060500231435
 0.27553829268397673     2.92807951401334199    -2.92767659742925890
 2.97941495214451857    -4.38454264427036300    -1.45174346572654955
 0.28800107487070559     2.91644725573296526    -0.00249748761355583
 1.64509270734231716     4.38454264427035678    -0.05725359440341882
 4.38454264427038165    -2.86641168574867500    -4.38454264427038165
-4.19474100072985490     0.39696731213997211     0.88010450670946416
-1.08740349764244248    -1.44652739054137336     2.86895598552195796
 0.26923268139159567    -2.91538797457778909     2.91353022023633823
 3.02140122237245778    -0.01410969321673609     2.92158234668801375
 0.34367381449612883    -1.46214239549313030    -4.38454264424094031
-2.44342960266653053    -2.91582363762648988     2.91755373027203335
-2.47234795406523045     4.38454264427015072     1.47186701205152670
-1.06936474578226925    -2.89166894523129381    -4.38454264427021378
 2.97652435587124753    -1.44602987104747194    -4.38454264427020046
 3.05324750860705185    -4.38454264427017826     1.46403046393591785
-2.41506854752434608    -4.37421888766060007     1.47121720037233361
 4.38454264427041540     4.38413014637121190    -2.96942756433160859
 2.95368367639800011    -4.38454214180699964     4.38453937963199980
 1.65843948333418090    -0.05974373376335269     4.38454264427033813
-1.13998338077302730     0.01767418508513661     1.50757833702657273
 3.02592389239604520    -2.91746111071891923    -2.91772669014879149
-4.38454264427038432     1.57408159897865740    -4.38454264427040474
-2.50941225230894460     0.06482532513023773     2.96443843183655131
 4.38454264427029550    -0.05092893398658189     1.45854105970549219
-1.06964663839379903    -4.38454264426931761    -2.89192030321261706
 1.66706589906323832    -2.96168678980265643    -4.38454264427020846
-4.37773610176610539    -4.38454264427037277    -4.08141675494029244
 0.21758577527486628    -1.44680558961972516     4.38454264427032125
 3.02723848246349636     2.91668138808748578     2.91123895753059836
 0.32348314086910468    -4.38454264427040208     4.38454264427034701
 3.01749105280095709     0.01116651052675141    -2.92515419908883079
 1.67556101733647278     2.96509912152017430     4.38454264427005658
 4.38454264427019780    -0.02564805634617234    -4.38454264426979190
 2.97560762961003178     1.44527057661254466     4.38454264427038698
 4.38454264427011697     2.96942750421006574    -4.38454264426930962
-2.50644170630099961     1.49908873868317483     4.35831060546205240
 4.38454264427025464    -1.46791875695254737     0.04710921876846504
-2.48602752626560264     1.45235784366194376    -1.45556887608319663
-2.39489364749032552     4.38454264426599583    -1.45103867503067896
 0.26659682839397436     4.38454264427041362     4.38454264427041895
 1.66386234956382673     1.45384870365717966     2.87482388370167019
-4.16601222265218407     2.39660847670528243     0.90480005866472313
-2.53039721612806146    -1.52657901669805618    -4.34079784329459795
 0.23178123572055212     4.38454264427035945    -1.47236867247388958
 1.65797042733694777     2.87558450854280956     1.45404437899905647
-2.41939986435666876    -1.44520064619696065    -1.44701694878197462
-2.39238482486703896    -1.45108978245657405     4.38454264427015694
-2.60543880745199985    -2.87484273699199999     0.00063151966000000
-4.38454264427034968     0.41460908126599094    -2.57558094014485617
 1.65300419083296801    -0.04235556048660477    -1.46388386426548367
 4.38454264427036566    -4.38454264427035678    -2.87498489599098317
-2.38466980406066531     4.38454264427015250     4.38454264427040385
-4.04481355730821690    -1.55607409919876805    -2.60707617321204621
-1.09405044050163291     2.97012738545874333    -4.38454264427021112
-1.06415570198755360     2.96433338297252869     1.47138192126007805
 4.38454264427026796     2.86474305766531279     4.38454264426500995
 3.08449495921636840     4.38454264427034524     4.37531046460520123
 4.38454264427026530     2.96870840159769722     1.44289181468622862
 4.38454264427015428     0.05339468703647851    -1.46591236602269492
 1.64652778788054133    -1.46602214206993553     2.96248809192639717
-1.07904215804737169     1.45693035849641017    -0.03417123090150900
 1.63803373711414624    -4.38301199645847639     2.87724228036480500
-1.07697938550168670    -1.45858902487998310     0.03545666287760948
 0.29082894000482862     0.00012149391412340    -0.00009621372281062
 3.05890778731146185     4.38454264427029106    -1.47186552693185635
-4.38454264427041895     4.38454264427041274     0.88576849921338030
-4.38454264427033902    -0.54684383228078948     2.63315780304032687
 0.27428964719152116    -2.93217036019001531    -0.01582734545243506
-2.49383216292738474    -1.45318462719871611     1.44701572986245863
 0.26291488519702955    -0.02753090611006309    -2.94642674576227970
-1.07690353444033637     1.45562902126447891    -2.87484998814645509
 1.66011667302450650    -1.45696005115489324    -2.87890279898683188
-2.50177294924900018    -4.38383008698600030     4.38452435202199986
 1.64811981648117500    -4.38454264427025731     0.04078903367151429
 4.38454264427041362     0.02579809556053394     4.38454264427012586
-4.38454264427013563    -1.62802825365807280     4.38454264426926343
 0.33321208435199617     1.46034039330700116    -1.45655814772312575
 4.38454264427028306     1.47044266875177110    -0.05453891526041448
