179   10.87834710191700083
-3.02452917318662529    -4.43917344319616269    -3.02495994641683286
-1.42300608196271039     0.99065665612232867     1.42252793571960079
-2.95220302889899999     0.86617239556400005     2.95953684112599991
 4.43917344319625418    -4.43917344319624618     4.43917341841713586
-0.19378033440623996     2.17106216235165617     4.43438289223693083
-2.82243677128097037    -4.43917344319698959     2.83714423140058614
 3.02479960237816892    -4.43917344319369178     3.02512010489817929
 4.43917344319677998    -3.25422065629956458    -2.82853580577179198
 4.43917344319707308     4.43917344319703489     2.55037021631574268
 4.43917344319705265    -0.65432293117303097    -3.02495980591712810
-2.75973491735219145     4.43917344319645668     4.43917344319703844
 2.62630149344699904     4.43917344319172447     1.70568371008426745
-1.53542082808858371     2.48513776322014568    -0.01701725530568046
-4.30840078249251146     4.43917344319700469     1.35741184968708328
 4.43917344319707396    -4.43917344319707396    -1.21736018132117829
-0.91912642829180535     4.43917344319632967    -0.66355349463801561
-0.96359721250524799     4.43917344319684570     1.33595203157376341
 0.19360584022372687     2.17112838595392743    -4.42809037457770582
 4.43917344319698248     2.19278595930995568    -0.21540794354624482
 1.43748036021007741     1.01392535245345283     4.43917344319698781
 0.00626671425710697    -4.43917344319675422     0.00321875226892416
 1.61408435296333930    -1.60741542695269901     4.43917344319650287
 3.02495982868034297    -4.43917344319685014     0.19685332890827825
 4.43917344319594864    -3.02447939008785616     3.02479974746875824
-2.82625474218919592     1.21044400107729411    -2.83184281981802677
 0.54428582143599247     4.43917344319681906     2.64983511463411059
-4.43917344319707485    -2.06881437968897508     4.43917344319677198
 0.91971998914234876     4.43917344319631901     0.66281287955668799
-2.85816443321469782     0.98533394168701305     0.01360711428100172
-3.02495988084094947    -3.02495988081546230    -4.43917344319587670
 2.75989055629368174     4.43917344319677909    -4.43917344319703844
 4.43917344319701268    -4.43917344319701179     1.61106683913788440
 4.43917344319704998     4.43917344319699758    -3.35289125805659882
 0.01237897009480301     2.53356540923333950    -1.28270700711897501
 3.02471958895818993    -3.02471958898032955     1.61082653819602273
 1.40532900338925137    -4.43917344319700913    -1.42598547076169058
 0.02109985832816843    -0.39811794500195885     4.43917344319575236
 1.53271252307717898     2.48646420324885886     0.01589507360891044
 0.99553921119936817     3.18804617578779714    -2.89672400409324338
-1.41427323739274646    -1.82921763228508061     1.41425927258043482
-2.80792681063010274    -3.22591741643215180     4.42704966083993146
-3.02499143113601265    -0.65456926770770141     4.43917344319703844
-0.02079045063966718    -0.39744307052743827    -4.43665961206445392
-2.64778802829744242     4.11868007440074102     0.28986827626090411
-2.93078853418877516    -0.29983107076156718    -1.51710403767933855
-4.43917344319700558     1.00774608727942594    -1.39456040444741847
 4.43917344319648066    -0.40952322818698444    -0.01656836189019252
 1.41450960451369578    -1.82909503905280824    -1.41381200321409861
 3.11435369886855051     2.55687599976263735     1.23796437196401499
-1.31304180296268447    -3.13031149662868646     2.92991941366105069
 1.51121983315172059    -0.29772613814370674     2.93115061268528132
 4.43917344319593088     2.60110374553776813    -2.44548672038076198
-2.50052373927659088     2.50052373927601268     4.02150504524185592
 1.31070501142191942    -3.12714461992440595    -2.93251348810690526
-1.50905261706933125    -3.13761127593559275    -0.09548914439023988
-2.92203067338673339    -3.13985663974502538     1.31995706465723273
 4.43917344305374417    -1.60710229276866268     1.60741350415678985
-2.62638486544343630     4.43917344318106011    -1.70531576539587482
 3.02662924064915595    -1.60859923711750197     3.02329366762667506
-0.00001950659176175     0.99906394446610458    -0.00007240115987879
-4.43917344319699936    -1.84009351039391889     1.41426307502699600
-1.43768704533305769     1.01408012113443435    -4.43917344319698959
-0.00002801423606123    -0.41471551195211032     1.41462299730479169
 4.43917344319699048     0.77616088242681791    -1.62720587226899394
 2.80787308448748174    -3.22557953224651683    -4.42704854016331950
-4.43917344319604101    -4.43917344319604101    -4.43916790436236486
-1.61016157819740502     0.75902773541366808     4.43917344319680396
-4.43917344319697893    -0.17711141681909040    -3.00580610109999213
 2.72444591745554021     2.54029508558043204     4.32121119390616748
 4.43917344319700113    -1.84000704178661012    -1.41432229553855549
 4.43917344319707308    -2.06853671826670649    -4.43917344319707396
-4.43917344319700735    -4.43917344319700380    -1.61117722289570908
 3.02495995573079268    -0.65432308098680070    -4.43917344319705265
-4.43791198064499959     1.30425731531299993    -4.43716490197399960
-3.11711516788862264     2.55700131162209621    -1.23989999699320252
 2.92214802422637909    -3.13991843047096708    -1.32017209763262544
-1.21800139495175985    -4.43917344319707396     4.43917344319707485
 1.21820557018086983    -4.43917344319698692    -4.43917344319699136
 3.04375162955587886    -0.17766711532830873     4.43917344319700025
 1.61066618715283294    -3.02471957991214113     3.02520024300062573
 2.82268171139781110     1.20899886603409290     2.83191602349002158
-2.80110424066373875     4.43917344319707130    -3.69766943378003621
-3.02491284907512537    -1.61031553405138550    -3.02500691413579581
 0.10269776621626266    -3.12852931545784729     1.51715788447465139
-1.56785305137175923     2.72758811640513876    -2.49317053297732816
-1.61065235230782799    -1.61084029084623648    -4.43917344319636875
 0.75989055629368196     4.43917344319702156    -4.43917344319581897
 2.50082008565900749     2.50082008565908609    -4.02004487990411885
 2.80121749569182965     4.43917344319707130     3.69802012549196846
-4.43917344319699669     4.02189219310930923    -0.59419642800019878
 1.09787068836274360     3.69802473098303386     4.43917344319707219
 1.44001855023571212     1.04237442071735842     1.39647919903907547
-1.42511813550867061    -0.42345982549471600     2.83683699518707888
 3.02512006858844895    -3.02479971120003377     4.43917344319614404
-0.01512859410468099     2.53438358679066456     1.28155364077550638
-4.39279515125107434     2.45258320947549935    -2.77669453120948750
 0.00029900183929603    -1.82892411017398371     0.00040450852231887
-4.43917344319707308     4.43917344319702156    -2.55018118211389977
-2.92366863094003282    -1.72380029664651602    -0.09526972980344969
 0.19621221956479765    -4.43917344319700025     3.02495993296744459
 4.43917344319698959     4.02147101458748146     0.59447536200130890
 4.30937316321895647     4.43917344319700558    -1.35710773088798131
-4.43917344319616980     2.58146553501724307     2.44713428009670375
 1.42520006448576875    -0.42677910265031088    -2.83978385727615557
-3.04437667091503750    -0.17694819383009128    -4.43917344319696383
 4.43917344319676754     2.75989055629358004    -4.43917344319696294
 2.59285380598546977     2.59233666447614297    -1.67670395812555784
 2.85604570316022199     0.98718281899389027    -0.01483968387850762
-0.54502428882324683     4.43917344319678175    -2.64904545596054808
 0.19621232385189141    -3.02495982868035229     4.43917344319699936
 2.82238421956510876    -4.43917344318873042    -2.83740101750825646
 4.43917344319699048    -1.61042597920406561     4.43917344319698337
-4.43912648145012056    -1.61026860739512157    -1.61079338972607355
-4.43917344319700646     3.56344455151279904    -4.43917344319702689
-0.75973491735219167     4.43917344319701890     4.43917344319580831
 2.84166464278159658    -1.84348582249899162    -2.84095640788158921
 4.43900966129300034     1.31968089804400002     4.43883531637199980
 1.51546732769795867    -3.13048949154113876     0.10150315119362477
-1.61012773467118064    -4.43917344319593443    -1.61065241788901070
-4.43917344319704377    -0.65444709787960886     3.02492833649256454
 1.51680314319749798    -1.71420758362059766     1.51730500905516252
-0.19605498752025180    -3.02500687771291599    -4.43917344319698604
-1.39373191140034525    -1.81169218077331906     4.43149598721759119
-1.61031554522061082    -4.43917344319700824    -4.43917344319700558
-4.43911436414806193     0.75973491822463968     4.43917344319691320
-0.19596108220602815    -4.43917344319694784    -3.02491288861409169
 0.96419077335579106     4.43917344319685014    -1.33669264665509058
 1.39366124990882434    -1.81141622001389480    -4.43917344317126972
-4.43917344319676399    -4.43917344319679774     1.21715589040810901
 4.43917344319699225    -3.02495982865587454     0.19685332893283167
-4.43917344319672846    -0.42245731132107806     0.00348045283521767
-1.51780414814525000    -0.29879953353507155    -2.93254533308093812
-4.43917344319644869    -3.02452917316206626    -3.02495994639232091
 2.63009027631557535     4.43917344319626395    -2.44338991602840183
 2.92974847337869226    -1.71634356058267779     0.10114688490902844
 4.39754059879054093    -4.43917344319699492    -4.43917344319700113
 1.61050619502899539     0.75965024225396771    -4.43917344319694518
 4.43917344319684570     0.75989055629358004    -4.43917344319698071
-0.10355616344108404    -1.71297867178656960    -2.93249342489796927
 2.85537984164984548    -0.42869233184113054    -1.42738954631748083
 0.09949666566259929    -1.71442567981110394     2.93147774242974268
-4.43917344319697360    -3.02491287666494379    -0.19701066624390523
 1.61042583408142659    -4.43917344319700913     4.43917344319701268
-2.72450365511375070     2.54062815033894696    -4.32189545155174315
 2.92652870503119589    -0.29552040614710523     1.51803493025669445
 1.61058598786146590    -4.43917344319448315     1.61090659466853814
-4.43857960122392203     0.76318896652429835     1.61414570396085111
-4.43917344319698071     2.19339235566010915     0.21610496311809899
-4.43917344319705176     4.43917344319699492     3.35313189799352207
 2.64825730418608485     4.11791591303196380    -0.29057704582226784
 4.43917344319699847     1.00710184869637942     1.39522956683232957
 0.00021678334052690    -0.41496089517224932    -1.41447464134927947
-1.51678295735311175    -1.71425258470221320    -1.51720191257669290
-2.84185004683996878    -1.84389518683927056     2.84115888549320106
-4.39785222630851358    -4.43917344319699936     4.43917344319700469
-4.43917344319685014     2.75973491735205689     4.43917344319691853
-4.43917344319698959    -1.61031554522046250    -4.43917344319690432
-1.40490402274036685    -4.43917344319700202     1.42046860710823242
 1.56547088656794808     2.72680557365600462     2.49179289838877516
-4.43917344319677820    -3.25435407692577039     2.82842963167900896
-1.09780833043929316     3.69825857208761821    -4.43917344319707219
-2.84393956653045432    -0.42936980668520136     1.42725875365663835
 1.41457275423819873    -0.41477074041382278     0.00039603416897347
-0.99696395849169328     3.18868164467572601     2.89645096527852397
-2.59352090090477461     2.59229711270432883     1.67677762888919335
-0.02147672283684749     1.02211252653837481    -2.80528353275121889
-1.44234964525095744     1.04135044315856695    -1.39789231460520091
-1.41429325697107022    -0.41508942733471832    -0.00007602727426304
 2.94502066108326588     0.86829510234484386    -2.95348591404822569
 1.42605344365013442     0.98748892115721509    -1.42562501592155888
 0.02096263821359973     1.03021061630073563     2.80578128177975383
-0.10246381412393980    -3.12836055728338458    -1.51725648247093980
 4.43917344319702689     3.56293599039833930     4.43917344319702334
-2.62896225664763961     4.43917344319582607     2.44345339489058233
 4.38800985107965413     2.45265127163278462     2.77644973490470370
-3.02491287664057662    -4.43917344319692564    -0.19701066621958008
 4.43917344319699492    -0.17783815933427369     3.00641458953093821
-3.02472101189335829    -3.02472101191754250    -1.61098530631607084
-1.61022159805647225    -3.02500683577997753    -3.02491293054576449
