189   10.95668589503000057
 1.17851130094437639     0.23570226142849823    -0.23570226142841696
 4.00694822914763016     4.47834290484054875     1.17850106765097840
 0.23570198682392515     1.17851157554917330     4.47834293892328805
 4.47834294751473649    -3.06412938514160382     1.64991582276851156
 3.06412938514159938    -1.64991582276846427     1.64991582276847337
-4.47834294751466633     1.64991581906433571    -4.47834294751466633
 1.64991582276849202    -1.64991582276850246     0.23570226039538791
-4.47834290610963315    -1.12268501448169067     4.06521805446635920
 4.47834294751482620    -1.64991582276861903    -2.59272486435070970
-1.65049793071800011    -1.17909334657600007    -1.65049789923299994
 4.47834294751480133    -3.06412938514169930    -4.00693842672383305
-3.06486024649576905    -1.19032747009722950    -3.06490976556161954
 2.60247469588207370     3.06352205707553837    -1.65830548765225161
-1.64991582276874382     1.64991582276850646    -4.47834294751481821
 4.47834294751478534    -0.23570226039549666     4.47834294751479156
 3.06412938514168065    -4.47834294751479511    -1.17851130197759701
 4.36653084128212665     1.73663102586936380    -4.47834173286975457
-3.06449768883490314     0.23607045100653262     1.17887950221627702
-4.47834275529904069     4.47834275529097425     1.21429420075467043
-0.23570229212060353     0.23570229212067295     1.17851134922393319
 2.79007478151116173     3.05588954385881095    -4.47834274319627390
-3.06412938514167399     4.47834294751482442    -3.06412938514178235
-3.06470477327180868     1.64943171910383457     2.71423604201645574
 2.59994145057599990     0.23904641671200000    -4.47834172883900017
 1.64991582276860238    -4.47834294751481732    -2.59272486435072747
-1.64991582432069106    -2.59272486292266136    -0.23570226194759819
 3.06412938514169086    -3.06412938514169531    -2.59272486435069016
 1.64991582276850579     1.17851130197766696     3.06412938514160604
-1.17851130197768095    -1.64991582276849336     3.06412938514159627
 1.17851275886735296     4.47834294570202207    -1.64991583205974424
 2.59272486435062754     4.47834294751481554     2.59272486435067595
 4.47834294751467610    -3.06412938514156608     4.47834294751470718
-3.06416566291785175     3.06413603490664022     1.22579154530590984
-4.47834273760622903     3.06284206489565181     2.65178187464492288
 1.33790565849018184     4.47834199375428454    -4.47834210364651142
-1.65773877317371321    -4.03328032650308099    -1.65810504134553227
 1.17851130197730436     1.64991582276896143     1.17851130197731502
 0.23570226039538392    -4.47834294751474982     1.64991582276848914
 1.64991582276857085     2.59272486435067151     4.47834294751481732
-4.47834294751472584     0.23570226039586528    -0.23570226039521419
-3.06412938514177124     3.06412938514166955    -4.47834294751481821
-1.64991582276828086     1.64991582276896565    -1.64991582276861570
 1.17851130197758036    -1.17851130197755039    -4.47834294751483153
-3.04326307637500015    -4.47825308081699980    -3.04829705193600020
-4.47834273214843481    -2.59435038018484576    -0.23732751677004699
-3.07387579709800018    -4.03749630724800035    -0.24511322334300001
-0.23430326828772605     3.06412871733769565    -4.47834294071779127
 4.18284714639900024     1.67759813462600005    -1.68061925195399997
-4.47826164887800005     0.23833850301100001     2.59572112290199986
-0.23569954357804526     4.47834294602509431    -3.06413073076078524
-1.64991582276813875     3.06412938514182942    -3.06412938514195154
-1.65066653676010855     4.47834290855703632     1.18063471025776279
 3.06412938514161537    -3.06412938514162692     0.23570226039544140
 3.06412938514157451    -1.64991582276847693     4.47834294751474360
 0.23570226039537751    -1.64991582276847337     4.47834294751472850
-4.47834293936816774     3.06412940810772705    -0.23570196970376237
-1.64991582276889903    -1.17851130197736387     1.17851130197746268
 4.47834294751478801    -4.47834294751479067    -2.59272486435072169
 1.18406779549093311     3.06832860141849073    -3.06830530272134672
-4.47834290506567534     1.72719730473470445     4.47302034053139419
 3.06412938514158473    -3.06412938514154343     3.06412938514160915
 0.23570226039540662    -3.06412938514162825     0.23570226039540687
 1.17851130197756238    -1.17851130197757126    -1.64991582276879090
-1.64991596468551527     0.23570240231244535     2.59272480274574413
 2.59272486435066574    -2.59272486435065508    -4.47834294751481732
-3.06412938321778094     0.23570225788359378    -1.64991582084447330
-1.65003777668899998    -2.60412246968399996    -3.06398505384300002
 4.47834272428168223     4.47834206397041523    -1.57030642351614746
 3.06412938514162692     4.00693842672380818     4.47834294751481732
 4.47834294751473116    -1.64991582276848847     3.06412938514158695
 2.59388838413640510     4.47834007918959109    -0.23686528727338890
 3.06412938514167488    -4.47834294751480400    -4.00693842672385259
-0.23570225974299652     0.23570226104806008    -1.64991582548767468
-2.59272486435068883    -3.06412938514167621     3.06412938514169308
 4.00859017445238930     3.06445719134312622    -0.23604025054310443
 1.64991582276852644    -3.06412938514169086    -1.17851130197766363
-3.06417859408597071    -1.17856051050978894    -0.23575146706001526
 4.47834294751479867     4.00693842672387834     3.06412938514162514
 4.47834294751478623    -4.47834294751478890     0.23570226039550099
-3.09020317404254863     0.30681350034252641     4.23727060841360093
 4.47834294751478801    -1.64991582276850046     0.23570226039542397
-0.23570158890019230     3.06413005663729887    -1.64991649426401654
 1.17851130197741605     3.06412938514182231     2.59272486435074745
 4.47834294751478534     2.59272486435077232     4.47834294751477291
 0.23570212216834660    -0.23570212216834732     3.06412948566410925
 0.23570226039541667    -4.47834294751480844    -1.17851130197766163
-1.17851130197760057    -4.47834294751478446     3.06412938514169486
 1.17853190416369968     0.23572286271440712    -3.06414998754669199
-1.64991582382612267     0.23570225933808192    -3.06412938619900999
 0.23570226039527253    -1.64991582276838189     1.64991582276835902
 3.06412938514145994    -0.23570226039526287     0.23570226039526054
-1.64991646752696108     3.06413002990002559    -0.23570146462740460
 2.59272486435074301     3.06412938514183741     1.17851130197745779
-2.59272486435077809    -4.47834294751477913     4.47834294751478001
-4.00693842672387657    -4.47834294751479955     3.06412938514163979
-1.64991445239373435     4.47834294751466011    -4.47834294751466011
-1.17851154964746119    -0.23570201272563041     4.47834293878794565
 4.19600737702102577     4.47833818242722526    -4.47834254293290623
-1.17851130397658266    -4.47834294635686181     0.23570225839653605
-1.17851130197767984    -3.06412938514162336     1.64991582276851068
 4.47834294751474182    -0.23570226039537995     1.64991582276849469
 3.06412938514168065    -1.64991582276853621    -1.17851130197765896
-4.47834294751482265     3.06412938514178146    -3.06412938514167843
 1.17851130197746667    -2.59272486435073057    -3.06412938514182143
-1.67338163003800000     4.47750359030800027     4.47833691981800008
-1.69091276401464108     1.71531287763223284     4.47834290720733552
-4.47834293606596745    -1.25569879374886106    -4.47834292668563982
-4.47834065959007877    -2.93385828475844113    -3.08355063872475199
 3.06412938514160471     1.17851130197767429     1.64991582276851356
-4.47834274850173752    -4.00698790926591908     1.17846044181065657
-3.05525419960599987    -2.76227291215900017    -4.47833254377400003
-0.23570226196536467    -1.17851130040795260    -0.23570226196521193
-0.23586590271838523     4.47825382332233790     2.59427386927978842
 4.47834229271478446     0.28193746716339113    -3.11036329384889410
-0.23607811085510433     3.06450537629513464     1.17888715419516199
-4.47834294689044032     0.23570225607394626    -3.06412938192805218
-1.64991582676144821     0.23570226972411204    -0.23570225106725853
 1.64991582276835258    -1.64991582276834592     3.06412938514147903
 3.06412938514168731     1.17851130197759746     4.47834294751480133
-0.27643381938491751     3.08665824567161540     4.12660535654232419
-3.06412938514184185    -1.17851130197740317     2.59272486435075677
-1.64306924351273742    -4.47830771249457271    -4.47663989837916976
-2.59272486435067950    -1.64991582276857573     4.47834294751481821
 3.06412938514161404    -0.23570226039541486     3.06412938514161493
-3.06412939246319294     1.64991583009054499    -0.23570224061453199
 1.17851130538551629     3.06412938854999650    -0.23570226380400744
 1.17525300924320453    -4.01021937415364604    -4.47834294297066471
 1.15669143534993468     4.47834274708418167     4.02981699129674986
-3.07800276726328459     3.10351146606797323     4.09248541731185167
 0.23570226039549594    -4.47834294751478534     4.47834294751478890
-4.47796805051700009    -4.39064836823500038    -1.65755477842899990
-3.06546642259523505     4.47834290659453149     2.64001120017319746
 1.18183592213839450     1.64995317011392917    -4.47834294569897740
-3.08928413657740064    -2.63672360960308527    -1.67563243154355201
 1.18257247278300004     1.65395984126099993    -1.65396279392599999
 4.47834294751470452    -4.47834294751468409     3.06412938514162159
-4.46707889093099997    -4.47833780085900024    -4.46811308320399991
-3.06412938514165845     3.06412938514177879    -1.64991581245659424
 3.06412938514157940    -4.47834294751466189     4.47834294751468676
 2.59272486435063643     1.64991582276892657    -0.23570226039582254
 2.77211830411500015     4.47832290358700025    -3.06766631015399982
 4.47834294751481909     2.59272486435070260     1.64991582276860438
 4.47834294751479334     1.17851130197760590     3.06412938514170019
-0.23570254504980928     1.64991610742291495     2.59272486042782546
-4.47834290761294085     4.47834290750522612     4.47834290565934268
-4.47834294751481554    -2.59272486435063554     2.59272486435066485
 4.06568038181200020    -1.12169617776399999    -4.47834252281100031
-0.25912162426762131    -4.08739471752920647    -3.08672035117284027
-0.23570225834708106     1.64991582449970542    -3.06412938687214442
 4.47834294751468320     1.17851130197773801     0.23570226039537850
 1.64991582276851512    -4.47834294751478712     0.23570226039543030
 2.73492805661187965     1.64478594191613303    -3.06209929931159275
-3.06412938750703034     0.23567315990081172    -4.47834294709249292
-1.65032572176478709     1.65032563592340087     1.17892108949002106
-3.06412938514183830    -2.59272486435074923     1.17851130197744691
-1.64991582276851201     4.47834294751482265    -1.64991582276875359
-4.47834294751482265     1.64991582276875315    -1.64991582276851645
 1.64991582276847537    -3.06412938514156830     4.47834294751473649
-0.23594878389976737    -2.59300044312106337    -4.47831940577022269
-4.47834294751481377     4.47834294751481377    -1.64991576198528467
-0.23570226145435894    -1.17851130303634477    -3.06412938620057629
-4.47834293268649919     1.65065218813279024     1.17924755313767005
 1.64991582276849358    -3.06412938514157185     1.64991582276851001
-2.59272486435070482    -4.47834294751481998     1.64991582276860860
-4.47834294751481821     4.47834294751481998    -4.47834294751482975
-1.64991582696215899    -1.17854040454098086    -4.47834294570007074
-4.47834294564324775    -1.17860972019697963    -1.65001423812922976
 1.64991582276828708    -0.23570226039520442     1.64991582276828197
 3.06412938514161581    -4.47834294751474271     1.64991582276852022
-0.23570290162028057     1.64991647070144265    -0.23570161917085244
-3.06412938514162647     1.64991582276876891    -3.06412938514151101
-0.23570226039595712     4.47834294751471784    -0.23570226039511905
 0.23570226039540662    -3.06412938514159583     3.06412938514161493
 2.59272486435074168    -1.17851130197747622    -3.06412938514180189
 2.59272486405653435     0.23570226076145026    -1.64991582313453677
 4.47834236022432197     3.11974257409903277    -3.03802835926722992
 1.64991582276849047    -4.47834294751470186     3.06412938514158562
 4.47834294728089066    -0.23570225991262886    -1.17851130246045122
 1.17851130197754661     4.47834294751483242     1.17851130197756682
 3.06412938514167621     2.59272486435068750     3.06412938514169175
-4.47834294751483331    -1.17851130197755305     1.17851130197755771
 1.64991582276847626    -0.23570226039538195     4.47834294751474893
-0.23570226039506412     0.23570226039599576    -4.47834294751463347
 4.47834294751478090    -3.06412938514168376    -1.17851130197758414
-1.65160292778107154     3.06420155478957579     2.67457001193509436
-1.17851130197759990    -3.06412938514168687     4.47834294751480488
-4.00693842672383216    -3.06412938514161981     4.47834294751481643
-3.06413001453719946     4.47834294160145063    -0.23432888427780812
-0.23570226039564401    -2.59272486435070082    -1.64991582276874160
