192   11.06857871846700014
 0.00450660150735714    -0.70169829907078340     2.82394252828938619
 1.41928043091218803    -2.10785348664684058    -2.83272641480569742
 1.42449023700328348     0.72820798050870883    -0.01197768213653155
 1.13354363963400240    -3.11930697482841657    -4.53428932206351121
 3.11964383207527751    -4.53428932206340818    -1.13083111767957312
-1.70537833918700477     4.53428932206351298     4.53428932206351210
 2.83227670367843798    -3.52328325065288928    -2.83238536515101558
 4.51479721164000036    -4.03938827399699996    -4.49911299906499984
 4.53428932206339041    -1.09427823751438824    -1.70605682388220425
 1.17244874472887850     4.53428931538832991     4.53393521587697812
-1.40237220622255010     0.74294078802631114    -2.84191976060965956
-1.69794495925588973    -3.11742038418120027    -4.53428932206365509
-3.12002551114409954     0.29188454758504523     1.70586827073257541
-3.11203498997785566    -0.28173929759119237    -3.12816257503585593
 4.06759914190211092     4.53428932206349522     1.19972822775328569
 4.53428932206343838    -4.53428932206342772     0.28556078237578558
-4.53428932206279001     4.53428932206345081     1.70567653705501909
-4.53061546050400032    -4.12195753281799959     4.53408836644899971
 4.53428932206341351     4.53428932206362401    -1.66587773095487490
-1.70319708740188247    -4.53428932206365598    -3.12274590154348131
 0.00421204381514952    -2.10877610649734715    -1.41916230312333425
-1.11797942467764955    -3.11873879457227110     4.53428928341973769
-2.80917115428899988     4.51099712264100017    -2.79524518963600022
-4.53428932206361424    -1.12250411576304066     4.53428932206353252
-4.53428932206345081    -4.53428932206342772     2.53164280923974516
 0.00243894728151415    -3.53140654553448696    -0.00320038380836892
 1.41956611117347586    -0.69303840325051635    -1.41911465828233130
-0.28518913365934789     4.53127709893412511     0.28832639988339337
-2.53085475681369099    -4.53428932206304491     4.53428932206293123
 1.64616327497962911     1.86413380757087843    -1.64309189630041530
 2.59486235229580142     3.12832374197728758     4.53335606978530858
 4.53428932206365332    -0.28224245666087716     4.53428932206365332
 1.42414129458676242     0.72304200461814272     2.81883587411014913
 4.53425022297300018    -2.51314600757100015    -3.12089587858300010
-4.53428932206363644    -3.11160734632125280    -1.70776122535176356
-0.29139454312606855     4.53428932206351121     3.11984603070087552
 1.70365105491499991    -1.09579428601300011    -4.53426827158100032
-3.11983383062576314     3.12031773014893110     4.53428932206368351
-3.11938472195305039    -4.53414414999413129     1.11812062989072314
 1.12294927393937849     3.12020602988185125     3.11974652459366908
-3.12011994351206656     0.29175362905132929     4.53428932206362667
-4.51197483066052207     4.53428932206343216    -3.96589325017048155
-4.53428932206344903     4.53428932206344903    -1.12890174545867006
-1.70384609771201245     4.53428932206342772    -1.12142653764031142
 4.53428932206334334    -4.53428932206305735    -2.54774564474727461
 0.21395724273399999     0.35087380555900000    -4.53135785434499994
-3.11490919574269354    -1.70399079090529892    -4.53428932206366753
 1.70617684116731017     0.31910751957108036    -3.12011875009688255
 3.09973137422138523     3.14071711572386203    -4.53428932206365332
 1.70814206328844476    -4.53428932206365687     0.28800919121518442
 1.70660601067234818    -0.28649000782461548     4.53428932205608781
-3.11942131891204877     1.70696920873421409     0.29030054664671157
 4.53428932206346147     1.13962387302642765     3.12777016453266743
-1.69786911508716853    -1.70037569421692303    -3.12291256836119002
 3.12037547297951878     0.33190686188680929    -4.53428932206363200
-1.40906706336888088    -0.70035727982298357     1.40908999334587604
-0.28220078440887048    -3.11855068400145541    -3.12160848273153002
 0.29112597573000304    -1.69943570801938959     4.53344131528165128
-1.70596270323549826    -1.12251625317558190     4.53428932206366042
-1.11798434329604524    -4.53427637226306679     3.11873388533738538
-1.62002963838999992     3.02974276615100013     0.20634164317400000
-4.53428932206351121    -4.53428932206344193    -3.12007575969040962
-3.11999512558589887     1.70603568144502438     3.12014425853667188
-4.53428932206368707     3.12016859591318374     3.11998292956144496
-3.12013819145446236    -1.12239750545976946     3.12001333470070508
-0.28857993399275161    -4.53428932206363644    -1.70893604541689048
-1.70571913806347841     1.70600528529736639     1.70571915108206551
-3.12007575969045625    -4.53428932206367197    -4.53428932206367286
-0.28631841511208689    -4.53428932206349700    -4.53428932206349700
 4.53428932206251645     1.74642007404596722    -4.53428932206234236
-3.11724915384949330    -1.69787525536500961    -1.71388664476410746
 4.53428932206324298    -3.12050963718650243    -1.13309833794938930
-1.25217608003654712     1.79808361776207093    -4.53428932206363822
-1.70585613315438822     0.29174755317986689     3.12012600947355656
 1.12614903152134493     4.53428932206326163     1.70540632353496213
-3.11653685830194016    -3.11650970865354626    -0.29710396069063677
-0.28082650838905693    -1.70280672496461527    -4.53428932206366131
 3.11878912717700008    -2.51236373206400021    -4.53422254239399969
 3.12008954229495972     0.31994903503940758    -1.70560464078526786
-1.40996528343396399    -2.11538701722827449    -0.00492795796957836
-4.53375372470688198    -3.11854915883532424     1.11895759895461611
-4.53428932206363999     0.29187848580371412     3.12003158276083337
-3.11913705439276745    -3.11913705439461308    -3.12101540022704427
 3.12065958017619893    -3.11949259312085925     3.11802726343529635
 3.12243844869352216    -1.70133035672508770     1.69832358961003571
 4.53428932206363466     0.33250609797827491    -3.11977623683455407
 1.67895004319601093     1.73310196611446332    -4.53428932206361157
 4.53428932206367108    -1.70469892536695644     3.11489189509667241
 1.71343101469638159    -1.69832839757309761     3.11772101076523978
-0.29145670850923999     0.29184061015726531     4.53428932206366841
-4.53428932206365864    -0.28130783938497284    -4.53428932206365598
-4.53428932206344903     1.70788229473343312    -1.12476880402817181
 3.05775459673713712     1.79199223559876497    -3.05808501781454911
 3.11910829251126964    -4.53428932206345969     4.53428932206342772
 0.00416400666614873    -2.11555262477059980     1.40936986195912839
 4.53366250125900017     0.35135908789600001    -0.20539319492499999
-2.65724019752630758     3.28764897191866812    -4.53428932206343127
-1.18597597764859630     4.53428932206349700    -4.00394091516615447
-3.11819897300571025    -4.53428932206366042    -1.70774147797613374
-0.29141276175500891     3.12012602101273151     1.70558220890895784
 0.28221134274055487     1.78866934780929432    -3.10389312913607629
 0.29412678581888108    -4.53428932206356627     1.70242101069591389
 4.04562648000499969     4.53301892904099990     4.47800583840099975
 3.10619978050451762     1.78133093054947511    -0.27874696700590201
 1.71040790335921034    -3.11772273393403276     1.69986398805642258
 4.53428932206345348     3.24340508369593827     2.65431344659583290
 4.53428932206365420    -3.11790248142598037     1.69759772158190692
 2.88630867449393191     3.42150590670196264    -1.45169823676188270
 3.12000804563825529    -1.09548829489816257    -3.12020215124942135
 2.83384065608690916    -2.10719095748024143    -1.41885975546021781
-4.53428932206346236     2.59990562963761729    -4.47349722370745795
 1.13048585132294099    -4.53428932206348367    -3.12084827025264744
 0.01170402106664220     0.73183014479062258    -1.42761251781463439
 2.43032305046640706     3.63611052786042777     0.48376604016437064
-1.40977206456537818    -2.11584675238712405     2.82386083045684932
-3.11998294898263051     3.12016858434668443     1.70552745754834767
 1.41648728592883510    -3.52580545746215623    -1.41756806011626724
-4.52944492198874471     3.11901640149977943    -2.54204685199286384
-4.53428932206366131    -1.70069179953769511    -3.12526513005658391
 4.53428932206361246    -3.12104388916966435     4.53428932206345348
 4.51280783514144179     2.56132792282670696     4.53428932206345348
-1.70567657867993328     4.53428932206348634     1.70570094482303247
 4.53428932206366042    -1.70359597419311748     0.28175309071438681
 1.43233893981170812     2.15709276438250530     1.38738884321748435
 1.66517342637915622     4.53428932206363910    -4.53428932206352631
 4.53428932206363378     3.14035469805922896    -3.10008352650924035
 0.29778200119072062    -3.11512763731602549     3.11660103189077553
 3.10008356973192845     4.53428932206351387    -3.09973141745428515
 2.75165488271299985     4.53425494794000006     2.92186345171599982
-3.11907076909329239     3.12108994583815091    -1.12400579145956137
 3.12226164542388140    -4.53428932206365776     1.70271221781909388
-4.53428932206365953    -1.12227875839577473     1.70573734830488077
 3.12121176335260175    -3.11894454139969657     0.28224945095042042
-1.68978150913675340    -0.28335408191233469    -4.53428932206365509
 1.70702942738287833    -4.53428932206366486     3.11794427983050726
 0.00451423272894652    -0.69164137657318270    -2.83248871691902115
 1.41806854496166457    -0.69561290811361653     1.40909073391847772
-3.11962383066826066     4.53428932206346147     0.29122112220458685
 1.12350840337878966     1.70632188981840138     4.53428932206196045
 1.70851108659325801    -3.11329474177413346     4.53428932206364532
-0.29134490637888516     1.70607313291801299     3.12009472475180649
-4.53428932180332112    -4.53340701922240541    -0.29540136502689035
-2.77752562601449426     2.19500447313487967    -2.86346335417480935
 2.83730913924099326     0.73378838802425561     1.40361816715513665
-4.53427718980274630     1.70604786981504875     4.53428932206362489
 3.12528200955722779    -1.70164317291525280     4.53428932206366486
-1.41055785406603751    -0.69310507762696372    -1.41913495838830062
 4.53428932206360535     3.17902861691261496    -0.19507236617216830
-1.70037448942120450    -3.11724979606560426    -1.71136678355290539
 4.53428932206367374    -4.53428932206367374     3.11910829251125987
-2.82390135453755686    -2.11568389323232076     1.40956301008105811
 2.85266003506755395     2.16999234703289146     2.79540929305214947
-3.11998293742016441     4.53428932206368884     3.11983383848520823
-4.53428932206346946    -3.12007575969045270    -4.53428932206361868
-0.10412579088630335     4.53428932206350854    -2.32179937135885783
 0.01123308338766550     0.72592821444018996     1.40318980633292756
-1.70568874094227008     3.12015640759369406     3.11999515044855302
 4.53428932206363910     1.77828397351875811     1.23248304221079308
-3.14763724401675304     1.15994023587767070    -4.53428932206343749
-1.70571306789266375     1.70601137422487392     4.53428932206310176
-4.53428932206351742     3.12052784878837342     0.29101103005932616
 1.45473358988014012     3.41698527202601587    -2.88888762795237719
 0.35380634838000002     2.60590926637900022    -0.30847795354599999
 0.29495048542223745    -4.53424289510814038     4.53428925308884967
 4.53428932206363200     4.53428932206363822    -4.53428932206361424
 3.12737269681598162    -0.28322739809684383     3.11281662113265423
 4.53428932206342328    -1.08260635045011577    -4.53428932206337443
 4.53428932206366220    -0.28477523863786358     1.69134442168894394
-4.53428932205341439    -0.28651688378773127    -1.70584246303327047
-2.82663984501724252    -3.53586986152622051     2.82675608302525871
-1.70329719117490219    -4.53428932206361512    -0.29421647014217100
 0.19027310286315083     3.18348621439310131    -4.53428932206360802
-4.50717206702235629     1.18284538709937403    -3.06239661653141759
 2.54698799899639772    -4.53428932206340640    -4.53428932206287616
-2.82448022266278631    -0.70147492229231057    -0.00465502523900432
 3.06712332176584956     1.17938027032869663     4.51955929007956581
-3.12013208178706680    -2.53677399798982606     4.53428932206346680
-1.40155325687447219     0.72856581813507737    -0.01244708207294675
-4.53428932206350854     4.53428932206357516     4.53428932206346058
-2.81669446513220834     0.72911266634429006    -1.42788251534225519
-4.53428932206366664     0.29341045015829259     0.28988858662480843
-0.29093497316578415     3.12030560068656371     4.53428932206342061
 0.00449400668967261    -0.69375143905892245    -0.00576033940411134
-1.12378116355600000     2.40265817547899996    -1.64131615241300000
 1.41834347282900008    -2.11008201098266435    -0.00486721504730590
-4.53428932201297652    -1.69905129892918394    -0.28995174477813312
 1.31453093317423075     4.53428932206344637    -0.91204297421858227
 2.83313799854521919    -0.69152858987078358    -0.00426051749754252
-4.53428932206347568     1.70604784663319631     1.70567656018604352
-1.41258810996298845    -3.53278902953167728     1.41238406723016263
-4.53428861256100024    -2.53669983077100003     3.11988128948499988
 4.53428932206361779     1.73390974349257521    -1.67814379861144514
