200   11.24987953073500080
-1.12337093386465536     2.78014256898440593     3.12870510729354256
 0.00183705845871269    -2.40848064603226097     1.41429042079095035
 0.01385062212180249     0.43424704686699106    -1.39972464944201169
-4.62493968267287325    -3.21673440433460955     4.61843583591301243
-1.70026427456506468     0.01644730200808446    -3.11899218451415861
-3.20475814708041451    -4.62493968267286615     4.62493968267177635
-1.41497253770848186    -3.81636126282383703    -1.41988312161805719
 4.62493968267268052    -4.62493968267275868    -3.20355101102171425
-0.20945602300576435     0.11610362536364137    -4.62493968267286615
 4.62493968267278266    -4.62493968267281375     2.45548161332934178
 1.71059719544254385     3.03072434824936154     3.23618438106701500
 3.20659236641627299    -3.21487527257448003    -3.20659236641568013
-1.41211645018439369    -2.39953142757371296    -0.00015483685788308
-4.62493968267285727     1.01279478243010579     3.20777846303803393
 1.40018412555560734     0.58014225367809358     0.04915247785112965
 0.00412122451433484    -0.98792348382350248     2.83728651655055275
 4.62493968267285016    -0.39168393441264981    -4.62493968267284306
-4.15077234466941647     4.62493968267289901     0.03049391017212875
 0.38918983829456705     1.46967113535200733     3.21830583501698619
 2.84983360120999984     0.48727744232900000    -1.38656960483500002
-0.27898295642639909     1.42354512815340839    -3.11306577182184618
-0.00402592640701171     0.57506228020239880     1.47329563301004929
 3.21072952197768080    -4.62493968267286970     1.04126464928636997
 1.05096763310785968    -3.21072296059268147     4.62493968267284572
 4.62493968267272315    -3.21793781909818932    -4.62493968267268585
-3.20568891326663685    -0.39636280784315453     3.20924110281294794
 4.62493968267285549     4.12167085809241840    -1.15532809939542669
 3.21683635160027048     1.52978163206914775     3.20552066462331231
 1.79735189458759859     1.46531788091353055     1.79807322294515326
-4.62493968267284483    -4.62493968267284750     0.36047881278597221
-1.04105221983780138    -3.21052120553312159    -4.62452976405766680
-4.62493968267283329    -3.21369635049157498     1.78104707118935668
-4.62493968267283950     2.94499717253861126     2.69145112146199450
 1.41706448273876551    -2.40821177635483341     0.00043570039854187
 4.62493968267210409     4.62493968266983924     1.83287223606485306
-4.62493968267290079     2.72052089213133197    -0.35467411264763271
 3.20964033455546716    -4.62493968267281819    -1.78824506435448161
-3.21337988552817322     2.74025862314046620    -1.78643094381631884
-4.62493968267280930     4.16172426915941340    -4.62493968267273114
-1.79055540005430869    -3.21373186386439125     1.78698298960246782
-3.03832711252750309    -2.71187920704924768    -4.62493968267285194
-3.10506302193290296     1.42253576679298765    -0.28249689644865000
 4.62493968267284927    -1.79759577630358769    -0.37404150217735227
-0.36418185845504125     2.73005897223660732    -4.62493968267289812
 3.20324905311090102    -4.62493936378181392    -4.62493934941172302
-4.62493773335899938     4.28492731311881503    -1.88254047764022281
-4.62493968267282440    -1.49423371173590658    -4.62493968267277644
 4.62493968267283861    -2.76824027466694744     3.19889758592521378
-2.45506077833117020    -4.62493968267284128    -4.62493968267275690
 1.72574498982009938    -0.01608212819354539     3.13983566995549657
-4.62493968267270095     1.53865957020591759     1.25877059224213705
-4.62493968266891020    -4.62493968267284128    -2.46806820113454117
-3.20773609037447383    -1.80249166782023984     1.78699026762056179
-4.53395617473599977    -4.11071721164400028    -4.59190026992400036
 2.83321447640690849     4.62493968267285727    -1.88774961426011356
-0.37334563064856996    -4.62493968267284838     1.78997658857720610
 4.62493964015869885     1.04492175546376109    -3.18824602859202555
 0.37828912326099745    -3.20648795001567688    -3.20606615182835153
-3.21388321757809692     4.62493968267264322    -3.28540575887748787
 0.26927310671378341     3.00977536373591459     4.62493938661299442
 4.62493968267277289     3.00509360285649185     0.50396549520735157
 1.80814630497735096     1.55879893285729043     4.62493968267278976
-1.79930910356390394     2.93396463463303592    -0.38540210588804019
-2.82386929447664503    -2.39685410883686112    -1.41682231322526309
 2.05405016734274959     4.62493968267286881    -3.72973305052673076
-3.79033351872755064     4.62493968267285371     1.99774677972236736
 2.69301330583910659     2.95451123661345338    -4.62493968267285815
-1.40568305901461010    -0.98256996426258625    -1.41160048688332407
 4.62493968267287148    -1.35401847012342480     1.78466172912836130
-3.21006096759460036     1.33597747542882361    -3.21050378007345394
 3.21089751387653521    -1.79742781594268375    -1.78842642738517510
-0.00097233909226879    -3.81999120655768154    -0.00261820181341984
 0.50121545604610851     4.61860430092263652     3.10956264391675630
 1.45747667343453347     4.62493968267286881    -0.43607971463666867
 4.62493968267284750    -0.36978441447554988    -1.77452524540137313
 4.60848111899599999     4.52056229270000021    -4.61402666762300040
-0.91023787317118476     4.62493931534317149     4.62440569183909300
 4.60350444471000042    -4.37306978076799968     4.62126589570600022
 1.79663541736824728    -1.79642351390342725    -3.20259109734316727
 1.37223652659367201     1.90020664233079817    -1.47555471603662758
-2.82089713160479549    -0.97991701699343148     0.00549467015329765
 1.78824607055783491    -4.62493968267289102    -3.21007724782938153
 1.16748399523636537     2.91669426951060995    -3.18576794972800936
-0.36325540842172632    -4.62493968267285016     4.62493968267284750
-4.62493968267284128     4.43350720815308197     4.62493968267283773
 0.27135397777723719     2.76074424334596147     1.69539909467108552
-0.36652653270898522    -3.21401180937916520     3.20745182166344867
 0.06615056862799319     4.62493968267286437     1.00065675044099511
 4.62493968267279421     4.62493968267241140     4.62493968267278799
-3.20625126177050479    -3.21522226545077272     3.20269319392701668
-4.62493968267285638     1.33821107693430541    -4.62405011205608840
 4.62493968267284661    -4.62493968267285105    -0.37295231475647278
 3.14484650355860884    -0.01050039002182699     1.71921442529114410
 3.21568623719753388     4.36980330773547454     3.22890595936942093
-3.20630391782683644    -4.62493968267227373    -1.04929868379220737
 4.62493968267271072     0.06597590902522525     3.21037179608916023
 3.21093106477998269     1.02273454274491504    -4.62493968267287503
-4.62493968267195577    -1.29137771489965214    -1.61577931148811293
 0.37381022011004594    -1.79695687802917314    -4.62493968267285283
 3.12076018234793873     2.80427705824679974    -1.11153761035078413
 0.66772802382922425     4.62493968267280131    -2.27355000567448329
-1.41012693481867002    -2.39330282537534078    -2.83150246396410665
 2.82748906037859271     1.85394729570590022    -2.84672215138606033
 3.22266599723286529    -2.77393671448658230     4.62493968267271693
-1.79356335685719426    -4.62493968267275068     0.36977325059729071
 0.00681094727388020    -0.99005453908867569     0.00431076151535207
 1.78781883800290120    -3.21137535518674300    -4.62493968267282263
 3.34461594452474875     4.62493968267262545     0.29639212700502993
-1.43233655758399991     0.53790906263500005     2.88979102884600003
 1.23543685178735241     1.52955075408792873    -4.62493968267281996
 1.05096131367256485    -4.62493968267286526     3.21072928002800584
-3.20926193877886767    -3.21221346903777683     0.36829998607260112
 4.62493903101200221     2.95424544886993035     3.12747168182701163
 4.62493968267284927     1.48839092794811023    -1.03480611166971537
 3.08826956935017982     2.99284319116627406     1.78400256116855438
-1.04105221983778073    -4.62493968267247890    -3.21052114613293638
 1.79563171664717336    -0.39039239959779676    -4.62493968267284306
-1.52000645637452836     1.94771292377800953     1.33483305584158995
 0.37295633865567829    -4.62493968267273914    -4.62493968267270184
 4.62493968267283506     2.43715277399006380    -4.62410562865505881
-3.20420320282610227    -1.80908901049071580     4.62493968267290079
 1.79518538673245631    -4.62493968267282529    -0.37427292863927991
-2.84581982795300004    -3.79384994801900000    -2.84817543312000021
-0.36979002636029606    -1.80308391841511684     4.62493968267282352
 1.80643279172219162     4.62493968267223110     4.62493968267271072
-4.62493918042438601     2.75024592382100019    -3.20756274530599983
-2.70483895804389762     4.62493968267276578    -1.35127185921197945
 4.62493968267275690     1.47042819578668027     1.78646387272806040
 1.80845559457382343    -1.35971999240647579     4.62493968267285105
-2.23051359834381158     4.62493968267270716     0.59166804030867914
 1.93438845421028449     4.62493968267267608     1.71458055791306041
 3.21018482328787558    -3.21126772690627993    -0.37349020749359491
 4.62493968267289812    -1.80481087675493312    -3.20964033453960829
-1.78755659591804705    -4.62493968267282707     3.20419274804914966
 1.79259630461320207    -3.21356560938805424    -1.79131792507140930
-4.62493968267098321     0.12631349614900089    -0.18358905431595776
 4.62493968267271427    -1.34788324034090490     4.62493968267279243
 4.62493968267269118    -3.21181274032990682    -1.78825166288904525
-3.22600984688162296     2.95347271407957734     1.05554883539431077
-1.62431847483793290    -1.29746074968106795    -4.62493968267278444
 1.69641191122015544     2.77764543132184327     0.29221548723533597
 4.62493968267275690     1.47983505839145324     4.62493968267275424
-3.20827355486968857     2.74996753291363971    -4.62493968266874500
-1.78998645143532809    -0.39487863714246541     4.62493968267285016
-1.79607154233711275     1.33374527782832097    -4.62493968267058086
 0.37555217749429770    -4.62493968267282707    -1.79434564738352043
 3.20721766474224657     1.46979031182255904     0.37576763576590505
-0.08189994798590972     1.95000915169944733    -0.09845716353530916
-3.11381314057379388     0.01579231525469256    -1.70411438965063544
-1.40836697433632252    -0.99028646866383174     1.42135166479633046
-4.62493968267287769    -0.08202627120433881    -3.20872284019847065
-1.78400677775107530    -3.21729429176334092     4.62493968267275157
-4.62493968267281819    -1.80549850382439425     3.20125086805863779
-4.62493968267266897    -4.62493968267266986     3.19822463939269230
-1.36701866350005186     4.62493968266993516     2.39565709168880625
-4.62493968267279598    -0.40082410769460386     4.62493968267278266
 2.83879544202442657    -3.81004509223230414     2.83710388478368136
-1.27481536266356765     4.62493968267282796    -2.74949663250685772
-4.62493968267276934     1.32339641889532356    -1.78577271382262737
 1.42915765878240397     0.42420917601961250    -2.82395801778032984
 0.38769793510566830     0.04791904977108787     4.62493968267286704
 2.83516463278339303    -0.98816666484754756     0.00216294266706053
 1.41906273804600214    -3.81967224570786712     1.41739559765373269
-1.79353790413100000     2.74870830240300013    -3.21109843263899997
-3.21273794987544514    -0.07801117770940251    -4.62493968267288835
-0.77895858557812514     4.61282928509487178    -0.81197775649842840
-4.62493968266885958    -1.79790561462565401     0.36173728259616456
-2.90173223265533453     1.93376819673514833     2.78073741775103356
-2.83447495540955119     4.62493968267287947     3.75454341192873908
-0.31831442799998233     2.94596324647527030    -1.81664913032469943
 2.83457215083063918    -2.40218903018753727     1.41656755213488350
 1.41991524779153933    -0.99123932101339085    -1.41101069742967788
 1.42205986051996303    -0.98627653593674647     1.41748316439054811
-1.03249848996934168     1.45612433104373018     4.62493968267287325
-1.78699373971498865    -1.80607969447232541     3.20772317858194489
-1.38946891450235821     0.44171458851714912     0.02528009228724848
 0.00277328560153581    -2.40251586621105462    -1.41368875180072862
 3.17598614324271544     0.09968427752951643     4.62493930868976921
-2.45158319035027761     2.86544991909808378     4.62493968267287769
 4.62493968267286792    -3.21072271864640557     1.04125784595534565
 4.62493968267282973     0.05910847221939381     0.36936238099566093
-3.11827767044390747    -1.39446478625208981    -3.12226634752494148
 4.03316409126300002     3.46332533992999991    -3.00918385068800021
-2.81768181809828500     0.42878724817421643     1.42919113745985471
-4.62493968267284217     2.43350720815308064     4.62493968267277111
 0.10863820026517676     4.62493968267289812    -4.19381523974688175
 3.20964033454003195    -1.80481087675536411    -4.62493968267277289
-3.21368439109680404     1.01634155022926498     4.62493968267289102
-4.62493968267285016    -2.70681314654375349    -3.03445198568123509
 2.46517803576699057    -4.62493968267282973     4.62493968267276490
-3.20776518876390870    -4.62493968267289635     1.78399854333949714
-1.70161608623192406     1.43323249388233798    -1.70735558372297302
-1.80008028296596923     4.17017586585817579    -4.62493968267284039
-4.62493968267270805    -0.39127879380795394     1.78349710301461672
-4.62057700719817976    -3.21079279688840025    -1.05379469417454397
 3.21364113171818078    -1.35112063116003411     3.20178134391132030
 3.25631937866799781     2.93821719743042831     4.62493968267260414
 3.22146243736004045    -0.37997899525674633    -3.19935775921198573
 1.42695571406835064    -2.39346255140293662     2.83868109309106664
 0.00757162843110526    -0.98258985120166620    -2.82706531875691036
