20    5.60515495761649341
-1.80257747880824581    -0.70710678118653347    -1.80257747880824093
 0.12927417376989209    -1.80257747880824093     0.38836391643514501
-1.28493938860320966    -1.80257747880823649     1.80257747880823715
-1.76232362041900004     1.80256877415599992    -1.58137210154400010
 1.74414401923199991    -1.73817930111199992     1.80254071266200011
-1.80257747880824537     0.12927417376990236     1.80257747880823715
 1.80257747880824537     1.80257747880823560     0.12927417376990291
 1.80257747880824515    -1.80257747880824115    -0.70710678118653258
-0.12927417376989103     0.38836391643514584    -1.80257747880824093
-1.80257747880824537    -1.80257747880823560    -0.12927417376990291
 0.12927417376989103    -0.38836391643514584     1.80257747880824093
-0.12927417376989209     1.80257747880824093    -0.38836391643514501
-0.08530338575000000    -1.78315246249200010    -1.67486395510400010
 0.03388297491400000     1.67825954417700007     1.69479805546699991
 1.28493938860320966     1.80257747880823649    -1.80257747880823715
 0.95694109395399995    -0.01609660415300000     0.00785230907100000
 1.80257747880824537    -0.12927417376990236    -1.80257747880823715
 1.80257747880824581     0.70710678118653347     1.80257747880824093
-1.06172190981999992     0.05369622800700000    -0.05559051489500000
-1.80257747880824515     1.80257747880824115     0.70710678118653258
