21    5.64273441009200027
 1.73205080756904573    -0.00000000000000548     0.99999999999999589
-1.82136720504593952    -1.82136720504592509     1.82136720504594929
-1.00000000000000688     1.73205080756820440     0.00000000000000190
 1.82136720504591176     1.82136720504592264    -1.82136720504590865
-1.73205080756888052    -0.00000000000000573     0.99999999999999589
-1.82136720504591110     1.82136720504591798    -1.82136720504590488
-1.73205080756871777    -0.00000000000000532    -1.00000000000000844
 0.00000000000008184    -0.00000000000062700     0.00000000000013420
 1.00000000000000355    -1.73205080756955732     0.00000000000000119
 0.99999999999999889     1.73205080756830476     0.00000000000000141
 0.00000000000000086    -0.99999999999997358    -1.73205080756912722
 1.73205080756888319    -0.00000000000000540    -1.00000000000001044
 1.82136720504592242     1.82136720504592287     1.82136720504590910
-1.82136720504593841    -1.82136720504592353    -1.82136720504595084
 1.82136720504594019    -1.82136720504592442     1.82136720504594907
-1.82136720504592242     1.82136720504592242     1.82136720504590488
 0.00000000000000103     1.00000000000003308     1.73205080756863561
-1.00000000000001221    -1.73205080756945562     0.00000000000000191
 1.82136720504593885    -1.82136720504592375    -1.82136720504594929
-0.00000000000000021    -0.99999999999997291     1.73205080756939611
 0.00000000000000084     1.00000000000003308    -1.73205080756836605
