23    5.82015319108300044
 0.03644121709686903     1.45065477946996313    -1.91007659554128062
 1.45065477946996602     0.03644121709686945     1.91007659554128151
 1.91007659554129727     1.91007659554129816     1.38241944969833441
 1.91007659554130660    -1.91007659554130682    -1.91007659554128462
 0.46476816302740703     1.91007659554121112    -0.00000000000000000
-1.91007659554129683    -1.91007659554129705    -1.38241944969833375
-0.46476816302740531    -1.91007659554121645    -0.00000000000000000
-1.91007659554130660     1.91007659554130682     1.91007659554128484
-0.00137377182800000     0.01727055843100000    -0.45027812572600001
-0.03644121709686936    -1.45065477946996402    -1.91007659554128106
 1.91007659554129727     1.91007659554129816    -1.38241944969833441
-1.45065477946996468    -0.03644121709686887     1.91007659554127973
-1.49078707792524123     1.49078707792524168    -0.00000000000000000
 1.91007659554130660    -1.91007659554130682     1.91007659554128462
-0.03644121709686936    -1.45065477946996402     1.91007659554128106
-1.91007659554130660     1.91007659554130682    -1.91007659554128484
 0.03644121709686903     1.45065477946996313     1.91007659554128062
 1.45065477946996602     0.03644121709686945    -1.91007659554128151
 1.91007659554121667     0.46476816302740764    -0.00000000000000000
 1.49078707792524146    -1.49078707792523901     0.00000000000000000
-1.91007659554129683    -1.91007659554129705     1.38241944969833375
-1.91007659554120934    -0.46476816302740648    -0.00000000000000000
-1.45065477946996468    -0.03644121709686887    -1.91007659554127973
