25    5.95933082207100018
 1.97966541103509419     1.93559764050336125    -1.97966541103513238
 1.69932058324338997    -1.97966541103520122    -1.97966541103524829
 0.02543630617151452     1.97966541103520122     1.97966541103520632
-1.97966541103521010     0.30473762714826863    -0.01672273581904872
-0.14017241389584997    -1.19463960669772673    -1.97966541103520499
 0.14165327259979768     0.14134402423331352     1.20051966373179497
-1.73977120164270738     0.00589515674679172    -1.97966541103508620
-1.97932366590300002     1.97909858744000000     1.90462236656600004
-1.97746638191399993     1.97204667905900011    -1.48330330456600001
-0.91097055762473200     1.97966541103522164     0.21242400550078233
 1.97966541103504379     1.97457033590063524     1.55426836601294327
-0.01984903792509125     1.97966541103512728    -1.97966541103511129
-0.12713475501773189     0.39429915844833979    -0.76512697192877976
 1.97966541103506999     0.02033458896511253     1.97966541103507532
 1.97966541103524807    -1.77587693681922132    -0.00992506385568242
-0.00532631589858352    -1.97966541103521387    -0.14512159406619943
 1.97966541103522520    -1.97966541103520521     1.97966541103524918
-1.97966541103522520    -1.97966541103521099     1.97966541103525429
 1.04326593576970739     1.97966541103521831    -0.21296960973739315
-1.69594765147000004     0.00055592386100000     1.97892470000400000
-0.00000000000000152    -1.69519245915621797     1.97966541103520033
 1.97966541103520344     0.22412306318077874    -0.00992506385588863
 1.45913024212804587     0.00520125312805290    -1.92854862768991042
-1.97966541103524651    -1.69519245915643157    -0.00000000000000010
-1.97966541103509708    -1.97966541103520521    -1.97966541103525340
