28    6.24254772772400024
 2.12127386385848959    -2.12127386385849004     0.70696734818609375
 0.24404081125413118     0.37612218690052879    -2.12127386385852601
-2.12127334255152933    -2.12127328989098407     2.09438737376216233
 2.12127386385849803     0.12773310952414432    -1.47761329146822762
-2.12127386385850469    -0.70663377281997652    -2.12127386385850425
 0.72965419970265433    -2.12127386385846961    -0.72948477782962939
-0.70663377281994066    -2.12127386385850647    -2.12127386385850691
 1.99100754634200006     2.12118077187300003    -1.36117559250100006
 0.70696734820328588    -2.12127386386186956     2.12127386385852068
-2.12127386385851135     2.12127386385851269     0.70696734818535734
 2.12127386385849936     2.12127386385648808     2.12127386385850114
-2.12127386385823913     0.72965419970377055    -0.72948477783143417
-2.12127386386187000     0.70696734820321816     2.12127386385852157
 2.12127386385845540    -1.76586163792059558    -2.12127386385843675
-2.12127386385849803    -0.68498589133435606     0.68430212719736550
-1.76586163790754824     2.12127386385812056    -2.12127386385839367
 0.72981975019007461     2.12127386385852645     0.68466137276870864
 2.12127386385849981     0.70618595700147657     0.43690813783084609
-0.68498589133615984    -2.12127386385853578     0.68430212719734085
-0.69576739943651023    -0.69576739943651478    -0.71848619574169470
-2.12127386385844119    -2.12127386385843852    -0.70748695883112578
 2.12127386386186956    -0.70715326088428654     2.12127386385670436
-0.00327305215473650     2.12127386385849936    -1.17613817128493081
 0.71852945276724467    -0.69572838911763490     0.69564407135704254
 0.70706030148387222     0.70706030148390553     2.12127386352316094
-0.70715326088435460     2.12127386386187000     2.12127386385708894
-0.70706030761110683    -0.70706030761114103     2.09834340575755895
-0.69572838911769230     0.71852945276722535     0.69564407135705708
