34    6.57388316583200005
-0.87783549764981306     0.87783549764980906     0.36380603843943543
-2.26479252785667340    -0.85057896549569689    -2.28694158291563543
-0.28910310512885584     2.28694158291576688     2.28694158291576199
 2.28694158291575844     0.71825014215493721     0.34524208618946378
-2.28694158291559324     0.71810312904040907    -1.04647961024504066
-2.28694158291573180     2.28694158291573402    -2.28694158291574023
-2.28694158291576821     0.28910310512885651     2.28694158291576244
 2.28694158291574023    -2.28694158291573979     0.19398236242650974
-0.70710678118655979    -0.70710678118654569     1.57161797666982839
 0.87783549765009738    -0.87783549765010582     0.36380603843988629
-0.71701094425699996     0.71674379019500001    -2.28692194262800008
 2.28694158291574201     2.28694158291575089    -0.89540579442927337
 2.26479252788399510     0.85057896549543976    -2.28694158291574956
 0.70710678118653403     0.70710678118655035     1.57161797666983039
-2.28694158291574823    -2.28694158291574245    -0.89540579442931112
 0.28910310512882315    -2.28694158291576599     2.28694158291576066
 2.28694158291575222    -2.28694158291575134    -2.28694158291574956
-0.71810312904036755     2.28694158291555771    -1.04647961024508862
 2.28694158291574956    -0.71810312904069540    -1.04647961024471114
 2.28524229418699987     2.16866338762900002     1.97293006997900000
 0.71684880906000004    -0.71674710823499999    -2.28654548446100003
 2.28694158291576199    -2.28694158291575800     2.19398236242650979
-2.13917478939599981    -1.95538001914299997     2.22804247783099996
 0.71825014215491367     2.28694158291575977     0.34524208618944485
-2.28694158291576244     2.28694158291576288     2.19398236242582456
-0.85057896549543499    -2.26479252788131635    -2.28694158291574645
-2.28694158291552307     2.28694158291560479     0.19398236242582470
-2.28694158291575933    -0.71825014215493266     0.34524208618942992
 0.85057896549574885     2.26479252785401286    -2.28694158291562211
 2.28694158291576466    -0.28910310512881954     2.28694158291575933
 0.71810312904067763    -2.28694158291574068    -1.04647961024472735
 0.70729273753099997     0.70822539023499997    -0.88269335949000005
-0.71825014215495153    -2.28694158291575800     0.34524208618944663
-0.70705771995800004    -0.70685896219699995    -0.88199070262000001
