36    6.69441811977405798
 2.22805167068526622     2.34720905988689799     0.60155787087350665
 0.61193540452280393    -2.34720905988691753     2.34720905988688333
-0.61193540452280393     2.34720905988691753    -2.34720905988688333
 2.34720905988700990     0.99847322247570292    -0.87041806557430712
-2.34720905988688733     1.35281208633993089    -2.34720905988688999
 2.34720905988700856    -1.00152484370230965    -0.86763682768204331
-0.86763682768204731    -1.00152484370230987     2.34720905988700945
-0.73827391166129830     1.16595283432942232    -0.73827391166129830
 2.34720905988688777    -2.34720905988691930    -2.34720905988689310
-2.34720905988700990    -0.99847322247570292     0.87041806557430712
 2.34720905988689665     2.34720905988692019    -2.34720905988688777
-2.34720905988702855    -0.01281654994708325    -0.88602514683799860
-2.22805167068526622    -2.34720905988689799    -0.60155787087350665
 0.86763944662785708    -2.34720905988702855    -0.87042067959715896
 0.87042067959715885     2.34720905988702855    -0.86763944662785797
-0.87042067959715885    -2.34720905988702855     0.86763944662785797
 0.73827391166129830    -1.16595283432942232     0.73827391166129830
-2.34720905988688777     2.34720905988691930     2.34720905988689310
-2.34720905988700856     1.00152484370230965     0.86763682768204331
-2.34720905988689665    -2.34720905988692019     2.34720905988688777
-0.86763944662785708     2.34720905988702855     0.87042067959715896
 0.88602514683799571     0.01281654994708329     2.34720905988702810
 0.67490051285382002     1.08929716400603160     0.67490051285381947
-0.88602514683799571    -0.01281654994708329    -2.34720905988702810
-2.34720905988689621    -1.37844518623408785    -2.34720905988689887
 2.34720905988688200    -2.34720905988691708     0.61193540452280659
-0.60155787087350698    -2.34720905988689799    -2.22805167068525201
-0.67490051285382002    -1.08929716400603160    -0.67490051285381947
-2.34720905988688200     2.34720905988691708    -0.61193540452280659
 0.86763682768204731     1.00152484370230987    -2.34720905988700945
 0.60155787087350698     2.34720905988689799     2.22805167068525201
-0.87041806557430834     0.99847322247570236     2.34720905988700990
 0.87041806557430834    -0.99847322247570236    -2.34720905988700990
 2.34720905988688733    -1.35281208633993089     2.34720905988688999
 2.34720905988689621     1.37844518623408785     2.34720905988689887
 2.34720905988702855     0.01281654994708325     0.88602514683799860
