44    7.09921668906215686
-0.58807603664283736     0.19524067671006679     2.54960834453105045
 2.54960834453105578     2.54960834453094609    -0.38077502854668765
-2.06988855147883033     2.54960834453107843    -0.86784821395088807
-2.17285233367637565    -2.54960834453073959    -2.52168916353589756
 2.54960834453105667     2.54960834453105711     2.54960834453105267
 1.21550673853275448    -1.05958388000949633    -2.54960834453104734
 2.54960834453105578     0.43044058451206346    -2.54960834453092922
-2.54960834453105667    -0.58561358190549395    -2.54960834453106688
-0.58807603664283736    -0.19524067671006679    -2.54960834453105045
-2.54960834453105711    -0.49682942499643457     0.86784821395086842
-2.54960834453104424     1.57927243189843081     0.81391191662936535
-2.54960834453105667     0.58561358190549395     2.54960834453106688
 2.54960834453105578    -0.43044058451206346     2.54960834453092922
-2.17285233367637565     2.54960834453073959     2.52168916353589756
 0.39522350213040108     0.71745899221803355     0.75793706518570847
-2.54960834453107177    -1.57927243189833710     2.54960834453107887
-2.54960834453105711     0.49682942499643457    -0.86784821395086842
 0.74602556935546371    -1.29478378781149184     2.54960834453104024
 1.75209325571898655     0.75179473325230783    -0.74386716866863933
 2.34203373833299988    -2.51071999662300005     2.46411656949800006
 0.64639869386446103     2.54960834453105400    -0.99542372952113423
 2.50439633777300008     2.48766694481899986    -2.52984857601600011
 1.21550673853275448     1.05958388000949633     2.54960834453104734
 1.18828056559705408     2.54960834453094165     1.08441665799218212
-0.17304721333698553    -2.54960834453093987    -2.54960834453105756
-0.61507235117748804    -0.99842846773268668     0.94510681053151591
-2.54960834453107177     1.57927243189833710    -2.54960834453107887
 2.54960834453105667    -2.54960834453105711    -2.54960834453105267
 0.74602556935546371     1.29478378781149184    -2.54960834453104024
 2.54960834453069118    -1.08462356056128106    -1.05979428926347419
 0.39522350213040108    -0.71745899221803355    -0.75793706518570847
-0.80575024628653136     2.54960834453106466    -2.41767218632506165
-0.17304721333698553     2.54960834453093987     2.54960834453105756
 0.64639869386446103    -2.54960834453105400     0.99542372952113423
-0.75932952069058668     2.45369430035695224     0.63987706704347980
-0.80575024628653136    -2.54960834453106466     2.41767218632506165
-2.54960834453104424    -1.57927243189843081    -0.81391191662936535
-0.75932952069058668    -2.45369430035695224    -0.63987706704347980
-0.61507235117748804     0.99842846773268668    -0.94510681053151591
 1.75209325571898655    -0.75179473325230783     0.74386716866863933
-2.06988855147883033    -2.54960834453107843     0.86784821395088807
 2.54960834453069118     1.08462356056128106     1.05979428926347419
 1.18828056559705408    -2.54960834453094165    -1.08441665799218212
 2.54960834453105578    -2.54960834453094609     0.38077502854668765
