49    7.32994029055099983
-2.22360598670916332    -2.66497014527528897    -0.71427855521467021
-2.66497014527527520    -2.66497014527517395    -2.66497014527528986
-2.66497014527528897    -1.64177045256641230     0.94652247693026292
 2.66497014527520282    -2.25166872301446164     0.70261961248392124
-0.82637785069705982    -2.66497014527527476     0.71671883679418436
-0.71007840148005996     0.75616256374500923    -1.30346849967017575
-2.66497014527516685    -0.94516036747414334    -1.64406156553858707
-2.66497014527516640     2.66497014527528764    -2.66497014527528853
 2.66497014527525122     2.65692872956587101    -2.66497014527522058
-0.81058315179414253    -0.70541605684949260    -2.66497014527527032
-2.66497014527528631     1.64194029166588962    -0.94642136254494857
-0.73553861327062930    -1.32429832511884804    -0.76461411145960245
-0.71344864487456661    -2.22729008692901376     2.66497014527528409
-0.82190897654488748     0.70832403321862036     2.66497014527528542
 0.78590295191708170    -0.90367957427873313     2.66497014527523879
 0.79276978192381697     0.90697450582381833    -2.66497014527520992
-2.22888315833742690    -0.71309203949521194     2.66497014527472276
-0.73897162487556001     1.32534131215577000     0.76433575823734867
 2.66382636383049798     2.66497014527515752     1.25279525606506903
 2.66497014527523834     0.72167047766437997    -1.98634785223237031
 2.66497014527525034    -0.76048865397192300    -0.64351342144532497
 0.84721500313599996    -2.55034469579699996    -0.42750889015900001
 2.66497014527452558    -2.66497014527510512    -1.25420994942414965
-2.02583006856025705    -0.00058597297943599    -0.00111324754382413
-2.66497014527462150     0.94779098310703203     1.63964301452286376
 1.17486159428056802    -0.91783329290126980     0.68118245718219506
 0.94594502829044835     2.66497014527511666    -1.64277252112968464
-0.70881485511623588    -2.66497014527519616    -2.24848907633665984
-0.71744814886413211    -0.75762718544363439     1.30847651831534484
 0.96540621300974816    -0.83366311229027001    -1.69523959245755829
 2.66497014527527787    -2.63790749172467853     2.66497014527525922
 2.66497014527526810     1.24872130624713096     2.66497014527525522
-2.66497014527524767     2.66497014527185749     2.66497014527527787
 0.94751803399111079    -2.66497014527511267     1.64045764743622580
-2.21800823658574853     0.71555355250166697    -2.66497014527495146
-0.71482791033743742     2.22118499059730201    -2.66497014527528897
 1.24732833076318439    -2.65808860810235847    -2.66497014527455711
 1.17776987365697661     0.92089964681967196    -0.66402297148019163
 2.66497014527524989     0.75398435593129132     0.66276813406965496
-2.66497014527521747    -2.66497014527528897     2.66497014527528986
-0.70868827364361342     2.66497014524031162     2.24908405619480822
 2.66497014527524634    -1.24731162863494172    -2.66497014527524367
 1.24758665405542080     2.65975781846696036     2.66497014505700314
 0.95925625574651263     0.84140381688674681     1.70339196856270059
 0.79318546793599998     2.65868724160200021     0.50887759186000003
 2.66497014527522058    -0.73134850311827015     2.00209120854707789
-0.82745542961397545     2.66497014527528897    -0.71808294299852360
-2.22318802743932720     2.66497014527525877     0.71437316989558408
 2.66497014527525211     2.25751287632395536    -0.70525920327533465
