50    7.35540130716904184
 0.62149054777299995    -0.59912965014999997    -0.72439380131099995
 2.67770065358444409     2.15072647116304561    -2.67770065358417675
-1.25158980341041182     2.66580336577746069    -2.67770065358446585
 1.37924338558499993     0.78573383893100002     0.78247976791999996
 2.67770065358289466     2.67770065358430287    -0.74837480991172567
-2.51823276337745749    -2.67770065358428777     2.67770065358308873
 0.73476679831280844     0.75219581202040553     2.67770065358452181
 0.71831818860763941     2.67770065358324327     0.75689130805338845
 2.67770065358427534     0.15072647116304244    -2.67770065358436193
-1.67048381207443652    -0.96054001282232881    -0.96291198997232708
 0.74584900100654838    -2.67770065358452181     0.66836456136637834
-0.15072647116280263    -2.67770065358313403    -2.67770065358451159
 2.67770065358449738    -2.67770065358387921    -2.67770065358449738
-2.67770065358443121    -0.68414899368645576     2.65976266842486320
-0.66583875246106983    -0.73651290878872466    -2.67770065358448583
 2.67770065358450626     1.25158980341008097     2.66580336584626698
 1.27553579253598448     2.67770065358452181     2.67770065358434417
-0.82297868297426613    -0.65668221641666280     0.82297868297433441
 0.74837480991023464    -2.67770065358294307     2.67770065358182974
-2.67770065358447207    -0.74837480991238337    -2.67770065358447340
-2.67770065358446541     2.67770065358452136    -1.27553579253613858
-0.66836456136709022    -2.67770065358452136    -0.74584900100617291
-2.67770065358315534    -1.40445576714422482     0.79397646627948038
 2.67770065358448539    -0.73651290878911591     0.66583875246061652
-0.70315914276100000     2.66927660414400014     2.35639742065799984
 2.67770065358448495    -0.74837480991298400     2.67770065358447873
-2.67770065358452136     0.75219581202068986    -0.73476679831194791
 0.95843489101867552     1.67770065358332721    -0.95843489101882362
-2.67770065358228315    -2.67770065358268372    -0.74837480990840910
-2.66580336579280086     1.25158980341036319    -2.67770065358449516
 1.26348709121084757    -2.67770065358433618    -1.26348709121195690
-0.75101551971299996     2.67686223747100005    -0.66417587101800002
 2.67770065358302745    -2.67770065358447695     2.15072647116063065
-2.67770065358451781     0.81431928787736785     1.26426813728759857
-2.15072647116281646    -2.67770065358447606    -2.67770065358263842
-1.18600265157272866    -2.67770065358307896     1.18600265157303353
 2.67770065358432241    -1.26348709121037062    -1.26348709121158476
 0.96291198997243643    -0.96054001282257506     1.67048381207420293
 2.67770065358430021     2.66580336572337595     1.25158980341064008
-2.24874047218111484     2.67770065358433262     0.67792092896603995
 1.26348709121099900    -1.26348709121046343    -2.67770065358445475
 2.67770065358344178     0.67770065358429987    -0.74837480991215899
-2.67755403769300004     2.67769106255299993     2.67674142130899995
-0.78742520167899999     0.80005303563899999    -1.38712985237900011
-0.79397646627763829    -1.40445576714438936     2.67770065358306830
 0.74837480991207961     0.67770065358431819    -2.67770065358361853
 2.67770065358449427    -2.67770065358435660     0.15072647116061952
 0.74837480991225158     2.67770065358433218    -2.67770065358293730
-0.76845272049947433     1.34250858285203956     0.83919803979262153
-1.26512703848983588     0.73158898017276097     2.67770065358451781
