51    7.40614134972322624
-0.64788275244351679     0.80856496894103091     2.70307067486161490
-2.70307067486144748    -2.70307067486145680     0.52165637002945464
 0.00481574474346822    -1.25371120581157669    -0.00745233602888159
 0.64788275484720603     0.80856496812779965    -2.70307067486161490
 0.76996492624099999     2.70289765163300011    -0.76961394454599996
 0.71114282590964639     2.70307067486003483     2.70257426875183793
 2.70295323580800018     2.43756987470499986     2.70297360012799981
-0.71114288751385346     2.70307067486009345    -2.70306920187788080
 2.70307067485928387    -1.17519621216664993     0.76892476638300356
 1.15760939263736518    -2.70307067485647989     0.74781181305139743
-2.70238370196500011     2.47824696945499978    -2.70302789833900015
 2.70307067486144437     0.77121902228302230     1.22878097771675998
-2.33210993647300002    -2.70188802281600005     2.65153857374099999
-1.15760764803529570    -2.70307067485732810    -0.74780967233377726
 2.70307066408075780     2.70307067486126895     0.71114288751212895
 0.96214125323772914    -0.88242006638010206     1.70884331465776795
 2.70307067486144348    -2.70307067486145680    -0.52165635320812920
 2.70307067486140529     2.70307067486143415    -1.28885711248813606
-0.74219539675038326    -1.20914401672698668     2.70307067486122987
 2.69492817245199978    -2.70231203237399997     2.23753186797600012
 2.70307067486161445     0.77121902228325701    -0.77121902228324213
 1.73675273365262672    -1.01255263299315201    -0.97814116852590560
 1.35211724755648155     0.80856505481677032     2.70307067486144570
 2.70307067486143415    -0.71114288751198185    -2.70307067486143948
-1.28885711248844381     2.70307067486144259     2.70307067486139418
-1.73607417134523212    -1.01306781080389552     0.97861159941703080
-0.96585990131552479    -0.88833540207743167    -1.71750768957560007
-0.74632672330830119    -2.61473940659994986    -2.70307067486100072
-2.70304238461352231     2.70307067486129249    -0.71114288731207298
-2.70307067486139418     2.70307067486143682     1.28885711248812207
-0.70615582945545485     0.67988026091343412     0.70806578904920014
-2.70265936052400013    -2.63020310041900007    -2.26120820637199982
 0.74284212504691349    -2.70307067486137997    -1.37093940199829878
-2.70307067486130848     1.28885711248811363     2.70307067486144303
 2.70307067486125829     1.28885711248802237    -2.70307067486145547
-1.35211724515279408     0.80856496812621015    -2.70307067486144170
 0.97101997800380691     1.73731267163581049     0.97058830797638462
 2.70307067486139907    -0.66619758278059704     2.70307067486124453
-2.70307067486144126     0.77121902254376984    -1.22878097771674288
-2.70307067485967600    -1.17519620628729160    -0.76892474260132315
 1.28885711248848445     2.70307067486144570    -2.70307067486140529
-2.70307067486161445     0.77121902228325245     0.77121902228325778
 2.45945383375299986    -2.70105671529100011    -2.63737700797299990
 0.74862599135290453    -2.60460565168434144     2.70307067486113883
-0.76895745756199996     2.70306782922500011     0.77051789861499997
-2.70307067486138486    -0.66619766726928231    -2.70307067486127828
-2.70307067486143415    -0.71114288751192667     2.70307067486143815
-0.97100524036339408     1.73740672167220689    -0.97102841250340466
 0.74421879061473439    -1.21128504124838998    -2.70307067486142394
-0.74205221657633436    -2.70307067486143682     1.37334020607574114
 0.70614837173860090     0.68005123902775400    -0.70805454978365989
