52    7.47272243951040682
-2.73636121975515678    -0.41567259668536721    -2.73636121975514879
 1.26396412515090306     2.73636121975500224     2.68024057404799487
-0.54844054579891721     2.73636121975516433    -2.73636121975514790
-0.73640182650935271    -0.72568485856361364     2.73636121975514213
 2.73636121975509328    -1.22052108528565051    -2.70397383023347793
 2.73636121975158986     0.69383016212105597    -0.72314730165031971
 2.73636121975511237     2.73636121975503155     1.26289498971338654
-1.17811562687260696     0.83807006920031812    -2.73636121975516122
 0.68977239185100003    -0.68823752278500006     0.83459722204300002
 0.72870251749674186     0.82984464541230862    -0.66802612646837911
 2.73636121975519320    -0.61589012032084245     2.71482614525215693
 2.73636121975513502    -2.70656222293814075     2.73636121975516478
 1.79493383449776855     0.98906935802374363     1.01655045817845147
-0.56793159389217474    -2.73636121975518565    -2.73636121975517099
-2.73315803168899984     0.64481438949699998    -1.02253509557900002
-2.73636121975514213    -0.73842947970089423     2.73636121975514568
-2.73636121975515145    -1.41902453828850739    -1.00624998596663584
 0.79932988815189732     1.26329168222260724    -2.61982369377443680
 0.97873126817773171     0.33819226285368426     2.73636121975518964
-1.27114085475517768    -2.73636121975515767    -0.66309790648614308
-1.19233875950079393     2.73636121975518609     0.76651790316026602
 2.20559165478399999     2.73621194943999990    -2.73563200530999984
-1.10835614551430162    -1.60966134553045848     0.98130123358278221
 2.73636121975504132     1.38399393645999624     2.73636121975505642
-2.73529463722100008     2.73477223576600004    -0.51202783784100003
-0.73524833807694223     2.73636121975513724     2.73636121975393776
 1.43206840610782815    -2.73636121975513014    -2.73636121975519098
-2.73598041647899981     2.13186964272700008    -2.72570042141100011
-0.65501406558651887    -2.73636121975495028     2.73636121936153698
-2.65461735075732674    -2.73636121975502045     2.69652779201457671
 0.53792545106936096    -2.73636121975518254     1.12379438489871131
-1.00545255715201565    -0.97175225653409381    -1.90285620259692578
 0.71832982585549188    -2.73636121975498359    -0.86805256242380591
-2.73636121975513502     2.73636121975513902     2.65152913764093157
-2.73636121975517321    -0.47030977552821868     0.75441474615038229
-1.01732547811445406     1.83831413054456649    -1.01193135866834272
 1.61053390349420633    -0.94720754829230669    -0.92191371482081208
 0.79688316313779473    -0.73330868304206476    -2.73636121975506752
-2.73636121975516389     1.50355817676862791     1.07666512535180359
 2.50273702780842555    -2.73636121975513325     0.75027669065627722
 2.73636121975507285     0.77921666177019622    -2.73636121975481394
-2.66599661153199996    -2.65988559724900009    -2.73254052911200018
 0.80844534973312321     2.73636121975513724    -1.26705503433761679
 2.73636121975513857     2.69378456896114704    -0.73665176613084393
 2.73636121975517277    -2.57143199393396626    -1.22917224463032460
-0.18311664292729987     1.09205497129763285     1.29351665145324324
-1.73760289890760133     1.00567195406300347     2.73636121975514079
 1.03135663095882424    -1.66111526006323262     2.73636121975518698
-1.03274429336923101     0.02470140943357911    -0.16897752958839185
 2.73636121975500846    -0.75029397187608382     0.71934735441344688
 0.80785068612907163     2.73636121975515234     0.73294487725618052
-2.73636121975506930    -2.73636121975503910     0.69819900528230994
