53    7.50576976404799989
-0.74330083495287336    -2.75288488202361004    -0.70964538548773948
-0.99989433467609756     1.80301529341097888     2.75288488202380899
 1.50006905346834141     2.75288488202381565    -1.06807558540316627
-1.70334812779050693     1.08944044234700343    -1.05242787081762867
-0.80223786244100004    -0.71778334662400001    -0.72664559495500003
 0.67679982026683005     2.75288488202384274     0.75462235162969327
-0.63305103347563463     2.75288488202380677    -0.75676467390352098
 2.75288488202365311    -2.75288488202363757    -1.23879192680627526
-1.58708631128354871    -1.04167266603275976    -2.75288488202382853
 2.75288488202377257     2.60102909563138640     2.67582569707549922
-1.02539296315153439    -1.77156493577269081     1.01007412486807624
-2.75288488202379744    -0.78472129901672560     0.80535161308872838
-2.70616437787646413     0.75963495064184494     2.75288488202379344
 2.75288488202380632    -0.73905275981991414    -0.81632588086254654
 0.70178831963800004    -0.72563550302500002     0.97520258607099997
-2.75283301898400001    -2.58864213015199995    -0.75936529856599999
 2.75288488202385073    -0.63342809973769132     1.18088302938758383
-0.75756655352745284     2.75288488202380455    -2.75288488202382053
 1.44616282934265117    -2.75288488202383430    -2.75288488202369841
 2.71341871890700004    -2.75286141967800013     2.75278292878200004
-0.00474641373561704     1.02119234024868422     0.02199988973169638
-2.75288488202382764    -0.60773842989142757    -1.18680226250326837
-0.55315325630580769    -2.75288488202382675    -2.70058584123589140
 2.75288488202383030    -1.23879192680718520    -2.75288488202385029
 0.70273784838842612     0.75370902296705466     2.75288488202380099
 2.75288488202367621     2.75288488202380943     0.68159907501391948
 0.99991389977628498     1.79828420307164705    -2.75288488202381298
 0.68728898469438171    -2.75288488202373172     0.68800005163915734
-1.47392385173278373     2.75288488202369352     1.05787934174150022
 2.75288488202379744     1.25331469471945223    -0.64176378276469248
-2.75288488202384141     2.75288488202384540     2.59549394982666781
 1.58551297170764993    -1.04092410991797268     2.75288488202385073
 1.72709046588187842     1.07964617347197622     1.06633020192740835
-2.75163116853300016    -2.75225975580600002    -2.75270250841299990
-0.70553476531794601     0.75356182333225619    -2.75288488202373571
 0.76014764341095631     2.75288488202384851     2.75288488202382275
 0.41252507102680130    -1.00224780414243475    -2.75288488202379922
 1.03793711300588654    -1.75034736115143885    -1.00668706088482751
-2.75288488202384229    -1.23981927351339638     2.75288488202382897
 2.73948778070952992     0.75352528754879988    -2.57826347710001524
-2.70202699359472431     0.63516088381958102    -2.75288488202337511
-2.75288488202374015     2.63340608644390750    -2.68632975169140531
-1.44497339253271351    -2.75288488202384540     2.75288488202378767
-1.19988957675539787     0.29660974384660832     1.45259867376526253
-2.75288488202334847    -2.75288488202312109     1.23981927350819254
 2.72501810281159740     0.60270846954771140     2.75288488202378545
 2.75288488202380144     2.75288488202379211    -2.62706644481251583
-2.75288488202307802     1.26982408187589546     0.65193680126598541
-2.75288488202368509     2.75288488202372772    -0.68990173710780789
 2.72832190151300003    -2.61212542759699984     0.75772971194899996
-0.41414813970821091    -1.00410781608702404     2.75288488202378501
 1.16158041638052145     0.30250994488404881    -1.43511278262558939
 0.55382413251618401    -2.75288488202385073     2.68354186609282941
