56    7.65343282289000015
-2.82671641144447827     2.82671641144448182     2.82671641144445562
 0.06136819496151372     1.47610724131383386     1.35284536736882455
 2.82671641144448627    -0.34788437393973254    -0.41505158719431101
 0.00512800614865426    -2.82671641144480112     2.82671641144443297
-1.41079420264757038    -2.82671641144462438     1.41079420264774424
 0.03133818862573894     0.02886857425091589     2.79702171026176227
 2.82671641144447872    -2.82671641144447738    -2.82671641144447294
-1.27351160759348048    -2.82671641144463104    -1.41258386654422607
 1.41419806360205214    -2.82671641144430463     1.29109723388102982
-2.82671641144442765     1.41250284907154544     1.41250284907118817
-2.82671641144449737     2.82671641144480734    -0.00171071330174111
 2.15958221182600019     2.82660319281399985    -2.82671321196100012
 0.43209246170528720    -0.76714505359893037    -0.43209246170613735
 0.14334482575294794     2.82671641144458485    -2.82671641144422825
-2.82671641144480335    -0.00171071330102979     2.82671641144480912
-2.82671641144445562    -2.82671641144481089    -0.00512800614864565
 2.82671641144448627    -2.82671641144462615    -0.13348959304191430
 1.84120281137444541    -1.72426674355200693    -1.48010300224312852
-2.68776410482002825     0.00170657954584943    -2.82671641144481089
-2.68780618298304441    -2.82671641144441699    -2.82671641144428776
 2.82671641144448715     1.25476951616978494    -1.77922334536506166
 1.41123757445164921     0.00208465074662006     1.28136067801203390
 1.44564711276349800     1.44286393581402805     2.82671641144470964
 0.65696881949397690     2.82671641144452845    -0.89379365223827578
 0.26379307496299997    -2.82491924479400014    -2.71496075557499994
-1.41250284907057466     2.82671641144439745     1.41250284907055335
 2.78740935218500008    -0.51128107714799997    -2.82279177933599978
 2.82670452382099979     1.35223161550300008     0.86444363554500003
 1.41846174710347128    -1.41162357467448407     2.82671641144471630
 0.00427394145404393    -1.41335820556675240     1.41164826734279658
 2.82671641144480246     0.00233779772514235     2.69430781005245468
 2.82671641144403685    -1.41086066311496894     1.27907987424876279
-1.41164826734307058    -0.00085535649424224     1.41164826734333171
 2.82671641144444008    -2.82671641144400443     2.70700399067454445
-2.82671641144454666    -1.41421356237279405     1.41079420264795807
 1.13117944540893522     1.08769865299323221    -2.82671641144446095
 2.82671641144449914     2.82671641144449648     2.40529035869974495
-2.82671641144447694    -0.00000000000012943    -0.00341935972575285
-2.82671641144471053     1.41421356237321794    -1.41763292209876690
-1.41079420264776423    -1.41421356237260487     2.82671641144448182
 2.82671641144376107     2.82671641144445251    -0.54270284070840857
 0.00171071330174567     2.82671641144480601     2.82671641144450581
-1.41164826734352400    -1.41335820556617553    -0.00427394145340601
-1.27499317738778561     2.82671641144448005    -1.41101975618575759
-1.24948096593303171     1.39143375147326465    -2.82671641144413233
-2.68772208991450245     2.82671641144470120    -2.82671641144469898
 1.47492721779693525     2.82671641144373620     0.93129375899614986
-1.41250284907120394     1.41250284907156098     2.82671641144458130
 1.35569212281640916     1.00675988590275756    -0.44709018176576121
-2.82671641144471986    -1.41250284908258816    -1.41934156853261828
 0.64661984302092512    -0.85271418754705341    -2.82671641144449737
-1.41164826734129667     1.41335820587790773    -0.00256529503072911
-1.27346540174033951    -1.41242183699457979    -2.82671641144451513
-1.14331916786739840    -0.01150474291452818    -1.40527585567057245
-2.82671641144445296    -2.82671641144470609     2.82671641144470609
 0.49973419546247583    -2.82671641144317309    -0.48759774667837141
