60    7.65685424949238858
 0.00000000995422881    -0.00000000995422992     2.82842711872941033
 0.00000000000000396     2.82842712474618585    -2.82842712474619162
-2.82842712474618718    -2.82842712474619429     0.00000000000000030
-2.82842712474618674    -1.41421356237310047     1.41421356237309714
 0.00000000959709957    -0.00000000959709872    -2.82842711875671426
-2.82842712474618629     1.41421356237308982     1.41421356237309670
-1.41421356237308715    -0.00000000000000982     1.41421356237310092
 1.41421356237310625     1.41421356237308271     2.82842712474619518
-2.82842712474618541    -0.00000000000000560     0.00000000000000220
-1.41421356237308982     1.41421356237308782     2.82842712474619473
-2.82842712474618585    -1.41421356237309936    -1.41421356237309470
 0.00000000000000525     2.82842712474618407     0.00000000000000185
 2.82842712474619251     2.82842712474618851    -2.82842712474619074
-2.82842712474618585    -0.00000000000000619     2.82842712474619296
 1.41421357285762217    -1.41421357285761973    -2.82842712052817458
 2.82842712474619518     1.41421355540267335     1.41421356237309470
-1.41421356237309004     2.82842712474618496     1.41421356237309648
 0.00980367670103563    -1.42400751782275115    -1.40437527776069904
 1.41421356237309959     1.41421356237309137    -2.82842712474619296
-1.41421356237308538     1.41421356237308515    -2.82842712474619473
 2.82842711919852885    -0.00000002975618819     0.00000002202058625
-1.41421356237309093    -1.41421356237310070     0.00000000000000043
-1.41421356237308871    -1.41421356237310114    -2.82842712474619162
-2.82842712474618541    -2.82842712474619473     2.82842712474619340
-1.41421356237308871    -2.82842712474619473    -1.41421356237309537
 1.41421356237309936     1.41421356237308826     0.00000000000000127
 0.00000000000000658     1.41421356237308782    -1.41421356237309603
 1.41456225424615911    -1.41456226529010043     2.82832762634478074
 1.41421355584075981    -0.00024842149365502     1.41421356162449330
 2.82842712474619429     2.82842712474618319    -0.00000000000000013
 1.30906961501643027    -2.82836726820092554     0.81564680577310189
-1.41421353564851859    -2.82842712474619473     1.41421356237309559
-2.82842712474618718    -2.82842712474619251    -2.82842712474619251
 1.41421356237310003     2.82842712474618274     1.41421356237309737
-2.82842712474618718     2.82842712474618763     2.82842712474618940
 2.82842704647734733    -2.82842633938678301     2.78388071288154526
-2.82842712474618230     2.82842712474618185    -2.82842712474619074
 0.00000000000000532     2.82842712474618274     2.82842712474619296
-1.41421356237308538     1.41421356237308449     0.00000000000000411
 0.00000005241250147    -2.82842710047660040     2.82842710114685314
 2.82842711258340440    -0.00000008107360865     2.82842711233495159
 0.00000000000000758    -2.82842712474619473    -2.82842712474619118
-2.82842712474618407    -0.00000000000000632    -2.82842712474619162
-2.82842712474618452     1.41421356237308737    -1.41421356237309470
 2.82842712474619473     2.82842712474618363     2.82842712474619296
 0.01078071308535372    -1.42511940817611116     1.40330775113621153
 2.82842712474619473     1.41421356237308582    -1.41421356237309293
 1.41629768588398774    -2.82831910478790904    -1.18147708608049351
 2.82842712474619518    -0.00000000000000255    -2.82842712474619473
 0.00000000726809926    -0.00000000726810129     0.00000000726809376
-1.41421356237308871    -0.00000000000000675    -1.41421356237309603
 2.82842711943116054    -2.82842711943120007    -2.82812645012568042
 0.00000000000000992     1.41421356237308293     1.41421356237310203
-1.41421356237308893     2.82842712474618185    -1.41421356237309404
-1.41421356237308538    -1.41421356237310514     2.82842712474619518
-2.82842712474618585     2.82842712474618496     0.00000000000000081
 1.41421357034288486    -0.00000001173491484    -1.41421355440331076
 2.82831967672153528    -1.58997065559321182     1.21345761375078887
 2.82831844971630630    -1.42879366965127441    -1.39948156914902277
 1.41421356237309825     2.82842712474618851    -1.41421356237309515
