69    8.12083445886099931
-1.64507993767122107     0.23523968640241222    -1.64464843088034729
 3.06041722943029937    -0.16662796315197193     1.68797295872595221
-1.38516205152008531     1.35046575624696130     1.73246577834074111
 1.62132687413142174    -3.06041722942543304     3.06041722943032157
-1.64598796273875192    -1.17741663576752398    -3.06041722943033356
-3.06041722943021721    -3.06041722943036421     1.80558201227562498
-3.06041722943021899     0.01260395348935436     1.75778602112080096
-3.00555467955427869    -1.50401796240105545     3.06041722943035710
-1.18199386901994119    -0.23246311463125927     0.27394318545410523
-1.50305131937640346    -3.06041722942968342     3.06041722943003380
-0.22857435086489053     1.64715737499352710    -1.64525108333028913
-1.18185756526932484    -1.64577518333842621    -1.14436581439419460
-1.55644356423599994    -1.60989618317899996     1.68029386327699992
-3.06041722943029582     3.06041722943032557     1.77259353986109081
 0.23229057661873992     1.18295131360656436     0.28127469042358122
 1.64303699275928672    -0.23471834884010845     0.27857700156141518
-1.64391171689113236     3.06041722943031713    -1.64451429109834546
 3.06041722943032291    -3.06041722943030825     1.67152596324506431
 1.18659208484120371     3.06041722943037175    -1.64598802841513736
 1.66602644027776092     3.06041722943030248     0.40663345485330166
 3.06041722943032291     1.05182811729224834    -2.69048127104339851
-3.06041722943031402     1.64849946613359366    -1.64391210068085991
-0.10502865994633059    -1.63019604243752192     3.06041722943023853
 1.68369706203128611    -0.35095089857920525    -3.06041722943019545
-3.06041722943001693     1.53021784876641265     3.06041722943035088
 0.04038890242774690    -0.04770946632813811     1.84609026811101140
 0.22939692318753810    -1.64949335958009646     0.27279576565926572
-1.64331003976766388     1.64789519165265252    -3.06041722943030869
 1.47673816518964029     3.00118701633877016     3.06041722943030958
 3.06041722943029360    -0.23210839565022251    -1.15701883892022028
 3.06041722943007022     1.46352827424760767     3.06041722943016126
 1.62512425034423824     0.07071311630359166     3.06041722943027805
-1.54629165955529069    -0.13633691827436409     3.06041722943022121
 1.64654733115067997    -1.64666522555921269    -1.15795995349302450
-1.17727373028802851    -3.06041722943034555    -2.57604574744198267
 0.09747972814899999     1.54640732770900002     3.06041665793099993
 3.04931628485240491    -1.62136969034627243     3.06041722943031225
 1.48255664112823782    -1.49468145591959711     1.82380317886433341
 3.06041722943037131     2.78980241813026053    -1.00135871523554498
-3.06041722943032424     0.23658118938156797    -3.06041722943034333
 3.06041722943004801    -1.76304155367010917    -2.72778896472241605
 1.64790862900329871     1.18357868767932262    -1.13153284642114249
-1.24197115420614135    -3.06041722943017769     0.26814055297357781
 0.23187285021133860    -3.06041722943020567    -1.15678329297242932
 1.59455167160897204     1.53815881141916666     1.70186342139900715
-3.05921310593900486     3.06041722943036820    -3.06041722943036820
 0.16570664569211099    -3.06041722943021899     1.68885981154425657
-2.74808668056414485    -3.06041722943037309    -1.04776826653610100
-1.64516503830550076     1.64724329817371351    -0.22822836850383474
-1.54658079170309071     2.83723706813959842     3.06041722943030159
-3.06041722943021188     0.23407013362089357    -0.22991434137298947
 0.23284525188657920    -0.23205892886276522    -1.13964448377146788
-0.22740697359666076     3.06041722943032557    -3.06041722943031314
-0.04257865389973831     3.06041722943017414     1.76112196464663451
-0.22888047935324804     0.23389707157496667    -3.06041722943018790
 3.06041722943030159    -3.06041722943030381    -1.20567978468767611
-3.06041722943030292    -1.67639025870562564     0.36181286718818850
 2.70527066731900012     3.05489928874599981    -3.05922712040600020
-3.06041722943025318     3.06041722943032424    -0.22740646013890958
-3.06041722943037353    -1.17784814313115005    -1.64641947012248924
 1.18702229284386873     1.64641940403011056    -3.06041722943031846
 3.06041722943029892     1.25628785841746948     0.28251553684247199
 3.06041722942993699    -1.64560676447370646     0.25790955549885952
 3.06041722943031269     3.06041722943015992     1.84039575283945123
 0.24074345537194988    -1.65002467523143759    -2.58052952189504037
-0.22991382646947423     3.06041722943031891    -0.23008508965943905
 1.64680132640835186    -3.06041722943020655     0.25671499399038061
 1.57509746807738105    -3.06041722943010397    -3.06041722942977890
-3.06041722943023675    -2.59227747564413757    -3.06041722943023009
