70    8.12758822995500019
-1.17946191334082240    -0.24243202451841758    -0.23475250157568683
-3.06379411497673448    -1.64955214605922373    -3.06379411497657328
 0.23551567016262859     1.18221903459169986    -3.06379411497711196
 1.63662260989184394    -1.63662246566971947     1.45991711279759673
-3.06379411497715504     1.64958055260961101    -1.17706668555239902
 0.24859361059770257    -1.66444805849652466    -0.22234609866285299
-3.06379411497704313    -1.18062533940014402     1.64958055257851233
-1.18207227248059654    -3.06379411497617138    -3.06379411497613585
 1.66444806238727061    -0.24859370211426268    -0.22234599973958813
 2.65370656820199979     3.06147920203000012     3.06115547393600007
-2.71607093683029044    -0.25702590843680190    -1.67096990894301145
 3.06379411497496834     0.97603944639139018     3.05952002557260183
 3.06379411484809383    -0.21656708605356315     1.45400152402547156
-2.60143934967309587     1.17367333680283581    -3.06379411497713683
 1.18062547929924211     1.64958055261302872     3.06379411497711729
-0.23403284479342001     1.64913579084061901     1.65002552420193993
-1.28071544682007943    -1.64966000698183124    -1.65294534605406351
-2.97482377997999992    -2.69349965413000003     3.06140740254600008
 3.06379411497711107     1.18533351842755907    -0.24187226240457591
 0.24862171279635328    -0.24862161021168672    -1.63494493327493862
 3.06379411497700049    -1.64958062470341837     0.05884124718976394
-3.06359565470499984     3.06358538246800016    -2.59377890965000013
-1.17795170441772790    -1.65670002252959270     1.17940581667247635
-0.23447774639379398     0.23447746679203393     3.06379411497719190
-3.06379411497677578    -1.69575486214811333    -0.28738797377909736
-1.64869116896941637     3.06379411497710841     1.65047049591418826
 1.18062533940214354     3.06379411497704401     1.64958055259493586
-1.18533290394993851    -3.06379411497711240    -0.24187238723158683
-3.06379411497119714     3.06379411497281939     0.23714687683127150
 3.06379411497690901     2.69426616536998775    -1.69874206405762118
 3.06379411497702225    -1.64958018314491617    -3.06379411497706089
 0.23375406473541085    -1.64796751776633843    -3.06379411497718923
 3.06379411497719101    -0.23375368837345428    -1.65119532667828950
 3.06379411497704268     2.65611189288724292     1.11341773358220064
-3.06379411497698495     3.06379411497697651     3.06379411497700715
-1.64958055262942693    -1.18062547926241956     3.06379411497711818
-3.06379411497709331     1.64869116896221368     1.65047049592139716
-1.64913593064151320     0.23403270502937160     1.65002538426911061
 3.06379411497572640    -3.06379411497637388    -1.35537238729241682
-1.64913579082425921     1.64913579081706874     0.23670190516246220
-1.18221902057156192    -0.23551567020258804    -3.06379411497711152
 1.64958092206304285    -3.06379411497703025    -3.06379411497706178
-0.97031335271899999    -3.06224790006899994     3.06379150003599987
-0.23447760654414393     3.06379411497718168     0.23625693347072788
-1.64958055259848502     3.06379411497714749    -1.17706668554521920
 0.24243172030803198     1.17946196433922457    -0.23475245076015785
 0.25702592493123400     2.71607037616455882    -1.67096945057910351
 1.64965998879640230     1.28071484751692966    -1.65294528504807858
-3.06379411497717546     0.23447732704874552     0.23625665360507767
 3.06379411497566512     1.18207280644151558    -3.06379411497554299
-2.69426681003058066    -3.06379411497695298    -1.69874128660290036
 0.23653132689760328    -0.23653142003225239     1.17797835477957280
 1.69575403163326932     3.06379411497678245    -0.28738972504908550
 1.64955156408936610     3.06379411497673537    -3.06379411497685350
 1.64796762020587639    -0.23375394849061407    -3.06379411497718657
 1.40291532992518775    -3.02991773802597697     3.06379411492862008
 1.64958048050439277    -3.06379411497700138     0.05884139138890727
-1.17367295083365941     2.60143974697387881    -3.06379411497713772
 1.64916110638060176    -0.43775403940783614     3.06071606415120723
-3.06379411497716259     0.23358822294753109     3.06379411497715948
 0.21656726356373845    -3.06379411486701203     1.45400199890790494
-2.65610945580682989    -3.06379411497704046     1.11341958666482665
 0.23375432485203801    -3.06379411497719190    -1.65119542935190933
-1.17832442566041284     1.17832442565907769    -1.64921254593828270
 3.06379411497548304    -1.85154468041412001     3.06379411497649556
 1.66355257902813047    -1.66355257172784321    -1.63581357821865869
 1.65669983390053543     1.17795177269033280     1.17940575191615005
 3.06379411497670562    -3.06379411497663279     1.47305488166291099
-0.23358822296194706     3.06379411497717236     3.06379411497717280
-1.64869116896239509     1.64869116896960888     3.06379411497704535
