76    8.32060589683099927
-1.12712011360156694     3.16030294841525583     1.56972856662535487
 0.64843780683600005    -1.42081008311700008     1.40293791101100007
 1.45175633420476369    -0.87522343788935542     3.16030294841527004
 1.28323692657500010    -3.05590288834599999     3.10592592309700022
-2.22664997163621825    -1.42228643190734094    -1.42453856733527240
-1.76240021833091398    -3.16030294841526338     3.16030294841522519
 3.16030294841515547    -0.26225493315723514    -3.16030294841517634
 1.95331588138600010     1.35688908791499996    -3.04256640859200012
 1.70813194935899992     1.68417619113100003     3.13096825855900018
-3.16030294841166715     3.16030294841483794     1.08216888090361696
 1.73279822301000008     3.16015509978099995    -1.26256547084500004
-0.34722013415912295    -3.16030294841523451     1.74705656884669946
 0.28566510577900001     3.14793347078100005     3.15068594170800020
 1.95210784719383934    -0.03940742189567892    -1.58213832325424164
-2.23752029588131007     0.00258786360418651    -0.00247015382927610
 0.31782595606668435     1.77783096892237369     1.59976324104190226
 0.59671192967332276    -0.00317785929903023    -0.00824379751791249
 1.74191703306775914    -1.73581511379339415    -3.16030294841518256
 3.16016665785699979    -3.15977838193099991    -3.14953256487599997
 1.72226462595162966     0.35392303974896971     1.60594642541113952
-0.81554225103652356    -1.41934772880114846    -0.00722901579425743
 3.15756272738099986     1.77669728660799997    -1.50002347245799994
 3.16030294841522963     0.38129096880670738    -0.04484282093692286
-0.79440492593500001     0.01004346643900000     1.43185904467400005
 3.16030294841527004    -1.91487167987787177     3.16030294841527004
-1.74987541959369497    -1.73469645253315718     1.73276429240394081
-1.74598498038213368     1.74598498038207972    -1.74619380234345734
-3.16030294841526693    -3.16030294841526205    -1.09652834295601354
-0.03276584837308786    -3.16030294841518478    -0.71662833358369804
-3.16030294841526604    -1.74321040477390188     0.31480036530300132
 0.59109958440097421     1.41671768444504975    -1.41674127583878606
 3.15941144927800011     3.10818558471699991    -3.01326603782199998
-3.16030294841527004     1.74589390531378807    -3.16030294841527004
 3.16030294841527049     1.73572240626269680     1.75653292489970725
-1.74607606131728654     3.16030294841523407    -0.33208465627203249
-3.16030294841520165    -3.15646756438215670     1.72996968408400686
 3.16030294841522297     3.16030294841522430     0.31083335368527210
-3.16030294841517501     1.74610271114356008    -0.33205800644574429
 0.49698971338999998    -0.09368426551500000    -3.10520136320300022
-3.16030294841526205    -1.72996454187548898     3.16030294841205528
-1.74705524774208243    -0.31478577771764138     3.16025801915306204
 3.16030294841515769     3.16030294841515103     3.16030294841522608
-3.16030294841523052     0.33169366464425604    -1.74607605766885565
-1.74589390531178412     3.16030294841524162    -3.16030294841524428
 1.95047931541696351    -1.46606547463854486    -0.17339127761705636
-0.82320595063024649     1.41670062800995655    -0.00261969220846342
 3.16030294841523185    -1.68167378885901808    -1.75131390939526765
 1.09365486091099995     3.16009479117699987    -3.15844463958300015
 1.67994090891661241    -3.16030294841523096    -1.74940883472331543
 3.15686960196600008     0.27289133910199997     3.12188405254299983
-3.16030294841523363    -1.08255987668113063    -3.16030294841521142
-2.98687885101199990     3.14957341046300021     3.15476328053799993
-3.16030294841524295     3.16030294841524295    -1.74628489379472063
-1.74512809324975482    -3.16030294841508352     0.31672327275411749
-0.33166701431695117     1.74610271478638479    -3.16030294841523629
-3.16030294841472648    -0.31676045477026077     1.74508063082316300
-0.34915251765367578    -1.74512418354825938     3.16030294841526160
 0.26447929052551206    -3.08384245658422484    -3.16030294841527004
-3.16030294841524473    -3.08255987668113063    -3.16030294841523629
-0.82309453621182427     0.00248468341648949    -1.41683086796855484
-0.97359224470434214    -1.51311686831185122    -3.16030294841451020
 1.73389857582366713     1.76382356247040661     0.18748064604220024
 1.36514211071754588    -3.16030294841519765     0.71370496250888271
-1.44794070353859805    -3.16030294841521853    -2.12987994929382474
 3.16030294841515857    -1.04086555966632344     1.36138291077244911
-2.22885186173097738     1.42300499981031892     1.42009596016360162
 1.75668948411047099     3.16030294841527093     1.73556815105025830
-1.74610271479213686     0.33166701431634310    -3.16030294841526871
-3.16030294841525361     1.10039298644021466     3.16030294841174264
 0.29933071541200001     3.16029398117000015     0.15315102591599999
 3.16030294841524739    -3.16030294841527004     1.59540648048222322
-1.35939409702325031     1.97029373306475897     3.16030294841525450
-0.33164037286748499     3.16030294841514570    -1.74607605767435148
 0.53752785912116918    -1.45323873316302876    -1.58880770286391471
 0.05385360350424484     0.55511496804821581     3.16030294841527004
 3.16030294841527004    -3.16030294841478909    -0.40459351951777650
