77    8.39947076391514713
 1.76413514906297975     0.32312960778982946    -3.19973538195751184
-0.00246503654504132     0.00756795530069134    -2.31681713676823309
-0.12918590572535094     1.55918893756498012     1.71413442552690465
 0.12235893873686224    -1.77664523608795055     1.72544061225621115
 2.44692945921136884     3.19973538195756557     3.19973538195754914
 3.19973538195744744    -0.74290560081230150    -0.08272217395482437
 1.47275850531418118     1.34094638586860504     0.53678813298229400
-3.19973538195738749     1.83475585291659948     1.59724716400486222
 3.19973504478287696     3.18356164175458112     1.11370890274931167
-3.19973538195753049    -1.76462599238732509    -0.37252505909484107
-1.76516421134422630    -0.32910249406232223    -3.19973538195744744
-1.52288730195920863     3.19973538195755225    -1.26178812727064837
 1.46946132791483519    -1.88513525914324065     3.19973538195746077
-3.19973538195739327    -0.33016573450040093    -1.76619782145441984
-0.00669276595926998    -1.43008723776211877    -0.92644680043207017
 1.43750650329158214    -0.04670668666771242    -0.90306472291441819
-0.03983699405100000    -3.19973411223300008     3.19895353283299988
-1.27719133247469840    -3.19973538195735818     1.59865940276074103
 1.20978490412822048     1.54706587636203419     3.19973538195739238
 0.41473321027630050     3.19973538195750340    -1.75739558339314383
-1.42701196544483166     1.88879069268220623     3.19973538195670937
-1.43667777330100011     1.47114019360200010    -2.26475071150600016
 0.22582315601113140    -0.19414613780975826     3.19973538195736218
-3.08718122844526732    -0.68958256680727048     1.31021472935857552
-3.15864731048000014     3.19973488642999992     3.19973430261100011
-2.47575535197428387    -3.19973538195755669     3.19973538195754292
-3.00088149952408711     0.65471829217356881     3.19973538195747631
 2.92657268338757293    -3.19973538195750207     0.16358365022844751
-0.41403150684586204    -3.19973538195751672    -1.76455216130187909
 1.26517792395401263     3.02486620942205997     1.59571415971214847
-3.19973538195753271    -3.19973538195754292    -1.76552938068447607
 0.08342638869650150     3.19973538195739504     3.19973538195745544
 0.13336290917452392    -3.19973538195689322     0.18079596386213254
-3.19973538195754736    -1.33537143782394430     3.19973538195757401
-1.78505421748399806    -1.74377120553038845    -1.78611703726569382
-0.13064789845111210     3.19973538195746654     0.17406334252677497
 1.65020782578150316    -3.19973538195740481     1.70335400657010294
-1.64296885830600004     3.19973390926200008     1.70479496469300007
-3.19973538195737373    -1.72478756948915257    -3.19973538195734397
 1.79962358781997911     3.15808748088046753    -3.19973538195755003
 1.53078908921468204    -1.77437342694049294     0.30546901038939017
 0.04241757586291162     1.38595600007963360    -0.86835866338557488
 3.19973538195754426     1.34682328402137963     3.19973538195757445
-1.47012758349300010     0.07762982976200000    -0.83051391840199995
 3.19973538195747054     0.69276042492313650     1.30970845718950990
 3.10470672998000019    -3.13851294343700005     3.17926939608000003
 3.19973538195755225     1.76551213792127348    -0.37825000268429892
 3.02016048146126437    -3.19973538195757445    -3.19973538195757445
 3.19973538195756202    -2.14212056887484170    -1.51177692208371961
-3.19973538195752250     0.74440307261827254    -0.07939555717807023
-1.02771384018242218     3.19973538195749185    -3.19973480586438264
-1.80638015638373184    -3.15955626700343162    -3.19973538195754736
-1.41363729711494401    -1.42076211643265005     0.49496803288132007
 3.03996720920761332    -0.64678503532737908     3.19973538195747187
 1.62889713918038992    -0.44532220008608514     1.79677637204548368
-1.53030252613286510     1.77700179330635333     0.30366295261734194
 3.19973538195741458    -1.06936885587670272    -3.19973538195753671
-3.19973538195756024     2.13902490760674802    -1.51293311768124283
 1.78219235354872918     1.74060462633942103    -1.78890636710348083
 0.36479784185383990     1.76414797068912454    -3.19973538195752649
 3.19973538195743634     0.32984611218590409    -1.77068063382870533
 0.07201333881707725    -0.08546063771465046     0.59402432439436270
-2.92866659985629552     3.19973538195750207     0.16080969558878441
-1.80738692974483151    -3.19973538195754292    -0.32978365541738075
 3.19973538195753893     3.19973538195755802    -1.77216667389030635
-3.19973538195586205    -2.68423197926428525     1.40351684044445379
-1.42514912995211218     0.08728503959761827     2.10653503281526522
 3.19973538195740259     1.72906108025004612    -3.19973538195740259
 1.52111957853441204    -3.19973538195755181    -1.25938854745825757
-0.35891693899376392    -1.75123772286684232    -3.19973538195729335
 1.80697261378458252     3.19973538195753049    -0.32154411359589985
 1.43911218043597455    -1.44822103554275894    -2.32986357057946947
-3.19973538195746166     1.06445610048812278    -3.19973538195754381
-3.02771384018233958     3.19973538195756424    -3.19973538195757090
 1.02016048146126437    -3.19973538195749674    -3.19973538195736218
 3.19973538195737950    -1.83058979697992341     1.59565295974062238
-1.21491647023453186    -1.58132648995168745     3.19973538195738350
