81    8.53986813217500895
 2.31332621902005631    -1.58134105816085269     1.58134105816085224
 1.28289126408498588     1.66098323766122147     3.23276803411869862
 1.28289126408498633     3.23276803411868485     1.66098323766122058
 2.47028164545671469     3.26993406608749604     3.26993406608749737
-2.28857241627959374    -1.53806527502463131    -1.53806527502463219
 1.25811710340451177     3.26993406608749426    -1.39375807411613151
-1.33216675471216273     1.83929493663746690     3.26993406608461390
 1.28289126408498633    -3.23276803411868485    -1.66098323766122058
 0.28551742205100000    -1.52359274148499990     1.52423345567200008
 2.88241053471899988    -3.25775406879300000     3.26616504581400013
 0.06588044507000000    -3.26988312851399998    -3.26993013385999998
-3.26993406608747694    -0.19380351603826332     1.73186879106288449
 3.26993406608716564    -1.09806569099297602     3.26993406608738812
 3.26993406608750448     0.16934322013338493     1.72278357179230590
 3.26993406608715986     3.26993406608739212    -1.09806569099297846
-2.28857241627962349     0.00000000000000000    -0.00000000000000000
-0.71309601117385912     3.26993406608741921    -1.73186879106287561
 1.25811710340451111     1.39375807411613395    -3.26993406608749382
-3.26993406608747694     3.26993406608748582    -1.73186879106287406
 3.26993406608716564     1.09806569099297602    -3.26993406608738812
 1.25811710340451177    -3.26993406608749426     1.39375807411613151
 2.47028164545671469    -3.26993406608749604    -3.26993406608749737
-3.26993406608748494    -1.34426175898632549    -3.26993406608748982
-0.02030192405232340     3.26993406608748804     0.14430720090841045
-3.26993406608747783    -1.73186879106288449     0.19380351603826165
-3.26993406608748272     1.73186879106287028    -3.26993406608748272
-1.01015338882286687    -1.53806527502461043     0.00000000000000003
 1.26974276060399993    -1.74284483746700003    -0.20582453801400000
-0.04673575780275592    -1.74088758376769071    -1.74088758376769270
 3.26993406608748316    -1.43675213125959811    -3.26993406608750314
-1.99151503863064572     3.26993406608746007    -3.26993406608745829
 0.28748704127000002     1.52213082527200005    -1.52569912842599997
-0.02030192405232340    -3.26993406608748804    -0.14430720090841045
-1.01015338882286509    -0.00000000000000020    -1.53806527502461177
 1.28289126408498588    -1.66098323766122147    -3.23276803411869862
-0.71309601117385923    -1.73186879106287694     3.26993406608742099
 3.26993406608715986    -3.26993406608739212     1.09806569099297846
-0.02030192405232272     0.14430720090841065     3.26993406608748982
-3.26993406608748272    -1.73186879106287028     3.26993406608748272
-1.99151503863071300    -3.26993406608749915     0.19380351603827117
 0.56532301628301118     3.26993406608743697    -3.26993406608743165
 0.56532301628301118    -3.26993406608743697     3.26993406608743165
-2.28857241627959374     1.53806527502463131     1.53806527502463219
 1.27041506302199991     0.20802150988599999     1.74350077213199994
-3.26993406608747694     0.19380351603826332    -1.73186879106288449
-2.72976171795984168    -3.26993406608451087    -3.26993406608450732
-3.26993406608748272     3.26993406608749071     1.34426175898632638
 0.26826563863388658     0.00000000000000000     0.00000000000000000
 2.26826563863388708    -0.00000000000000000     0.00000000000000000
 3.25581355462499999     3.25480161447999983    -3.25657400573100020
-1.99151503863064572    -3.26993406608746007     3.26993406608745829
-0.04673575780275592     1.74088758376769071     1.74088758376769270
 1.26761764731000004    -0.21492506368500000    -1.72128797922100008
 3.26993406608747783    -3.26993406608750448    -1.43675213125959655
-3.26993406608747694    -3.26993406608748582     1.73186879106287406
 1.25811710340451111    -1.39375807411613395     3.26993406608749382
-1.99151503863071300     3.26993406608749915    -0.19380351603827117
 2.31332621902005631     1.58134105816085269    -1.58134105816085224
-3.26993406608747783     1.73186879106288449    -0.19380351603826165
-1.01015338882286687     1.53806527502461043    -0.00000000000000003
-2.72976171795984168     3.26993406608451087     3.26993406608450732
-1.33216675471218715     3.26993406608458947     1.83929493663744514
 1.26927261144299997     1.72359268913400010     0.21990168566900001
-0.02030192405232272    -0.14430720090841065    -3.26993406608748982
-1.33216675471218715    -3.26993406608458947    -1.83929493663744514
-1.99151503863071278    -0.19380351603827356     3.26993406608749915
-3.26993406608748272    -3.26993406608749071    -1.34426175898632638
 3.26993406608750448    -0.16934322013338493    -1.72278357179230590
-3.26993406608748494     1.34426175898632549     3.26993406608748982
-1.99151503863070856    -1.73186879106288782     1.73186879106289049
-1.01015338882286509     0.00000000000000020     1.53806527502461177
 3.26993406608750492    -1.72278357179230612    -0.16934322013338327
-0.71309601117385912    -3.26993406608741921     1.73186879106287561
-1.99151503863071278     0.19380351603827356    -3.26993406608749915
-1.33216675471216273    -1.83929493663746690    -3.26993406608461390
 3.26993406608750492     1.72278357179230612     0.16934322013338327
-0.71309601117385923     1.73186879106287694    -3.26993406608742099
 3.26993406608748316     1.43675213125959811     3.26993406608750314
 0.06547072369699999     3.26993177951199998     3.26993223955900003
-1.99151503863070856     1.73186879106288782    -1.73186879106289049
 3.26993406608747783     3.26993406608750448     1.43675213125959655
