88    8.65640235470299935
-3.32820117735137266    -3.32820117735137444    -3.32820117735137266
-1.66410058867568900     2.21880078490091570     0.00000000000000002
-0.00000000000000000    -3.32820117735137311     0.00000000000000000
-3.32820117735137577     2.21880078490091659     1.66410058867568633
 3.32820117735137488    -2.21880078490091703    -1.66410058867568633
-0.00000000000000056    -0.00000000000000005     1.66410058867568633
-3.32820117735137533    -0.00000000000000027    -1.66410058867568833
-0.00000000000000054    -3.32820117735137622    -3.32820117735137488
-0.00000000000000074     1.10940039245045607     3.32820117735137533
 1.66410058867568811     0.00000000000000001     3.32820117735137533
-1.66410058867568789     3.32820117735137355    -1.66410058867568789
 3.32820117735137533     1.10940039245045563    -0.00000000000000051
 3.32820117735137533     2.21880078490091481     1.66410058867568611
 1.66410058867568633    -0.00000000000000015    -0.00000000000000047
-0.00000000000000048     3.32820117735137622    -3.32820117735137488
 1.66410058867568611    -2.21880078490091526     3.32820117735137533
-1.66410058867568744     3.32820117735137444     1.66410058867568722
 3.32820117735137488     3.32820117735137577     0.00000000000000064
 3.32820117735137488    -1.10940039245045607    -0.00000000000000050
-1.66410058867568655     2.21880078490091659     3.32820117735137533
-1.66410058867568633    -0.00000000000000015     0.00000000000000047
-1.66410058867568655    -2.21880078490091703     3.32820117735137533
 3.32820117735137533    -1.10940039245045896     3.32820117735137577
 3.32820117735137355     3.32820117735137533    -3.32820117735137311
 1.66410058867568966    -0.00000000000000002    -3.32820117735137533
 3.32820117735137533    -0.00000000000000027     1.66410058867568833
 0.00000000000000074     1.10940039245045607    -3.32820117735137533
 0.00000000000000056    -0.00000000000000005    -1.66410058867568633
 0.00000000000000038    -2.21880078490091615    -1.66410058867568855
 3.32820117735137533     1.10940039245046052    -3.32820117735137577
 3.32820117735137533     0.00000000000000014    -1.66410058867568944
-3.32820117735137488     3.32820117735137577    -0.00000000000000064
-3.32820117735137355     3.32820117735137533     3.32820117735137311
-3.32820117735137533     1.10940039245045563     0.00000000000000051
-3.32820117735137533    -2.21880078490091526    -1.66410058867568633
 0.00000000000000000     3.32820117735137311     0.00000000000000000
-1.66410058867568811     0.00000000000000001    -3.32820117735137533
-1.66410058867568744    -3.32820117735137400    -1.66410058867568789
 1.66410058867568789    -1.10940039245045829    -1.66410058867568766
-3.32820117735137355    -3.32820117735137577     3.32820117735137400
-3.32820117735137311     3.32820117735137444    -3.32820117735137311
 1.66410058867568655     2.21880078490091659    -3.32820117735137533
 3.32820117735137533    -1.10940039245046052    -3.32820117735137533
 0.00000000000000007     2.21880078490091615     1.66410058867568855
-3.32820117735137488    -3.32820117735137577    -0.00000000000000070
-0.00000000000000000     1.10940039245045963     0.00000000000000000
 0.00000000000000054    -3.32820117735137622     3.32820117735137488
-1.66410058867568611    -2.21880078490091526    -3.32820117735137533
-3.32820117735137533    -1.10940039245045896    -3.32820117735137577
-3.32820117735137488    -1.10940039245045607     0.00000000000000050
-3.32820117735137533     0.00000000000000014     1.66410058867568944
-3.32820117735137488    -2.21880078490091703     1.66410058867568633
 1.66410058867568744     3.32820117735137444    -1.66410058867568722
 3.32820117735137355    -3.32820117735137577    -3.32820117735137400
-3.32820117735137533     1.10940039245045874    -3.32820117735137533
 1.66410058867568655    -2.21880078490091703    -3.32820117735137533
 1.66410058867568789     1.10940039245045829    -1.66410058867568789
 1.66410058867568700    -1.10940039245045785     1.66410058867568744
 1.66410058867568900     2.21880078490091570    -0.00000000000000002
-3.32820117735137533     1.10940039245046052     3.32820117735137577
-1.66410058867568700    -1.10940039245045785    -1.66410058867568744
 1.66410058867568744    -3.32820117735137400     1.66410058867568789
 0.00000000000000048     3.32820117735137622     3.32820117735137488
 1.66410058867568789     3.32820117735137355     1.66410058867568789
-1.66410058867568789     1.10940039245045829     1.66410058867568789
 0.00000000000000000    -1.10940039245045985     0.00000000000000000
 1.66410058867568722    -3.32820117735137488    -1.66410058867568722
-3.32820117735137533    -1.10940039245046052     3.32820117735137533
-1.66410058867568966    -0.00000000000000002     3.32820117735137533
 3.32820117735137533     1.10940039245045874     3.32820117735137533
 3.32820117735137311     3.32820117735137444     3.32820117735137311
-0.00000000000000007     2.21880078490091615    -1.66410058867568855
-1.66410058867568789    -1.10940039245045829     1.66410058867568766
-0.00000000000000055    -1.10940039245045607     3.32820117735137533
 3.32820117735137577     2.21880078490091659    -1.66410058867568633
 1.66410058867568833    -2.21880078490091659    -0.00000000000000003
 1.66410058867568589     2.21880078490091526     3.32820117735137533
 0.00000000000000055    -1.10940039245045607    -3.32820117735137533
-3.32820117735137533     2.21880078490091481    -1.66410058867568611
-0.00000000000000038    -2.21880078490091615     1.66410058867568855
-1.66410058867568722    -3.32820117735137488     1.66410058867568722
-1.66410058867568589     2.21880078490091526    -3.32820117735137533
 3.32820117735137533    -2.21880078490091526     1.66410058867568633
 1.66410058867568722     1.10940039245045718     1.66410058867568722
-1.66410058867568833    -2.21880078490091659     0.00000000000000003
 3.32820117735137266    -3.32820117735137444     3.32820117735137266
 3.32820117735137488    -3.32820117735137577     0.00000000000000070
-1.66410058867568722     1.10940039245045718    -1.66410058867568722
