102    19.69495623650000127
-5.84747811823945973      7.11542731066003764
-7.84747811823300800      3.65132569551692532
-3.84747811824721220     -5.27687753476715482
-5.84747811823999353     -1.81277591962353535
 8.77437168239761078      3.78715404287355506
 8.84747811824200170      7.78581745851869211
 7.08003160875566273      4.84979778131605688
-8.84747811823406316      1.91927488794863521
-0.84747811824199704     -3.54482672719902769
-2.84747811824197994      8.84747811823188179
 2.15252188176106829      7.11542731065911749
 1.93975419916487768     -8.84747811823748087
 3.15252188175800407     -3.54482672720465786
 1.15252188176895465      1.91927488794582879
-3.84747811823180941      3.65132569551581199
-0.84747811823933772     -0.08072511205436562
 0.15252188176021178     -1.81277591962561413
-4.84747811824036035      5.38337650309058890
 2.15252188175278825     -5.27687753477223698
-4.84747811823938690     -0.08072511205299351
 7.13836885250573694     -7.24644004474083481
-3.84747811823914798      7.11542731065942569
 8.84747811824200170     -4.20771702209453036
 1.15252188175872394     -7.00892834234458828
-0.06024580083532850     -8.84747811823608821
-7.84747811824781127     -5.27687753476505073
 6.91945994285185773      2.85625401703371562
-4.84747811823228680      1.91927488794717660
 3.15252188175999670      5.38337650308926730
-6.84747811824134089     -7.00892834234018292
 2.15252188176023340     -1.81277591962368034
-0.84747811824195662      8.84747811823097230
 2.15252188177049231      3.65132569551393438
 4.15252188175279269     -5.27687753477770016
 4.15252188176122417      7.11542731066699297
 4.15252188177344461      3.65132569551754660
 7.15252188175804271      8.84747811824200170
 0.15252188176106296      7.11542731065921075
-6.06024580083536790     -8.84747811823308261
-8.84747811824059482      5.38337650308581228
-8.84747811824135333     -7.00892834233922812
-7.84747811823957520      7.11542731065943901
 4.15252188176024806     -1.81277591963697948
-0.84747811823138552      1.91927488794608370
-2.84747811823936336     -0.08072511205369585
-0.84747811824013730      5.38337650308906213
 6.28470199660648543     -5.28381764693103939
 3.15252188176067838     -0.08072511205335028
 7.12195464971779924     -3.19649560243797604
 1.15252188175990855      5.38337650308917404
-3.84747811823979680     -1.81277591962459006
 0.15252188175278777     -5.27687753477096777
-2.84747811824131292     -7.00892834234158180
-6.84747811823280106      1.91927488794777390
-8.06024580083571784     -8.84747811823222108
-2.06024580083535591     -8.84747811823397079
-6.84747811823939401     -0.08072511205242781
 8.84747811824094654      5.78581745851869211
 6.87636235483587921     -1.19737262174087911
-4.84747811824131514     -7.00892834234064388
 1.15252188175804338      8.84747811823212693
 5.15252188177511705      1.91927488794741130
-8.84747811823947572     -0.08072511205144546
-8.84747811824198394      8.84747811822964181
 6.34219797141778141      7.01070931147175713
 3.93975419916508462     -8.84747811824163932
-5.84747811824725083     -5.27687753476590604
-1.84747811823979680     -1.81277591962458251
-2.84747811824200125     -3.54482672719628722
-8.84747811824200170     -3.54482672719083558
 1.15252188176066239     -0.08072511205437498
-1.84747811823133468      3.65132569551507480
-7.84747811823999619     -1.81277591962096718
-4.84747811824198394      8.84747811823275931
 3.15252188177497406      1.91927488794672807
 8.84747811824163399      1.78849062722844332
-1.84747811823914687      7.11542731065884126
-5.84747811823191377      3.65132569551660380
-0.84747811824130281     -7.00892834234337503
 1.15252188175800385     -3.54482672720024805
 8.51619944839861809     -8.72974290867515101
-4.06024580083536613     -8.84747811823419106
 0.15252188176879880      3.65132569551488073
-2.84747811824025732      5.38337650308970250
 8.61878988356017928     -0.19839177777651332
 8.84747811824200170     -2.18527418278142749
 8.84747811824172103     -6.20771702209453391
 3.15252188175804315      8.84747811823431540
 5.15252188175800363     -3.54482672721183123
 6.91945994282202914      0.85625401703370985
 5.15252188176018944      5.38337650309751847
-6.84747811824200081     -3.54482672719272118
 5.15252188175897619     -7.00892834234300821
 5.15252188175804271      8.84747811823903696
-2.84747811823153185      1.91927488794630774
-4.84747811824200081     -3.54482672719464942
 5.15252188176067971     -0.08072511206832038
-1.84747811824721220     -5.27687753476867272
-6.84747811824039143      5.38337650309006577
 5.93975419916510106     -8.84747811824102826
-6.84747811824198394      8.84747811822983898
 3.15252188175873016     -7.00892834235000706
