110    20.50042802700000166
 7.40122450885716798      1.44391433263784896
-4.72313114412512292      0.44391433263749397
-3.84973129180281948      5.25021401349187133
 1.34642113090375348      8.25021401349198769
 2.20507208615040851      4.44391433263774793
 9.25021401349196459     -7.31847520805031238
-7.31383290694057830      7.25021401349186512
-1.25902952898727927     -1.55608566736239617
 7.40122450885720795      5.44391433263785363
 5.66917370128833387     -1.55608566736214327
-4.05406159078447637     -8.25021401349178873
-7.31383290694058896      9.25021401349196459
 6.54257355361044013      9.25021401349199834
-2.99108033655623418      1.44391433263756230
-0.38562967666513770      9.25021401349196459
-9.25021401349157379     -3.25021401349194594
 2.20507208615054484     -3.55608566736227827
-0.58995997564659208     -8.25021401349177630
-9.25021401349183847      0.74978598650805794
 5.66917370128829123      4.44391433263785807
 7.40122450885718219      3.44391433263784918
 5.66917370128838183     -7.55608566736214993
 3.93712289371943802     -6.55608566736226539
 0.47302127858159604     -0.55608566736233489
-7.31383290694043797      1.25021401349173233
 9.25021401349196459     -3.31847520805031238
-0.58995997564669977     -6.25021401349177630
-2.99108033655618399     -2.55608566736244169
-9.25021401349196282      8.74978598650818817
-9.25021401349190597      2.74978598650806072
 4.60619244706034259     -9.25021401349174077
 3.93712289371938162     -0.55608566736225862
-2.99108033655618089     -0.55608566736243814
-1.25902952898731169      0.44391433263761743
 5.66917370128837561     -5.55608566736214726
-9.25021401349196459      4.74978598650807271
 9.15725535493035281      9.25017401825310515
 2.20507208615043027      2.44391433263772884
-7.51816320592258513     -2.25021401349185757
-4.72313114412509982     -1.55608566736250853
 3.07847193847264489      9.25021401349196459
 1.14209083192226779     -7.25021401349173988
-7.51816320592244480     -6.25021401349189265
 0.47302127858162446     -4.55608566736234977
 9.25021401349193972     -1.31847520805031282
 4.81052274604154562      8.25021401349200545
-1.25902952898735188      2.44391433263761737
-5.58178209937171577      6.25021401349183936
 9.25021401349189887      2.68152479194968674
-5.58178209937167313      4.25021401349182959
 7.40122450885723193     -0.55608566736215115
-3.84973129180286389      7.25021401349191397
-2.11768048423401023      8.25021401349195571
-0.38562967666504966      5.25021401349194150
-3.84973129180275331      3.25021401349185313
 9.25021401349191841      4.68152479194968674
 1.34642113090380611      6.25021401349197880
 9.25021401349188288      0.68152479194968707
 5.66917370128837650     -3.55608566736214726
 7.40122450885725414      7.44391433263785540
 5.66917370128827347      2.44391433263785807
 2.20507208615055017     -5.55608566736228315
-7.31383290694057564      5.25021401349179762
-7.51816320592227427     -8.25021401349192018
 2.20507208615046979      0.44391433263772434
 3.93712289371933677      1.44391433263774260
 8.73215495551606757     -9.25021401349196459
 0.47302127858163390     -2.55608566736233644
-9.25021401349124694     -9.25021401349195749
-9.25021401349163064     -1.25021401349194194
-2.32201078321563559     -5.25021401349179939
-5.78611239835357960     -5.25021401349179317
 2.87414163949137436     -8.25021401349186867
 5.66917370128828146      0.44391433263785751
-2.11768048423396849      6.25021401349191752
-5.78611239835330515     -9.25021401349187400
-0.38562967666511422      7.25021401349195749
-2.11768048423389965      4.25021401349189354
 3.93712289371930879      3.44391433263774438
 3.93712289371943003     -4.55608566736226539
-5.58178209937159497      2.25021401349179140
 9.25021401349196282     -5.31847520805031238
 2.20507208615050976     -1.55608566736227627
 0.47302127858156007      1.44391433263766977
 0.47302127858152354      3.44391433263768043
 6.73215495551606757     -9.25021401349196459
 1.14209083192240657     -9.25021401349180650
-7.51816320592252119     -4.25021401349188110
-9.25021401349143879     -5.25021401349195482
 7.40122450885725769     -2.55608566736215126
 7.40122450885725591     -4.55608566736215082
 3.93712289371943047     -2.55608566736226051
-9.25021401349128958     -7.25021401349195660
 9.25021401349196459      6.68152479194968674
 5.66917370128832854      6.44391433263785895
-5.58178209937173531      8.25021401349192374
-4.05406159078453587     -6.25021401349177541
-9.25021401349196459      6.74978598650813399
 3.93712289371934698      5.44391433263774793
-2.32201078321557253     -7.25021401349180383
-5.78611239835342328     -7.25021401349180117
-3.84973129180288209      9.25021401349196459
-7.31383290694050547      3.25021401349174255
-5.78611239835366309     -3.25021401349178385
 7.40122450885725947     -6.55608566736215082
 3.07847193847269374      7.25021401349196193
-1.25902952898728393     -3.55608566736240261
-6.45518195169402276     -0.55608566736258769
-2.32201078321546284     -9.25021401349180472
-4.05406159078465400     -4.25021401349177008
