116    20.93102847532430388
-2.65030349237821383      8.46551423765983913
 7.73346343009388359      4.45079848372099995
 4.38235429994986081     -1.72631384602339000
 9.46551423766177713     -0.56446995110960241
 4.37792419262020083     -3.73394806343331398
 9.46551423766078770      1.45079848371576881
 7.73773239155569925      6.45815636067963972
 4.27363077642521638      6.45815636068895493
-2.54157996885716120     -5.73367172299004046
-9.46551423766084632     -3.72631384604183680
-6.00141262252210783      4.28840190792267606
-7.83759570042597620      9.46551423766173450
 0.91825268481336797      0.27368615398356877
 4.27379192228605032     -5.89579195832984482
 0.81379812275845931      8.46551423766021749
 5.76716911689041112     -7.47357047632687443
 6.00568158398774443      5.45815636067783494
 7.83759570042523546     -1.72631384601200355
-7.73346343009189230      5.28840190792522602
 9.46551423765998656      7.46551423763953093
-9.46551423766159417      4.28840190792663822
-0.91825268480969180      7.46551423765894295
 0.91825268481058386     -1.72631384601654547
-0.60153198846730604     -7.14137465114411185
-0.81395926861942036      3.28867824837186440
-2.54601007618655695      4.28867824837488776
-7.73773239156348325      1.28104403095744290
 4.27363077642674227      8.45815636069504961
 7.73346343008943382     -5.90342617576378004
-9.46551423766049105      0.27368615398529794
-7.46551423766204358     -9.46551423766049282
-4.38235429994691916      9.46551423766021216
 6.10997500019070827     -2.73394806343601360
-4.37792419261825039      7.45788002024604335
-7.73346343009258241     -0.72631384601646143
 6.00584272985793621     -4.89579195833505576
-6.00141262253057395     -1.72631384602856852
 9.46551423766173805      5.45079848372291842
 0.91809153894258755      2.28867824835995526
 9.45934704322582576     -9.46295910084343816
-6.00568158399560392      0.28104403095571451
 2.64587338504911607      1.28132037140424071
 6.10997500018427164     -0.71867962860026335
-2.64587338504967340      6.45788002024550156
 2.54601007617902964      3.45052214326291073
-7.73789353742329400      7.29603612534360746
 4.27363077641910216      4.45815636067626198
 2.65030349238159468     -0.72631384602023763
-9.46551423766088185     -1.72631384601747939
-4.27363077642474298     -4.73367172298771077
 0.91825268480797062     -3.72631384601660143
-6.00584272985458067      6.29603612534327794
-2.54584893032705040     -1.72631384601186633
-0.80952916128887908     -4.73367172298895866
 7.73346343009301052      2.45079848371769726
-4.63696700510253113     -7.21400401605659525
 7.73346343008941339     -7.90342617576381734
 2.54157996885872794      7.45815636069344379
-2.51271600847445908     -7.73346343009133008
 1.48589775312672279     -7.65901188844055181
 6.00568158399314900      7.45815636069065135
 9.46551423766215194     -2.88815774091373179
-0.91809153894995676      5.45052214327810702
 7.73789353742068453      0.44316426630230854
 9.46551423766030986     -4.90342617576697037
 4.27379192228539129      2.44316426630687067
-0.91825268481000821      9.46551423766123357
-3.51271600847533660     -9.46551423766126021
-6.00568158398656760     -5.73367172299994277
-6.73610925803125316     -7.59551903494302483
-0.80952916129320929      1.28104403093931585
-4.27363077642560008      1.28104403095376407
 2.54584893032653969      9.46551423766161726
-5.48911512306863880     -9.15917041148732380
-9.46551423766204358     -9.46551423766091560
-9.46551423766119981      6.28840190792664799
 6.00141262252962537      9.46551423765784250
-6.00568158399226260     -3.73367172298516792
 3.48451151469873110     -7.73346343011113024
 9.46551423766140587      3.45079848371862408
-2.54157996885537907      2.28104403095149388
-6.10997500018688999      8.45788002024647056
 0.81395926861689016      4.45052214327458984
-9.46551423766215194      8.30367034275893801
 2.65030349237934848     -2.72631384602057869
-7.73346343009888226     -2.72631384602958438
 7.73789353742888508     -3.89579195833864445
 4.37792419261656907      0.28132037140177241
-4.27363077642395961     -2.73367172298415495
-4.27363077643363276     -0.71895596905624726
-6.00568158399316232      2.28104403095604491
-8.73609423117278183     -7.60327191880607067
-0.81379812275700414     -0.72631384601387883
-2.54157996885646575     -3.73367172298666405
-0.81379812275958563     -2.72631384601431304
 9.46551423766060473      9.46551423766027256
 9.46551423766038980     -6.90342617576720130
 6.00584272985294465      1.44316426630443440
 7.73346343009636605      8.46551423765209421
-2.54157996886355964      0.28104403094183816
-9.46551423766215194      2.28840190792663778
 4.48451151472997189     -9.46551423766197075
 6.00141262252548913      3.45079848372009179
 0.91809153895165452     -5.74130594040144171
 6.48451151472998966     -9.46551423766057454
 0.48589775309624061     -9.39106269599229115
 0.80952916129016050      6.45815636069168253
-7.73773239155403747     -4.73367172299748429
-7.73346343009234616      3.28840190792503240
-4.27379192228593840      5.29603612534285784
-9.46551423766169719     -5.74102959995126838
 2.48451151466774567     -9.46551423766213773
-4.27363077642261580      3.28104403095456565
 2.64587338504868486     -4.73394806342874563
-1.51271600847532350     -9.46551423766073086
 2.54157996885690984      5.45815636068794774
