120    21.03937828060000115
-4.50932643487473506     -0.86542628547849276
 0.50103627053632660      4.32713142740422807
 7.51554405812262516      6.05798399836677337
 7.51554405813210025     -4.32713142740419077
-9.51968914029164281      4.32713142741010426
 6.51347151704479987     -2.59627885644418788
-3.50725389378407071      4.32713142740461176
 9.51968914028999613      9.51968914029111168
 8.51761659920498282      0.86542628548418621
 7.51554405812936555     -0.86542628548257794
 5.51139897595786188      6.05798399837287160
-5.51139897595804040     -9.51968914029279567
 9.51968914029258073      2.59627885644402756
 7.51554405813258253      9.51968914029280278
-4.50932643487085549      2.59627885644431267
-5.51139897595934425     -2.59627885644007161
-5.51139897595792316      4.32713142740444834
-3.50725389378333441     -9.51968914029289337
 2.50518135271048203     -9.51968914029292890
-0.50103627055045219      2.59627885644392675
 6.51347151704515692     -6.05798399836444190
-9.51968914029003521     -9.51968914029110813
 6.51347151703279170     -9.51968914029228941
-8.51761659920638081      6.05798399837167789
 1.50310881163088306      9.51968914029231250
-1.50310881162365773     -2.59627885644420164
 5.51139897595933537      2.59627885644008183
-2.50518135270105669      2.59627885644212730
-1.50310881162320276     -6.05798399836451740
 2.50518135271090880      0.86542628548421785
-9.51968914029262692      7.78883656933229140
-5.51139897595793649     -6.05798399837287338
 1.50310881162417576     -0.86542628547611034
 0.50103627054035949     -6.05798399837032875
 0.50103627054649258      7.78883656933060564
 8.51761659921688974     -2.59627885644249234
-6.51347151703277216      9.51968914029226809
-1.50310881163089904     -9.51968914029230362
-7.51554405811789383     -2.59627885644429979
-9.51968914029258606     -2.59627885644406398
 0.50103627055043209     -2.59627885644395873
-9.51968914029268909     -6.05798399836419055
 9.51968914029252389     -0.86542628547571698
 8.51761659920641456     -6.05798399837170987
 5.51139897595775707     -0.86542628548403633
 9.51968914029269087      6.05798399836423407
-2.50518135270764697     -7.78883656932617008
-6.51347151704518357      6.05798399836447299
 4.50932643487475460      0.86542628547845191
-7.51554405812257897     -6.05798399836678847
 0.50103627053668254     -9.51968914029306568
 3.50725389379781127      2.59627885644444811
 8.51761659920548375     -9.51968914029271041
 4.50932643488468088     -9.51968914029262692
 2.50518135271056641      4.32713142740448564
 3.50725389379734986     -7.78883656933263779
-7.51554405812940995      0.86542628548256384
-0.50103627054645294     -7.78883656933063406
-6.51347151703496330     -4.32713142740689438
-2.50518135271055975      9.51968914029292534
 9.51968914029168900     -4.32713142741010603
 4.50932643487111662     -6.05798399836479273
-0.50103627054040534      6.05798399837034651
-6.51347151704538252     -7.78883656933278878
 1.50310881162726773     -4.32713142741001811
-0.50103627053659883      9.51968914029306390
-4.50932643487060680     -7.78883656933286073
 2.50518135271035014     -6.05798399837246393
-3.50725389379495756     -6.05798399836611523
-3.50725389379736718      7.78883656933260760
-4.50932643488464269      9.51968914029263580
-8.51761659920999392     -7.78883656932689483
 3.50725389378783081     -0.86542628548179090
-1.50310881162723819      4.32713142741001366
-8.51761659921688263      2.59627885644251766
 2.50518135270758480      7.78883656932616208
-8.51761659920539493     -4.32713142740418633
-3.50725389378787744      0.86542628548180811
-2.50518135271047493     -4.32713142740448120
 6.51347151703490024      4.32713142740690770
 5.51139897595784767     -4.32713142740444479
 4.50932643487062457      7.78883656933291135
 2.50518135270107534     -2.59627885644215173
-5.51139897595840278      7.78883656932477919
 4.50932643487085461     -2.59627885644426692
 6.51347151704537097      7.78883656933275059
-1.50310881162349519      7.78883656933278878
-7.51554405813264914     -9.51968914029280988
-0.50103627053682687     -0.86542628548392275
 6.51347151704229788      0.86542628547756495
-3.50725389379780328     -2.59627885644449741
-0.50103627053640198     -4.32713142740422807
 7.51554405811791160      2.59627885644433753
 9.51968914029261271     -7.78883656933235891
-7.51554405813204962      4.32713142740416767
 8.51761659920546776      4.32713142740418899
-6.51347151704227390     -0.86542628547753742
 1.50310881162321608      6.05798399836446499
-6.51347151704479277      2.59627885644413992
 3.50725389379499131      6.05798399836615520
-2.50518135271098474     -0.86542628548421763
 4.50932643488225526      4.32713142740610124
-2.50518135271028841      6.05798399837247814
 5.51139897595812656      9.51968914029280100
-1.50310881162419352      0.86542628547607670
 0.50103627053689670      0.86542628548393730
-7.51554405811955206      7.78883656933196367
-8.51761659920555303      9.51968914029271573
 3.50725389378325891      9.51968914029289337
-5.51139897595767714      0.86542628548403178
 7.51554405811950677     -7.78883656933194146
 1.50310881162350518     -7.78883656933273905
 5.51139897595843831     -7.78883656932478274
 8.51761659920993530      7.78883656932690105
-9.51968914029252211      0.86542628547574496
 3.50725389378413643     -4.32713142740460643
-4.50932643488230589     -4.32713142740611723
-8.51761659920503256     -0.86542628548419731
-4.50932643487112284      6.05798399836475809
 1.50310881162366616      2.59627885644425094
