122    21.44694327450000060
-9.60147345760475623     -5.73119645968079361
-0.66883321353686442      0.27652836277045517
-9.72347162253567276      2.25812272345408704
-7.86498563097126890     -6.72347163721674157
 2.79526840688579803     -7.72347163722897623
-6.13293482340441987     -5.72347163721320662
-4.40088401583796074     -4.72347163720863605
-4.51880846488099319      3.27308945068256252
-0.66883320826209125     -7.72347163722998964
 0.31977496798634764      6.00799760835417729
 4.52731921445982444     -2.72347163724360763
-5.78363743813529130      6.21770493107985001
-7.98291021835722070      3.27301057390124006
 4.34316412144448716      5.58466196607884058
 6.25937002206550641      4.27652836276745951
-3.79552182068134769      5.99999803721548286
-9.72347163721320484      0.25812272345407566
-2.66883320826254211     -7.72347163720780916
-4.40088402217509955     -0.72347163536751191
-2.74551562825924345      7.70219867048055562
 2.79526840686648947      0.27652836277153803
-4.72458661115310896      7.99077802640806212
 6.25937002204431447     -5.72347163723254049
 2.79526840688366729     -5.72347163722894159
 1.06321759931134285     -6.72347163722303165
 9.72347163721178198     -9.72347163723212127
 2.79526840688384137     -9.72347163722902685
 9.72347163721609498      2.27652836276803994
 7.99142082964183764      1.27652836276241932
-0.66883320827459691     -1.72347163722977403
-2.66883321354142344      0.27652836279255211
-4.40088401690433528     -2.72347163537080839
-6.25088225062112635      4.27305013261138278
 2.79526840681905631      2.27652836277155224
-0.73578792020209138      7.70675803557142558
-1.74457478323503623      9.43370594010500518
-2.66883320888591236      2.27652836279300574
 4.52731921446470853     -8.72347163724375996
 9.72347163720406904     -5.72347163723196228
-2.66883320827484249     -1.72347163720746632
-2.66883320826894943     -3.72347163720768659
 6.25937002209444238      6.27652836276745951
-4.40089844363572524      1.27655334211818716
 1.06321759931303839     -8.72347163722556829
-5.72347241595094314      9.72347163722747965
 4.52731921445050833      1.27652836275746706
-0.66883320825930803     -9.72347163723011931
 9.72347163723254049      4.27652836276804038
 6.25937002202942772      0.27652836276745940
-7.86498563096770731     -8.72347163721674157
-0.66883320836517657      2.27652836277046910
 9.72347163722889718      8.27652836277023951
-7.98291020367809168      1.27301057389942529
 7.99142082962336087     -4.72347163724066732
 6.25937002205024928     -7.72347163723254049
 7.99142082962929035     -8.72347163724490393
 2.79526840687558442     -1.72347163722870911
-8.72455260825260659      7.99079718034172171
 9.72347163721518903      0.27652836276803894
-7.72347202659174581      9.72222366421472373
 1.06172027436290284      3.27911733311668119
-4.40088401582954170     -8.72347163721221719
 6.25937002203712378     -3.72347163723254004
 7.99142082960453326     -0.72347163723786090
 7.84096009486432521      7.50395120822970529
 2.79526840687912204     -3.72347163722882346
 4.52731921445442698     -0.72347163724258734
-7.85096434167443391      5.52675448987280316
 8.34276342746868416      9.72347163722892738
-9.72347163721156882      4.25812272345408793
-1.73672876522749786      5.97525076594648841
 3.28854313847332946      7.96011673121644936
-6.72456964919160782      7.98254106347698400
 6.25937002204843118     -9.72347163723254049
 0.23432284948083781      9.72347163723205377
-9.72347163723254937      9.72347163722781893
 1.06321759930199433     -2.72347163722076502
-9.72347163721243213     -7.72747210301577070
 6.34276342746866817      9.72347163723116914
 2.30887871739160211      6.21648327717095217
 7.99142082962898037     -6.72347163724449803
-9.60556988864568773     -1.73839904644596355
 4.52731921446734287     -6.72347163724367469
-6.13293483080975754      0.27652836278735526
-9.72347163721419427     -3.73492081634593509
-6.13293500934212421     -1.72347163721305341
-6.13293482340022589     -7.72347163721335050
-7.86500847677482096     -2.72351120833725657
 9.72347163722815111      6.27652836277018888
-0.66883320826834736     -3.72347163722977914
 7.99142082961156941     -2.72347163724030539
-2.66883320826462844     -5.72347163720770435
 9.72347163718928620     -3.72347163723196184
-0.68116587703807630      4.27649033872986450
-6.13293482339738460     -9.72347163721427243
-2.66883320825931136     -9.72347163721206087
-6.25083657185790287      2.27305013313224702
 1.25359988729558802      7.91543911381998289
 5.28750587526840743      8.02452152068144464
-3.72347241595094181      9.72347163723182639
-2.78673495764638268      4.27305013268208089
-7.86500866399705334     -0.72351120833625315
 6.25937002202960446     -1.72347163723254027
 7.99142082964527045      3.27652836276473636
 1.06321759930612192     -4.72347163722175623
-7.87389403722193926     -4.72349146995696323
 2.79526840693951417      4.27652836277177961
 1.06321759922914638      1.27652836280758852
-9.72347163722805341      6.25812272345408793
-6.13293482340950913     -3.72347163721320573
 7.99142082966175948      5.27652836276474435
-0.66883320826420278     -5.72347163722987862
 2.23328558627562090      9.65906684776791202
-9.59703643853589838     -9.72347163721807206
 9.72347163717875240     -1.72347163723196117
 9.72347163721104835     -7.72347163723196584
-4.40088401583294608     -6.72347163720894159
 4.23224832307038490      9.72347163723256358
 4.52731921450037689      3.27652836275788673
 4.52731921446467211     -4.72347163724363295
 6.25937002207478521      2.27652836276745951
 1.06321759927684734     -0.72347163719393692
