125    21.74937318751872795
 0.51758342724507234     -7.00000007758068143
 7.44582148192998527     -3.00000000014860202
-5.71377067436323749      8.87468659375934266
-1.21446732274651881     -2.00000008380253380
-2.95038993367354108     -3.00673632538247215
-9.87468656696879066      0.99999979969228547
 4.67849966611788215     -8.87468655663342787
-8.14263504581900222     -6.01347411209527483
-2.95039008054585139     -5.00673657616568146
 9.87468659375936397     -7.87468659405631666
 2.94648329810724530      7.87468655900342185
-4.67853371390396511     -8.01347460553200541
-6.41058425206831117     -7.01347413610299153
-4.68244068665837077     -2.00673622973095211
-5.41058181932806903     -9.87468538889840453
 9.87468655782485527      7.87468659375937108
-2.24966910217120342      6.87468651937462560
-2.94648340656967678      2.99999992522355452
 6.41058492232284660      7.87468659375934266
 9.87468659375936397     -5.87468659405631932
-7.41058181935222215     -9.87468332121888359
 4.67853411136606745      6.87468656728530814
-8.14263578619070749      7.99999999985076204
 9.17787228949878298     -2.00000000014846790
-8.14263575804579354      1.99999980064138083
 2.94648332599680707      5.87468652883366893
 6.41055046643184756     -9.87468659375936575
 8.14263573905869720      6.87468660907877727
-8.14654270356562193     -4.00673692487119215
-8.14263575542094920     -2.00000020310594540
-1.21446738671988408     -8.00000008476348690
-6.41058502121945661      4.99999992606874866
 9.87468659375936575     -0.12531340624061532
-2.94648340643010975      4.99999992546602634
-4.68244080278809172     -4.00673642803310504
-9.87468656375381393     -1.00000020178005511
-4.67853421352888343      5.99999992628027012
-4.67853411373250960     -0.00000024880747515
 4.67849970723404773     -6.87468655317598198
 9.87468659375738511      5.87468659375937463
 8.14263578619021366      0.87468659375973579
 0.51761820847497397     -1.00000007493770338
 5.71377067436111119     -2.00000000014859847
-2.24966910170097467      8.87468652018874948
 8.14263578619036466     -4.87468659405653337
-4.68244088765795929     -6.00673657735712130
 2.24966902036774341     -0.00000006744850045
 9.87468659375930180      1.87468659375938129
-6.41449166633026291     -3.00673652470279951
-2.94648340658462482      0.99999992519765968
 0.51758343012480446     -5.00000007691189907
-9.83529042965471589      9.60947250682049336
-6.41058494794651512     -1.00000020271393164
-6.41058497862182719      6.99999999985074073
 2.94644886325500321     -7.87468654657825162
 0.51758348957604450     -3.00000007678455605
 9.87465212952993454     -9.87468659375936753
-8.14263582967020305      3.99999992454129716
 3.98171983186231593     -1.00000006064899516
 2.24966902000799029     -2.00000006807161013
 9.87468655320552102      9.87468659375936753
 4.67853413851887012      4.87468653741276814
-1.21443259893538347      3.99999992533758819
-4.67853421422599425      1.99999992507209656
 9.87468659375882218      3.87468659375937818
-8.14263575627179215     -0.00000020160719142
-9.87468626614683664     -5.01347414340358810
-2.95039035029057706     -7.00673704542731013
-1.21443259893774003      1.99999992533277826
-9.78069047461266194     -9.49111246092300576
 6.41058497861953658      3.87468659375934310
 1.21443251319108447      6.87468651976318679
 6.41058493421979581      5.87468659375934266
-1.21443259922788482     -0.00000007516976968
-6.41449168126817337     -5.00673655315370159
-8.14263493780825343     -8.01347435579368117
-8.14263578619049078      5.99999999985037125
 5.71377067436072661     -0.00000000014859835
-0.51765274957045582     -9.87468655516408234
-6.41058494902728970      0.99999979896952285
 3.98168511193187324     -5.00000006533277119
 8.14263578618946049      2.87468659376021751
-1.21446738193340176     -4.00000008421172382
 2.94648329230968464      9.87468656826378854
 6.41058490305682138      9.87468659375935154
-9.87468656822027846      2.99999980133787236
 0.51761820892964083      0.99999992584980324
-2.95038954440912571     -1.00673574819887612
-0.51761829467137344      5.87468651925471352
 7.44582148193000570     -1.00000000014826118
 8.14263572863435314      8.87468660908021434
 8.14260130129682302     -8.87468662486529958
 6.41058497862109000      1.87468659375933977
 2.24963424145698321     -6.00000007057170048
 1.21443251318958612      4.87468651976056044
 6.41058497862148613     -5.87468659405652982
-9.87468659375936575      4.99999999985036681
 8.14263576885410600     -6.87468662408381004
 8.14263577734390687      4.87468660907861118
-0.51761829460221920      7.87468651937447017
 4.67853413660752349      2.87468653410196628
-1.21446738495191919     -6.00000008443720301
-3.98171990927002950      7.87468652018895199
 2.24966902068846109      1.99999993310768298
 3.98171983234793059      0.99999994019279081
-4.67853421417088455      3.99999992516755487
 2.94644885896035813     -9.87468656153264668
 5.71377067436110764     -4.00000000014859936
 3.98171983154274489     -3.00000006120250573
 2.24963430171487699     -4.00000006980921086
-9.87468656159766311     -3.00000020562158287
 1.21439805739232964     -8.87468655062488487
 9.87468659375936397     -3.87468659405632199
 1.21443248956289263      8.87468655991152033
-2.94065091507205789     -9.39820910900459516
 4.67853410018131033      8.87468656852104232
 6.41055050194707654     -7.87468659375936753
-7.44582148193210536      9.87468659375936397
-9.87468659375936397      6.99999999985037924
 2.94648332498644594      3.87468652708339922
-3.98171986679410406      9.87468659375890034
-0.51761831794687574      9.87468656143828305
-9.87468578146499532     -7.01347423668198022
-6.41058502201694491      2.99999992468745136
 0.51761820893044186      2.99999992585189901
