128    21.99094009090908131
 9.99547004545273587      2.00000000000001998
-9.99547004545278384      1.99547004545403950
 1.20068237726380023     -8.99547004545458684
-9.99547004545243567      5.99547004545408679
-4.53136843031435355      3.99547004545399354
-9.86093641510081298      0.00000000000000677
-6.53136843030571956     -9.99547004545402551
-8.26341923788355182     -2.99547004545414053
-9.99547004545244988     -5.99547004545402640
-9.99547004544813866     -9.99547004545410545
 3.06726681517650235      1.99999999999990785
-6.53136843030879177     -5.99547004545398821
-4.53136843030870118     -5.99547004545400863
-9.99547004544854722      9.99547004545410722
-8.26341923787857446      6.99547004545608697
-2.53136843030760961     -7.99547004545404150
-4.39683479996139415     -2.00000000000000488
 2.93273318483295409     -9.99547004545454065
 2.93273318483031931      5.99547004545438966
 6.53136843031454450      4.00000000000001155
 3.06726681517645172      3.99999999999990985
-2.53136843030785830      7.99547004545403972
 4.79931762274553364     -3.00000000000000844
-0.53136843030784731      7.99547004545410900
 1.33521600760754522     -3.00000000000001865
 8.26341923788411137     -4.99999999999994937
-8.26341923787851762     -6.99547004545650708
 4.79931762274558515     -0.99999999999996936
 1.33521600760740400      3.00000000000003642
 1.33521600760759296     -0.99999999999998612
 2.93273318483237055      7.99547004545450513
 6.39683479997182225      9.99547004545454065
-2.39683479996237025     -0.00000000000000876
 9.86093641510989904      9.99547004545454243
-0.39683479996147047      2.00000000000001776
 6.39683479997064275      7.99547004545454154
-0.53136843030555569     -9.99547004545416584
 8.26341923788407051     -6.99999999999996625
-2.53136843030857550     -5.99547004545402817
-9.99547004544972317     -7.99547004545407614
 4.66478399240242414     -8.99547004545539153
 1.20068237726132176      6.99547004545451312
-4.53136843030764336     -7.99547004545403173
-0.53136843030873271      5.99547004545405482
 6.53136843031521419      6.00000000000001066
-2.39683479996138837     -2.00000000000004574
 4.79931762274540308     -5.00000000000005684
-4.53136843031433845     -3.99547004545399309
 6.53136843031462622     -3.99999999999998535
-8.26341923788244337     -4.99547004545545104
-9.99547004545002160      7.99547004545409479
-2.39683479996147542      1.99999999999999467
 6.39683479997098647     -7.99547004545454154
 8.26341923788370636     -2.99999999999994849
-4.53136843030564229     -9.99547004545404327
 1.20068237726152161     -6.99547004545449624
-6.53136843030600467      9.99547004545417828
 9.99547004545254048      0.00000000000002142
-9.99547004545277495     -1.99547004545402662
-2.53136843031434644      3.99547004545397222
-4.53136843030874559      5.99547004545399798
-6.53136843030765313     -7.99547004545400863
-6.39683479996148563      2.00000000000000533
-2.53136843030558678     -9.99547004545417650
 8.26341923788360866      1.00000000000006484
-4.53136843030788317      7.99547004545412854
 3.06726681517660538     -0.00000000000009861
-0.39683479996131105     -0.00000000000001281
 4.66478399240190278     -6.99547004545475559
 9.86093641511055097     -9.99547004545454243
-4.39683479996302307     -0.00000000000000115
-6.39683479996306836     -0.00000000000001825
-0.53136843030853942     -5.99547004545406459
-8.26341923788351451      2.99547004545411077
-0.39683479996135140     -2.00000000000002132
-2.53136843030874337      5.99547004545400242
-4.39683479996148208      2.00000000000001288
-9.99547004545270568     -3.99547004545402640
-8.12888560753193801     -1.00000000000003220
-0.53136843030591507      9.99547004545412499
-6.53136843031435976      3.99547004545398554
 9.99547004545299167      4.00000000000001865
-6.39683479996140569     -2.00000000000001954
-2.53136843030592651      9.99547004545417295
 2.93273318483290124     -7.99547004545454065
-8.26341923787717469      8.99547004545669182
 3.06726681517643485     -4.00000000000009859
-2.53136843031432202     -3.99547004545401441
 3.06726681517655697     -2.00000000000009859
 6.39683479997266069     -9.99547004545454065
 6.53136843031518133     -5.99999999999998490
 8.12888560754160672     -8.99547004545465612
 8.12888560754089262      8.99547004545476092
 2.93273318483251266      9.99547004545453888
 1.20068237726079374      4.99547004545447848
 8.26341923788362287     -0.99999999999993539
 1.33521600760755210      1.00000000000001377
-0.53136843031433434      3.99547004545401396
-9.99547004545265949      3.99547004545403928
 6.53136843031448322      0.00000000000001321
 9.99547004545454065      8.00000000000001599
 4.79931762274544038      3.00000000000006839
-8.26341923787693311     -8.99547004545672735
-8.26341923788250021      4.99547004545527784
 1.20068237726351201      8.99547004545471829
 9.99547004545268436     -1.99999999999997713
-6.53136843030874736      5.99547004545399087
-0.53136843030759995     -7.99547004545407436
 8.26341923788414867      5.00000000000007727
 9.99547004545300410     -5.99999999999997424
 4.79931762274555851      5.00000000000007638
 9.99547004545454065     -7.99999999999997247
 1.20068237726097204     -4.99547004545441808
-8.12888560753195577      1.00000000000004863
 9.99547004545312490      6.00000000000001776
-6.53136843030789560      7.99547004545402373
 6.53136843031454895      2.00000000000001243
 4.66478399240182107      8.99547004545512507
 8.26341923788369570      3.00000000000007061
 2.93273318483049961     -5.99547004545453799
 4.79931762274555140      1.00000000000005151
 8.26341923788404209      7.00000000000011546
-0.53136843031428405     -3.99547004545403261
 9.99547004545310713     -3.99999999999997558
-4.53136843030596559      9.99547004545427775
 4.66478399240162744      6.99547004545478046
 6.53136843031459513     -1.99999999999998601
-6.53136843031438730     -3.99547004545398465
