135    22.50670793869999997
 3.55358538580429872      6.17168160471884075
-5.14091005117608990     -5.04274556084325543
-5.19035603051556738     -0.96103660571050020
10.25335395294710139     -6.17781137894740073
 5.05720156630568063     -7.17779028165903377
 0.13936272769151009      8.25406902943242748
 8.66602930396800275      3.03899998482044742
10.25323464507788351     -10.25314613948358833
 6.78790456258755182     -8.18013434326824829
 5.20194879531351884      1.03896342820973575
-8.56719393493654557      1.17777768733098975
 8.52132426550304700     -1.17775362809599349
 8.52130316177232494      7.25571704589186428
 1.59312103522820880     -3.17775369591832790
10.25335396933992627      1.82228292374910050
 3.46989798774300251      2.03896342821269361
-6.78925235420009177      4.25335396932166354
 6.93397849915093811      2.03899998005416760
-6.78925235420676643      6.25335396933590104
 2.17167231073516120      9.96314822791790533
 8.52130925226347991     -5.17780079670156201
 8.16504531440544667     10.05725551632602510
 8.52130316177174052      5.25571704589102584
10.25335396934089083      6.25571704589093525
 6.87296085874571538      8.38839866578946314
-6.93397851873376414     -8.39214427094775850
-0.08950487809483847     -8.25949917063221584
-1.72625441537734825     -2.96103660571289895
 8.52130310479470410     -9.17781138947943376
 1.82153458098701360      5.17168159995293930
 1.63899072329211171     -7.25336649747826012
-5.10309231979778399      3.17777768732934751
 8.52130314831968860     -7.17781138943094721
-1.82153458192559747     -7.25946261875973242
-10.21057265949439419     -10.25213096435243898
-8.52130281145566926      9.25335457610185408
-2.22404736432668093     -9.95672367274407222
 5.05720159244492518     -5.17779025917512481
 3.41241444978322583      8.39453133893074011
 8.52130314219869689      0.82228288985877462
 3.36395293616685942     -10.25335396934137400
 1.55889293415703523     -9.39210000612944107
-8.21017298325370604     -10.25112641100260724
-3.32515034574089530      6.25335465056680828
-10.25335396934136689      8.25335396934136689
 1.73784718017345652      3.03896342821558507
-10.25335396933868637     10.25335396934136689
-3.32350037674787657     10.25335396933876630
-10.25335396933902388      2.25335396932304288
-8.52130316177213842     -7.17542718073969610
 3.32517184557185486     -2.17775370072436436
-6.20192766079279512     -10.25335396934004351
-5.05637741765579563      9.25478140737724964
-4.20192766079268143     -10.25335396934028154
 3.32517188550094955     -4.17775370191502038
 0.00579639219073547      0.03896339428958702
-5.20192771116481456     -7.39214427094785975
-1.82508980674643784     -5.25332997790585932
-8.52130316176966751      3.25335396932249310
-6.87296085874474105     -4.04274556084235392
 3.46987688401352878      4.03899998005548522
 6.78925235420339490      6.25571704589194688
 0.00579639219010536     -1.96103660571042648
 5.20192769158197166      3.03899998005453309
-10.25335396933825471      4.25335396932350829
 5.14091005117690347      7.38839866578931392
-10.25335396933604670      6.25335396932583976
 3.46989800732057851      0.03896339430321939
 6.83512155506660601     -10.25335394222535967
-1.72625441537796087      1.03896339428994633
-8.52130316177303015      7.25335396934043075
 5.05722265035833995     -1.17775369590511758
-10.25335396934087839     -6.17542718073878394
-0.13892977233841985     -4.17775369592225232
10.25335396934084109      4.25571704589066879
-1.64254591084306800      3.17164501420151845
-3.41241444978440889     -4.03661288769779603
-3.32515113237194804      8.25335465058737228
 5.09953801654502659     -9.25949792564272478
-3.37104151223673032      4.17777768734296906
 6.78925844714318938     -6.17780080094264061
-1.56533068575080070      9.30002331436483765
-8.52130316177174763     -5.17542718073897223
-5.05720154662723864      7.25335396934841459
-3.37459671840418007      2.17164501418775258
-3.45830522294729281      0.03896339429072293
 1.59312107446940754     -5.17775369591833101
 5.20192768883082124      5.03899998482151901
-3.45830522294642995     -1.96103660571190708
 6.78927347750544907     -2.17775366199462406
-10.25335396934047871     -4.17542718073838515
10.25335396934024246     -0.17771707625100089
 1.73784720190188913     -0.96103660942198599
-3.55358540813791901     -6.25946265105105937
-1.63899072424666370      5.17777772125448177
 8.52130318133448128     -3.17779021385356186
10.25335396933472687     -2.17779017995944191
-3.46987688495249502     -8.39214423865651149
 0.00579639218304083      2.03896339430359497
10.25334807369739742      8.25574652573935808
-5.14446525735308491     -3.03661288769744875
-6.78925235420175266      8.25335396933871479
-0.24616706785998663     -10.25335396933222754
 0.09303897959330963      6.17781427309451292
-1.72625441537858659     -0.96103660571007454
-6.87651606492170853     -2.03661288769700954
 3.32515077829652173     -6.17779024778060837
 5.05722875995751497     -3.17776421014626465
-0.09303898053413399     -6.25332994561449595
-1.59268807712078364      7.25406902465760162
 6.78927343836126518     -0.17775366198707604
-8.52130316176860347      5.25335396932255705
 1.73784719975173374      1.03896339430327567
10.25335396934137222     -4.17779024773591967
10.15541181192385700     10.25334871302082718
-6.78925235420302009     -6.17542718074007269
-8.60501166631341263     -3.04274556084183878
-8.52485836794778606     -0.90393126779904065
-5.10664752597350891      1.17164501418853240
-5.05720154663067500      5.25335396934839682
-10.25335396933974685     -1.91006394094420395
-6.83514312736712171      2.17777768733013666
 3.37104151130213525     -8.25336653135518716
10.25335394993225258     -8.17781140600227729
-6.83869833354268231      0.17164501418890030
-10.25060782670137094     -8.24931547809622323
 6.78925846425418555     -4.17780076282082113
-10.25335396934134913      0.10220140534258061
 0.19283916272377144     10.25335396932928056
 6.93397849639916419      4.03899998482059175
 4.15050552050101818     10.25335396934136334
 6.15050552050102439     10.25335396934037568
-6.78925157370270327     10.25335396933861887
 0.08950487714700281      4.17164504811301562
 1.82508978441063707      7.17781427786033710
