140    22.82852809419999929
 1.71009160589905629      0.58573595290995517
 3.44214241346800831     -0.41426404709014630
10.41426404709007691     -10.41426404709044284
 6.88732892899660332      7.62088257240550160
-3.48606081680766389     -10.41426404709012132
-0.02195920166987006     -2.41426404708996012
 8.66025403784810344     -3.45330156734526650
-5.87319083499456163     10.34455461685561772
-1.95348684746756174      9.85742529414123503
-8.68221323951784996      2.58573595290397673
 5.17419322103669366     -7.41426404709027143
 5.17419322103696722      4.58573595290972857
-5.21811162437650911     -9.41426404709006626
 3.44214241346801808      3.58573595290985336
-0.02195920166973941      3.58573595291007052
-8.68221323951787127     -3.41426404709602416
-10.10380333815677822     10.37007221781183475
 8.66025403784816916      6.54669843265476992
10.41426404709044107      5.58573595290959091
 6.90624402860566544     -6.41426404709036735
 3.44214241346794037     -4.41426404709014619
-0.02195920166985251      1.58573595291004832
 1.27519997091062320      8.53788073898932076
-0.02195920166992216     -6.41426404708996500
 3.44214241346817307      5.58573595290987246
 5.17419322103689350     -3.41426404709027143
 5.17419322103695478      2.58573595290972857
-10.41426404709044284      7.58573595290959712
-0.70954668353480244      8.29134328206301419
 3.44214241346786265     -6.41426404709014619
-5.21811162437546727      6.58573595291477965
-0.02195920166987270     -0.41426404708995962
 5.17419322103695301     -1.41426404709027143
-3.48606081680835800      5.58573595291171632
 8.66025403784789205     -7.45330156734537308
 6.90624402860584397      1.58573595290971614
-3.48606081680765767     -0.41426404708986386
-6.95016243194523664     -10.41426404709040199
-5.21811162437643272      2.58573595291041425
-10.41426404708982112     -8.41426404709044462
-4.95411880982995623      8.56823634228885034
-0.02195920166998872     -8.41426404708998454
-1.75401000923867545      2.58573595291017222
 7.94457346959332700     10.41426404709044284
-5.21811162437647535      0.58573595291023917
-8.68221323951791035      4.58573595290398650
-5.21811162437650111      4.58573595291044533
-8.68221323951735968     -9.41426404709602416
-10.41426404709002540     -0.41426404709042847
 3.95600291500439960     10.20075257334261210
 5.17419322103705071      6.58573595290988845
 3.44214241346774186     -8.41426404709014619
-6.95016243194533612      3.58573595291036895
-6.95016243194528993      1.58573595291034786
-6.95016243194543826     -4.41426404708986908
 3.44214241346800431      1.58573595290985359
-6.95016243194541783     -6.41426404708992948
 1.71009160589934628      6.58573595290995950
 1.71009160589920195      4.58573595290995950
 6.90624402860534570     -10.41426404709040909
-6.82205289875052578      7.82171713838754634
 6.90624402860585462     -0.41426404709031167
-0.03256763958451259     10.41426404709040909
-0.02195920166970368      5.58573595291025882
 1.71009160589906672     -3.41426404709004494
 3.44214241346800343     -2.41426404709014619
-8.68221323951770430     -7.41426404709602416
-1.75401000923879358     -1.41426404708988707
 6.90624402860584041      5.58573595290973568
10.41426404709040909     -6.41426404709043751
10.41426404709044284      7.58573595290959979
 5.17419322103682067     -5.41426404709027143
 6.90624402860581110     -2.41426404709034070
 8.66025403784815850      0.54669843265476981
 8.66025403784816206      2.54669843265476992
 1.71009160589882980     -9.41426404709008580
-1.75401000923877293     -5.41426404708990017
 3.44214241346763661     -10.41426404709027054
-6.95016243194535388     -8.41426404709000941
 5.13519455256385271      8.58535569272476984
-0.02195920166985873     -4.41426404708996234
-8.68221323951788726     -1.41426404709602371
-3.48606081680762125      1.58573595291029057
10.41426404709040376     -4.41426404709043751
-7.87197561463851780     10.41426404709047482
-5.21811162437652776     -7.41426404708990638
 5.17419322103653379     -9.41426404709029363
-5.21811162437656595     -1.41426404708984088
-3.48606081680767455     -6.41426404708986464
 8.66025403784803949     -5.45330156734537308
 8.66025403784809811     -1.45330156734523008
-6.95016243194544892     -2.41426404708986020
 5.94457346959331812     10.41426404709038778
-3.87440605535060323     10.41426404709040909
10.41426404709022790     -8.41426404709044284
 5.17419322103695833      0.58573595290972869
-2.99795017317143309      8.15181796498837130
-10.41426404709002540      3.58573595290957581
-0.02195920167001471     -10.41426404709017639
-10.41426404709011599      5.58573595290957581
10.41426404709040376     -0.41426404709042208
10.41426404709041087      3.58573595290958202
-3.48606081680768654     -2.41426404708986375
10.22638153964556729     10.28086656578943092
 3.19096162978869913      7.95313828274435686
10.41426404709040732      1.58573595290958091
-5.21811162437655707     -5.41426404708987175
 8.66025403784771264     -9.45330156734544147
-10.41426404708998632     -4.41426404709043130
-10.41426404708947651     -10.41426404709044462
-6.95016243194365479      5.58573595291343317
-1.75401000923855155      4.58573595291020641
 6.90624402860584663      3.58573595290971658
-3.48606081680768431     -4.41426404708986375
 1.71009160589905740     -1.41426404709004494
-10.41426404709000231     -2.41426404709042997
 6.90624402860552777     -8.41426404709038422
-8.68221323951781443     -5.41426404709602416
-1.75401000923882977     -7.41426404708992148
-10.41426404708995079     -6.41426404709043929
 8.66025403784817094      8.54669843265476992
 1.71009160589900322     -5.41426404709004494
-6.95016243194537520     -0.41426404708972292
-5.21811162437656861     -3.41426404708985576
 6.90624402860575781     -4.41426404709034514
-3.48606081680768298     -8.41426404708996323
-8.68221323951799917      6.58573595290398650
 1.96743236041548886     10.41426404709040909
-1.75401000923882999     -9.41426404709004672
-8.68221323951829582      8.58573595290400782
-1.75401000923879224     -3.41426404708988818
 1.71009160589892328     -7.41426404709004494
-3.48606081680759639      3.58573595291049108
-1.75401000923860995      6.58573595291020819
 1.71009160589907871      2.58573595290995506
 8.66025403784816561      4.54669843265476992
-1.75401000923879824      0.58573595291016700
-10.41426404708996500      1.58573595290957270
10.41426404709038778     -2.41426404709042774
-8.68221323951789792      0.58573595290397651
