143    22.97239237503512754
-1.74769936458574415     -4.48619618751756644
 1.74769936458586028     -10.48619618751756555
 8.73849682292943264     -2.48619618751725202
 3.49539872917165795      8.48619618751756555
-1.74769936458582009     -10.48619618751756555
 8.73849682292942553     -6.48619618751729465
-6.99079745834327415     -1.51380381248269891
 0.00000000000000504     -5.51380381248246465
-8.73849682292948593      1.51380381248277551
 1.74769936458579944     -6.48619618751756821
 5.24309809375731994      1.51380381248244933
-6.99079745834349708     10.48619618751738081
-3.49539872917149985      6.48619618751756910
 3.49539872917153804      4.48619618751756732
10.48619618751594373     -3.51380381248317653
 3.49539872917161487     -1.51380381248243068
 1.74769936458584518     -4.48619618751756821
-0.00000000000004464      0.48619618751753579
 3.49539872917163885     -9.51380381248243268
-3.49539872917157846     -7.51380381248242291
-8.73849682292940422     -4.48619618751725913
-3.49539872917156291     -5.51380381248242379
-0.00000000000001949      8.48619618751754423
-1.74769936458586117      3.51380381248244156
-3.49539872917159444     -9.51380381248242379
 8.73849682292954633     -8.48619618751732396
 5.24309809375754821      9.51380381248264939
-8.73849682292958718      7.51380381248281193
 5.24309809375754288      5.51380381248248330
-1.74769936458570663      5.51380381248245843
-8.73849682292950547     -10.48619618751732219
-5.24309809375730662      5.51380381248248153
-3.49539872917164907      4.48619618751757088
-5.24309809375735192     -8.48619618751756377
 5.24309809375735014      3.51380381248248286
-5.24309809375746205      7.51380381248248153
 6.99079745834325905      4.48619618751738436
-10.48619618751592775      0.48619618751683519
 0.00000000000004399     -1.51380381248246398
10.48619618751631144     -9.51380381248319651
-0.00000000000005813      4.48619618751753535
-6.99079745834336030     -9.51380381248280393
 5.24309809375740077     -4.48619618751756644
 6.99079745834332389     -1.51380381248268669
-10.48619618751583005     -1.51380381248316964
-8.73849682292954633     -8.48619618751729021
-3.49539872917151895     -3.51380381248242468
 8.73849682292953212      5.51380381248279061
10.48619618751607696     -7.51380381248319118
10.48619618751580695      4.48619618751683369
 5.24309809375740521     -8.48619618751756555
-0.00000000000007021      2.48619618751753535
 5.24309809375734481     -0.48619618751756177
 8.73849682292943264     -4.48619618751725824
10.48619618751592775      6.48619618751688254
-5.24309809375747093      1.51380381248247886
 3.49539872917153049      2.48619618751756821
 0.00000000000005108     -3.51380381248246376
10.48619618751589400     -5.51380381248318319
 6.99079745834346156     10.48619618751756022
 3.49539872917172900      6.48619618751756644
-10.48619618751626348     10.48619618751689053
-8.73849682292965646      9.51380381248287499
 5.24309809375742475     -10.48619618751756555
-6.99079745834339494      4.48619618751736748
 5.24309809375748515      7.51380381248248330
 6.99079745834335409     -7.51380381248274087
-1.74769936458589314      1.51380381248243800
 3.49539872917157357     -5.51380381248242912
 8.73849682292935981      1.51380381248277285
-6.99079745834324839     -3.51380381248271467
-8.73849682292949126      3.51380381248279372
 6.99079745834323241      0.48619618751737487
 8.73849682292937580      3.51380381248279017
 6.99079745834326438      2.48619618751737637
 1.74769936458583852     -2.48619618751756821
-5.24309809375745228      3.51380381248247975
-3.49539872917162064      0.48619618751757332
 1.74769936458585429     -8.48619618751756732
 1.74769936458575081      3.51380381248244689
 6.99079745834328392     -5.51380381248270890
 1.74769936458574726      1.51380381248244156
 0.00000000000001492     10.48619618751756377
-8.73849682292946461     -6.48619618751726890
-3.49539872917161354     10.48619618751756555
 6.99079745834332833     -3.51380381248270002
-6.99079745834343047      8.48619618751737725
10.48619618751598637      8.48619618751689053
-1.74769936458581121      9.51380381248245932
 0.00000000000002473     -7.51380381248252682
-5.24309809375737412     -10.48619618751756377
 1.74769936458593511      5.51380381248245666
 8.73849682292963870      9.51380381248286788
-5.24309809375732083     -2.48619618751753624
-10.48619618751594018      4.48619618751684346
-10.48619618751580163      6.48619618751687987
10.48619618751576432      0.48619618751683075
-1.74769936458584585     -0.48619618751756649
 1.74769936458575548     -0.48619618751755944
 1.74769936458584185      7.51380381248245754
-3.49539872917153005     -1.51380381248242579
-6.99079745834339850      2.48619618751735505
-5.24309809375730396     -4.48619618751755045
-3.49539872917167083      2.48619618751757221
-10.48619618751605032      8.48619618751688520
 3.49539872917162064     -3.51380381248243001
-10.48619618751588334     -3.51380381248317031
-8.73849682292938823      5.51380381248281193
-6.99079745834330080     -5.51380381248274531
-6.99079745834335853     -7.51380381248274531
-10.48619618751589044     -5.51380381248317075
-10.48619618751629901     -9.51380381248318763
 5.24309809375739633     -2.48619618751756200
-1.74769936458575592     -2.48619618751756644
10.48619618751626881     10.48619618751689764
-5.24309809375734126     -6.48619618751755578
-5.24309809375742386     -0.48619618751752103
 3.49539872917155048      0.48619618751756860
 0.00000000000001522     -9.51380381248253215
10.48619618751597216     -1.51380381248317275
10.48619618751582472      2.48619618751683102
 8.73849682292952501     -10.48619618751733285
 6.99079745834338961     -9.51380381248276841
 8.73849682292958185      7.51380381248281548
-3.49539872917163175      8.48619618751756732
-8.73849682292946994     -0.48619618751723193
-10.48619618751608229     -7.51380381248317253
-1.74769936458582942      7.51380381248245932
 0.00000000000011199      6.48619618751753535
-8.73849682292940244     -2.48619618751724492
 5.24309809375734925     -6.48619618751756644
 1.74769936458581987      9.51380381248246110
-1.74769936458580566     -8.48619618751756555
-1.74769936458579034     -6.48619618751756644
-6.99079745834337896      0.48619618751734206
 3.49539872917162953     -7.51380381248242912
-10.48619618751595439      2.48619618751683991
-6.99079745834323951      6.48619618751737637
 3.49539872917162864     10.48619618751756377
 6.99079745834339672      8.48619618751743410
 6.99079745834346422      6.48619618751740390
-5.24309809375750024      9.51380381248257656
 8.73849682292931185     -0.48619618751723881
