148    23.62378419392391393
 9.81189209696058207     -9.07984128939382273
-10.81189209695869202      3.60851209002739726
-1.18810790304784142     -10.81189209695797260
-5.18810790304788139     -10.81189209695166653
 3.05812793204769573      3.17444631844343661
-9.14870301176055634     -3.48863593391651028
 1.81189209695468367     -5.61573967425265508
-7.18810790304449210     -3.88368886667201840
-0.94187206780947574     10.10264954880140742
 7.81189209696074904     -2.15163805911506900
-8.82066289590101604     -1.51572192606236911
-4.02671543871533810      1.41099877211874469
-3.18810790304559566     -7.34779048181241823
-7.18716216414156062     -0.36173953480093773
 0.81189209695751885     -0.41958725130784091
-1.18810790304555614     -7.34779048181797911
 2.81189209695829279     -0.41958725154434351
 8.81189209696088938     -7.34779048182476657
 0.81189209695554165     -3.88368886668070923
-7.18810790304564851     -7.34779048181054062
 8.81189209696045417     -3.88368886668417757
 1.81189209695573972     -2.15163805911191730
-2.94187206863159734      6.63854793405684607
 6.92814798766553341     10.81189209695876841
 4.92814798752505911      3.88368886659776180
-0.18810790304773636     -9.07984128938902124
 7.92814798765656015      9.07984128938464963
 0.81189209695444375     -7.34779048182139416
-7.81203254608436914      9.07976022241438940
 1.97322891086502694      1.39607903395309263
-5.18810790304564762     -7.34779048181176542
 3.92814798765630124      9.07984128938140778
-0.02677108913523144      1.39607903431175751
-10.81189209695882347     -8.83563704197024613
 6.81189209695615272     -7.34779048182207095
-5.81189212596942184      5.61573967435289312
-1.94187206781983979      8.37059874123358050
-10.81189209696195874     10.81156761258799293
 1.92814798765629103      9.07984128938548807
10.81189209696048259     -3.88368886668284574
-0.18810790304426850     -2.15163805906479899
-3.18805225262257608     -0.40466751342338891
-3.81189212330013794      9.07984128938038282
 4.81189209695593068     -3.88368886668430857
 7.81189209695654174     -9.07984128939114399
 5.92814798765645712      9.07984128937861712
-6.22334544549478341     -2.13079241505823980
 6.92814798752649796      7.34779048173469640
-8.83263807506022225      3.89583336804033564
10.81189209696195697     10.13994854971132575
-8.84636410117399485     -9.69377475902561869
 4.81189209696057674     -0.41958725154942028
-10.81189209693581077      7.32400225426918361
 1.05812793204056788      3.17444631844596925
 5.81189209696074283     -2.15163805911820205
-10.81189209695843623     -4.59940236610597530
 8.81189209696058917     -0.41958725154458604
 4.81189209695542974     -7.34779048182211358
-3.18810790304446501     -3.88368886667363000
 1.81189209695454845     -9.07984128939021140
-1.18810790304250324     -0.41958725147026082
 9.81189209687481245      4.94379612705687599
10.81189209695868136      6.67584693457741007
 2.81189209695481557     -7.34779048182146077
 3.97322891086519947      1.39607903394699528
-10.07109169042331587      5.46625771916377889
 7.81189209687046660      4.94379612705740890
-4.81189212453400739      7.34779048109373356
 0.05812793218041127      8.37059874122669179
 2.81189209695554521     -3.88368886668427393
-5.18799707847357450     -0.41952327166699777
 3.81189209695570641     -5.61573967425306453
-9.15363589883484785     -7.71751970403825460
-2.02677108913523352      1.39607903409693956
 0.81189209695240561     -10.81189209695793529
 0.92814798766553452     10.81189209696193387
-1.94187207006781981      4.90649712551764505
 6.81189209696044706     -3.88368886668725422
-4.18810790304432867     -2.15163805910446149
-3.18810790304785696     -10.81189209695459930
 6.81189209696058207     -0.41958725154621440
 5.97322891086525232      1.39607903395025335
-4.18810790304800484     -9.07984128938258550
-2.81189212328447713     10.81189209696195697
10.81189209696191256     -10.81189209696193920
-6.18810790304557479     -5.61573967424162479
 2.92814798766553386     10.81189209695561715
 0.05812792993533803      4.90649712479954569
-5.81189212330025029      9.07984128938049473
-2.94187210465932214      3.17444629974275871
 9.81189209695683573      8.40789774214534980
 3.81189209695575570     -2.15163805911551398
-2.18810790304427893     -2.15163805905370165
 4.92814798766553341     10.81189209695274833
 3.81189209695460818     -9.07984128939051693
-10.81189209695814313     -2.37786950172668243
 4.92814798752481487      7.34779048173661220
10.81189209696091602     -7.34779048182177164
10.81189209696060161     -0.41958725153527787
-9.83249331816854166      9.06778493343287373
-1.18810790304445946     -3.88368886664663293
-6.18810790304800840     -9.07984128938180923
-4.95538471030038075      3.18231844513513540
 9.81189209696219855     -2.15163805911268824
 6.81189209695604525     -10.81189209695976317
-7.88543488692122985      2.13435497748897918
-8.81203256657288492      7.34770939596311745
 8.81189209687230424      3.21174531948944608
-6.83278254587558198      3.87179459916641244
-0.94187206862936512      6.63854793319725811
 7.97322891086553120      1.39607903395207500
-6.02666026456573256      1.39614301383095718
-2.18810790304798086     -9.07984128938548274
 7.81189209696089293     -5.61573967425588272
 2.05812793204656064      4.90649712601165877
-7.18810790304793645     -10.81189209695435949
-9.00329059637497231      0.47592240037235528
-8.99931751246403522     -5.72325251314942296
-6.81189212328447535     10.81189209695902420
 5.92814798752400041      5.61573967416725406
-6.81189213520373738      7.34779048868390916
-4.18810790304537139     -5.61573967424298548
 5.81189209695571307     -5.61573967425339937
 8.81189209687297748      6.67584693462486900
 9.97322891093071640      1.39607903399557176
 2.92814798684841859      7.34779048134616630
-8.81189212328447447     10.81189209687734554
-0.94187207367316550      3.17444631586530557
-10.81189209695848774     -6.59940236610604636
10.81189209694928444      3.21174531952808939
 9.81189209696093023     -5.61573967425283715
 2.81189209695459219     -10.81189209695940789
 6.81189209687148356      3.21174531948785003
-3.94187207006786799      4.90649712731697729
 5.81189209695591735     -9.07984128939081891
 1.05812793137125993      6.63854793319065095
 8.92814798766553430     10.81189209696140985
-7.81189212596991478      5.61573967578381339
-4.81189212328447624     10.81189209695899933
-2.18810790304536207     -5.61573967424321818
-0.18810790304533595     -5.61573967424919118
-10.64699682343168341      1.61532129415039627
-10.81189209695779851     -0.37786950172660377
-10.50462029929759389     -10.81189209695788378
 8.81189209695627085     -10.81189209696030495
 3.92814798752364780      5.61573967416707287
-5.18810790304446545     -3.88368886667338353
 4.81189209695503184     -10.81189209695918585
