149    23.66759560259999873
-7.84922438390002153      1.28834656161640271
-0.00001838742994917     -1.37531530248979195
10.83379780117622282      3.53297708446951431
-4.18353814019030157      9.10174692706816835
-3.17484056974120499      3.90099020029139565
10.83379780128391268     10.83234487868840290
-8.16077800003114895      4.73840951088469442
 7.86374140025177581      5.62212470253219987
-7.00905380732463268      3.10331581817616220
 1.82546995485916286      9.10658213474313172
-7.83379780234305301     -9.10174699298973344
 6.99999999992321165     -3.10735549398668054
 7.83379780145127125     -5.63764537846221270
 0.82513806267527123      3.91062135364006025
-5.83383609488133459     -2.16802582313532177
-4.83382853259680356     -3.90557682848279564
 8.83505633293169090      7.37042310428807035
 6.83379832902989737     10.83379780128400327
 2.83379829489710033     10.83379780126453618
 5.83379831199769328      9.10174700354867028
 5.83947574452901552      5.63437563532111163
 5.99999999930847761      2.08879692832077302
-1.00002742286897406      0.35673028843556220
-5.17484053162739688      3.90059974455187763
-8.61261045670959291      8.76851655826388487
 1.99999999925657534     -4.83940630194580645
10.83379780127686054     -7.36969618596867271
 2.82513806265980261      3.91063066187121144
-0.83379780128384595     -10.83379780117027735
-2.18285033642749227      5.63764082060517246
-2.00041029182385088      2.08855999008364623
-10.83379780128396597     -3.89448970540596884
-1.18319030562915928      7.36988786500386439
-5.18319026983593734      7.36949532300919419
 4.83379780128387360     -10.83379780128392689
 4.99999999983607069     -6.57145710907417602
 4.99999999925936223      0.35674612076782170
 8.83379780127684988     -7.36969618613180888
-9.83380514921217852     -9.10174275138399480
 8.83379780127916803     -3.90559457079397010
10.83379780118590041     -0.44149295507964598
 3.82547799787675613      5.64248516326853888
 1.16620219871616615     -10.83379780128389314
-2.18353813941140640      9.10174692663666285
-10.83379780127673087      3.72385497522977627
 1.99998161257279161     -1.37531530232996180
-6.22406901104614718      5.60680338659246669
 2.99998161288389120      0.35673550506006724
-1.18353825558460257     10.83379780128052872
-3.18353825558460946     10.83379780126145064
 8.83379832902996043     10.83379780127881453
-7.18319026983622066      7.36949532302230015
 0.81714161483884895     10.83379780127467384
10.60819421882348479      1.54574206473954612
-9.18353825558462411     10.83379780126536218
 4.83505686067725815      7.36897018196593123
-8.83382853259682044     -3.90557682889341384
 1.99998161274343267      2.08878631254786340
-0.18319832038716821      9.10194329987193917
 0.99998161271296693     -3.10736610998002805
-0.00001838720974159     -4.83941691759500880
 6.84116913017109596      3.90330360874028059
 8.99999999965531572      0.35674612133400541
-8.83379780248889013     -7.36969618546851635
-2.00002742278802348     -1.37532051918009079
-8.84341489730856445     -0.44704538922614523
-2.83382853259680267     -3.90557682864003075
-6.18353814247689026      9.10174692838169541
-5.83379780230739797     -9.10174699312406332
-3.83384363396034589     -2.17351730171311663
 9.83379780138028181     -9.10174699364105955
-5.18353825558460990     10.83379780125335046
-0.17486998035744933      5.64266751754126261
 3.99998161274345820      2.08878631274668880
 0.16620219774436984     -9.10174699301746237
 9.89586326987043385      9.06591378327831876
-3.18319026983583164      7.36949532304724553
 1.99999999946790874     -8.30350791704935709
-5.84925509373559915      1.29942981049724549
-4.18319026971088004      5.63744451540537295
10.83379780127920711     -3.90559457056494663
-10.00825870472715273     -2.07281871423765374
 6.83379780118682501     -7.36969618590300168
-10.83379780128396597     -10.83379780126368885
-7.83382853278318692     -2.17352602119626903
-2.83379780128385717     -10.83379780121595459
-0.00002742919767112      2.08878109965862446
10.83379780127062908      7.29948268744158391
-4.00930855349703563      2.08339200924623791
 0.82513001963782917      7.37472763334316550
 5.99999999942956030     -1.37530468670281225
 5.83379780122408587     -9.10174699365620476
-6.83379780247585611     -7.36969618533909721
-6.83382853259680978     -3.90557682865761668
 7.99999999999082423     -1.37530468642972847
-10.83379780125766523      5.72385497523058540
 6.83379780128389314     -10.83379780127376790
-6.83859567064395169     -0.43873163853053654
-7.83382853239027988     -5.63762763634619102
 2.99999999940573003     -6.57145710943039596
 3.99999999993219202     -8.30350791669856747
-4.83379780247100310     -7.36969618546072081
 6.00000000009531753     -4.83940630165497510
 7.83379832904220041      9.10174699370127094
 9.83379780147080318     -5.63764537827368883
 4.82551904812310273      3.91045805671891245
 4.99999999958280661     -3.10735549438199632
 3.83379830531755328      9.10174698761305123
 2.82546995484992802      7.37453132716881754
-5.83382853238895738     -5.63762763619302198
-1.83382853238403665     -5.63762763630133268
-8.83379780128389314     -10.83379780121021518
-3.83382853238685817     -5.63762763633011943
 3.99999999942505768     -1.37530468690419605
-1.00001838734802506     -3.10736611010596819
 7.83379780123107317     -9.10174699367425966
-1.83379780226496014     -9.10174699306572244
-6.83379780128388514     -10.83379780128390024
-3.83379780229336564     -9.10174699310279500
-10.83379780125049052     -7.36962527569716563
 1.82513001962378985      5.64267682576618235
10.83379780128392156     -10.83379780126900727
-9.00094857888220368      2.92344025273523966
 6.99999999948458829      0.35674612085225893
-0.83379780246035451     -7.36969618537665294
10.16047849679216597      5.41622988597438493
-2.83379780246629265     -7.36969618543390137
 8.86619338112908650      3.89149186277646031
-1.17486189840034871      3.91022676809654879
-9.00769591794060887      6.55024008804604563
-10.63432888672912924      7.71388315396110169
 9.83379780151826921     -2.17354376284344530
 8.83379780128391445     -10.83379780125693692
 0.99999999932948735     -6.57145710956039419
-10.83379780127696179     -0.25114772305942867
 0.99998160708690309      0.35673550824478345
-4.83860858793553827     -0.43154349589465701
 3.99999999931196681     -4.83940630179901898
-10.61055267331794738      1.73635362608325283
 7.99999999931303574      2.08879692870989064
 4.83379829489713853     10.83379780124458769
-4.83379780128386471     -10.83379780125769010
-9.84341492578026589     -5.63205750411233907
 2.99999999915601911     -3.10735549431809588
 6.83505686067749263      7.36897018194253750
-7.18353825558461345     10.83379779024430789
 3.00000000000002576     -10.03555872431102181
-3.00041029174165841      0.35650918246624697
-10.83379780127094349      9.70391133268929984
