150    23.72734477154762089
 2.10819875607958096      0.04944745959809152
 2.92850543953162701     -6.86169698974314990
-10.86367238577208738      1.24255725580705811
 9.13162157818531384     -0.13632633355467905
 9.13162157818231002     -2.13632633355482282
 3.91983607789007449      8.90511034948202784
 0.37770088252794382      5.05213240993564572
 0.37614794851105776      3.04944745959940633
 0.37924871358901013      9.05334712643665007
-0.47088213251634986     10.86367238575976835
-4.82000447419660105      0.04944745960110637
-3.99869646115627697     -10.86367238576757366
 9.13162157818511133      7.86367366644581711
-1.35590437699105393     -1.95055516953270236
10.86367238576472438     -1.13632633357820079
-8.28199058865033599      2.05310617164162679
-10.86367238576772465      8.86367238576910310
 6.39146580787212581     -10.86367238576857552
 2.10961236983311373      6.05237368090000860
-0.47348803469699663     -4.76111010536316570
-10.86367238576800887     -6.76477746657511680
-5.66964045736464772     -1.76111010537882740
10.86367238576753280      2.86367366642179144
-9.13317451221711529     -3.76209251623301499
 7.39844022272869672      4.86563439412095278
-7.39957077062926949      8.86367238576789873
-4.81788397989568384      6.05311482078646357
-10.86367238557667037     -10.86367238575603800
 3.93317767785275318     -1.13235211563681082
 2.10819875608029150      4.04944745959880414
-10.86367238576930028      4.86367238576821848
-7.42907641593372059     -6.81422492615842312
-0.53445492879955658     -10.86367238577000727
-10.86367238577076755     -4.76477746656702106
 3.93317767785214611      0.86764788436323537
 3.93317767785183481      2.86764788436332507
10.86367238576745820      4.86367366642178744
-6.55050234774878781      1.05213240993772317
 0.37614794851145900     -2.95055254040219461
 7.39844022273172275     -7.13436560587952062
-9.16112722349920183     -7.81422492616440323
-9.13218414486739682     -1.75843380419292372
 6.39202835325668062     -8.86269866087216052
-1.35590285905817232      0.04944745959754367
 9.08678705314534696      9.94132934168830396
-9.13162157819815867      5.86367238576724148
 5.66522848543087232     -2.13235211565205196
10.86367238576961469     -5.13632633357819302
-7.33859235453314795     -10.86367238576009164
 3.51482404094089063     10.86367238575535055
 1.19701717735351920     -9.86267071463551304
 5.66522848543035273     -0.13235211565191798
10.86367238576771399      6.86367366642178300
-10.86367238576894678     -0.75746004248901855
-5.66751996306032169      7.86367238576801952
 7.39844022273155044     -5.13436560587944868
10.86140907178347170     10.86367238577381578
 5.41349453771460354     10.23514208045489582
-9.10113237005334241     -9.91844611988910074
-3.93546915549119447      8.86367238576787564
10.86367238576921856     -3.13632633357819701
 5.66522848543059609      5.86764788434853291
 5.66522848542977187      1.86764788434811990
-9.13162157819811604      9.86367238576817762
 3.93317767785300942      4.86764788436360973
10.86367238576936245     -7.13632633357818946
10.86367238576777972      0.86367366642179533
 7.31216503448429833     10.86367238576865901
-1.35378735837319497      6.05310617164043663
 0.37812412893204356      7.05334744260489988
 1.25856277287205431     -5.76111010536286194
-10.86367238576927363     -2.75940756589629999
-6.54993478746458191      5.05311482078627527
-7.40168627131522072     -2.76111875452963140
 7.39844022272959112      0.86563439412085652
-3.08583816594230465      5.05310617164053344
-10.86367238576745820     10.86367238576941219
-1.35434992504111840      4.05213240993595658
-1.35590285905764496      2.04944745959910346
 4.65997754568987066     -9.86269866087610581
-4.81845154017863120      2.05213240993552004
-2.20553421354252377     -5.76111812250433175
-5.66751996305330064      9.86367238577961025
-10.01403640260401851      3.05311482078698493
 2.10819875607926921      2.04944745959817176
-0.47348340597341371     -6.76111812250423938
 9.13162157818434039      3.86367366644544363
 2.92848928350746318     -10.86367238576848315
-3.93546915547668963     10.86367238576796268
-2.26657569497702260     -9.86379356742404489
 3.93471303668439498      6.87030250167784118
 9.13162157818490350      1.86367366644540122
 2.10819875608056506     -3.95055254040191173
-2.20497166815526979     -7.76209184739752889
10.86367238576944594      8.86367366642177856
-9.13162157820233134     -5.76477746656957191
 2.10819875608017204     -1.95055254040190884
-3.08583317232660814      7.05311482078627261
-5.66963546374714422     -3.76111875453164801
 1.52197095421209205     10.69474466536727419
 9.13162157818710973     -8.13632633355502222
-8.28198559503328013      4.05311482078580543
 7.39844022272984247      6.86563439412114906
 4.66055624710293070     -7.86169698973894349
 5.66522848542638524     -4.13235211565207372
-5.66965140200264894     -5.76309384748770892
 9.85556742300249589     -10.86367238577381578
 9.13162157818402953      5.86367366644549559
-5.66849458187768285     -7.76309351853146712
 5.66522848543224722     -6.13235211565207461
-10.86367238576764116      6.86367238576876293
-3.08795366662645332      1.04944745959898000
-6.54993978108014474      3.05310617163949294
-3.93758964979677062     -2.76111010538055801
-10.86367238576572092     -8.86367238575594385
-2.20317564399879018      9.86409287912901256
-7.40013833091679185     -0.75842515504223040
 7.40070353664803005      8.86563311347327243
-3.93814700192211165     -4.76209213408184961
10.86367238577381222     -9.13632633357818591
 2.92850543953594533     -8.86169698974314990
-1.35392168502060950      8.05335609175214628
-7.40112370464897751     -4.76209251623505736
-3.08795366662788195     -0.95055254040101977
-3.93702247572436548     -6.76209184739750047
 3.93317767782850636     -5.13235211563686367
 8.12351661543907255     -9.86367238576437444
 9.13162157818706710     -6.13632633355499291
 3.93317767785322303     -3.13235211563686233
 5.66522848542945479      3.86764788434820561
-3.93644377430843306     -8.76309351853194052
 0.37614794851055816      1.04944745959784380
 1.19638467336659393     -7.86181817138287542
-5.66864440784229728     -9.76309351291952332
 7.39844022272568935     -3.13436560587938207
-9.13162657181833914      0.24254860666167302
-2.20554340218839373     -3.76111800342223690
-4.81788897351111434      4.05310617164031406
 7.39844022272898982      2.86563439412086973
-7.43118442336279550     -8.81786724704378777
 5.64909784973559947      7.90029508067023389
-3.08640073260988501      3.05213240993575763
 9.13162157818681841     -4.13632633355482415
 7.39844022273001656     -1.13436560587925528
 0.37614794851085892     -0.95055254040219217
-7.39957077062900925     10.86367238576801242
 2.11073695501801684      8.05237336563313022
-0.53510358882394515     -8.86279189628946185
-9.13162157819826170      7.86367238576790495
-7.39957077062941693      6.86367238576778060
