160    24.36374338103636816
 6.07344762291183127     -3.19805497684380979
 0.86715305118234332      2.05758267337985234
-7.71777007403227522     -9.06280975362284202
-11.18187169051632601      4.93719024872700096
-11.18187169051739360     -1.06280975127379507
 0.86805204243113299     -6.18187169060996489
-11.18187169051682162      6.93719024872700718
 7.71777007537916671      6.18187169050596985
 2.60010285121083529     -5.18187169270717707
-5.98571926781034502      1.93719024872580614
 6.05481143509363751     -9.19796905790692598
 2.52161765267696891      9.18187169051426189
 0.94248396286425073     -2.06280975194624050
-11.18187169051734742     -3.06280975127401689
-11.18187169051704366     -7.06280975127414479
-2.67453477002984297     10.18187169051568830
-0.94248396246104260      9.18187169051549468
-4.32904960141728434      7.05766966907717030
-9.44982088294783651     -4.06280975127388544
-0.86389956423455105     -11.18187169047633311
 2.60005324317505959     -9.18195760704803554
-4.32899937151982517      5.05758267338758483
 9.44982088292084121     -7.39957849956804115
-0.78956684504522057      0.93719024862676870
 0.86489775638161071      6.06147926585907015
-7.71777007537951931     -7.06280975127404353
 4.25366846024512846      8.18187169051269692
11.18187169050481344     -2.06653235263013180
-11.17979177527643486     -11.18061405537747888
 2.60010284878964493     -7.18187169270720371
-7.79220199546632308     -11.18187169051818231
 9.44982088294814027      7.18187169050585439
11.18187169051578778     -6.39957849960752778
 2.61859127813169135     -11.18187169051761032
-4.25366846009270638     -7.06280975154734580
-9.44982088294369582     -8.06280975128218458
-4.25366846024011203     -1.06280975127439148
 7.82518957825743655     -6.23314242163087950
 0.94248396372479137     -4.06280975346988438
 6.30805113246897964     -11.18187169051601870
11.18187169051764585     10.18187169051636509
-7.71777007537836202      4.93719024872707646
 4.33210405079680339     -8.18195760713955345
11.18187169051579843      6.18187169050368546
-7.71777007537933457      0.93719024872598755
 9.52515179422128710      1.06147926585091712
 2.52161765267579607      7.18187169051347940
-5.98571926781054131     -0.06280975127421108
 7.71777007538256221      8.18187169051166130
 0.94248396286586344     -0.06280975194621156
11.18187169051661911      2.18187169050363083
-4.25366846024119738     -5.06280975127439259
-7.71777007537900328     -5.06280975127404353
-0.86494798627622027      5.05766966906861803
-2.52161765267684324     -6.06280975128222988
 4.33125466629857403      0.05758267334257181
-7.79310098665732287      7.05758267338803247
-9.44982088294731959      5.93719024872713064
11.18187169051412688     -8.39957849960766012
-0.78956684505533392     -5.06280975137327971
 2.67453477044315058     -1.06280975196271510
 4.33215366456681039     -6.18187170691225241
-9.44987111286471659     10.17806209376549198
 4.25366846024593492     10.18187169051414287
 4.33215365790960849     -4.18187169120011415
-4.25366846024136791      2.93719024872564471
11.18187169051558350      4.18187169050363838
 9.44982088294914035     11.18187169051758367
 9.44987111275162306     -3.06661934821978344
 2.59920385873045445      1.05758267334388423
-0.78956684503546171     -3.06280975137324862
 6.06105017906378407      3.06147926581670848
-7.79315121656050724      9.05766966908537263
-4.32810037715723617     -11.18187169051818586
 9.44982088295072131      9.18187169051292074
-4.25366846024156420      0.93719024872562740
-7.72002537018498369     11.18187169051818408
 7.82523980743586822     -4.23305542526240863
 6.06325524398009108      1.05766966901389581
-7.71777007537954329     -1.06280975127403332
 2.59915362886034540      3.05766966905726223
-9.44982088294770506      1.93719024872686596
-6.06330547389342467     10.06147926585989261
 0.86805204116190438     -8.18187169262615654
-5.98571926781501151     -8.06280975128161081
 0.78956684510756681      8.18187169051498664
-0.78956684503385277     -1.06280975137324796
-2.52161765266818660      1.93719024871783407
-6.06105017908848076      6.05758267338797030
 4.46332120527735832     -10.40923238534622897
 2.52161765267716032     11.18187169051529928
 0.78956684510829755     10.18187169051514118
 9.55724038585139901     -5.23314242167419508
-11.18187169051654095      2.93719024872699874
 4.41553954597451082     -2.07781380309215802
-7.71777007537878035     -3.06280975127404353
 6.07344762070397781     -5.19805497684382090
 7.71777007538225401     10.18187169051393504
-5.98571926781001196     -4.06280975127423982
-11.18187169051673990      0.93719024872699586
 0.86710282129441374      4.05766966906399240
-6.06015118653697282     -10.18187169287454452
 9.44982088292805500      3.18187169047152274
 0.87734585694013711     -10.19796906148708437
-2.52161765265560378     -2.06280975128217747
-9.44982088295328282     -10.06280975128224320
-5.98571926780971797      3.93719024872664525
 9.74496141144664740     -9.79072509501389732
-11.18184806318467750     11.18186800910252288
 5.98571926780983965      5.18187169050662533
-6.06110040899100344      8.05766966908571725
11.18187169051643792      8.18187169050744068
-9.52515179422662150      8.05758267338730860
 7.72002537018520929     -2.06280975127176447
-4.33125466632411005      9.06147926586064933
 5.98571926781362507      7.18187169051175633
-2.59599997724204457     -10.18195759178845883
 7.79530605158084988      0.05766966902998102
 6.06330547388803431     -0.94241732662177724
-0.86399876519034591     -7.18187169051885466
 2.59694856395002072      5.06147926585826102
-4.40658557759893021     11.18187169051538987
-4.32810038032848432     -9.18187169051818586
11.18187169051818586     -0.05891315879947723
-9.44982088294736222      3.93719024872712975
-11.18187169051728169     -5.06280975127401778
-0.94248396246047439     11.18187169051553020
-7.71777007537870663      2.93719024872673540
 8.30805113246903382     -11.18187169051325647
11.18187169047118523     -11.18187169047165419
 9.44982088292861455      5.18187169047230611
 9.45202594791880557     -1.06272275569063801
 7.79310098663320527      2.06147926581765217
 4.33120443640975861      2.05766966901903903
11.18187169051816454     -4.06670634374389905
 4.32899937151548464      4.06147926585234931
 5.98571926781369967     11.18187169051611107
-2.59604957260614766     -8.18187169078398746
-9.44982088294855593     -2.06280975127386634
-0.86399876624555871     -9.18187169292130534
-9.44982088294835165     -0.06280975127385222
-2.59699879384702337      6.05766966907400128
-0.86489775638311828      3.05758267338576850
-2.52161765265701909     -4.06280975128219435
 2.67453477042360488     -3.06280975196273575
-2.52161765266667626     -0.06280975128216605
-11.18187169051748597     -9.06280975127414479
 5.98571926781412689      9.18187169051251395
 7.71777007535862136      4.18187169047087171
-2.59920385875529725      8.06147926586053565
 8.01291060388012788     -8.79072509500276844
-2.59694856395154083      4.05758267338655632
-11.18187169051818586      9.17797509804559475
 6.07334946984548552     -7.19805497443545317
-5.98571926780729502     -6.06280975127936284
-4.25366846023039447     -3.06280975127439214
 4.25366846024423051      6.18187169051264895
-9.44982088294830547     -6.06280975127388544
-5.98571926780918506     -2.06280975127421584
-0.86715305118666275      7.06147926586011554
