166    24.85229804669999965
 9.42665593346064767     -4.37073428251797580
-4.57334398090701644     -4.37014900255531380
11.42614902334361560     -4.32570780685797640
-11.42614902333911786     -5.33062678478442997
 9.55416613111489710      2.62658129534338247
 1.44583378327293399     -0.89511576775983148
 9.44583369763877023     -0.89570104772867509
-3.55416621675330058     -2.62716657534372811
 5.42614910898402147     -7.83454318352370027
 9.42614910898346814     -11.42614902334539373
 5.55416621675287558      2.62716657531437159
 5.42614910898346015     -11.42614902334516991
-1.57385089101394793     -6.10249237595349125
-10.46539654650769968      6.07983285744394308
 1.55416621675264910      2.62716657534390396
-5.55416621675336142     -2.62716657531390485
-9.42665593346070096      4.37073428251825202
 7.42614910898346192     -11.42614902334508642
-11.42614902334543814     11.42556374362550464
-6.54575608718022650      9.63034610343434139
 4.57385089101712605     11.42614902333076188
-0.55416621672707300     -0.89511576775989776
-2.42614910898612202      6.10249237595388472
-9.57385054854660034     -6.10132191492688047
10.54575600154247539     -9.62976082369897490
-7.44583378327653467      0.89511576779174851
 2.54575608718036328     -9.63034610343434494
 0.42614910898605751     -6.10249237595376304
-0.44583378324738587      2.62716657534377784
-10.62081495649993812     -11.40704685184481981
-6.57334398090701733     -4.37014900252243077
-2.57334398090699956     -4.37014900258432437
-11.42614902334440607     -3.33062678478442997
-2.57385089103719755     -7.83454318350894585
-3.42665601909349737      4.37014900258441852
-11.16467400586257597     -7.31346082101531003
-0.57334398090699268     -4.37014900258459704
 1.42614910898341907     -11.42614902334539551
-5.42614910898404368      7.83454318352392409
-7.57385089101408493     -6.10249232930827645
10.67840301054715546     -2.47074799587869531
 7.57385089101403963      6.10249232344386794
 0.44583378324690981     -2.62716657534380449
11.42614902334537774     -11.42556374361006810
-9.45424391281963494     -9.63034610343385467
-11.09987885650645012     -1.35741929994368626
 2.44583378324691836     -2.62716657534373432
 8.55416613108909196      0.89453048778940236
 8.54575608718036861     -9.63034610343452258
 3.42665601909311590     -4.37014900258438566
11.42614902334436877      3.33062678478313146
-1.44583378327299772      0.89511576776004831
-7.45424391281963583     -9.63034610036264205
 3.44583378327298107     -0.89511576775969981
 8.57398424890149258      7.83446613003626258
 7.45424391281976995      9.63034610032030081
-5.44583378327306811      0.89511576776020019
 0.57385089101605147      7.83454318352386547
-8.55416613108912216     -0.89453048778969657
 4.42614910898608738     -6.10249237595361382
 4.57385089105409293      7.83454318348734358
-0.57385089101605191     -7.83454318352360612
-2.55416621672710686     -0.89511576776001678
 8.42614910898615221     -6.10249237595371152
 7.55416621675301059      2.62716657528055153
 1.57385089101391440      6.10249237595375327
-2.54575608718022783      9.63034610343448527
-1.42665601909345141      4.37014900258449401
-11.42614902334596749     -9.29629485724528770
-5.42614910898351344     11.42614902334524807
 6.54575608718036772     -9.63034610343420283
 3.42614910898401881     -7.83454318352374113
 4.44583378324698764     -2.62716657534359532
-11.42614902334595506      7.83395790380371704
11.16467400586507353      7.31346082101435258
-8.44583369760957225      2.62775185528033051
 6.57334398090669403      4.37014900252244320
 7.42614910898402147     -7.83454318352358392
-4.42614910898613623      6.10249237595382787
-5.45424391281963583     -9.63034610341463804
-1.42614910898343727     11.42614902334544524
 9.45424391281976995      9.63034610343403052
 7.42665601909321715     -4.37014900258448158
 2.57385089101691378     11.42614902334145910
-3.42614910898404101      7.83454318352396495
 6.42614910898613445     -6.10249237595348148
11.09987885650530615      1.35741929994257093
-2.44583378324742107      2.62716657534370901
-9.55416613111539270     -2.62658129534345131
-0.57385089101670206     -11.42614902334518945
-4.55416621672714861     -0.89511576775974289
 3.42614910898345792     -11.42614902334521787
-4.44583378324742728      2.62716657534360065
-6.44583378324745571      2.62716657534386755
-1.55416621675314803     -2.62716657534393416
 5.57385089101404052      6.10249237589240323
 0.55416621672701172      0.89511576776010993
 1.42665601909310347     -4.37014900258445316
10.46539654675462927     -6.07983285729472112
-4.57385089105063347     -7.83454318348568268
-8.57397198148194661     -7.83447621301780561
-3.45424391281963628     -9.63034610343007103
 6.57385092607624610      7.83454316321892907
 8.57385089101713227     11.42614902334521432
-5.57385089101407782     -6.10249237589226823
-10.67840301054781094      2.47074799587794569
 9.57385054854998607      6.10132191492476128
-1.45424391281963672     -9.63034610343423836
-1.42614910898399661      7.83454318352408308
10.61166961031281986     11.41404754526016063
-3.44583378327304812      0.89511576775991408
 5.45424391281976995      9.63034610341756725
-6.55416621672726407     -0.89511576772660706
-6.57385092557764938     -7.83454316350657187
 6.55416621672719835      0.89511576772645329
-4.54575608718022739      9.63034610343446573
 3.57385089101398057      6.10249237592665761
-11.42614902334385185      0.61578818489716614
 3.45424391281977039      9.63034610343030550
-0.42614910898609287      6.10249237595399396
-9.44583369763887681      0.89570104772834325
-3.42614910898350322     11.42614902334527116
-4.57385089101716691     -11.42614902332684146
-7.42614910898404368      7.83454318352381929
 4.54575608718036328     -9.63034610343429698
 2.42614910898608338     -6.10249237595366267
 6.44583378324700274     -2.62716657534384490
-9.42614910898352676     11.42614902334545590
11.42614902334596394     -7.83395790378790213
-11.42614902334363336      4.32570780685740974
 8.44583369760902158     -2.62775185528038868
 5.44583378327301393     -0.89511576775993706
-5.42665601909355200      4.37014900258428529
-9.42614910898404368      7.83454318352414436
 2.55416621672705535      0.89511576776024104
 3.55416621675276012      2.62716657534370324
-6.57385089101718201     -11.42614902028102186
 4.57334398090669314      4.37014900255683525
-10.54575600154213788      9.62976082371456599
 1.45424391281977106      9.63034610343443198
 9.42614910898402769     -7.83454318352389301
-7.42665601909356976      4.37014900258455619
 1.42614910898395797     -7.83454318352385659
 2.57334398090668781      4.37014900258441585
 0.57334398090667549      4.37014900258466898
-3.57385089101407560     -6.10249237592536353
-8.57385089101719444     -11.42614902334524807
 5.42665601909319673     -4.37014900258423467
 6.57385089101712694     11.42614902023420065
-8.57334389526887186     -4.36956372258390768
 2.57385089103655007      7.83454318350960222
11.42614902333902549      5.33062678478313146
 8.57334389526854146      4.36956372258393344
-0.54575608718022850      9.63034610343462560
 0.57385089101659414     11.42614902334526761
 7.44583378327642897     -0.89511576779190349
-8.54575608718022650      9.63034610343468245
-7.42614910898351699     11.42614902334513438
-8.42614910898618419      6.10249237595398419
 4.55416621672706778      0.89511576775999147
-2.57385089101694353     -11.42614902334128679
11.42614902334387139     -0.61578818489807163
-6.42614910898617175      6.10249237595371063
11.42614902334596572      9.29629485724465887
 0.54575608718036317     -9.63034610343448527
-7.55416621675341293     -2.62716657528039521
