167    24.90756716639999979
-7.74949406652215522     -11.45378358318770040
-11.45378358318534673      4.54344451143642125
 7.89251536361177219     11.45378358318795264
 2.60681066090913616      8.45378358318600753
 0.87475985333881412     -6.54621641681413546
 2.60681066090905800      6.45378358318600753
-6.11382495918445912     -2.54621641681223476
11.45378358318645162      7.45378358318723144
11.45378358318595602     -2.54621641681301591
 0.87475985333933215     -2.54621641681413147
 7.89251536361211148      5.45378358318795264
 9.67314947339870557     -1.45689867043481369
-9.67297399919161194      5.45378358318787715
 4.33886146847759768      1.45378358318568934
-11.45378358318529521      2.54344451143642036
11.45378358318582990     -4.54621641681309541
 4.33886146847785792     11.45378358318650314
-9.67297399919153200      3.45378358318787004
 7.89251536361215944      9.45378358318795264
-0.85729095422947721     -1.54621641681396871
-5.85598734200286763     -10.80986411291192262
-7.89339947918750262      2.54103250663257452
-0.85729095422940171     -7.54621641681531319
-4.35158336049125793      0.50800107762020430
 2.00582188747090839     -11.45378358318555456
 6.11568841604534441      0.53569535300457527
 4.33886146847785525      5.45378358318583167
 6.11568841604518454     10.53569535300457893
-2.58934176179791509      1.45378358318622047
-2.58934176179824727     -0.54621641681378175
-6.11382495918415714     -0.54621641681218547
 9.56156701411824983     -11.45378358318792067
-6.11382495918267121     11.45378358318791889
 5.91081391190522343     -11.45378358318795620
 7.89251536361122152     -6.54621641681211486
-0.85729095422930657     -9.54621641681714728
-4.35158336049086625      6.50800107762022417
 0.87475985334032236      9.45378358318612122
11.44747576740860318     -10.55047580928384221
-7.89339947918771223      0.54103250663256330
-11.45378358318654577     -9.45655548856377770
-11.45378358318560075      6.54344451143643457
 6.11568841604556379      8.53569535300457538
 2.60681066090811164     -3.54621641681432465
 0.87475985333900752     -8.54621641681613653
 7.89251536361216832      7.45378358318795264
-0.85729095422880575      4.45378358318612921
 9.67314947339911235      6.54310132956528534
 2.60681066090864499      0.45378358318576978
 7.89251536361180150     -0.54621641681205324
 7.89251536361164430     -2.54621641681205357
-0.85729095422997725     -5.54621641681397559
-7.89339947918888907     -7.45896749336752940
-7.89339947918921503     -9.45896749336757736
-7.89339947918843521     -3.45896749336748366
 2.60681066090785496     -5.54621641681432820
-2.58934176179763131      5.45378358318622869
-11.45378358318598799     -5.45655548856370398
-0.85729095422870583      6.45378358318615764
 3.95831789968833192     -11.02047154518630911
 9.67314947339883524      0.54310132956522261
 6.11568841604506286     -3.46430464699542418
-7.89339947918747331      4.54103250663258340
-9.67297399919163681      7.45378358318787715
-3.96248061748248137     -11.45378358318794909
-6.11382495918489965     -6.54621641681226762
-2.58934176179752917      7.45378358318625089
-2.58934176179773745      3.45378358318622203
-11.45378358318531298      0.54344451143641193
 7.89251536361138939     -4.54621641681205357
 7.89251536361192230      1.45378358318794909
-2.58934176179875220     -4.54621641681379796
-6.11382495918373969      1.45378358318782475
 0.87475985334021777      7.45378358318607770
-6.11382495918472468     -4.54621641681226052
 6.11568841604460989     -7.46430464699542284
 2.60681066090879154      2.45378358318581258
-4.35158336049063976      8.50800107762023217
-6.11382495918346169      5.45378358318788070
 2.60681066090890745      4.45378358318591072
 2.60681066090918057     10.45378358318615497
11.45378358318578904     -6.54621641681311495
 4.33886146847742538     -0.54621641681440281
 9.67314947339914433      8.54310132956531199
 6.11568841604553359      4.53569535300457449
-11.45378358318548173      8.54344451143643546
-4.35158336049110606      2.50800107762020907
-9.67297399919170964      1.45378358318784695
-9.67297399919150713      9.45378358318788869
-4.35158336049161676     -1.49199892237979559
-9.67297399919312539     -8.54621641681226762
-0.85729095422861079      8.45378358318621714
 9.67314947339821529     -7.45689867043482124
 4.33886146847629828     -6.54621641681508759
 6.11568841604522095     -1.46430464699542440
11.45378358318619938      1.45378358318713929
-6.11382495918339508      7.45378358318790646
 6.11568841604428304     -9.46430464699542284
-6.11382495918358426      3.45378358318786649
-9.67297399919281808     -6.54621641681223920
-4.35158336049253602     -9.49199892237982112
11.45378358318638057      5.45378358318723144
 4.33886146847551490     -8.54621641681598554
-7.89339947918716689      8.54103250663258606
 9.67314947339908038      4.54310132956526047
-9.54900818254347783     -10.58100128135153106
 4.33886146847799381      7.45378358318597378
 4.33886146847772025      3.45378358318578904
 9.67314947339894893      2.54310132956524182
 7.89251536361199157      3.45378358318795131
11.45378358318615852     11.45378358318734868
-7.89339947918868212     -5.45896749336750364
-2.58934176179703934     11.45378358318683887
-6.11382495918311530      9.45378358318790646
 0.87475985333968442     -0.54621641681410138
-9.67297399919142009     11.45378358318795264
 2.60681066090720570     -9.54621641681731781
 2.60681066090726032     -7.54621641681488331
-7.89339947918698659     10.54103250663258784
-11.45378358318620649     -7.45655548856375461
-2.58934176179822062     -6.54621641681512045
-9.67297399919235268     -2.54621641681218946
-11.34852229852138983     -11.45378358318668255
-11.45378358318560430     10.54344451143646033
-2.58934176179737374      9.45378358318642498
 0.87475985333984818      1.45378358318591161
 0.87475985334045869     11.45378358318644629
 4.33886146847687559     -4.54621641681452271
 9.67314947339856168     -3.45689867043481369
-7.89339947918811191     -1.45896749336745479
 0.87475985333908635     -4.54621641681413546
-4.35158336049218963     -5.49199892237981224
-1.97832936500598566     -11.20249926752938485
-0.85729095422911405      0.45378358318603884
11.45378358318625622      3.45378358318719814
 2.60681066090846869     -1.54621641681426780
 4.33886146847802667      9.45378358318609457
 6.11568841604559221      6.53569535300457449
 9.67314947339877662     10.54310132956539370
 4.33886146847723619     -2.54621641681446542
 6.11568841604480262     -5.46430464699542373
11.45378358318606793     -0.54621641681294897
-7.89339947918743423      6.54103250663258429
 9.67314947339882991     -9.45689867043482124
11.45378358318629886     -8.54621641681311495
-0.85729095422894086      2.45378358318606571
 0.00582188747090842     -11.45378358318472500
11.45378358318644274      9.45378358318728829
-11.45378358318574286     -3.45655548856366845
-2.58934176179775388     -8.54621641681623423
 9.67314947339835918     -5.45689867043482124
 0.87475985333999495      3.45378358318597067
-11.45378358318548173     -1.45655548856363426
-4.35158336049015571     10.50800107762036184
-6.11382495918525848     -8.54621641681235289
-4.35158336049237615     -7.49199892237981224
-2.58934176179857944     -2.54621641681378374
 0.87475985334012152      5.45378358318607059
-9.67297399919205425     -0.54621641681218924
 7.89251536361117534     -8.54621641681211486
-0.85729095422974544     -3.54621641681396893
 7.73619046301248137     -10.63647064026254085
-4.35158336049099237      4.50800107762022151
 6.11568841604541458      2.53569535300457494
-9.67297399919260315     -4.54621641681218946
-0.85729095422842616     10.45378358318635748
-4.35158336049195160     -3.49199892237980780
