177    25.73369778640029537
 7.86706746963092751     -5.45365917326796623
-9.86693869505881871      3.80469970213492159
10.86684889383956332      6.67069647012075873
-7.86680712454511966     -3.29510143622169771
-6.86680712453977904     -1.56305062865590405
-11.86684889319813863     -6.75917893553727556
-10.14754341827704565      8.84509198612242642
-1.13315110680252773      6.67069647049165049
 3.86684889319883141     11.86684889319977820
-11.86684889320014769      9.86684963052712760
-10.86684999397312268     -5.02712749243612933
-11.86513153821165645     11.86684889319995406
-10.72725111174977819     -11.86684889319762526
-0.71451859098049708     -1.48195638308370747
10.09008655678406718     -8.78940625355317628
10.86695816327967634      3.20653176944895790
 3.29821370337442277     -11.86684889319983327
-4.71462570899954514     -1.48189453405642069
 6.86684889319549541     -0.25750675978547649
 5.86684889319884295     11.86684889319970360
 9.86684889319834468      8.40274727806010091
-6.72725111174972312     -11.86684889319788638
 0.86684889319669189      3.20659485535235866
 5.89895411655586344     -8.93578585245746204
 3.86684889319805647      8.40274727806077593
-8.70593657466543291      5.43321868482287318
-8.72725111174977641     -11.86684889319762704
 2.86695818537161040     -3.72167147019991296
-8.13315110680123610     11.86684889320014769
 9.86684889319885627     11.86684889319819369
-9.99914132288664703     11.14707079065614792
 2.86684889319669578      3.20659485534988020
 6.86684889319878522     10.13479808562999729
-9.86693869508605381      0.16892420996610841
-3.13315110680253195      6.67069647049270031
-0.71451870375991577     -4.94605793261650462
 3.86684889319690361      4.93864566292198504
-2.72720934284735739     -8.40277139373671567
-4.72725111156425903     -11.86684889313502289
-3.13315110680122055     10.13479808563055862
11.10881781674318169     -3.86118299827314226
 5.29821392978456362     -11.86684889320009617
-1.72716757443790803     -10.13479808563167417
-1.71451859098033776      0.25009442448526192
-10.86684889320402547     -8.49122974311035250
 0.28541605965551575     -10.14212445608506208
11.86684889319804270     -11.86684889319764480
 6.86684889319748049      6.67069647049231307
11.86684889319859693      8.40274727805969945
-4.72720934309117791     -4.93866977873972512
 1.86684889319690228      4.93864566292115903
 4.29821381657965063     -10.13479815098996539
-1.13315110680122055     10.13479808562971662
-4.70593760020691665      5.43524406502952662
11.86684889320012992      1.47441785996634778
 0.86684889319877934     10.13479808562975393
11.86684889319903569     -9.70761951848525406
11.86684889319958280     -2.01040238265996241
-6.72720934309628138     -4.93866977873651614
 8.09756809173818759     -9.01850585647566305
 3.86695818704337979     -5.45372227963604406
-3.71451870418327657      0.25009448984571436
-2.72716757444318914     -11.86684889319752756
-8.72725111174944956     -8.40274727805980071
 7.86684889718210467     -1.98955756505269865
 4.86695818537161262     -3.72167147019464961
-9.86684889319813330     -6.75917893554487659
 0.86684889319545055     -0.25750675978716886
-6.70593760020556928      8.89934568016805905
-11.86684889319827896     -10.22328055068256880
-2.19665907448551589      4.90331820343941427
11.86684889319928082     -5.71196361390682217
 4.86684889319878522     10.13479808563083218
 5.86684889319805691      8.40274727806152377
-9.03310169502791815      1.98681195604231986
-8.23504847615747160      7.55124522393998809
10.88501025018200430     -0.26799221829476283
-7.72725111174959434     -10.13479808562878759
 0.28548140944737116     -3.21400719040555494
 1.28552317767285396     -4.94603388240670583
 6.89895422976072048     -10.66783659466748446
 2.86684889319877945     10.13479808563010920
-3.72720934294639017     -10.13482220135663958
-2.71451870418563068     -1.48195631772452252
 9.86695818143910230     -1.98949446516021355
 2.28552317767716850     -6.67808468997309213
-11.86684889319829495      0.18787676881399309
 0.86684889319747704      6.67069647049096659
-1.71462570860628438     -6.67804695653600255
 3.86684889319504466      1.47454404777715609
 9.86684889319764835      4.93864566292246199
-5.70593760020629048      7.16729487259876574
-10.88102919559418780     -1.55491466208057405
 9.86684889718111435      1.47454405008563016
 6.86695818537239511     -3.72167146559061424
 8.86684889718183200     -0.25750675748366353
 1.86684889658589981     -1.98955757079479478
-2.13315110680194309      8.40274727806125554
-0.13315110680310674      4.93864566292242380
-2.71462570900204314     -4.94599614919561681
-8.44280008752320654      9.89096491160157143
 2.29810669855745386     -10.13485986929804739
-5.72725111173799917     -10.13479808563556972
 8.86684889319672287      3.20659485535411859
-1.71451870418577479     -3.21400712529348720
-9.72725111175531865     -10.13479808562529172
-8.86680712453977904     -1.56305062864923427
11.77366373851675085     -7.70979156619573391
 7.86684889319829050      8.40274727806074040
 7.86684889319551761      1.47454404778372572
-7.87209957477752020      3.61533093866858346
-10.12232807917317956      6.84525094577100024
-11.86684889319297653     -3.29507543736147746
 1.86684889319503400      1.47454404778194892
-4.13315110680194309      8.40274727806198563
 9.88501032502136923     -5.44304747515246934
 3.86684889667118936     -1.98955756936747008
-0.13315110680117773     11.86684889319869818
 1.28552306447180098     -8.41013543218294579
-0.13315110680194323      8.40274727806021815
 5.86684889319690939      4.93864566292234564
-11.86684889320014769      7.82333434171772613
-6.13315110680123610     11.86684889320014769
10.86684889319882252     10.13479808562870943
 8.86684889319784553      6.67069647049147552
-0.72716757443355917     -11.86684889319812264
-5.85422349045041202      0.16167380845698417
 5.86695818935921309     -5.45372227546128574
 8.89873977015776596     -7.18295275780697207
 8.49969452973697770     -11.86684889319992742
-11.86684889319140979      3.82365226096977207
-5.85411759856207503      3.62571299737827824
-11.84163355467816636      5.82349330132866427
-0.13315110680502826      1.47454404778268500
 8.86684889319879765     10.13479808562932760
-1.13315110680331355      3.20659485535366384
 2.86684889319546743     -0.25750676102403985
-4.85411648563415277      1.89366283235911337
 0.28552306446756598     -6.67808462461650443
-0.71458394034871620     -8.41007364851862782
11.86684889319765013      4.93864565979974302
-5.72720934309650609     -6.67072058630555009
-2.13315110680118858     11.86684889319941760
 3.29810681176268128     -8.40280912708824346
-5.72720934309089547     -3.20661897117068451
-6.72725111174136359     -8.40274727806459332
-11.03301189314012021      2.00576451489040553
10.18327171146675703     -10.78723420584205783
-3.72720934309127072     -6.67072058630866138
 4.89884711173884835     -7.20379682855573478
-4.13315110680119169     11.86684889320014769
 7.86684889319692715      4.93864566292311480
 1.29799969374114177     -11.86684889320014769
-5.13315110680122100     10.13479808563127982
-2.71451859097799630      1.98214523205549153
-8.86684889319607095     -5.02712812797719000
-7.72725111174141066     -6.67069647049537195
 5.86684889676451959     -1.98955756941612782
-4.72720934309660024     -8.40277139387448457
 4.86684889319549097     -0.25750675979162280
 1.86684889319805647      8.40274727806041177
 5.86684889319522096      1.47454404778324744
-3.85411637242887295      3.62571357456889043
 4.86684889319671132      3.20659485535299638
 8.86695818143930126     -3.72154527272924440
 7.86684889319885006     11.86684889319883851
-6.85422460337833606      1.89372397347614774
 2.86684889319747871      6.67069647049120107
 4.86684889319747871      6.67069647049155279
 1.86684889319883052     11.86684889319901792
-6.70593760020694241      5.43524406503026469
-3.71462570900189570     -3.21394534162665479
11.86684889319893266     11.86684889319756842
 6.89884710792203748     -7.20367326783187512
-9.86684889319344371     -3.29507732040316048
 6.86684889319671221      3.20659485535333832
-7.86693870054732169      0.16907613771486610
