186    26.15480637863296565
-12.07740318649074851      4.07158760370476713
-8.61332603081918791     10.07736082937463706
-3.41882785085464258      5.07444736091248139
 3.50760424201768917      3.07143922976422035
-6.88299416713726320     -2.93151092310281625
 1.77557789038421543      2.07139687203769007
-8.61332603224947846     12.07740318908940580
 1.68515200241199992     -10.07740592880907116
-6.88128745224290927     11.07738201031206771
 1.77896765399286960      8.07744859531351622
-3.41883113118502457      9.07453775638539994
-6.88128185346419752      1.07144913165046218
 6.88127520168088314     -3.07154528334017485
10.34537683830600585     -3.07154524548931684
 5.15094335962187078      1.93151092300427396
-10.34700990361944939      7.07445303677429926
-10.34535238174831484     -4.93452473257847757
 5.14925547751222190     -2.07149144724398004
10.34535236070409248     -5.07158764137514506
-12.07740318931525181     -5.93452473258284829
 3.41891700798829978      0.93146856527790500
 8.70201326414193765      8.07445303933882386
-0.04350265158137401     -3.07143918698905738
10.43406407171042005      7.07445303933783798
-5.23965504939137983     -4.07143923010780906
 1.77555343444831149      4.07143922976746886
-5.15089416497964780      6.07443185763299454
-7.37163439837721501     -11.78386852975631705
-10.34535238174787430     -9.21438134610210291
-1.68515200241653451     10.07740592881362041
 3.41891700882826166     -1.06853143618049473
 3.51084904807370757      9.08306567802424603
 5.15088191598353795     -4.07441071639414698
-8.61329701718743657      2.07153734977364312
-0.04527310724870500     -7.07449994283091677
 3.41885554199079156     -5.07445303548168436
 5.15096781559625416     -0.06853143479333201
12.07740318902710008     -4.07158760488922145
10.34535238174778371      9.21438134609607573
12.07740318872924767     -10.07740311345348161
-8.61504497473151787     -1.93151092305619954
 8.61332603092007787     -4.07154524580624066
-9.34997648393116521     -12.07740318931648460
-3.50760424170781704     -5.07143923030989718
-6.88293274512212516      9.07449539631998192
-8.61497132344674021      8.07447421494669015
-3.41885558666207601      7.07445303901851830
 1.68846230114798157     -12.07740318931636025
-8.61494686891318828      6.07447421509619367
 1.77726577301648159      6.07439924139854259
12.07740318931647394     -6.07158760492675675
12.07740318931477752      5.93452473257839674
 1.78860595879690298     12.07740318930695977
-12.07740318930101964      2.07150288737254096
 7.37163439842554435     11.78386852979432398
 5.24289985560404315     10.08306567809166232
-1.77555345929149899     -2.07143918674094074
-5.14925547828757502      2.07149144860136802
 3.50760424169785034      5.07143923032060329
12.07740318931649171      3.93452473257021751
-0.04521836449848927     -9.07450095159634884
 1.77556567986956693     10.07744570197589340
10.34700990361916872     -7.07445303798031588
10.34535240328377981     -11.07740315192905811
10.34535238107805100     -1.07150288773328484
 8.61501391306934750     10.21734135716914693
 6.97167479546349256      9.07741305041182223
 3.41886219181502016     -3.07435688029770970
 6.97167479546058377      5.07149302826851045
12.07740318913037214     -0.07150288595967016
 5.23965504926925352      4.07143923031382915
-1.77556567927478248     -10.07744570094526892
-6.88290828826881107      7.07449539398005722
 5.23962398789795269      8.07741305040591051
-1.68686620204086979      0.06853143752731838
-3.41885558685359614     11.07453775626193604
 8.61330161704713326     -12.07740318902826537
 8.61504497448409090      1.93151092347792908
-8.61332603088132664      4.07154524645906690
 5.15088195886924716     -10.07449543385149404
-10.34538344341095417     -0.92855091198162376
-12.07740318931648105      8.07731846982842860
-3.41886219259039503      3.07435688165528687
-3.59094913628722034     -11.21047812300812829
-6.97167479545866620     -9.07741305040762825
 0.05007182881097793     11.08871765845396418
 9.34997648394635306     12.07740318931620038
-11.34997648393116343     -12.07740318931648460
 5.23962398789234829      6.07149302826970327
 8.61332603090333038     -10.07736083012941641
-6.97167479546574231     -5.07149302826509807
12.07740318928830092     -12.07740318928212453
-5.15086970985252268      8.07451657559484559
 1.68683581718878117     -4.07439919820186436
-1.77726577299414923     -6.07439924142488596
 0.04352708365629165      1.07139687058111610
10.34538344317040526      0.92855091241053489
-3.51084904807167586     -9.08306567802802256
-6.88126299620764126      3.07156642472483910
-10.34534015488303638      1.07152406519480037
10.34535238174865945      4.93452473257201873
 0.04352708278635602      3.07139687209026002
 1.68852372313106769     -2.07139686923422595
 3.41885558680639567     -7.07445303796028480
-10.34706472063805016     -2.93156472150416514
-6.88299416802658559     -0.93151092155979487
 1.68680475753528070     -6.07445307554939529
 0.04521836509098126      9.07450095263097545
-12.07740318931648815     -10.21438134610255055
-3.41891700960908285      1.06853143752846358
-1.68681700801276846      8.07447421982958780
-8.70201326414413501     -6.07445303933817904
-1.68852372391192040      2.07139687058229560
-5.15094338478418567      0.06848912057491695
-5.15094336045617585     -1.93151092156510429
-12.07740318931612755     -8.21438134610002990
-12.07740318931648460     -1.92860471043115744
 8.61501391306463127      3.93156472150866065
12.07740318928506795     -2.07150288662935500
 8.61498353013749707     -8.07449535786716410
10.34537681583528901     -9.07736079092112824
 1.68686620126037612     -0.06853143617867337
-1.78860595879099304     -12.07740318928166801
-1.77555343528349119     -4.07143922832748650
-10.34536460914377543      9.07733964800086746
10.34706472063246885      2.93156472150685898
 1.68680480094228491     -8.07445307555406444
 3.59094913631155954     11.21047812304332325
 6.88127524456900908     -11.07736086690874089
-0.05007182881117910     -11.08871765843854718
-0.04352708443679985     -1.07139686923248223
-10.34537683651178241      3.07154524310116006
-12.07740318918539657     12.07740318915582556
-10.43406407171075401     -7.07445303934209146
-5.39329231378691709     -12.07740318927746515
-8.61501391306989461     -3.93156472150541347
-6.88293274518408538      5.07441067951310831
 6.88299416719122004      0.93151092299988214
 6.88293274522280463     -5.07441067885992503
12.07740318931647572     10.21438134609644699
-12.07740318926260059     10.07736082628895602
 0.04521496576850117      5.07439924084272853
12.07740318931648815     -8.07731847103383593
 3.50928551921383036      7.07445303934269365
-8.70201326414282050     -8.07445303934372483
 8.70201326414482423      6.07445303933215541
 5.39329231382897234     12.07740318927515588
-1.68679255042201337      6.07447421997684334
 8.61333263587531128     -0.07144908806372652
 8.61495907500435720     -6.07445307443294880
-1.68846230115687490     12.07740318931648638
-1.68681138589344637      4.07435688316551303
 6.88293270131301149     -7.07449539434438890
-8.61333263670555382      0.07144908951396151
-5.24289985560440552     -10.08306567809156640
-3.50760424285196226     -3.07143922832473226
12.07740318931629808      8.21438134609510584
-10.34536461079057190     11.07738200790155858
-12.07740318931648638      6.07158760372028983
-0.04521496659909826     -5.07439923939175941
 8.61332602940225200     -2.07154524576305210
12.07740318931648282      1.92860471044347115
-3.50928551921387788     -7.07445303933025205
-5.23962398789224970     -8.07741305040336854
 5.15090637157793374     -6.07445299847113240
-5.23962398789781592     -6.07149302826674209
-5.15086971051049858      4.07443185777870109
11.34997648394637082     12.07740318931639578
 6.88293274520586618     -9.07449539707613262
-1.77896765339186369     -8.07744859426414230
-5.15089416654598065     10.07451657725762395
 3.41881965921747577     -9.07451533897341100
 6.96996245657642621      7.07445303933297698
-10.34534015461033540      5.07160878204229437
 0.04525635219529946      7.07450025974424790
-12.07740318931648105     -3.93452473257718305
-8.61501391306396336     -10.21734135716566350
-12.07740318883827868      0.07150288732195469
-3.41889257718055539     -0.93151087948792854
 5.14924887254307606     -12.07740318931648460
 3.41885558684556612     -11.07453775626329318
-5.14924887255045238     12.07740318931626078
 5.15088191640914772     -8.07449543384336899
 6.88299416687607746      2.93151092354930176
-6.96996245657620062     -7.07445303933982572
 6.88130628430496927     -1.07149144589960787
