187    26.17728097174442681
-0.84069391799620663     12.08193367968652865
-8.62461910858908709     -6.03033768577419949
-1.73197467162899366      0.02921396226655851
10.35288372978898330     11.09506170197379582
 8.65944817053814120      0.03047665046423361
 3.10043340712610371     11.60699637424347230
-1.73205086274741182      6.03187129477497574
12.08864048586723072     -2.02768718499045386
 6.82920357778879605     11.19177189907086145
 0.00000005532440936     -9.08724584194352403
-10.35658967830261545      7.08864066372421942
-1.73132517822859766     -10.08850152141020473
 8.62454745583427496     10.08865535571936789
-4.84068267265303565     12.08864048586706907
 1.73197467173972419     -10.08737779728407524
-12.08864048587209972      8.08864066372316870
12.08864048586653084     -10.03047647277871235
-8.62526444474931431     -2.02894304191065222
 6.92739747371296666     -11.08864048589335205
-3.46402547921377924     -0.97078603773005390
 1.73205075216972704      6.03187129540299338
-0.00000005510870321      5.03187129489585683
 3.46410155971845946     -2.97091799343034246
-6.92739747371528658      1.03047665065589422
-3.41496886631574492      7.11251323050835627
 5.16124306747702022     -6.02908182888343003
 5.16116687632049587     -8.02921378419776133
-1.73205086288939603     -1.97091799322817396
-12.08864048586885076      6.08864066371963997
-3.46402143234958215      3.03173233041926471
 8.62461506191353600     -2.02781914004755226
 1.64691184917183198      8.16763772972365842
 3.41352613899779600      7.11475657256369765
-6.92739736298538133     -11.08864048570756822
 6.92739736297056030      1.03047665046650017
 1.69714145240745085     -6.02908182873411835
-1.84649683104903239     10.35324585859633295
-8.62496075473375257     10.08937103254431911
-5.16124306746382011     -4.02908200630668212
-0.00064943804576879      1.03046964169229449
-8.62453887083888837     -10.03047665041322389
 6.89061076407183393      7.09189913483379986
-6.89256425445902909     -9.03034469499649184
-6.89321768379725075     -3.02895005082433233
12.08864048586699624      2.08864048591958573
12.08864048584690565      8.08864048591972384
-12.08864048587221518     -4.03019872137472035
 3.46337193921258413      3.03060860619877381
-6.87907047146990713      7.11224931431729512
 1.71274808567896719     10.16674311573632572
-1.69714145243223435     -6.02908200649395543
-6.87907047147712003      5.11224931431729512
-8.62526849137918639     -4.02895005081842150
 3.46337598573061189     -0.96966231400802061
 5.19607224015622915     -10.08738480643390822
10.35658967824477195      7.08864048597484775
-6.92739747371538517      3.03047665065607719
 5.19534655551627989      2.03047665066499938
 5.15867679751417718     10.09207181408285869
10.35658967827209764      9.08864048597797058
 3.41372553763781816      9.11475656262457079
 3.46337193902771956      1.03034469543155027
-3.42919226000059751     -5.02908200648981563
-10.35658967829693466     -1.02768736240973446
-10.35658967829740895      3.08864066372040158
-0.00000005542658920     -2.97091799341278895
12.08864048585859585      6.08864048591965190
-10.35658967839057532     -9.03047665038174863
-10.35658967829808574      5.08864066372042867
 5.15846026578853856      6.09207182409612891
10.39149897800939293      1.03047665063353788
 1.73205086289766497     -8.08724584195107887
-6.89256830112381635     -7.03033768595365238
 6.89321768391309320     -7.02921378418912735
-8.65944828128428767      2.03047665065609850
12.08864048586688256     -0.02768718465267062
-0.00064943827276901      3.03048365984235568
-8.62453887072103065      8.08864066373399204
 8.62453887071856151     -10.03047647281372079
 1.15929483665993938     12.08864048585346573
12.08864048587221340     10.08864048592386986
-1.68291805905433045      8.11251323104117716
 5.19542274648841751      0.03034469524173909
-12.08864048586695539      4.08864066371963997
-3.46402547925918158      5.03173933960151043
-0.00000005542881513     -4.97091799341404172
-1.73139732269756785     -12.08864048582618622
-1.73269619901788086      2.03047665057074100
-5.16051749355637845     -8.03033768595614816
 1.73205075215098736     -1.97091799342785268
 8.62453886756204291      4.08864049138937080
12.08864048587221518     -6.02796511392771439
-3.46337193911525576     -11.08850853044929430
-8.65944817046220372     -12.08864048586711526
-6.92812304774486165     -0.97077902883244771
-12.08864048586734796     -10.03047665054147153
-3.46410167045929196     -2.97091799322819927
-12.08803934505812272     -12.08863394417940995
10.35658967831611044     -11.03047647281077204
 8.62526444472386977     -8.02922079334780747
 6.89329387504637836     -5.02908182888419208
 5.19534666612834428     -12.08864048586630524
-2.84068267265303076     12.08864048586540640
 3.46337598569307969      5.03061561521455047
-5.19534655549448754     -12.08864048585234663
-12.08864048586713302     10.08864066372325041
 8.61683517799481535     12.08864048585672357
-8.57090843736908425     12.08864048586659656
-10.35731525232686323     -3.02894304189563135
12.08864048584956308     -4.02795109554472752
12.08862599240340430     12.08864048587135720
 0.00000005540605135     -7.08724584181724548
-3.46402143259778317      1.02922097115139799
-6.89329387504173408     -5.02908200629375735
 6.89321363714539803     -9.02922079333118965
 1.73132517826967547      0.03033768617893853
 0.00064943817791238     -11.08863347676586031
 1.73132517822195453      4.03061561504524235
-10.35658967829712473      9.08864066372422030
-3.42919226000363597     -7.02908200648981829
-12.08864048586436368     -8.03047665020533685
-8.62453887073254677      6.08864066372627999
-5.19607628679266131     -1.97078603774587591
 5.19542679329817947     -1.96966231401028891
10.35658967826636179      3.08864048597474961
 6.89061076404612738      5.09189913482689427
 3.42919225989906762     -7.02908182886793753
-12.08779703411465967     12.08864048587053652
 8.62526849148225061     -6.02921378418902076
-5.19607224017552216      0.02922097116674947
-3.41512123871873818      9.11251322516101681
10.35658967825772514      5.08864048597482466
10.35666586938830669     -3.02781914022084786
-5.14792659463021440     10.11238109691814913
-5.19534666596203731      2.03047665095881813
-10.35666586948709700     -7.03034469479499258
10.35659372506767539     -5.02795810475902893
-8.62461506201472794     -8.03034469497293379
 8.62453886757738353      8.08864049139208063
 5.19542274668447490      4.03060860636941065
-1.73205086299622413     -3.97091799341147755
 1.73269619901844063     -12.08864048587221340
 1.73139732271743974      2.03047665095400287
-10.35659372493207009     -5.03020573030853413
 8.62461910862638170     -4.02782614946361406
10.35658967828341659     -9.03047647280296317
-6.87990121116531572      9.11224914178517764
 8.65944828129768851     -12.08864048586661788
-5.19542274661038750     -10.08850853029713690
-12.08864048586735684      2.08864066371956225
 3.46402547931775340     -9.08737779728449979
-12.08864048586675644     -0.02768736240771584
-1.73205075216720683     -8.08724584180966133
 6.89256830113449048     -3.02782614933027006
-12.08864048584308293     -6.03021273930757751
-12.08864048586744744     -2.02768736240774583
 6.92747355405606680     -0.96965530476067108
 1.73205075214902693     -3.97091799342949781
-10.39149908885345219      1.03047665065649130
 5.04157197758917519     12.08864048586733198
12.08864048586719520      4.08864048591965190
-10.35658967832445576     -11.03047665058750937
-0.00000005521265439      7.03187129573345171
-5.14694348289297210      6.11238127523310748
10.35731525229286909     -7.02922079334802063
-1.73197467160541430      4.03173933969508624
-0.00000005531148921     -0.97091799324351280
-6.70579579977033191     11.36659142306246650
 6.89062789715234736      9.09189913476043365
-5.19607224012622027      4.03173233005941256
-5.16124306757553342     -6.02908200647932180
-10.32935280116738319     11.13581632598010174
 8.62453886754928156      6.08864049138939301
-5.14709585493479693      8.11238126945026394
-0.11438173490523355      9.35335721794102248
 5.16124306755471718     -4.02908182875044218
 5.15847739885226453      8.09207182402274405
 3.46402143257130657     -11.08738480640611712
 6.92739736298846154      3.03047665083619888
 8.65944817044180049      2.03047665063589067
12.08864048586710460     -8.03047647277818832
-8.65944828128476551      0.03047665065609797
 3.42919225998528887     -5.02908182874959042
-3.46337598572009719     -9.08850152127618216
-8.62453887072686243      4.08864066372307100
10.35658967839554201     -1.02768718482199928
12.08805092110563173     -12.08792762423188627
