188    26.18580922519999987
11.08516256153694002      3.45511560359360548
 7.05419435733587896      0.00000000000003069
 4.03096820418790180      5.18267340538861188
-10.07742051048463594     -5.18267340538816690
-2.01548410209774076     -5.18267340539459820
-9.06967845944010520     -0.00000000000001459
11.08516256152523916     -6.91023120718937633
10.07742051048526832     12.09290461257883287
11.08516256152869062     -10.36534681077896636
 7.05419435733781963      3.45511560359036407
12.09290461257858595      1.72755780179272644
-6.04645230628138997     -8.63778900898402568
-6.04645230629458563     -5.18267340539012533
-1.00774205104309633     -6.91023120718779005
-11.08516256153683521      3.45511560359361480
-8.06193640837717140     12.09290461257822180
-2.01548410209340290      8.63778900898335245
 2.01548410210233886     -12.09290461257796956
-2.01548410209457618      1.72755780179313945
-1.00774205105040626     10.36534681078323850
10.07742051048150955     -1.72755780180087215
 0.00000000000004447      5.18267340538792531
 7.05419435733783118     -3.45511560359036229
 3.02322615313767296      3.45511560359293313
-1.00774205103997128      0.00000000000002473
-3.02322615313770093     -3.45511560359291892
-10.07742051048158061      1.72755780180085683
-0.00000000000006409     -5.18267340538791199
11.08516256152867285     10.36534681077900188
-0.00000000000005831     12.09290461257883642
 2.01548410209458595      1.72755780179309837
12.09290461257538141     12.09290461257672611
-2.01548410209459350     -1.72755780179309704
12.09290461257871030      8.63778900898322277
-11.08516256152524981     -6.91023120718944295
 5.03871025524148397     10.36534681078571651
 8.06193640839128456     -8.63778900898377344
 1.00774205103998415     -0.00000000000002125
 2.01548410209339357     -8.63778900898335422
-7.05419435733658418     10.36534681077687559
 5.03871025523557403      0.00000000000001209
-5.03871025523998206      6.91023120718325590
-10.07742051048455068      5.18267340538815624
12.09290461257540983     -12.09290461257676164
 6.04645230628574470     -1.72755780179569096
12.09290461257783456     -5.18267340539475629
-11.08516256152869950     10.36534681077897702
-9.06967845942937068     -3.45511560359543779
 0.00000000000004803     -12.09290461257883820
-5.03871025524251781     -3.45511560359549863
-2.01548410210234596     12.09290461257796245
-4.03096820420000768     -8.63778900898492630
-7.05419435733603617      6.91023120719098571
 2.01548410209339535      8.63778900898341639
11.08516256152525870      6.91023120718942874
 6.04645230628571184      1.72755780179573359
-4.03096820418676494     12.09290461257883287
-4.03096820419232049     -1.72755780179980878
 6.04645230629465136     -5.18267340539014132
-0.00000000000003186     -1.72755780180164642
 9.06967845944009810      0.00000000000000387
-0.00000000000005839      8.63778900898764057
-1.00774205105455805      3.45511560359477699
-9.06967845943183271     10.36534681078507703
 5.03871025524262883     -3.45511560359550707
-4.03096820418688662     -12.09290461257883464
-3.02322615314922993      0.00000000000003111
-6.04645230628573138     -1.72755780179573959
-3.02322615314533261     10.36534681077802844
-3.02322615314798204     -6.91023120719028672
 4.03096820418688306     12.09290461257883287
10.07742051048538201     -12.09290461257882754
12.09290461257870142     -8.63778900898315705
 1.00774205104306835      6.91023120718780337
-2.01548410210231177     -12.09290461257798199
-12.09290461257865168     -8.63778900898326008
 0.00000000000003953      1.72755780180165330
 8.06193640837707726     12.09290461257819338
-6.04645230629660535     12.09290461257867655
 9.06967845943173678     10.36534681078508591
-2.01548410209340023     -8.63778900898341462
10.07742051048157528      1.72755780180084861
 7.05419435733658151     -10.36534681077684716
-8.06193640837706660     -12.09290461257817562
12.09290461257860727     -1.72755780179277663
-4.03096820419241997      1.72755780179983343
 0.00000000000001218     -8.63778900898764590
 4.03096820419237734     -1.72755780179981411
-7.05419435733653977     -10.36534681077682762
-9.06967845942927298      3.45511560359542846
-10.07742051047520881     -8.63778900898523005
 8.06193640838793613      1.72755780179463136
 5.03871025524251870      3.45511560359550440
 2.01548410210235529     12.09290461257799087
 2.01548410209457529     -1.72755780179314411
 7.05419435733659217     10.36534681077682940
 2.01548410209772255      5.18267340539461152
 2.01548410209771189     -5.18267340539456978
 3.02322615314536547     10.36534681077807285
-3.02322615313776311      3.45511560359292114
-4.03096820418798796      5.18267340538859234
-6.04645230628137487      8.63778900898408075
10.07742051047520349      8.63778900898522473
-3.02322615314535392     -10.36534681077807818
11.08516256153681034     -3.45511560359363212
 6.04645230629658403     -12.09290461257867122
 3.02322615314918508     -0.00000000000002911
 5.03871025523998384     -6.91023120718325057
-9.06967845943460205     -6.91023120718394956
-6.04645230629464780      5.18267340539015553
 6.04645230628135355     -8.63778900898408608
 4.03096820418799151     -5.18267340538860211
 7.05419435733601219     -6.91023120719100259
 8.06193640838788994     -1.72755780179459606
-11.08516256152863910     -10.36534681077905340
-12.09290461257858951     -1.72755780179268470
 9.06967845943451856     -6.91023120718395312
-5.03871025524264926      3.45511560359551018
-10.07742051048160370     -1.72755780180085461
 4.03096820418674895     -12.09290461257883464
10.07742051048452758     -5.18267340538815802
-11.08516256152301160      0.00000000000000505
 9.06967845942935291      3.45511560359543823
 9.06967845943182560     -10.36534681078510012
10.07742051047523013     -8.63778900898518387
 6.04645230629458741      5.18267340539011290
-7.05419435733784361     -3.45511560359038761
-12.09290461257869786      8.63778900898317303
 3.02322615314798426      6.91023120719029293
-3.02322615314800291      6.91023120719023520
 8.06193640837918757     -5.18267340539122046
-8.06193640838793613     -1.72755780179464069
 3.02322615313773779     -3.45511560359293401
-12.09290461257781857      5.18267340539480603
10.07742051048459331      5.18267340538818200
 4.03096820420000412      8.63778900898493518
-8.06193640837926040      5.18267340539122134
-6.04645230629668529     -12.09290461257867655
-1.00774205105035786     -10.36534681078327402
-11.08516256153690804     -3.45511560359359748
-8.06193640839123127      8.63778900898378232
-8.06193640837927816     -5.18267340539119203
-5.03871025524148486     -10.36534681078571474
-5.03871025524139693     10.36534681078573428
 9.06967845942923390     -3.45511560359544534
 4.03096820419229740      1.72755780179981056
 7.05419435733601929      6.91023120719092798
-12.09290461257780258     -5.18267340539484600
-9.06967845943172613     -10.36534681078505926
-10.07742051048523280     -12.09290461257882754
 9.06967845943456297      6.91023120718396466
 6.04645230629668262     12.09290461257865701
 3.02322615314530641     -10.36534681077804088
-12.09290461257545424     -12.09290461257673321
-8.06193640839119752     -8.63778900898373259
-1.00774205105463044     -3.45511560359476855
-12.09290461257859484      1.72755780179274754
 3.02322615314799048     -6.91023120719023520
 5.03871025523991900      6.91023120718323547
-7.05419435733589140     -0.00000000000003265
-9.06967845943452922      6.91023120718394868
-10.07742051048536069     12.09290461257882043
 4.03096820419997037     -8.63778900898488189
-4.03096820419998370      8.63778900898490676
-4.03096820418790536     -5.18267340538860832
 8.06193640837715186     -12.09290461257819338
-6.04645230628575447      1.72755780179568807
12.09290461257776172      5.18267340539477495
 5.03871025524135696     -10.36534681078572184
 8.06193640839127568      8.63778900898371305
-5.03871025523992433     -6.91023120718323813
-7.05419435733602374     -6.91023120719092798
 8.06193640837932080      5.18267340539121957
 1.00774205105463177      3.45511560359477832
-2.01548410209771456      5.18267340539457777
-8.06193640838788106      1.72755780179460672
 1.00774205104302594     -6.91023120718774386
 1.00774205105039694     -10.36534681078324027
-1.00774205104308479      6.91023120718773498
11.08516256152291568     -0.00000000000002573
-7.05419435733781253      3.45511560359036762
 1.00774205105454828     -3.45511560359477565
-5.03871025523559002     -0.00000000000001738
-10.07742051047518750      8.63778900898519808
 1.00774205105032877     10.36534681078326159
 6.04645230628137753      8.63778900898402036
-11.08516256152521073      6.91023120718940564
-12.09290461257540272     12.09290461257671012
