189    26.40853018292160570
 3.20573048852188514      3.46315479689770722
-10.44584156955731125      8.04417268028028687
 5.20573048852188602      3.46315479689774275
-6.79573490854540641     -10.47221428389436682
 2.20426509145853577     -8.74016347631983592
-10.47221428389505249     -5.99890220995874568
12.20426509146065008      5.19605082572769827
 0.20426509145868446     12.20426509145787719
 3.20426509145858684     -10.47221428388870379
10.20426509146067851     -5.19794446236823227
 0.20426509145845523      8.74016347632007395
 9.20426509159744199     -3.46589365472018107
-1.79573490854156015     -8.74016347632013613
 9.20573048852192422      3.46315479689777828
-1.79573490854169937      1.73025876806658530
 9.20426509145859839     -10.47221428388882813
-3.79573490854168538      8.74016347632032442
11.20426509145860905     -10.47221428388892583
 6.20426509145860638     -8.74016347631981816
-5.79573490854679463     -8.74016347632412405
-8.74036622478267766     -2.99855112150420355
-4.72480493512588851     -6.96905396934381294
-10.82886431430590868     10.45308701255860484
-6.79426951147812019      3.46315479689869665
 8.20426509145864102     -8.74016347631992119
-10.47221428388935038     -3.99890220995687962
-9.86275079302742341     12.20426509145810634
 6.20426509145847405     -1.73384284707105807
-5.79573490853949291      5.19605082572852783
-10.25099373660132507      0.01337007492243773
-1.79573490854117668     -12.20426509145796778
 2.20426509146063321      5.19605082572746468
12.20426509145861260     -1.73384284707097858
 6.20426509145843408      1.73025876806670742
 5.20426509145858951     -10.47221428388868603
 5.20426509145857086     10.47221428388886899
-0.79573490854142448     -10.47221428388894715
-12.20426509146080463     -4.99890220995333490
12.20426509145877425     -8.74016347632007395
-5.79573490854721562      8.74016347632411161
-5.79573490853948048     -5.19794446236943752
-3.79573490853941298     -5.19794446236841612
-6.72480493512588762     -6.96905396934486188
 3.20426509159740780     -3.46589365472017574
-12.20426509146079930      5.00109779004666333
10.20426509145847938     -1.73384284707104763
 7.20426509145844918     -0.00179203950216570
-7.82924285078194249      8.75994639208119530
-6.79573490854575724     10.47221428389448583
-0.72299775152373558      6.96810715102322131
 9.27519506487410794     -6.96905396934357135
 1.20426509159739203     -3.46589365472018063
-2.79426951147812019      3.46315479689771255
 7.20426509159744199     -3.46589365472016064
 8.20426509145869254     12.20426509145791094
-9.86570132154185764     -12.20426509145792515
-4.79573490854227469     -0.00179203950237906
-3.79573490854195184     -1.73384284707109937
 6.20426509145882221     -12.20426509145784877
 9.27700224847627197      6.96810715102334832
 6.20426509146064387      5.19605082572750288
-5.79573490865058449      1.73025876800403688
-4.79573490840262195     -3.46589365472055055
-2.79573490840262107     -3.46589365472036048
-6.72299775152375023      6.96810715102429956
-10.32850666584089083     -8.29797239184964397
12.20426509145873695      8.74016347632019475
 1.27519506487410994     -6.96905396934337151
-1.79573490853937967     -5.19794446236819674
 0.20426509146064095     -5.19794446236806973
-3.79573490854183682      1.73025876806645229
-2.79573490854166851     -0.00179203950232995
-8.51894292903121020      1.01337007492100173
11.20426509145863925     10.47221428388903064
 3.27700224847627197      6.96810715102317957
 0.20426509145845009     -1.73384284707114733
-0.79426951147811975      3.46315479689769257
-12.20426509145728922      3.00109779004666377
11.20426509159745621     -3.46589365472004252
-8.72480303311491845     -6.97181223696381291
-8.47661322022223906     -4.98381042179237888
-3.79573490854165430     -8.74016347632038126
-10.47221428388968256      4.00109779004975863
-0.79573490854163575     -0.00179203950229345
12.20426509145869254     12.20426509145789140
 4.20426509146065719     -5.19794446236801111
-0.79573490854149054     10.47221428388899689
 4.20426509145843408      1.73025876806667878
 0.20426509146059105      5.19605082572747801
 0.20426509145844490     -8.74016347631995494
 4.20426509145882221     -12.20426509145769778
 4.20426509145856464     -8.74016347631981283
 5.20426509145844918     -0.00179203950219294
 7.20573048852189668      3.46315479689778494
10.20426509145869254     12.20426509145794824
 7.27519506487410794     -6.96905396934349231
-7.83071811503896775     -8.76083771449875215
-0.72480493512588962     -6.96905396934343457
10.20426509145863747      8.74016347632010948
 4.20426509146064031      5.19605082572746468
 2.20426509145845761     -1.73384284707108938
-12.20426509145334570     -8.99890220996971557
-1.79573490853943940      5.19605082572751531
 7.20426509145861083     10.47221428388890985
 3.27519506487410927     -6.96905396934336352
12.20426509145882221     -12.20426509145775107
-8.53225862128068258     -1.00934763840408293
-3.79573490854131590     12.20426509145853622
-12.20406606015086304     11.91249606907217284
 4.20426509145868632     12.20426509145781679
 8.20426509145847938     -1.73384284707103475
-8.83071811504996518     -10.49288852206128375
 2.20426509145842520      1.73025876806666012
-5.79573490857190343     -1.73384284705417979
-1.79573490854131568     12.20426509145799088
-4.79573490854177997     10.47221428388985132
-2.72480493512588895     -6.96905396934360510
-4.79426951147812019      3.46315479689775607
-7.79573490855792883     12.20426509145759653
 0.20426509145837957      1.73025876806662171
-10.45906712304417852     -1.97577684419999589
 2.20426509146065319     -5.19794446236800578
-12.20426509145829286      7.00109779007008459
-5.79573490854117601     -12.20426509146080107
 4.20426509145856997      8.74016347631998869
12.20426509145865346      1.73025876806660750
-2.79573490854166673     -10.47221428388926867
 2.20426509145868543     12.20426509145782745
 2.20426509145853888      8.74016347632000468
-2.79573490854164186     10.47221428388917630
 8.20426509145843497      1.73025876806673096
12.20426509146069094     -5.19794446236822694
10.20426509145864635     -8.74016347631997625
10.20426509145882221     -12.20426509145795357
-12.20426509145628202     -2.99890220995333534
 5.27519506487410883     -6.96905396934338217
-12.20426509145821647     -6.99890220996952905
 0.20426509145882302     -12.20426509145779548
-10.47221428389008047      2.00109779004372390
-10.47221428389715570      6.00109779005572808
 1.20426509145858662     -10.47221428388876063
-2.72299775152373735      6.96810715102327194
-7.79573490855750872     -12.20426509145765159
 7.27700224847627197      6.96810715102325950
 8.20426509146066252     -5.19794446236814345
 6.20426509145862415      8.74016347632001889
 8.20426509146064653      5.19605082572754640
-8.72299599855208108      6.97075514717443578
 8.20426509145882221     -12.20426509145785054
 8.20426509145862504      8.74016347632003132
-1.79573490854157636     -1.73384284707121705
11.20426509145848648     -0.00179203950217403
 4.20426509145846072     -1.73384284707107716
 1.27700224847627197      6.96810715102318579
11.20573048852202547      3.46315479689759087
 1.20426509145843408     -0.00179203950222434
 6.20426509145868632     12.20426509145786831
-4.72299775152373780      6.96810715102338918
-11.98702911627029444     -12.09584839929613409
 1.20426509145856775     10.47221428388892051
-6.79573490840262728     -3.46589365472154620
 7.20426509145859395     -10.47221428388878905
-12.20426509145334926      9.00109779007023825
 9.20426509145861083     10.47221428388897202
10.20426509145849359      1.73025876806671630
 3.20426509145844873     -0.00179203950220705
-12.20426509146076732      1.00109779004666422
-8.24371500920179301      4.96712969063143728
-12.20426509146080285     -0.99890220995333556
 2.20426509145882266     -12.20426509145772442
-4.79573490854175066     -10.47221428389009112
-1.79573490854159901      8.74016347632016810
-8.74016347632273138      3.00109779004638355
 6.20426509146065808     -5.19794446236801377
 5.20426509159741890     -3.46589365472017752
-8.82924285079312199     10.49199719964367716
 3.20426509145856819     10.47221428388886899
11.27700224847627197      6.96810715102348510
 5.27700224847627197      6.96810715102323108
 1.20573048852188491      3.46315479689769878
-0.79573490840261896     -3.46589365472024369
-6.79573490869327923     -0.00179203954329374
11.27519506487410794     -6.96905396934371346
-3.79573490854117646     -12.20426509145868188
10.20426509146064653      5.19605082572758636
-10.83030530283477333     -10.45225505744323513
 9.20426509145844918     -0.00179203950213917
-5.79573490854131812     12.20426509146080285
-3.79573490853947293      5.19605082572762100
