190    26.52801359730487363
-1.75452175535923671     -0.26400679865243887
10.53195599108163982     -7.26400679865148735
-8.79990518351266182      5.73599320134841850
10.53195599108259728      8.73599320134881552
-7.04870718267818930     -9.29792938877544906
-0.00000000000000248     -1.30397898136213186
 3.52601546860131609      8.66433043745508513
-1.75452175535933952     -10.26400679865243681
-1.24153960616330727     12.26400679865243148
 7.04870718267798857     -1.29792938877520081
 3.24153960616333237     12.26400679865233911
-3.52601546860134185     -5.33566956254497082
12.26400679865038157     -0.26400679865132964
 8.79990518351270090     -8.26400679865164989
 5.29750918184369723     -4.26400679865195631
 5.29750918184375585     -6.26400679865199272
10.53195599108152081      2.73599320134856239
-0.00000000000000685     -11.30397898136232371
-1.75452175535923716     -2.26400679865243859
 8.79990518351250550      3.73599320134840873
 1.75452175535924249     -4.26400679865244125
-8.79990518351271156     -8.26400679865161081
-7.04870718267808805      4.70207061122486181
-5.29750918184385089      7.73599320134827995
 5.29750918184382602     -8.26400679865203180
-7.04870718267803209     -5.29792938877529629
-12.26400679865192878      5.73599320134871871
 7.04870718267845220     -11.29792938877555741
-5.29750918184375852      1.73599320134816604
-5.24153960616338299     12.26400679865243504
-12.26400679865071908     -12.26400679865148469
-7.24153960616581482     12.26400679865227161
 5.29750918184383934      7.73599320134826929
10.53195599108179614     -11.26400679865153620
-7.04870718267950025      8.70207061122486358
10.53195599108192582     10.73599320134882795
-8.79990518351300999     -12.26400679865171384
-10.53195599108138403     -3.26400679865143983
 7.04870718267797614     -3.29792938877527675
-7.04870718267797702     -3.29792938877527053
 0.00000000000000618      2.69602101863787080
12.26400679865196075      5.73599320134873913
-5.29750918184379316      5.73599320134823998
 5.29750918184374253      1.73599320134815538
 1.75452175535951138     -12.26400679865243681
 1.75452175535922672      3.73599320134755741
-10.53195599108260971      8.73599320134879243
 0.00000000000001847      6.69602101863788057
 3.52601546860134274     -3.33566956254493974
 8.79990518351298512     -12.26400679865181331
-7.04870718267810403      6.70207061122486181
 8.79990518351243622     -2.26400679865161036
 5.24153960616341408     12.26400679865243504
 8.79990518351242912      1.73599320134840829
-3.52601546860150483     -9.33566956254501967
-10.53195599108177305     -11.26400679865151133
 5.29750918184385711     -10.26400679865203180
 3.52601546860177262     -11.33566956254498770
12.26400679865036558     -2.26400679865134702
 3.52601546860133030     -1.33566956254493974
-1.75452175535922339     -6.26400679865243770
-12.26400679865035848     -0.26400679865131099
-7.04870718267801077      0.70207061122485159
-3.24153960616330750     12.26400679865230892
-10.53195599108146574     -5.26400679865146071
12.26400679865046328     -6.26400679865137455
-8.79990518351393192      7.73599320134842294
 5.29750918184406761     -12.26400679865212240
 7.04870718267801966      2.70207061122485381
 1.75452175535930888     -8.26400679865244037
 5.29750918184381980      5.73599320134823820
-8.79990518351242024     -2.26400679865158949
 7.24153960616585302     12.26400679865227339
 0.00000000000001608      8.69602101863788057
-3.52601546860145021     -7.33566956254499658
-3.52601546860129167      8.66433043745507803
 1.75452175535922761     -2.26400679865244170
-3.52601546860129922      6.66433043745507803
-8.61701302203381303     10.02907476953898147
 7.04870718267815288     -7.29792938877543129
-5.29750918184374875      3.73599320134818669
 0.00000000000002099     -3.30397898136213186
 0.00000000000000757     -7.30397898136221801
-5.29750918184372743     -6.26400679865192966
-12.26400679865064447     -10.26400679865142784
 1.75452175535923427      5.73599320134755697
 8.78300531220080671      9.76433697218914354
-3.52601546860130988      4.66433043745507625
 6.24153960616447634     10.53195599108416936
 1.75452175535936306     -10.26400679865243859
-9.24153960616581571     12.26400679865098908
-12.26400679865167831      7.73599320134900825
-1.75452175535921717      1.73599320134756097
 1.75452175535923094      1.73599320134755764
-3.52601546860130499     -3.33566956254494151
 8.79990518351271511      5.73599320134840873
-8.79990518351251083     -4.26400679865158949
-10.53195599108177483      4.73599320134857571
 7.04870718267797525      0.70207061122485115
-10.53195599108298808      6.73599320134861124
 3.52601546860131343      4.66433043745508513
 0.00000000000000136      0.69602101863786803
-1.97818718985199293     10.16782072574205031
-7.04870718267816532     -7.29792938877541975
 7.04870718267812002      6.70207061122487691
-1.75452175535952448     -12.26400679865243681
 5.29750918184373454     -0.26400679865190479
 8.79990518351279150     -10.26400679865168009
-12.26400679865034782     -2.26400679865131549
 3.52601546860134363      0.66433043745506015
10.53195599108134495     -1.26400679865146004
-5.29750918184407737     -12.26400679865211529
 7.04870718267811114     -5.29792938877536557
 7.04870718267809071      4.70207061122485737
12.26400679865141896      9.73599320134899493
-3.52601546860131920      2.66433043745507137
 0.00000000000001503     10.69602101863788057
-10.53195599108152969     -7.26400679865149979
 8.79990518351247175     -4.26400679865161081
 0.00000000000000647      4.69602101863787169
-10.53195599108171443     -9.26400679865150600
 1.24153960616332615     12.26400679865243681
 1.75452175535923716     -0.26400679865244198
-12.26400679865076704      3.73599320134871471
12.26400679865158416      7.73599320134896828
-6.24153960616445502     10.53195599108417646
-5.29750918184371677     -2.26400679865191101
10.53195599108167890     -9.26400679865149179
12.26400679865077237      3.73599320134870805
 7.04870718267956065      8.70207061122488312
-0.00000000000000695     -9.30397898136224732
-1.75452175535931776     -8.26400679865243681
-8.79990518351243622      1.73599320134841029
-5.29750918184387043     -10.26400679865207799
-12.26400679865140297      9.73599320134905533
 1.75452175535926802     -6.26400679865244037
12.26400679865040111     -4.26400679865135679
-5.29750918184376474     -0.26400679865188559
10.53195599108145331     -3.26400679865146470
-4.24153960616345760     10.53195599108351388
-7.04870718267798679     -1.29792938877519481
 5.29750918184371411     -2.26400679865191501
-10.53195599108141423      0.73599320134857327
 2.25771434848978503     10.22436174302126233
-3.52601546860133874     -1.33566956254493885
 8.79990518351395146      7.73599320134840962
 3.52601546860138759     -5.33566956254497526
12.22925709164648467     12.17932991985796853
-12.26400679865040111     -4.26400679865131771
12.26400679865064802     -10.26400679865143140
-8.79990518351252859      3.73599320134841850
-5.29750918184380737     -8.26400679865200871
-10.53195599108161318      2.73599320134857393
 7.04870718267823371     -9.29792938877545438
-8.79990518351280393     -10.26400679865163745
10.53195599108147640     -5.26400679865146781
 5.29750918184375674      3.73599320134817248
10.53195599108292946      6.73599320134858370
-3.52601546860134407      0.66433043745506459
 3.52601546860132409      2.66433043745507581
-10.53195599108139469     -1.26400679865143428
-1.75452175535919963      7.73599320134756052
 8.79990518351238471     -0.26400679865159193
 4.24153960616345671     10.53195599108352987
10.53195599108175351      4.73599320134858193
12.26400679865075460     -12.26400679865143140
-1.75452175535920207     -4.26400679865243859
-8.79990518351242734     -0.26400679865158960
-12.25572168015011698     12.25649352696156846
 3.52601546860149728     -9.33566956254498770
-12.26400679865065868      1.73599320134870738
-1.75452175535919763      5.73599320134756052
-5.29750918184367681     -4.26400679865192522
-1.75452175535921673      3.73599320134756097
-12.26400679865051657     -8.26400679865137455
-7.04870718267842289     -11.29792938877552366
 3.52601546860132409      6.66433043745508513
12.26400679865055210      1.73599320134870494
-7.04870718267803387      2.70207061122486136
-3.52601546860175175     -11.33566956254503388
 0.00000000000002311     -5.30397898136217361
-10.53195599108181568     10.73599320134881729
 3.52601546860143378     -7.33566956254498237
 1.75452175535922983      7.73599320134755697
-8.79990518351259077     -6.26400679865159038
-12.26400679865042775     -6.26400679865131949
10.53195599108142844      0.73599320134854396
 8.79990518351263518     -6.26400679865161347
12.26400679865059651     -8.26400679865138521
 9.24153960616589032     12.26400679865102283
