192    26.70630925060000038
-2.64684436564878389     -3.69290000484614556
-1.64684436564924841     -1.96084919727516294
 5.35491178006382373      1.77120083930620731
-3.64355931059200255     10.51257255803053248
12.35315462528497044      7.02713360492990269
-7.64344619955049076      7.04840564312544249
-7.64684537471616288     -12.35315462528361152
-7.64344519641820153      3.58430344882922025
-0.42602825803221572     12.35315462528250841
 0.35491178004940455      3.50325164685477297
 4.35315462528385932     -12.35315462527505659
-7.64684537471549319     -5.42495139500740464
-3.64684537471545989     -5.42495139500568424
-3.64684537471583070     -8.88905301014453819
 0.35315462528417918     -8.88905301013756599
 0.35315462528385938     -12.35315462528171970
 5.57068569490875909     12.35315462527925945
-1.64684537471545722     -5.42495139499955581
 2.35491077691707540      6.96735384115088152
-9.35315414277145685     -0.91753383532771093
 2.35315563435079467     -1.96084919726577556
-8.64344619954798965      8.78045645069576786
 0.35315563435077152     -1.96084919727149720
-1.64684537471614290     -12.35315462528301467
-3.64684537471614778     -12.35315462528368968
 3.35315462528703190     -10.62110381770292378
-12.35315462528485675      9.81819297745292374
-5.64684436564924841     -1.96084919728364904
-6.64344519642214504      5.31635425640039383
 4.35491077691707495      6.96735384115827383
 9.35315462529387709     -10.62110381768945899
 9.35315563435133512     -3.69290000475934832
-10.35315462528295605     -2.64958436431835453
 8.35491178006354751      0.03915003179732257
-12.35315462528423147     11.81819297745292729
-12.35315462528494557      7.74271992394004993
-2.64684537471408809     -7.15700220257378739
 4.35315464234351790     10.51257255802902080
 8.35315462528389929     -12.35315462527251107
10.35315462528423325     -8.88905301011100235
-11.35315414277343748      2.54656777980890014
-8.64684537471561931     -10.62110381771428891
-0.64508821994563337      1.77120083928302630
 1.35491178004543134      5.23530245442595987
-9.64684537471594794     -8.88905301014500004
 1.35315462528641928     -10.62110381770571088
-7.35315414277145685     -0.91753383532583754
-1.64684537471583070     -8.88905301014369620
 4.35315462528461339     -5.42495139498823775
 8.35326775338551109      7.04840564302564321
-5.64355931059204163     10.51257255803200685
 4.35491178004950275      3.50325164686681934
-7.64684537471584935     -8.88905301014527005
 1.35491077692087791      8.69940464872198937
-9.35315414277343748      2.54656777981091542
-11.35315462528398101     -4.38163517188698926
-11.35315462528459740     -7.84573678702523924
-4.64344519641325260      1.85225264125473243
 8.35315464234351701     10.51257255801593438
-6.42602825803311628     12.35315462528442332
11.35491146634715598      5.29406967199603784
11.35315462531721842     -10.62110381766110478
-10.35315414277173218      0.81451697224100728
-6.64344619954798521      8.78045645069565417
 4.35315462528419417     -8.88905301013190474
 2.35479766587574879     10.43152075605895135
11.35315462531055353     -7.15700220246747509
-0.64684537471368797     -10.62110381771135792
-4.64684537471479064     -10.62110381771401890
12.35315462527181118     -1.96084861455442350
 3.57068569490460108     12.35315462528236807
 9.35403318260277850      1.83047661781825743
-6.64684537471474002     -7.15700220257587638
-8.42602825803354172     12.35315462528432029
-11.35315462528325448     -0.91753355674962300
10.35315464234351701     10.51257255798394397
-10.42602825803416344     12.35315462528485142
-12.35315462528409647     -6.11368597945586689
-8.35315414277173218      0.81451697224288089
12.35315462528392594     -12.35315462524992824
-3.64344519641817843      3.58430344882702689
11.35315563435135111     -3.69290000471526758
 8.35315563435081287     -1.96084919719067496
-2.64684537471464942     -10.62110381771327461
 3.35315563435124808     -3.69290000483452507
-0.64684537471389592     -7.15700220256754083
-3.64684436564924841     -1.96084919727753304
10.35403318260243033      0.09842581024832152
 2.35315462528417907     -8.88905301013531002
 2.35491178006087409      0.03915003172219184
-0.64684436564878323     -3.69290000484377190
 2.35491178004944723      3.50325164685935597
-5.64344519641819531      3.58430344882757268
10.35315618440074914     -1.95577843436827692
12.35315462528497044     10.51231134123949218
 1.35315563435123143     -3.69290000484011083
-1.64508821995060162      3.50325164685199697
 7.35315462529241426     -7.15700220254871056
-9.35315462528397390     -4.38163517188781970
-8.64344519642215481      5.31635425640045600
 6.35326775338551109      7.04840564311189421
12.35315462528440911     -8.88905301005327253
-7.64355931059213045     10.51257255803220225
 9.35378604207852327      5.31605551319968050
12.35315462528476438     -5.42495139487347977
-3.64508821994395849      0.03915003171039181
 7.57068569491095200     12.35315462527236541
-10.64684537471564063     -10.62110381771408107
 2.35315462528385932     -12.35315462527609043
 4.35315563435079511     -1.96084919726128915
 8.35315462528467201     -5.42495139497281276
10.35315462528472708     -5.42495139491350198
10.35326775338551109      7.04840564301275219
-0.64344619954690918      8.78045645069187941
12.35315462528317454      3.56100572531665138
 5.35491178004570667      5.23530245450910936
-2.64344519642213927      5.31635425639822579
 8.35326875652410905      3.58430344872868778
 1.35491178005460489      1.77120083928750027
-1.64508821994323839      0.03915003171276562
11.37163237319185072      8.76972301674921084
-12.35315462528496688      4.27861830879952709
 5.35315462528896191     -7.15700220255652741
 1.35315462528692754     -7.15700220256469599
-8.64684537471562997     -7.15700220257625030
 6.35315462528386732     -12.35315462527451480
-0.64508821995456989      5.23530245442318165
-4.64684436564878478     -3.69290000485227443
-4.64344619954785554      8.78045645069410696
-5.64684537471546211     -5.42495139500646584
 0.35644068940801332     10.51257255802986812
10.35315462528390995     -12.35315462526893171
 3.35491178004543400      5.23530245443334952
 5.35315462528847608     -10.62110381770085077
-6.64684537471553849     -10.62110381771449497
 3.35315462528810615     -7.15700220256051001
12.35315462527776376      0.03915138544557648
 7.35491178006383528      1.77120083936645001
 7.35315563435133246     -3.69290000481933101
11.57121253506517178     12.35314897831093717
 6.35491178004950275      3.50325164692707647
 9.35315462530961561     -7.15700220252732766
-5.64684537471583425     -8.88905301014539262
 3.35491178005725166      1.77120083929322103
-10.64344619954805360      8.78045645069644465
11.40492706381423993      1.80007855709991005
 7.35326775344000794      8.78045645064931612
 6.35315462528462582     -5.42495139498397894
 0.35315462528454794     -5.42495139499717016
-1.64355931059198657     10.51257255803023227
 1.57232871843650490     12.27210282331753355
-12.35315462528496688      0.81451725081827342
 0.35491077691707557      6.96735384114810952
-8.35315414277205726     -2.64958464289693696
-9.64684537471633341     -12.35315462528335928
-9.64355931059217042     10.51257255803298563
 6.35315462528420483     -8.88905301012882987
-12.00697690247330307     -12.35245945972254944
-4.64344519642213971      5.31635425639872761
 6.35315563435080310     -1.96084919725074558
-2.64508821994566024      1.77120083928026628
-12.35315462528408403     -9.57778759459447215
-2.64344619954765125      8.78045645069371972
-2.42602825803236577     12.35315462528275532
-9.64344619955049076      7.04840564312615747
10.35315565352547651      3.56303377072816740
 6.35315464234351790     10.51257255802385160
-6.64684436564878478     -3.69290000485300851
 5.35315563435126496     -3.69290000482997627
 3.35491077692219886      8.69940464874245833
-3.64344619955049076      7.04840564312367146
 7.35315462528994601     -10.62110381769895895
 9.35326775344005767      8.78045645061447289
-10.35315462528408936     -6.11368597945664938
-1.64344619955049098      7.04840564312317053
 5.35326775339144678      8.78045645068459102
-5.64344619955049076      7.04840564312531992
-11.35315462528735075      6.01066911636978141
 0.35491178005837282      0.03915003171642769
 4.35491178006138391      0.03915003172664091
-5.64344519641155262      0.12020183368477934
-5.64684537471614778     -12.35315462528376251
-6.64344519641325260      1.85225264125584155
-4.42602825803254873     12.35315462528297736
 9.57068569492831500     12.35315462525055175
 8.35315462528422081     -8.88905301012552407
 6.35491178006354218      0.03915003173716541
-10.35315414277556023      4.27861858737911227
-4.64684537471469650     -7.15700220257500597
 7.35326875652116030      5.31635425629602665
-12.35315462528395436     -2.64958436431809652
 2.35315462528458186     -5.42495139499362100
