195    26.87206337112588628
10.43603168556166594     10.63616905837245241
-5.50876626010346904     -7.15098765444957607
-6.50876626010328074     -1.95483523174281126
 7.43603168556161975      1.97591502052770740
-11.93525530569846538     -10.28486905192509582
-12.43603168556153449      8.97193007042301538
 1.49123373989655383     -8.88303846201864111
10.43603168556166949      7.17206744323441381
-1.50876626010320969     -0.22278442417415767
 5.49123373989656649     -8.88303846201872638
 5.55239236405782322     -12.43603168556190042
 3.49123373989655983     -8.88303846201868552
 4.49123373989692443      3.24131719096351656
-5.43603168556166860      3.77577764771617419
 3.49123373989698171      4.97336799853248390
 6.43603168556159666      3.70796582809693120
 0.49123373989659391     -7.15098765444973772
 8.43603168556165173     10.63616905837270465
 1.49123373989713848      8.43746961367034487
-4.50876626010316262      1.50926638339487851
 6.49123373989671926     -3.68688603931211034
 3.49123373989674368     -1.95483523174317519
-2.50876626010315151      1.50926638339475350
-6.43603168556104599     12.43603168556092164
-10.43603168556123961     12.43603168556085770
-9.43603168556155225      7.23987926285404892
-11.43603168556155936      7.23987926285411909
 8.43603168556166949      7.17206744323465717
-4.50876626010337134     -5.41893684688075350
-0.50876626010345893     -8.88303846201861091
11.43603168556160554     -4.95228820974855211
 3.49123373989685915      1.50926638339461228
-2.50876626010304848      4.97336799853258338
-4.50876626010352766     -8.88303846201850433
-1.50876626010309356      3.24131719096361115
 7.49123373989675301     -1.95483523174322227
11.43603168556162686     -1.48818659461065916
 4.49123373989679653     -0.22278442417430311
10.43989526673859736     -10.64373187868509163
-4.44760763594235620     -12.43603168556164995
-12.43603168556191640     -1.42037477499027220
 9.55239236405793157     -12.43603168556273886
-8.43603168556161087      5.50782845528512865
 1.49123373989685271      1.50926638339464225
-12.43603168556208516     -4.88447639012808921
 3.55239236405773440     -12.43603168556180982
 1.49123373989673569     -1.95483523174311946
-0.44760763594227082     -12.43603168556173699
-8.43603168556146166      8.97193007042296742
-8.43603168556173522      2.04372684014732720
-1.43603168556137284     10.70398087799182463
-11.43603168556196259     -3.15242558255925509
-6.43603168556145455      8.97193007042292834
10.43603168556158600     -3.22023740217951637
12.43603168556162153     -6.68433901731743330
-4.43603168556142791      8.97193007042294255
 3.49123373989665042     -5.41893684688092403
11.56396831443926487     12.43603168556058947
12.43603168556166949      7.17206744323415535
-3.56010473326144972     -10.64373187868413417
-12.43603168556216154     -8.34857800526588711
-10.43603168556174943      2.04372684014742356
 0.49123373989679031     -0.22278442417421054
 0.49123373989716329     10.16952042123928912
-1.50876626010296122      6.70541880610142815
 1.55239236405773062     -12.43603168556177963
 5.43603168556163574      5.44001663566602023
-1.56010473326140908     -10.64373187868420878
 0.49123373989667474     -3.68688603931198200
-4.50876626010327186     -1.95483523174293361
 4.43603168556164906      7.17206744323512968
-0.50876626010326897     -1.95483523174306972
 8.49123373989671926     -3.68688603931214187
-3.43603168556153671      7.23987926285397787
-7.43603168556153804      7.23987926285403116
12.43603168556294314     -10.51947650679670154
-12.43603168556294314     -12.22116009858362418
 1.49123373989695862      4.97336799853247502
 5.49123373989675301     -1.95483523174321028
-1.50876626010340908     -7.15098765444970308
-10.44760763594236863     -12.43603168556181693
-7.43603168556139327     10.70398087799188502
 3.43603168556170502      8.90411825080422581
11.86776228712726500     -8.60190776205727126
-7.50876626010333936     -3.68688603931166892
 7.56396831443919737     12.43603168556042782
-11.43603168556212069     -6.61652719769701569
-4.43603168556103977     12.43603168556091809
 2.49123373989705188      6.70541880610140417
 9.43603168556167127      5.44001663566544202
 0.49123373989704305      6.70541880610141394
 9.43603168556162331      1.97591502052745183
 5.49123373989687202      1.50926638339460428
-8.43603168556187377     -1.42037477499043896
10.43603168556160732      3.70796582809635611
 4.43989526673859380     -10.64373187868432957
 9.56396831443924000     12.43603168556045446
11.43603168556164817      1.97591502052722490
 1.56396831443907325     12.43603168556103356
 6.43603168556165173     10.63616905837300664
-7.43603168556179739      0.31167603257839455
 4.49123373989671393     -3.68688603931206949
 7.49123373989659580     -8.88303846201876901
-5.50876626010332604     -3.68688603931178127
 8.49123373989667840     -7.15098765444990114
-9.43603168556195016     -3.15242558255930527
11.56296855957115355     -12.43568472593532626
 7.43603168556170679      8.90411825080377639
 2.49123373989659935     -7.15098765444978568
-5.50876626010320969     -0.22278442417397501
 8.43989526673859736     -10.64373187868443082
-0.50876626010314718      1.50926638339470287
11.43603168556168193      5.44001663566520310
-9.43603168556180627      0.31167603257848459
-0.43603168556092792     12.43603168556046157
-2.43603168556099003     12.43603168556095362
 1.49123373989664043     -5.41893684688088229
-6.50876626010338200     -5.41893684688062649
-6.43603168556173255      2.04372684014729300
 6.43989526673859469     -10.64373187868437576
 5.56396831443909079     12.43603168556066052
-4.43603168556160821      5.50782845528507714
12.43603168556166061     -3.22023740217960963
 0.49123373989691144      3.24131719096355342
-2.43603168556142791      8.97193007042287505
-10.43603168556199279     -4.88447639012818158
 9.43603168556170679      8.90411825080351349
12.43603168556166949     10.63616905837232629
-3.50876626010341486     -7.15098765444966844
-2.50876626010346948     -8.88303846201857716
-8.43603168556114547     12.43603168556092342
-12.43603168556165173      5.50782845528527165
-8.50876626010340154     -5.41893684688052613
12.43603168556163396      0.24386421295821664
 8.43603168556159666      3.70796582809660169
-0.50876626010304227      4.97336799853249012
 3.56396831443908724     12.43603168556080796
-3.50876626010309733      3.24131719096372084
-6.44760763594236597     -12.43603168556164640
-5.43603168556153804      7.23987926285399741
10.43603168556161265      0.24386421295836355
-10.43603168556147764      8.97193007042301005
-6.50876626010353920     -8.88303846201842440
 5.43603168556170679      8.90411825080400021
-7.50876626010347525     -7.15098765444944995
 7.49123373989669883     -5.41893684688101018
-5.43603168556139327     10.70398087799184417
 8.43603168556160199      0.24386421295856409
-6.43603168556160821      5.50782845528511356
10.49123373989668551     -7.15098765444992868
 2.49123373989679253     -0.22278442417426972
 9.49123373989670505     -5.41893684688102972
-1.50876626010332560     -3.68688603931193049
11.43603168556170679      8.90411825080327191
-2.50876626010337134     -5.41893684688079968
 2.49123373989668284     -3.68688603931202774
 6.43603168556165173      7.17206744323490408
-9.56010473326173127     -10.64373187868421233
 7.55239236405787384     -12.43603168556197680
 9.49123373989665353     -8.88303846201879388
-7.43603168556167304      3.77577764771620750
-2.50876626010326920     -1.95483523174301554
 5.49123373989667307     -5.41893684688096933
-12.43603168556136751     12.43603168556085237
-9.43603168556140837     10.70398087799187792
-10.43603168556163752      5.50782845528519527
-2.44760763594233044     -12.43603168556165706
-11.43603168556143324     10.70398087799192943
-5.56010473326159982     -10.64373187868411996
 7.43603168556164373      5.44001663566579019
-3.50876626010332560     -3.68688603931189363
-10.50876626010357207     -8.88303846201823433
-8.50876626010354187     -8.88303846201828939
-8.44760763594236685     -12.43603168556159133
-7.56010473326161936     -10.64373187868399562
-11.43603168556169436      3.77577764771634028
 6.49123373989680186     -0.22278442417431521
-10.43603168556187377     -1.42037477499037212
 4.49123373989660646     -7.15098765444982654
-0.50876626010288040      8.43746961367037507
-9.43603168556167837      3.77577764771629010
 2.49123373989692443      3.24131719096353033
 2.43603168556164729     10.63616905837348980
 0.43989526673859081     -10.64373187868425141
 9.43603168556162686     -1.48818659461052971
 6.49123373989664820     -7.15098765444986118
 4.43603168556164906     10.63616905837319138
-3.43603168556138527     10.70398087799180153
-11.43603168556183292      0.31167603257856807
12.43603168556160909      3.70796582809615627
 2.43989526673859070     -10.64373187868428694
-12.43603168556180627      2.04372684014750217
-0.50876626010336989     -5.41893684688083876
-9.50876626010349035     -7.15098765444935225
-3.50876626010320969     -0.22278442417409039
