197    27.12109121130000133
 1.98599134319834358     10.82849479807013893
 2.98599134319938608     12.56054560563842415
-11.56054560563962141     -12.56054560563701372
-6.51633316794458572      3.00162172738753208
12.56054560560751909      1.29586085493307790
 2.49999999999660494     -2.20406383372945758
 1.52787938363561082     -10.82849479806458248
 5.48792751546083846      6.46310438302309187
-2.51633311100652124     -3.92658147006124869
 0.98599134319934567     12.56054560563959477
 0.49999999999936123      4.72413939654662762
-11.59123212285185645     10.81113674197240826
-8.66825612146869950     11.91305776166432651
 9.56054560563418043     -10.82849479806979254
 0.48366688899251292     -9.12273389276981028
10.56054560563453215     -12.56054560563847566
12.56054560563701372     -2.16824076021882917
11.56054560563588218     -10.82849479806973036
-3.56054560563836597     -9.09644399050120889
 0.49999999999658173     -2.20406383372861026
 6.56054560563343792     -9.09644399050072927
 7.56054560563403921     -7.36439318293210654
-4.50000000000235367      2.99208858897918306
11.97776978524246339      6.65410608560755534
 8.54421249467334398      1.28632768369854178
 5.54421249465314236     -3.90982473901701200
-8.51036830469427841      6.46915208878242343
-9.56054560563649503     -2.16824076022404322
 7.56054560563411560     -10.82849479806922233
-1.51633311100693291     -5.65863227763061971
-11.56756064299475995     -2.16420711915177222
-7.56054560563838862     -9.09644399050006136
 8.56054560563486966     -9.09644399050051433
-10.56054560563889666     -10.82849479806814941
-2.50000000000119549      6.45619020411629752
 5.56054560563300715     -10.82849479806945858
10.56054560563694089     -2.16824076022667223
-5.56054560563719225     -5.63234237536262583
10.56054560563693911     -5.63234237536350868
12.44422958708687155     10.56393082460948740
 7.48054731062151745      6.63476204214115484
-7.56054560563961431     -12.56054560563821809
-0.50000000000404865     -3.93611464129732980
-4.56054560563784861     -7.36439318293189338
-3.77596663729931681     10.82849479806875870
-0.50000000000155786      2.99208858897827001
-6.66825612147100788      8.44895614652521765
 8.56054560563350719     -12.56054560563848099
12.56054560563984879     12.56054560563961608
-7.56054560563646749     -2.16824076022437717
 3.98599134319834381     10.82849479806890791
-2.50000000000213873      2.99208858897888863
-4.77596663729985949      9.09644399050015373
 5.54421249463872723     -7.37392635416261744
-12.22893803178207150      5.08941035394884622
-12.56054560560235522      9.06172787833863502
-1.51633311100757484     -9.12273389276876934
 9.77326847441887914      9.93092003449009475
-2.51633311100731305     -7.39068308519929307
-8.68908690857430521      8.46115099958320016
-8.51662505380627088      3.00145317420442659
-3.51633311100620904     -2.19453066249176976
-4.56054560563886024     -10.82849479806980852
-1.50000000000342260     -2.20406383372807158
10.54421249467610977      1.28632768370857686
 4.49999999999829647      1.26003778140751455
-0.51633311100485402     -10.85478470034020759
12.56054560563984879      8.56731604357934984
 9.47383446036783816      6.47103562809212551
-12.56054560563976352     12.56054560559101674
 2.52787938363491449     -12.56054560563446820
 4.98599134319938653     12.56054560563808664
-7.51662505381643609      4.73350398177921328
 9.54421249466625277      3.01837849127186342
10.56054560563508282     -9.09644399050129771
 0.52787938363491416     -12.56054560563679168
 4.84413914812334312      8.35665568628398248
-0.89498764704911105     11.88090008167574929
 6.74511978876968499      8.97816401598520386
-0.89498764705064449      8.41679846653772756
-6.56054560563886024     -10.82849479806932536
-5.77596663733693561     10.82849479804768222
-10.56054560563807065     -7.36439318293029732
 6.56054560563350631     -12.56054560563807776
11.56054560563005396     -0.43618995265371502
 9.54421249466095212     -0.44572312387749335
 2.49999999999958966      4.72413939654606363
-1.89498764705008194     10.14884927410719939
-8.56054560563694622     -3.90029156779318109
-0.51633311100730184     -7.39068308520004980
-4.77596663729758220     12.56054560563874745
-6.77596663729763016     12.56054560563955036
 5.49999999999900790      2.99208858897640928
10.54998144727528242      4.75550348837123771
-6.56054560563693911     -3.90029156779360209
-1.50000000000135847      4.72413939654732307
-3.50000000083119067      4.72413939702660723
 0.49999999999806166      1.26003778140916656
 9.56054560563578804     -7.36439318293200795
 2.98599134319882431      9.09644399049969365
 5.49999999999756639     -0.47201302616226054
-4.51633311100620727     -0.46247985492258142
-9.51661203194978711      4.74072113518285310
-6.51633311100622148     -0.46247985492196164
12.56054560562850497      4.74089612766119206
 2.49999999999544498     -5.66816544886766671
 6.98599134319939274     12.56054560563984346
-8.56057435431325153     -0.43617312227672794
-5.56054560563838240     -9.09644399050065111
-12.56054560563278422      3.11709282956915912
-1.50000000000233458      1.26003778140983158
-2.89498764705064504      8.41679846653854646
-7.66825612150995006     10.18100695407162881
-8.56054560563886824     -10.82849479806876580
 8.61898211934988190      8.27913614384234187
11.54421249466628296      3.01837849130385782
-9.56054560563777756     -5.63234237536158755
-11.56054599315779896     -5.63234215162629859
11.56054560563799782     -3.90029156779502362
 8.98599134319941761     12.56054560563919509
-12.56054560563939937     -0.42543700345541879
-6.50029194275833433      6.45602161807992214
-10.56219833847256417      3.03580199469185308
-9.56826611464458665      1.30026209758808409
 3.54421249463867305     -7.37392635416222220
-9.56054560563961608     -12.56054560563749334
 6.49999999999836575      1.26003778140615497
10.77326847441973889     11.66297084205850076
-8.56054560563795164     -7.36439318293078049
-12.56054560563861244     -7.36439318292952283
12.56054560563774558     -9.09644399050084473
12.56054560563785039     -5.63234237536403892
-3.56054560563961431     -12.56054560563913292
 0.49999999999532418     -5.66816544886657159
-4.51633311100659096     -3.92658147006043023
-7.51633333927719516      1.26957082085461104
 2.49999999999829647      1.26003778140825395
-10.68666473792289651      6.36274970005057927
-12.56054560563670819     -3.90028985736862310
-5.50000000083482643      4.72413939606743494
 1.49999999999735145     -0.47201302616014340
 6.54421249465857713     -2.17777393144587084
 8.49999999999174705      4.72413939654773074
-6.56054560563786726     -7.36439318293147593
 7.54421249466088906     -0.44572312387660301
-0.50000000000039990      6.45619020411565092
-0.50000000000267641     -0.47201302615929142
10.61226926909462698      8.11540972977312691
-2.50000000000275335     -0.47201302615880752
-12.56054560560843214      7.06172787833857640
 4.54421249464674748     -5.64187554658909374
-10.56054560563742939     -3.90029156779244834
 7.54421249465332622     -3.90982473901778604
-10.68666473791419946      8.36274970005091767
 3.49999999999605915     -3.93611464129914435
 1.49999999999599654     -3.93611464129798616
 6.54421249464687271     -5.64187554658954760
 3.49999999999897904      2.99208858897682628
12.56054560563729794     -12.56054560563780065
 5.98599134319834647     10.82849479806844606
-3.51633311100702928     -5.65863227762983723
 1.49999999999996292      6.45619020411516953
 3.49999999999750955     -0.47201302616110119
 3.54421249463626253     -10.83802796930024748
 6.49999342245119127      4.73487536578154078
 7.49999999999926903      2.99208858897451035
11.56054560563676503     -7.36439318293251688
 7.98599134319837134     10.82849479807037518
 0.10501235294992266     10.14884927410627746
 2.54421249463762500     -9.10597716173055360
-9.56054560563839395     -9.09644399049942010
-1.56054560563961209     -12.56054560563985056
-2.56054560563886069     -10.82849479807053683
 4.49999999999664890     -2.20406383373060777
-11.63177190036060438      1.34582791304070049
-10.56057460240962875     -0.43620669427357017
 4.49999999999959055      4.72413939654562753
-5.51633311100635293     -2.19453066249139717
-10.56054560563974043     12.56054560563961253
 1.10501235294986899      8.41679846653729946
 1.49999999999446287     -7.40021625643597680
-5.51633311104253909      1.26957095266788755
-7.56054560563730327     -5.63234237536227322
-4.49326363077416602      6.89806082592515413
-9.68908690853178456     10.19320180717668300
 8.54421249465858779     -2.17777393144681186
-11.56054560563841171     -9.09644399049897778
-3.50000000000249800      1.26003778141021749
-5.56054560563961431     -12.56054560563869416
 9.56054560563600475     -3.90029156779515640
 4.56054560563197953     -12.56054560563776334
 8.56054560563491762     -5.63234237536363214
 4.54421249463784704     -9.10597716173158744
 3.52079187314490882      6.85499555215981005
-12.56054560563894817     -10.82849479806760939
 1.49999999999897704      2.99208858897752750
-2.77596663729750182     12.56054560563966938
