200    27.31285315352232246
 3.64322607540317156     10.92437576919003916
 7.64322607540329635     10.92437576919011910
-5.73587826865161787     -10.65642657676117011
-7.54470513894468020      9.21853558794672345
-2.27177665351422942     -8.65642657676056437
 8.64982632603126689      5.73205080753840868
 6.65642657676111504     -12.65642657676072602
-3.99617253882226864     -5.64328353121727844
-3.35677392459675428      9.19232496162566726
-12.65642657675928184      1.35671646863600404
 8.64322607540705157     12.65642657676116301
 5.64322607540274568      3.99617253891418889
 8.65642657676117722     -6.65642657676076333
 8.65642657676116123     -12.65642657676076688
12.65642657676116301      9.19997988379055087
 4.64322606463805787      2.26412172510198229
 4.64982632600723722     -1.19615242272389843
-0.53972584594526629     -11.65642657676072069
 1.64322607539318954      7.46027415402821426
10.65642657676115768     -10.65642657676065141
 9.65642657676121630      4.00382746108389842
 7.64322607540340204      7.46027415405239935
 1.19232496162354673     -10.65642657676062299
12.65642657676117189     -8.65642657676080418
12.65642657676116123     -12.65642657676102090
 0.64322607540324317      9.19232496160289614
-12.65642657676116301     -4.64328353137941807
-2.35679333045537476      7.46026295020647012
-2.26412173125223593     -2.64328353121525561
 9.65642657676099425     -2.92437576919178044
-12.65642657675994620      3.35671646863803241
-12.65642657675142679      7.35671646869124984
12.65642657676116301      2.27177665351497104
 9.65642657676125538      0.53972584594604944
-5.35656339455151898      5.75625598281547202
 3.06148439505862902     -3.40478948765547385
-5.72822334639917408     -2.64328353123115400
12.65642657676115945     -10.65642657676087168
-1.35677392459291979     12.65642657676117366
-10.92437576919578568      0.35671646862658962
12.65642657676116123      5.73587826865281070
-7.73750620580471971     12.65642657676116301
10.65642657676115768      5.73587826865280626
 7.65642657674011673     -2.92437576917964570
10.65642657676116478      2.27177665351499058
10.64322607540704979     12.65642657676116478
-11.73756686770719604     12.65642356180080341
 4.65642657676121630     -8.65642657676050398
 0.64550718033565124      2.16862683719345206
 2.64322607540324217      9.19232496162111801
-9.19232496162340951     -6.64328353137941363
-10.92437576919086339      2.35671646863680806
 1.19232496162343971     -12.65642657676102623
 1.19232496162350987     -8.65642657676055016
11.65642657676123761      4.00382746108389043
 0.64322607540707277     12.65642657676116123
-4.54714006519659186      7.58514468197021241
12.65642657676116301     -4.65642657676078908
-4.35233203186408346      3.99264602678267622
 8.65642657676116833     -4.65642657676076333
-7.46027415405413219      2.35671646861978701
-5.72822334639915631     -0.64328353123114179
-0.53972584594535111     -9.65642657676056793
-0.53972584594536843     -7.65642657676055016
 1.19232496162347479     -6.65642657676050575
11.65642657676115412      7.46792907622168212
-4.00382746108274645     -11.65642657676116833
-7.46027415405506478     -9.64328353138029826
-10.65731698109069825     10.88049072834330744
-12.65642657676117011     -10.64328353137940830
-3.35677368951607580      5.72725364438823448
-12.65642657675984495     10.82081808382565313
-3.35677392461017332     12.65642657676051819
-9.65731698108077019      9.14843992077648061
 4.64322607540324128      9.19232496162120327
-12.65641867230148065     -12.65615183281819611
-2.26412173093404778     -0.64328353063208299
-4.00382746108302445     -9.65642657676069227
-0.35677392460055990     10.92437576917525632
-10.92437576919282982     -11.64328353138032668
-10.92437576919229514     -9.64328353137941008
 7.65642657676125538      0.53972584594612971
-9.19997988378936071     -12.65642657676116656
 2.65107959167937590     -1.26694431501188620
 8.64322607540338517      9.19232496162129564
-3.99617253882220780     -3.64328353121713189
-3.99617253882217405     -1.64328353121709836
-8.54470513893483563      7.48648478037207443
-5.72822334639915720     -4.64328353123115534
 2.92437576919238040     -9.65642657676056082
-9.44159401962771661      5.69886336192535214
-12.65642657674990090      5.35671646869097806
-9.19232496162740453      1.35671646862742357
 2.64322607540338383      5.72822334646133680
-1.35677392459675539      9.19232496160104162
 5.64982632600827461      0.53589838484438967
-12.65642657676117366     -0.64328353137942862
-10.92437576919229159     -7.64328353137941185
-1.35677392459661328      5.72822334644980469
-0.53207092368984110     -1.64328353120386428
-4.35677392461057078     10.92437576919182796
 3.64322607539319776      7.46027415404643790
-6.54470513893483652      7.48648478038341647
 1.64322607540274679      3.99617253888418267
-12.65642657676116833     -8.64328353137941008
 4.65642657676117544     -4.65642657676043914
10.64982632603292956      9.19615242267718891
 6.65642657676120475     -8.65642657676068517
-9.19232496162660162     -0.64328353137390593
 8.65642657676116656      2.27177665351505320
-5.65661242070682313      1.48132786495412505
-9.19232496162340951     -4.64328353137941541
12.65642657676116656     -6.65642657676079974
 1.46789780695234606      0.34553230940477875
10.65642657676117189     -6.65642657676065230
 6.65642657676117189     -4.65642657676068517
-10.92437576919228803     -3.64328353137941807
10.65642657676106175     -1.19232496162294099
-7.46027415405409133      0.35671646861979645
-10.92437576919228626     -5.64328353137941541
 5.64322607540329635      7.46027415405235939
-1.36527263940527099      2.17489547461291943
-0.53207092368250752     -3.64328353121377591
 6.64322607540338250      5.72822334648353326
 3.59703886524245320      0.50435052130190205
-7.46792907622048840     -11.65642657676117011
12.65642657676116123     -1.19232496162289792
-5.35677392463092161     12.65642657675753568
 2.92437576919227338     -11.65642657676088412
-3.99617253883954149      0.35671646878497992
-9.19232496162342194     -8.64328353137941185
 5.65642657673809079     -2.92437576917823927
 2.64322606463802945      2.26412165015032452
 6.64322607540330079      9.19232496162123347
-7.44159401962771661      5.69886336193660625
-8.65731698109069647     10.88049072835112874
-0.35449280541309769      3.90067765299029290
-2.27177665351387725     -12.65642657676116833
10.65642657676118255     -8.65642657676065141
 6.64982632603074020      2.26794919240030302
 4.64322607540705956     12.65642657676116123
 0.64322607540338528      5.72822334645345066
-2.35677392460065116     10.92437576919677689
 2.92437576919235065     -7.65642657676049598
10.65642657676116123     -12.65642657676065497
-2.27177665351414326     -10.65642657676070471
-9.19232496162394419     -10.64328353138030714
-0.35677392460824736      7.46027415402539873
 6.65642657676118343     -6.65642657676068517
 5.64322607540324395     10.92437576919008180
12.65642657672882798     12.65642657673633131
 8.65642657676105998     -1.19232496162286017
-2.26412173125231408     -6.64328353121541237
-0.53207092368257503     -5.64328353121385540
-2.26412173125228300     -4.64328353121530579
 4.65642657676115768     -10.65642657676087701
-7.46027415405408245     -3.64328353138019567
 7.64982632603074286      3.99999999996927880
-9.19232496162341661     -2.64328353137941674
 4.65642657676118965     -6.65642657676043825
-5.72822334639920072     -6.64328353123123172
-10.92437576919036246      4.35671646863682138
-6.35212173689922022      4.02164836523107194
-3.99617253882238277     -7.64328353121747828
 6.65642657676115768     -10.65642657676071536
-10.61657589072270724      7.38033664597960737
 9.64322607540343490     10.92437576919020081
-7.46027415405408156     -5.64328353138019523
-11.65642657674990623      9.08876727625927217
-0.53207092144788226      0.35671646879613561
-12.65642657676116478     -6.64328353137941274
 1.19997988389191357     -4.64328353120416892
 1.19997988387984189     -2.64328353120246939
11.64982632603419432     10.92820323024678686
 3.64322607540274612      3.99617253889183788
 8.65642657676115768     -10.65642657676076510
 8.65642657676119320     -8.65642657676076333
 2.92437576919231024     -5.65642657676044713
 6.64322607540705512     12.65642657676116301
-3.36370452082952953      2.25407890284825019
-12.65642657676116478     -2.64328353137942340
-5.54714006520642933      9.31719548953340748
-9.14855867711535886      3.42896359166102416
-10.92437576919229336     -1.64328353137941874
-2.35233226694463049      3.99361572886553340
11.65642657676126248      0.53972584594603712
11.65642657676118610     -2.92437576919178888
 6.65642657673881910     -1.19232496160978818
 4.64322607540338250      5.72822334648343290
-7.46027415405409489     -1.64328353138019700
-7.46027415405408245     -7.64328353138021122
-5.72822334639919273     -8.64328353123123350
-6.54714006522029202     11.04924629709427819
-5.73587826865161698     -12.65642657676116833
 9.64982632603235402      7.46410161510797732
 1.64322607539981291     10.92437576918809050
-9.73750620580471882     12.65642657675404692
10.65642657676116478     -4.65642657676065319
 2.64322607540706578     12.65642657676116301
 4.65642657676107863     -12.65642657676115235
