215    27.99945701740000104
-11.26063335984819069     12.01202962175291056
-0.35757674333815576     12.63005806195780423
 2.60742366402431980     -7.99972850725677898
-0.85667794878650705      2.00027149965131201
 0.87537285951035382     -4.99972850177593831
-12.99972850855668227      2.99989835383211823
 7.80357608901998212     -0.99972850043224648
12.99972850857700202      6.00027150520590613
 9.53562689347944392     -3.99972850580205952
 0.87537285723147329     -12.99972850863061957
12.99972850861742479     -3.99972850582065842
 9.53562689404159869     -11.99972850772495647
12.99972850861890628      0.00027149426817606
 2.60742366453254748     -9.99972850814932990
11.26767770155542259     -10.99972850762363841
11.26767770110086353     -12.99972850861371931
-12.99972850865530205     -2.99992997969355724
-12.99972850865623286      4.99989835383259162
-0.85667794793487739      6.00027150723830438
12.99972850861394136     -7.99972850673785896
11.22107628508743105     12.99972850858552498
 9.53562689175891620      8.00027150817520116
-4.32077956499978733      8.00027150808048226
-4.31538602537581983     10.00955573892964345
-11.24924720563254965      5.99981343212384122
12.99972850861413498     -9.99972850673982805
-12.99972850865514928     10.99972850865542640
-6.05284339421292295     -12.99972850861487750
-6.05276401768339856     11.00027149627153911
-2.58872875510734790     -6.99972850283749626
11.26767770130549451     -6.99972850628232646
-7.76104193841538947     12.04036117776042047
 7.80357608592359497     -2.99972850577924310
 4.33947447446166645      7.00027151165598394
12.99972850859005469      4.00027150518331798
 4.26971541124142995     11.11238041313310099
-2.58872875561388893     -2.99972850175245132
 3.60796230763762171     12.99972850793511370
-9.53568324561686609     10.99982610879153100
 7.80357608900750588      1.00027149967846474
 0.94533677996766863     11.11268653500690462
 0.87537286374707346      7.00027150832418510
 5.57333025537835081     12.62914946099989422
 4.33947447184015900     -12.99972850861011153
 9.53562689398447993     -9.99972850762305399
-6.05283038024612541      9.00027149737079313
-2.58872875599722718      7.00027150643682816
 9.53562689373825201     -5.99972850627755339
-9.51704089712044699     -0.99991716544337161
 6.07152527910558781     -7.99972850716821604
-12.99972850859936635     -4.99992997970982600
11.26767770105498201      3.00027150510709406
12.99972850859452045      2.00027150502154072
-0.85667794852217860      0.00027149918331962
 0.87537285899598161     -2.99972850082594000
 7.80357608667631286     -8.99972850716975259
-12.99972850860274498      0.99989835383210723
 6.00176621597477578     10.11238040800759919
-2.58872875608932729      1.00027149918631930
12.99972850861282758     -5.99972850582609762
 4.33947447391990870      1.00027149963430650
-7.78858155805123520     -12.00614256026253024
12.99972850861673734     -11.99972850850527983
-2.58872875791463430     -12.99972850861440499
 2.60742366452559171     -11.99972850815458791
-11.24914865459619229     -0.00001581206057919
 0.87537285695771061     -10.99972850814321390
-11.26767770058352625     -3.99992997882294121
-2.58872875613821352     -0.99972850081893605
 7.80357608616035492     -6.99972850626395005
11.26767770100786059      5.00027150519291741
-9.51592493292082509     12.99972850867997742
-9.51692270701384579     -10.99974457330809763
 9.53562689347995196      4.00027150511903518
-0.85667794444817302      8.00027150723929203
-12.98109982756017011     -8.99984322088954869
-12.99972850860205753     -6.99992997970982778
-6.05283037297955850     -10.99972850865714236
-4.32077956369902072      0.00027149919506291
-11.26767770057536922      9.99972850953984604
 2.60742366398937975     -5.99972850712778261
-7.78488117750664887     -9.99972850338854080
-0.85667795058269602     -7.99972850811025094
-4.32078607500397638     -11.99973978351875736
 7.80357608617723120     -4.99972850626394560
-9.53556994310470785      2.99999700132948455
 9.53562689350257031     -1.99972850577825456
 6.07152527915755957     -9.99972850726706319
 4.33947447102715245     -4.99972850620699028
 0.87537285647434127     -6.99972850722356643
-4.32077956135418351      2.00027150317700464
-7.78488117822720671     -3.99972850355297371
 7.80357608904093869      3.00027149969339790
-6.05283036997920210     -8.99972850330527407
-11.26767770049676010     -5.99992997882359003
 6.07152528147557558      4.00027149970156071
-2.32311579430601745     12.99972850859968077
 4.33947447209673065     -10.99972850815821523
-6.05283037117087641     -2.99972850266405233
-11.24903047161187075     -9.99984321992699066
 2.60742366635548040      2.00027149964202788
 2.60742366634329992      0.00027149963670741
 6.07152528144499115     -1.99972850042672268
-4.32077956313678690     -3.99972850185830353
 7.80357608698458005     -12.99972850861854035
-2.58872875790391177     -10.99972850860993745
 0.87537285879010884      3.00027149964810080
-7.78488117925546952     -1.99972850355293263
-11.26767770057898943      3.99989835471278887
 4.33947447158965804     -8.99972850726292073
11.26767770105389488     -2.99972850580868533
 4.33947447392241781      5.00027149972898144
-6.05283037232281629      1.00027149736789434
 0.87537286023000049      5.00027150825943156
 6.07152528201993391      8.00027151231671141
 4.33947447390118679     -0.99972850038325867
-11.24914865356769944     -2.00001581206059464
 9.37988724420154796     12.21868887084360722
11.26767770103986877     -8.99972850673312408
-12.99972850860242879      8.99972850865538909
-9.51704089722389668      1.00008283455662994
 9.53243081533400805     10.00581003561054949
-7.78488117759584863     -7.99972850338800967
-2.58872875816385539     -8.99972850809527358
 6.07152527941314624     -11.99972850861521856
-9.51713944868878059      6.99991207874045251
-6.00615894387687366     12.99972850860353013
-6.05283037227692589      3.00027149736796073
-4.16463736909178195     12.21947323652404016
-4.32077956320654444     -1.99972850179363415
 9.53562689373081973     -7.99972850627880216
 2.60742367131257380     10.00027151999595354
-2.58872875556444537     -4.99972850185245754
 6.07152528147585091      0.00027149961181327
-0.85667795033445715     -11.99972850862254425
-9.51713944867530515      8.99991207874045962
 6.07152527858035107     -5.99972850624139831
 7.79388537274011117     11.00024803776106630
-6.05283037031125470     -6.99972850287377657
-12.99972850860205931     -10.99975646206933888
-9.51694126308771438     -6.99974457339415679
 7.80357608590164453      5.00027150515276819
-6.05283037023540604     -4.99972850282054626
-7.78488118737352064      6.00027148525887633
-7.78488119073673790      4.00027147850446685
-12.98915434670541380     -12.99972850864943297
 7.80357608570661210      7.00027150554830691
11.26767770414018344      1.00027149962269846
-11.24924720616289164      7.99981343212387763
12.99972850858751805      8.00027150523876607
11.26767770104455657     -4.99972850582017525
 2.60742366998615260      6.00027150602090487
-6.05283037127794632     -0.99972850266400037
-2.58872875376107459      5.00027150412818333
-4.32077956266646090     -5.99972850282050452
 9.53562689326113855      6.00027150551986121
 0.87537285994348601      9.00027151274721149
-9.52493883167833211     -12.99972850867996677
 9.53562689661035456      2.00027149969203677
 4.33947447414285481     -2.99972850088873377
-7.79439540691822774     10.01588004349109085
-11.25704658918292189     -11.99982715532762967
 4.33947447154048671     -6.99972850715904471
-2.58872875245284639      9.00027150648447716
 9.53562689655257678      0.00027149963278904
 4.33947447859380642      9.00027151949687543
 6.07152528145095083      2.00027149970051532
-4.32077956545453468     -9.99972850857801987
12.99972850855232842     10.00027150630315909
 4.33947447387728324      3.00027149972896989
-7.78509609749899756      2.00027148934070853
-9.51694126299902976     -8.99974457339415856
-0.85667794804229203     -3.99972850174775640
-9.53556994310507910     -4.99983133220572462
12.99922542394800473     12.01694519479943679
-0.85667794802212838     -5.99972850189851670
 2.60742366917936685      8.00027151562342631
-7.78488117936006674      0.00027149644708571
 6.07152527833642175      6.00027150520122632
-4.32077956181000733      6.00027150329670356
-7.78489936284987483     -5.99972850347039444
-2.57852457975323635     11.00117679494240264
 1.60796230763360182     12.99972850859643181
-12.98119946166375982     -1.00001581293094599
11.26767770032279614     11.00027150525384023
-11.24904902048644573     -7.99984322001263148
 0.87537285696717915     -8.99972850814317304
-6.05283037280169633      7.00027149736822185
 2.60742366659887015     -1.99972850084561693
-9.51713944814952306      4.99991207874045074
-7.78488118499827397      8.00027148935294186
 7.80357608646826861     -10.99972850772179633
-0.85667795060802154     -9.99972850813650282
 0.87537285904139994     -0.99972850082585818
 7.80357608808923153      9.00027151532517067
-12.99972831749583868     12.99972850865543528
-11.26767770045214334      1.99989835471252086
11.26767770100089550      7.00027150524850139
-0.78671402712539507     10.11268653416012420
 2.60742366461579689      4.00027150270564125
-0.85667794857563873     -1.99972850082995612
 2.60742366655058389     -3.99972850085084097
 7.53869820309042904     12.99972850806729952
12.99972850859160367     -1.99972850575287264
-4.32077956268981378     -7.99972850282054448
-12.98129801371985259      6.99981343124373190
11.26767770101894328      9.00027150524875985
 6.07152527862137692     -3.99972850624138720
11.26767770103806399     -0.99972850571704597
-0.85667794562432398      4.00027150511176366
-2.58872875377080414      3.00027150412794708
 0.87537285878012816      1.00027149964735051
-9.51704089609028792     -2.99991716544337983
-4.32077956182128720      4.00027150329465897
-6.05283037281256764      5.00027149736796162
