225    28.87270162140000096
10.81236060734487658     -3.35374544630612981
-6.50814758040282371      4.64625474777129988
 7.34825788389538115     -5.35374525322974826
-4.77609677283402601      1.64625474777118552
 8.24019838796616177      8.43635081067355763
-13.43635081067375125      0.64625474775593417
 3.04404596525894666      7.43635081067177417
 5.60991532486845568     -8.35373535566627723
 3.04404596525938498      5.43635081067177417
 9.97224919553553413      7.43635081067439074
 5.61620807258250654      1.64625474777673064
11.43635081067630033     -13.43635081067630033
 0.37103149916099237     -13.43635081067542458
 0.39554362958825295     -3.39504794256392328
-5.61620807258427668     10.43635081067528425
 7.35944118660540614     -7.37752699904391473
-8.26471046331515780     -10.39504803146424727
12.53500455996082330     -11.65097271729611350
-4.77609677283472323     -4.35374525225398212
 2.15079297725866292     -6.35374482092152082
-13.43635081067579762      6.64625474778085401
 9.97224919553582012      5.43635081067437742
 0.42005564987288363      2.64625474777122349
13.43635081067630033     -13.43635081067609960
-6.50814758039885888      8.64625474777821523
11.41280781129364996     -9.78420162553371320
-4.77609677283374801      5.64625474777129543
-9.97224919553647560     10.64625474777851011
 6.50814758039708607      9.43635081067321480
-6.53265965574628993     -11.39504803146427925
 2.10308230673730590     -10.43635081066226178
-9.97224919553296374     -13.43635081066799941
-8.24019838797245185     -4.35374525225389952
-11.70430000310556373      5.64625474777819658
 1.31199515768788566     10.43635081066827475
13.43635081067474779      3.43635081067527448
 4.77609677282720835     12.43635081067209214
-6.53265965575245922     -9.39504803145352163
-1.33650723304579189     -6.39504803145335821
-8.24019838796766457      9.64625474777839642
-13.43635081067133008     -11.43635081066660319
-11.70430000310490826     -4.35374525224492537
13.43635081067612802     -4.14384131511693798
-4.77609677283394607      3.64625474777129055
-9.97224919553677935      4.64625474777798431
 8.24019838796582960     10.43635081067357717
 5.63888605289823097     -10.57236276880576931
 9.12531845319785617     -10.23224614730494864
-3.88415726501499314     13.43635081067508175
 9.97224919553472411     11.43635081067439785
 9.97224919553518951      9.43635081067439074
 0.42005564987024568     -1.35374525223292297
 6.50814758039587460     13.43635081067322901
 0.39554357453194072     -7.39504803143802469
-5.61620807258400845     12.43635081067531623
-9.97224919553609723     -3.35374525224481035
-13.43635081067320058     -9.35374525226538900
 7.44263899150095209     -13.43635081067277781
-3.06855804061461646     -9.39504803145355183
 8.24019838796689008      4.43635081067354431
 7.34825888015156536      0.64625474777703840
 1.31199515768803265      6.43635081066807491
 5.61620707690773724     -4.35374525222302111
 7.46526426290357925     -11.43642625820436542
-3.04404596526493254      4.64625474777118264
-13.43635081067308867     -7.35374525226494313
 2.15210645744384843      3.64625474777520120
 3.88350015003883309     -5.35488254070394820
 2.15079298379056327     -4.35374482092151993
 3.04404596525850213     11.43635081067178305
-8.24019838797174309      3.64625474777127989
-6.50814758040351293     -3.35374525225372988
13.43635081067595394     -9.86559462391595332
-6.50814758040680275     -1.35374525222967468
-9.99676127088403987     -9.39504803146420464
-8.24019838797253712     -6.35374525225429299
 4.77609677282780343      8.43635081067199977
13.43635081067561998     -0.56364918932474795
-11.70430000310526353      9.64625474777834491
 3.88415726501286063      2.64625474777541925
 4.77609677282843315      4.43635081067197667
 9.08030869204625013     -6.35374525222171105
-6.50814758040248442      0.64625474777041081
-0.42005564987743688     13.43635081067493608
13.43635081067584380     -7.86559462391595066
 7.28835416670506664     -9.44132123927003697
10.53500455996082330     -11.65097271729631423
-0.42005564988092409      9.43635081066815040
-8.24019838796785109      5.64625474777797987
-3.04404596526575588      0.64625474777011849
 9.97224919553700850      1.43635081067437853
 8.24019838796730220      2.43635081067351411
-3.04404596526512483      2.64625474777118264
-9.97224919554447808      0.64625474777046232
 1.31199515768793074      8.43635081066807935
-11.72881207845279938     -10.39504803146442491
-3.09307011596950465     -11.43635081066277515
-3.04404596526496407      6.64625474777149350
 3.04404596526003379     13.43635081067511017
 3.88415726501299430      0.64625474777525893
-11.70430000310504326     -0.35374525224436743
 3.83513311430063286     -13.43635081067526649
 2.10308230673683472     -8.43635081066226000
11.70430000310384067     10.43635081067478154
-13.43635081067394488     -5.35374525224479569
-2.15210645744621676     10.43635081067436410
11.45833583265411804     -7.56986375518270638
 0.39554357451442118     -5.39504803143801581
13.43635081067356829      7.43635081067538284
10.81236049529006138     -1.35374525222169950
 0.37103149916863665     -11.43635081066267389
 2.10308230673002061     -12.43635081067566261
-13.43635081067051473     -13.43635081066858028
11.70430000310432561      8.43635081067477266
-13.43635081067404791     -1.35374525224461584
-4.80060884818357003     -10.39504803145356426
-11.70430000310436647     -8.35374525226526465
-9.97224919553665323      6.64625474777814329
-3.09307011596331849     -13.43635081067363934
 2.15210645744382845     -0.35374525222482001
-6.55717173110096141     -13.43635081067379566
-3.06855804061469195     -7.39504803145338219
-8.26471046331504766     -12.39504803146448886
-1.33650723304580521     -8.39504803145336709
 7.34825887959515445     -3.35374525318665340
 3.88415726501272962     -1.35374525222479325
-1.33650723305451602     -4.39504803143812062
 0.42005564987274868      4.64625474777136471
-1.31199515769626607     -0.35374525222882175
 0.42005564987264615      0.64625474777119041
-13.31919262674732174     13.38272052507822885
 3.83513311429867709     -11.43635081067526293
-9.97224919553642231      8.64625474777815306
 9.97224919553626421      3.43635081067437786
 9.08030968772127167     -2.35374525222196018
-9.97224919554166789     -7.35374525225453102
 2.15210645744406692      1.64625474777518654
-3.88415726501526803     11.43635081067506043
 1.31199515769134800     12.43635081067476911
-11.70430000310494734     -2.35374525224452613
-4.77609677283008960      7.64625474777801895
13.43635081067277071     13.43635081067570525
-8.24019838796724713     -2.35374525224476372
 4.77609677282813472      6.43635081067199799
12.70345376667121684     -6.00471796951639014
-7.34825888015313211     11.43635081067546189
-11.70430000310538965     11.64625474777856162
-13.43635081067396086     -3.35374525224466469
 6.50814758039673436     11.43635081067321480
-11.70430000311329266      1.64625474777060310
-6.50814758040369057     -5.35374525225411979
 9.97224919553428713     13.43635081067442627
 9.08030968772099811     -4.35374525222195974
 5.61620807258272237     -0.35374525222326919
-9.08030968772195557     12.43635081067559511
13.43635081067493786      1.43635081067526338
 8.24019838796534643     12.43635081067370329
-1.36101930840062790     -12.43635081066281778
-4.80060884818357003     -6.39504803145338130
 5.61620707574036615     -6.35374525222302111
-4.82512092353222410     -12.43635081067347770
-8.24019838797139137      1.64625474777059133
10.81235999745233300     -5.35374611450146798
-11.70430000310531504      3.64625474777736702
-11.70430000310175167     -12.43635081066747361
-4.77609677283538936     -0.35374525223342962
-4.80060884818349543     -8.39504803145351808
-3.06855804061467774     -5.39504803145337153
-3.04404596526931703     -3.35374525223013853
 6.50814758039820251      3.43635081067321480
-6.50814758040286634      2.64625474777126701
-9.99676127088391553     -11.39504803146445866
 3.04404596525878901      9.43635081067177772
-10.81236049529080390     13.43635081067564840
-13.43635081067567327      8.64625474778087089
-8.24019838797564574     -0.35374525222961561
12.54441130285939110     -2.35374525222096809
-11.70430000310544294      7.64625474777830583
 3.83386173607956193     -7.43415194468601914
-0.42005564987740318     11.43635081067449022
-2.15210645745011275      8.43635081066840620
-0.42005564988106725      7.43635081066815040
-13.43635081067560577     10.64625474778087622
-9.97224919553601730     -1.35374525224440467
-3.88415726501549008      9.43635081067504977
-9.97224919554029121      2.64625474777056358
-1.31199515727442040     -2.35374525296780224
 3.88043483086638696     -9.43363386188994646
-6.50814758039885888      6.64625474777781999
-11.70430000311035634     -6.35374525225418552
 3.88350015466648824     -3.35488253812400128
11.70430000310568630      2.43635081067475134
 9.43949490108729528     -13.32425051473161126
-1.31199515769623098      1.64625474777119374
-2.15210645744617057     12.43635081067468029
-1.31199515769614350      5.64625474777135317
11.70430000310352270     12.43635081067478332
 4.77609677282752365     10.43635081067202819
11.70430000310462226      6.43635081067475667
-6.53265965575237129     -7.39504803145351364
 2.15210645744380713     -2.35374525222482012
 9.59145359956956334     -8.28732506270613456
11.70430000310606999      0.43635081067464954
-8.26471046332130044     -8.39504803145343814
-3.04404596526453908     -1.35374525223001729
 0.37103149916819345     -9.43635081066266856
 7.34825888015163198     -1.35374525222327402
 6.50814758039771668      5.43635081067321480
-1.36101930840059770     -10.43635081066281778
-7.34825888015299356     13.43635081067565551
-8.24019838796763615      7.64625474777799319
 5.63888605290020983     -12.57236276880576931
 5.61620807258248700     -2.35374525222326891
11.70430000310492247      4.43635081067475667
-9.97224919554139788     -5.35374525225425213
13.43635081067314729      9.43635081067547432
 6.50814758039739161      7.43635081067321480
-13.43635081067598236      4.64625474778085135
-4.77609677284168388     -2.35374525223618392
13.43635081067392001      5.43635081067532600
 9.08030968772102298     -0.35374525222196079
 8.24019838796646376      6.43635081067354697
-13.43635081067625592      2.64625474778085135
-1.31199515769603869      3.64625474777119596
13.43635081067291459     11.43635081067549564
