227    29.04318799740076429
 6.61868695032754939     11.52159399867544209
13.52159399870018319     -6.52159399870048162
11.78954319112841631     10.47840600136341571
-9.00474273877097531     -1.50649928164011992
 4.88663614276309222     12.52159399868398282
-3.79891407698497297      1.47840600132898192
-7.26301569212332598     -2.52159399868443534
11.78954319113084459     -9.52159399870038392
-7.26301569212114018     -4.52159399868841572
13.52159399870031109     -4.52159399870047984
-5.53096488455270308     -5.52159399868919998
-5.51831679358769556      2.50000000001104139
-13.52159399870003575     11.46291066116520874
11.78954319113135085     -5.52159399870038481
-7.23771951019723492      7.52159399865520495
 8.33808966695253240     10.50000000002973088
 4.86133996086452491      4.47840600132290945
-10.92076549117363271      2.96161426344274004
 3.12928915328611579     -8.52159399869984391
-13.52146158766231032     -13.32208090978142501
-11.76046146619249377     -8.25006839008565329
 4.86133996085809894     -1.52159399869187295
 8.32544157599778600      2.47840600131489186
 3.15458533519870565     11.52159399867614553
-12.47352585808512693     -3.54688523521034638
-7.26301569212157272     -6.52159399868924616
11.78954319113137039     -1.52159399870025736
13.52159399869976575     13.52159399869878875
-5.50566870262846830      8.52159399865539768
-5.53096488454872492     -1.52159399868394529
-2.06686326942158871     -11.52159399869916534
-3.79891407699381300     -10.52159399869882606
 8.32544157599372170     -1.52159399870037282
 4.86133996085262421     -3.52159399869458190
 4.87398805182144912      8.50000000001817213
-2.04156708750022631      6.52159399863892197
-9.53096488455961754     -13.52159399869906409
-10.38008731388905126     11.87994976165376215
 8.32544157599737389      8.47840600134983369
10.05749238356176534      5.47840600133564770
-7.37988166256726608     11.52628671399313909
13.52159399869969114     -10.52159399870053313
-3.77361789506237777      9.52159399866023293
-11.78788188202603671      4.76386540152397409
 4.86133996085249454     -5.52159399869487633
-10.47810849153819035     -11.76008357075386890
-2.06686326941876386     -1.52159399867597278
-5.53096488456106883     -9.52159399869387180
11.78954319113019444     -13.52159399870038214
 1.39723834572494376      0.47840600131609368
10.07014047451921712     11.50000000003353229
-5.50566870262379027     12.52159399866287259
11.78954319113787896      2.47840600131058553
10.05749238357021014      3.47840600131267363
-5.53096488455410018      0.47840600132917510
-2.06686326941487453      0.47840600132405614
 1.39723834571529060     -3.52159399868392597
 3.15458533519670103      9.52159399866342504
-9.56606397943249043      4.43770431260069831
-2.04156708750219140      8.52159399864514278
11.78954319112948923      0.47840600130305949
-13.52159399869898415     -7.25027983794552000
-13.52159399870038037     -5.25027983794550934
-0.30951627993418263     11.52159399867679390
-0.30951627993010994     13.52159399869253775
-0.33481246185175673     -8.52159399869914758
10.05749238356163922      9.47840600135892863
-7.23771951020898996      5.52159399863997979
-7.23771951017100701     13.52159399870038392
-2.05421517844264256      4.49999999999839861
 1.39723834573115169      4.47840600132238631
-9.23771951017100434     13.52159399870038570
-13.52159399870038570      9.46047621592049381
10.05749238356236930     -4.52159399870041145
-2.06686326942046161     -7.52159399869880474
-10.04313464030554570     -7.22498860142603405
 8.32544157599320478     -5.52159399870037060
 6.60603885938876267      9.50000000002088463
 4.86133996085489350     -9.52159399870001799
 8.32544157599243739     -11.52159399870038214
-13.51328854626667919     -11.32209311312740674
-3.77361789506954182      7.52159399863816258
13.52159399870037326     -0.52159399870044620
 1.39723834571774796     -5.52159399869958456
 3.15458533519673034     13.52159399868864398
13.52159399869956502     -12.52159399870070899
 4.86133996085524789     -7.52159399870001888
-12.75406958713438499      7.61361231252905579
13.52159399869417733      9.47840600135758748
-10.74147505051567109     -2.54688523520925525
-9.88351269855794001     -9.53445692315407456
11.80219128208377910     12.50000000004100542
-0.33481246185135910     -2.52159399867980749
10.05749238356127329     -12.52159399870045320
 3.12928915329552293      1.47840600131422106
-8.98241840871855679      0.49999999999910411
 8.32544157599884649      0.47840600130882865
-3.77361789506941125      5.52159399863801426
-13.52159399869994694     13.46291066116533841
-13.52159399870038392      0.15650936752484426
 8.32544157599212653     -13.52159399870038214
 1.39723834571989380     -1.52159399868392198
-7.25036760115635825      1.50000000001067080
-8.31108383273591933     -8.22498860142497357
-2.06686326942063170     -9.52159399869915646
 4.86133996086226183      0.47840600131052191
-0.33481246184784164     -4.52159399869389311
 4.88663614276364555     10.52159399866677703
10.05749238356257536     -2.52159399870041057
13.52159399870037859     -2.52159399870044609
10.05749238356163211     -10.52159399870044432
10.05749238356222364      7.47840600134272027
 3.12928915328647683     -6.52159399869983858
-0.33481246183794361      3.47840600132163891
-7.26301569211783882     -0.52159399868435796
-8.47810849153818502     -11.76008357075320987
 1.39723834572892724      2.47840600131816835
 3.12928915329784996      5.47840600132774291
-9.03423642376855973     10.40052913804400703
13.52159399870038570      1.47840600129955724
-9.03423642377370406      6.40052913804215429
-10.92841398154400068      0.96162888833232596
-13.52159399870038214      3.76674840913761777
-0.30951627992617575      9.52159399864727263
11.78954319113146632     -3.52159399870038525
-11.79024652545143148     10.46169343854226241
-2.06686326942193244     -13.52159399869918666
 1.39723834571680494     -11.52159399869971423
-3.79891407699064354     -12.52159399869885803
 6.59339076843118388      1.47840600131095123
 1.40988643669235647      6.50000000000316991
 4.86133996085456310     -11.52159399870002510
-3.79891407698612049     -6.52159399869321188
10.05749238356560937      1.47840600131253663
-11.02304175306762346      6.61184255969852863
-7.46353953358997924     -10.03652625242350283
-3.79891407698933392     -8.52159399869882073
 6.59339076842345673     -2.52159399869796941
 8.32544157599279089     -9.52159399870038214
-7.23771951019643023      9.52159399865699108
-2.06686326941863108     -5.52159399869068235
10.08278856545725333     13.52159399868940781
-0.33481246185193081     -10.52159399869946910
11.78954319112632021      8.47840600135162958
-7.23771951022361737      3.52159399863963740
-0.32216437087387839      5.49999999999859401
-6.06141553624169127     -11.58661417048396913
 8.32544157599470935      6.47840600134001754
-2.06686326940821674      2.47840600132405608
-3.79891407698607253     -0.52159399867229805
-3.79891407698144423     -2.52159399868670775
 6.59339076843103111      3.47840600131879674
 8.32544157599351564     -3.52159399870037149
-8.96977031779135281      2.52159399863759504
-0.33481246185277480     -6.52159399869674239
-2.04156708749053273     10.52159399865509570
 6.59339076842335725     -12.52159399870017076
 8.32544157599308399     -7.52159399870037149
-5.50566870263860064      6.52159399863746891
-13.52159399870033418     -1.84349063247515521
-5.53096488455441637     -3.52159399868463163
-3.78626598601291686      3.50000000000081890
 1.39723834571583705     -13.52159399869984568
-3.77361789506586787     13.52159399868961565
 3.12928915329796986      3.47840600131881850
 1.42253452763190036     10.52159399867189471
-7.53096488455958735     -13.52159399869838374
 6.61868695032963839     13.52159399868946288
 4.86133996086447961      2.47840600131471778
-0.33481246185287772     -12.52159399869948686
13.52159399869358403     11.47840600137267764
11.78954319112904692      4.47840600133142619
11.78954319112987648      6.47840600133828737
10.05749238356204422     -6.52159399870043544
-3.77361789505551748     11.52159399866183165
 8.32544157600286461      4.47840600131532085
-2.04156708749762439     12.52159399868851430
-5.53096488455958291     -13.52159399869875145
13.52159399869670509      5.47840600133383493
-12.66046478911350803      1.96162888833123139
-0.33481246184767161     -0.52159399867980405
-0.33481246184156399      1.47840600132019784
 3.12928915328554025     -12.52159399869998069
 1.39723834571703831     -9.52159399869960232
 4.86133996085437747     -13.52159399870005352
-5.50566870264494845      4.52159399863158917
11.78954319113095117     -7.52159399870038481
-5.50566870263034236     10.52159399866193112
10.05749238356191988     -8.52159399870044432
-11.78930112381387474     -10.24986044781275751
-9.03423642376848690      8.40052913804400703
13.52159399869725220      3.47840600132848410
 6.59339076842315830     -4.52159399869796896
 4.86133996086950848      6.47840600132292632
-13.52159399870038214      5.76674840913761599
-3.79891407698521633     -4.52159399868670775
-11.02272211388542900      8.61482953515082528
13.52159399869352541      7.47840600134763100
10.05749238356251141     -0.52159399870022594
-11.78954319113087479     -0.84349063247406197
 1.39723834571737981     -7.52159399869958545
-8.99506649969007377     -5.52159399868859513
-2.06686326941441356     -3.52159399868990297
-5.53096488455508073     -7.52159399869337797
 3.12928915328109714     -4.52159399869000822
 1.42253452763992061      8.52159399864246225
-8.99506649968999383     -3.52159399868836642
 1.42253452763244859     12.52159399868068412
 6.59339076842369565     -10.52159399870014767
 6.59339076842948302      7.47840600134683253
 8.35073775789367723     12.52159399868022405
-11.52245511760733976     13.52159399870028622
 6.59339076842405625     -8.52159399870013701
 6.59339076842935423     -0.52159399869256506
 6.59339076843677052      5.47840600132013478
13.52159399869983325     -8.52159399870048162
11.78954319113054616     -11.52159399870038392
 3.12928915328651280     -2.52159399868796186
-0.30951627993409619      7.52159399864368439
 3.12928915328576762     -10.52159399869986167
-11.53123935848678450     -13.52158513839267506
-13.52159399869891487     -9.25027983794552000
 3.12928915329166379     -0.52159399868764289
-10.74147505051561780     -4.54688523520925436
 3.14193724426401655      7.49999999999834976
-11.78954319113067406     -6.25027983794453856
 6.59339076842294158     -6.52159399869796896
