229    29.14241385309999899
 2.19040230883300380      8.37505450382405847
-9.57121223152426204     -3.17889784256471275
 8.57120692653010074     -1.73205080756534513
12.57120692653184690     -5.19615242270188649
-1.19040230888668841     -0.00000000002746935
-4.19040230885063103      8.66025403783808656
 5.19040230884686871     -6.64300369625683729
-0.19040230884288575     -1.73205080757106455
 3.19040230883347675      6.64300369625509202
-11.95208091489201685      0.00005539915921216
13.57120692653059812      3.46410161514276327
-2.19040230888787280     -1.73205080759733776
 4.80959769115680746     -0.00000000000158527
 8.19040230884012033      4.91095288868980528
-7.57120692653169147      6.64300369625548193
 2.19040230883254994     11.83915611896189901
-2.19040230885018872      5.19615242270058797
-5.57120692653232386     -10.10710531139461565
-5.19040230890433829     -6.92820323030546881
 6.19040230883259301     11.83915611896254561
 7.19040230884817788     -13.57120692653185756
 8.19040230884703568     -4.91095288868722424
-0.19040230884270820     -8.66025403784637504
 6.19040230884012033      4.91095288868944646
10.19040230884259834     11.83915611896358833
-0.19040230885061574      8.66025403783901737
 4.19040230884011944      4.91095288868931235
-7.57120692653233807     -10.10710531137104340
-3.19040230884284082     -10.39230484541540100
 9.57120692652992844      0.00000000000364998
 3.80959769115711877     -1.73205080757064467
-3.19040230885448040     -6.92820323027100393
-5.19040263066934582      3.46410142932866139
 0.80959769115740288     -3.46410161514001080
 9.19040230884817788     -13.57120692653162308
-5.19040301566077655      0.00000000060284724
-10.57120694268145655     -11.83915610962183251
10.57120692653077398     -1.73205080756474006
-5.19040230885040810      6.92820323026893714
-2.19040230884281861     -8.66025403784652781
 3.80959769115641445      1.73205080756719521
-11.57120692683739449     -6.64300351913209042
-2.19040230889667020     -5.19615242267776800
 0.80959769111736646      3.46410161511342718
-0.19040230884247475     -5.19615242270895905
-8.57120693853687499     -8.37505449687120596
12.57120692653042227      1.73205080757353613
-1.19040230884273557     -10.39230484541536903
-9.57120692653169591     10.10710531139329760
 1.19040230883274356     10.10710531139288015
11.19040230884291809     10.10710531139483237
 1.19040230883253351     13.57120692653076688
-13.57120692653238336     -10.10710514536304494
 3.19040230884686338     -6.64300369625699894
-10.57120701084239123     11.83915607028537131
 6.19040230884073850      1.44685127355169030
 1.80959769115641422      1.73205080756709417
-12.57120701774828753      8.37505360486497530
-9.57120692653141703      6.64300264297229504
-4.19040265437560855     -1.73205060813831269
-10.57121244046570574      4.91094871550302425
 4.19040230883255038     11.83915611896218145
-9.57120692653228744     -13.57120692652189753
-13.57120692651742111     -6.64296770346259269
 7.57120692652992666      0.00000000000343163
-9.57121218902886461      3.17889805167064310
 2.80959769115680613     -0.00000000000190941
 5.19040230883895415      6.64300369625886500
13.57120692653199256     -10.39230484540867039
-9.57120692653210803     13.57120692653119853
12.57120692652908112      5.19615242271081623
 6.19040230884666798     -4.91095288868784330
-0.19040230885018716      5.19615242270103739
-8.57121211119232207      4.91094881430148966
-0.19040230888488405      1.73205080754280161
13.57120692653090366      0.00000000000493584
-8.57120699699369837      8.37505446314311897
 0.80959769115775260     -6.92820323027774521
 0.80959769115680336     -0.00000000000200767
 4.19040230884665732     -4.91095288868800139
-2.19040230885036724     12.12435565297691475
13.57120692653235317     10.39230484541531396
-3.19040262501654714      3.46410143259258785
 5.19040230884629938     -3.17890208111891104
 7.19040230884042852      3.17890208112074690
-2.19040230885063103      8.66025403783853598
 0.19040230884656856     -11.83915611896352438
-8.57120692653194283     11.83915611896234310
12.57120692653191618     -8.66025403783980963
-3.19040230888733367     -0.00000000002814594
11.19040230884807841     -10.10710531139326740
13.57106472796306917     13.38805014990334818
10.57120692653131400     -5.19615242270239985
-7.19040301566095508      0.00000001406016661
-12.57120703605053791     11.83915546949040376
 8.19040230884787412     -8.37505450382490757
 9.19040230883904208      6.64300369625930553
-9.57120692683562879     -6.64300253646145666
-1.19040230885040521      6.92820323026978890
 6.19040230884806686     -11.83915611896299858
-2.19040230884280041     -12.12435565298427242
10.19040230883895859      8.37505450382823469
-10.57120694562975594     -8.37505435062784009
 8.19040230884807308     -11.83915611896280673
-3.57120692653223371     -13.57120692653233895
 2.19040230884702902     -8.37505450382599470
-7.19040295256203255      3.46410187412307025
-11.57120692653235849     -10.10710517890728610
13.57120692653183980     -6.92820323027076768
 3.19040230883253439     13.57120692653110261
-3.19040264732429524     -3.46410141977732433
-6.57120692653194105     11.83915611896283338
-7.19040319132133288     -3.46410158318742933
-8.19040303038949347      1.73205111148781898
-11.57120692653158400     10.10710463996285924
 2.80959769115741276     -3.46410161513975323
11.57120692652932092      3.46410161514178894
-7.57120692653225547     -13.57120692653245086
 7.19040230883256015     13.57120692653148097
-9.57120692653235139     -10.10710531137216428
-13.57120692653158045     10.10710450978548280
-7.57120692683596452     -6.64300369605733287
-8.19040322294797107     -1.73205075947099263
 2.19040230884670439     -11.83915611896338227
10.19040230884808373     -11.83915611896256870
-13.57120692653242422     -13.57120682527535926
-1.19040230884626608     -6.92820323027564733
-13.57120666077546289      1.17412175972750354
 5.19040230884773379     -10.10710531139431190
-12.57130869359564151      4.91089282052661691
-11.57121218907039939      3.17889772938094106
-7.57120692653210803     13.57120692653162841
-2.19040230888694287      1.73205080754126106
 9.19040230883860332     10.10710531139698354
 1.19040230884674814     -13.57120692653230520
11.57120692653126959     -3.46410161513333881
 9.19040230884803577     -10.10710531139369728
11.19040230884276532     13.57120692653242777
 4.19040230884705434     -8.37505450382582239
-13.57120645833768791     -1.17401124164498349
-6.57120692653513405     -11.83915611896189368
 0.80959769114959557      6.92820323027026230
-4.19040265319871086      1.73205060875244521
-4.57120692653193306     11.83915611896322062
10.19040230884793630     -8.37505450382446348
 7.19040230883845055     10.10710531139694801
12.57120692653215777      8.66025403784653847
 7.19040230884797715     -10.10710531139396373
-4.19040230885019760      5.19615242270015365
-10.57120699934289831      8.37505376609233920
 4.19040230884780840     -11.83915611896335385
-6.19040308799776007     -1.73205083527242643
-0.80959769116746727     13.57120692653117899
-3.19040230885069320     10.39230484540737720
-4.19040230890724619     -5.19615242273193800
-1.19040230888355048      3.46410161511244885
 3.19040230884691933     -13.57120692653225369
-3.19040230885040632      6.92820323026933949
 2.80959769115600722      3.46410161513620940
10.57120692652961580      1.73205080757271968
11.57120692653172256     -6.92820323027104212
-6.57120692653193395      8.37505450382452032
-3.57120692653210847     13.57120692653227856
-13.57120643634366530     -3.17401124165425186
 3.19040230884719422     -10.10710531139478263
-6.57120692683253882     -8.37505450362616877
-6.19040302475371096      1.73205082687934686
 1.80959769115711788     -1.73205080757096819
-1.19040230885068676     10.39230484540785326
 1.80959769114983349      5.19615242270152233
-5.57120692653223504     -13.57120692653236915
-5.57120692653169591     10.10710531139409696
-10.57121312244127154      1.44684638174578950
 5.19040230884042764      3.17890208112039163
-10.57127083363822884     -1.44679066020857472
-11.57120692653236382     -13.57120692651607996
 9.19040230884752773     -6.64300369625581855
11.19040230884822584     -13.57120692653142768
 6.19040230883871789      8.37505450382787942
 3.19040230883278797     10.10710531139308621
11.57120692652853577      6.92820323027975160
-8.57121222235320879     -4.91094864484301485
-7.57120692653169591     10.10710531139356760
 8.57120692652961580      1.73205080757248853
 7.19040230884737319     -6.64300369625631948
-4.19040230884291542     -8.66025403784656511
-6.19040230885020470      5.19615242269987387
13.57120692653156269     -3.46410161513280368
-13.57120648761453019      3.17412175972750976
-12.57120694843771780     -11.83915599573691857
-12.57121701032884253     -8.37504851010493212
-5.57120692653210803     13.57120692653205296
 5.19040230883254061     13.57120692653144900
13.57115248511380301     -13.57102523481131584
 7.19040230884630827     -3.17890208111875383
10.57120692652838123      5.19615242271095923
-8.57120692653755789     -11.83915611894895825
-11.57121223139738753     -3.17887530047528832
 8.19040230883871878      8.37505450382801087
13.57120692653241356      6.92820323027778251
-6.19040230890870991     -5.19615242273342925
 6.19040230884599385     -1.44685127354984533
 7.19040230883900300      6.64300369625896892
-13.57120692653145078      6.64300250219310229
 1.19040230884653853     -10.10710531139459789
 9.57120692653082372     -3.46410161513380555
-4.57120692653224925     -11.83915611896345155
-0.80959769115344893     -13.57120692653244731
-12.57520428894491538     -4.90861515038958451
-11.57120692653210980     13.57120692653086458
12.19040230884308684     11.83915611896363096
 5.19040230884816278     -13.57120692653207072
-11.57120692653143657      6.64300275244272509
 5.19040230883279818     10.10710531139334556
 1.80959769115761371     -5.19615242270878586
 4.19040230883302112      8.37505450382431782
 6.19040230884756859     -8.37505450382532146
-1.19040230884260789     -3.46410161514010229
-10.57121248967211180     -4.91094855254438567
-9.19040301566104567      0.00000029541538779
 0.19040230883252010     11.83915611896187770
-13.57120692653207783     13.57120638336446206
12.57120692653108840     -1.73205080756419982
12.19040230884814413     -11.83915611896212638
 9.19040230884244025     13.57120692653253968
 9.57120692652930671      3.46410161514154602
11.57120692653062832      0.00000000000441470
 8.19040230883838483     11.83915611896588871
-5.19040265520390864     -3.46410141522916604
