234    29.39929720450000161
13.69964860222790115     -11.68727837259639912
10.23554660090936075      7.21067795289104740
11.97118352745044412     -12.69346348741168917
 1.92019845756900631     -2.24525520792443922
-10.53862357040010345     -13.69964860222870229
10.58606211674645259      2.76452405194557116
10.23554698709062016     -1.68162918013645912
-3.30736568667203157     10.69968658493985991
-10.23554698708957389      6.69964860222883729
-8.50349617952035963     -2.30035139777130349
 5.04819986384136410     -10.69682400599803884
-6.77144537194047569     -3.30035139775223918
-10.23554698709027733     10.69964860222898828
 1.92019845756780461      5.75474479207559320
-1.56914093156433010     -4.28961982418655907
13.69964860222870406     -3.68162918013589913
-6.77144537194069240      8.69964860224814274
-13.69964860222808767     -7.30035139777105879
 8.50346834364607496      8.21067728382327644
 4.59355998750125849     13.69964860222316361
 7.12196050160720606      0.76452405193953721
 0.17575720946968776      2.73297008919898055
13.69964860221618608     13.69964860221018910
-3.61042034012726232     -9.69964860222386882
 5.38990969403447640      3.76452405193313533
 1.92019845756836771     -4.24525520792449651
-1.37496776095013207     13.69964860222658309
13.69963069585376125      9.21074435950489345
 5.38990969403480147     -0.23547594806691036
 1.58572642032039357     -10.69963879496625658
 3.65783929651971640      0.76449012038338204
-1.87836953255756622     -12.69964860222410685
-3.30732182776401595     -1.30031341458109706
-5.03939456436990163     -6.30035139774942632
-8.50349617952159953     -10.30035139777130482
-10.23554698667890506     12.69964860294094677
-1.56918479047328052      9.71038017533272146
-1.56914093156372547     -0.28961982418655491
 6.59355998750126915     13.69964860222505010
 3.65783929651953210     -1.23550987961667813
-0.14795255886408823     -7.69682400599597205
10.23554698709273580     -5.68162918013899354
-13.69964860222810188      8.69964860222904512
-11.96759779465899420      9.69964860222870229
-6.77144537194053697      6.69964860224801217
10.17038904999493631     11.61619634241246857
-8.50349617952035608     -6.30035139777130482
11.96759779465806517      4.21067728402623676
 6.77307920582870349     -7.68445377636539728
10.56144934371389077     13.69964860221745795
-7.07452195526222027     -11.69964860222870939
13.69964860222030190     11.21938542789140136
11.96759779465979356     -2.68162918013595464
-5.03939456437032085      3.69964860225062564
-8.50349617839103189     13.69964860222870229
-11.96759779465936369     11.69964860222870229
-11.96759779465905993     13.69964860222870229
-11.96759779465936369     -8.30035139777132436
 3.30897759069051478     -5.68445377636614868
-13.69964860222820846     12.69964860222911263
11.84111332907834679     10.48057108146332794
 8.50871574618703796     -10.69063889118417876
-11.96759779465857854      7.69964860222869518
 3.81827513497680204     11.85602895667632772
13.69964860222769332      0.31837081986541949
 8.50350184178135038     -6.68163898739253259
 0.17575720946919507      6.73297008919900453
-13.69964860222745529     -1.30035139777105413
-10.23554698708924526     -5.30035139777122488
-13.69964860222739311      0.69964860222894598
-5.34247114769296783     -12.69964860222821734
-3.30732182776323258      0.69968658541924600
-11.96759779465855367      3.69964860222868896
 6.77143145100681831      7.21065317185610422
 3.90516375890023415      9.85791725633705518
 3.65779543761113590      6.76449011990295368
 1.92019845756829355      1.75474479207556744
11.96759779466360740      8.21067728404064745
-5.03939456437005973     -0.30035139774941355
 3.31256332348253313     -7.69063889118047062
-10.23554698708929855     -3.30035139777121245
-3.30732182776350347      6.69968658542037865
-10.23554698708939981      0.69964860222880088
-8.50349617952030812     -8.30035139777130482
10.23555264934880071     -7.68163898739505502
 6.77666493861886821     -9.69063889118293353
-10.23554698709043009     -9.30035139777122488
 6.77145103421238570     -5.68163898739252016
 5.38990969403463271      1.76452405193313533
-8.50349617952048931     -0.30035139777129843
-5.03939456437056688      9.69964860225099379
-8.80657276283100643     -12.69964860222900960
-3.61042034012409641     -13.69964860222822800
 7.12196050159939009      4.76452405194000495
 0.17575720947038315     -1.26702991080103189
10.23554698708730193      5.21067728402297003
10.23554698709169664     -3.68162918013731177
-5.03941649424184668     11.69968658493827363
12.31811292431595461      1.76452405194606698
-10.23554698708971600      4.69964860222883463
 0.60929611327500455     13.44925515693437745
11.96922596627435809     -10.68446358362507986
-13.69964860222785497      4.69964860222901848
-3.30732182776373262      8.69968658542060602
-10.23554698708926125      2.69964860222883374
-6.77144537194054053      0.69964860224781045
-1.56914093156432388     -2.28961982418655907
-3.20102914498790714     12.88386687784851858
 0.17575720946978091     -3.26702991080104965
 3.31777722788748308     -11.69963879496935633
11.96759779465956441     -0.68162918013593210
 3.65783929651947792      4.76449012038367936
10.23718082096429249     -9.68445377636917470
 0.17571335056078821      8.73297008871812963
 5.03935938309018194      8.21061634694969555
-3.30732182776407591      2.69968658541929285
 3.65783929652039497     -3.23550987961669323
 1.92019845756810836      3.75474479207558343
-11.96759779465954843     -12.30035139777135456
-3.30732182776389294     -7.30031341458115257
 5.38987053399918903      5.76452405155007419
 8.50349617952382175     -4.68162918013905127
-8.50349617952031522     -4.30035139777130393
-8.50349617952074865      5.69964860222870229
 1.90782863340537667      9.75470680887919528
 3.65783929651964046      2.76449012038359054
-5.03939456437006683     -2.30035139774942188
-6.77144537194049967     -7.30035139775229958
 0.16338738530675692     10.73293210600259684
13.69964860222868630     -1.68162918013551144
 0.17575720946952539      0.73297008919897566
13.69964860222708936     -9.68164879465222761
13.69964860222761693      3.21067728402669772
 8.57750466637112829     13.44673850504543289
 5.04461413105145340     -8.69063889118039690
-6.77144537194057161     -1.30035139775219100
12.13054897296207102     12.45951701504763598
 8.51229581671956659     -12.69683381325524785
-8.50349617952121228     11.69964860222870229
 6.78025067140955340     -11.69682400599929473
 6.77144537195453289     -3.68162918013971829
 5.04982803545552450     -12.69963879497082715
10.26133580132851542      9.25407079087321449
-8.50349617951993686      3.69964860222870229
 5.04102839825978410     -6.68445377636546922
13.69964860222819603     -5.68162918013951757
 2.59355998750121275     13.69964860222263248
-3.30732182776376105      4.69968658541953666
-1.56914093156424950     -6.28961982418656707
 1.58051251591326403     -6.69063889118114741
-1.56914093156495627      7.71038017581349688
 5.03940022664311105     -4.68163898739319606
 8.85401130917855639     -0.23547594805623062
-0.14631872499048618     -13.69964860222729897
-1.87837519481779514     -8.69963879496700798
-10.23554698709038036     -11.30035139777147712
-1.58151075572669808     11.71034219261823850
-8.50349617952045023      1.69964860222870162
 8.50349617952251435     -2.68162918013779539
-11.96759779465836360      1.69964860222868230
 3.31614905627410028     -9.69682400599521976
11.96759779466061424     -4.68162918013726426
-13.69964860222723324     -5.30035139777105879
-13.69964860222760095      2.69964860222897807
-1.56914093156441892      3.71038017581345958
10.24271845267263181     -13.69964860222741443
-5.03939456436944511      1.69964860225061876
-3.61042034012645274     -11.69964860222411929
-13.69964860222854242     10.69964860222908776
-11.96759779465825346     -2.30035139777131858
-13.69964860222836300     -9.30035139777111297
-1.56914093156462986      5.71038017581346491
-13.69964860222767022      6.69964860222902203
-10.23554698708982791      8.69964860222891367
-11.96759779465822149     -6.30035139777132258
-5.03939456437033062      7.69964860225070158
-5.03939456436996824     -8.30035139774943609
-10.23554698708942645     -1.30035139777120756
-0.14632438724852709     -9.69963879496633119
13.69964860222760983     -13.69964860222695791
 1.81827513497679649     11.85602895667578593
-13.69868347980049172     -13.69878831839929667
-3.30732182776405281     -3.30031341458114413
-11.96759779465820017     -4.30035139777132169
-6.77144537194043661     -9.30035139775229958
10.58606211674787545      0.76452405194464379
-5.03939456436997268     -4.30035139774942454
-11.96759779465836893     -0.30035139777131836
11.96759779466032647     -6.68162918014134988
-7.07452195526172378     -13.69964860222870939
 0.17575720946949419      4.73297008919899298
 6.78187318076567536     -13.69964860222650671
 5.59213493903136172     10.93222086212411526
 0.17575720946976653     -5.26702991080105676
-13.69964860222730785     -3.30035139777105480
-6.77144537194072527      4.69964860224798198
-6.77144537194042062     -5.30035139775225606
 7.12196050160710481      2.76452405193954043
 8.50494602054607896     10.21067673794095931
11.96760345691701488     -8.68163898739626561
11.96759779464608897      6.21067728404046626
 5.38990969403463183     -2.23547594806696059
13.69964860222443725      7.21067728402670483
 7.36650575764074489     11.85504706356595506
-13.69964860222830438     -11.30035139777111652
13.69964860222667546      5.21067728402670483
 1.92015459865942661      7.75474479159472452
 1.92019845756813901     -0.24525520792443276
 3.31778289014604555     -13.69964860222769154
 8.50349617951489734      6.21067728401695263
-0.14631872498907425     -11.69964860222311742
-5.03939456437011390      5.69964860225066872
-1.87836953255799965     -10.69964860222320091
-3.30732182776396355     -5.30031341458115079
13.69964860222860459     -7.68162918014243967
-5.02709052899911057     13.69964860222285452
10.24076089149704671     -11.69064869844011234
-6.77144537194072438     10.69964860224879821
 8.50513001339612096     -8.68445377636792770
 6.72714307058258143      9.28399538358165977
-8.50349617952059056      7.69964860222870229
-6.76709840162523868     12.70721585344632309
 1.58573208257793219     -12.69964860222636460
 1.58409824870518023     -8.69682400599529437
-10.23554698708928790     -7.30035139777122488
 8.85401130917852264      1.76452405194385031
-5.34247114769567055     -10.69964860222468062
-8.50349617952080017      9.69964860222870229
-6.77144537193992946      2.69964860224786829
-11.96759779465923401     -10.30035139777135456
 8.85401130917280454      3.76452405194504403
-11.96759779465874729      5.69964860222869074
 7.12196050160737126     -1.23547594806051486
-1.56914093156459988      1.71038017581344537
