235    29.41249823502331395
 8.51009669480435882     -3.69482551689249128
-8.51340698550107966      6.70053731709701950
-3.31725456280134656      9.70053731710909695
 1.87558756923399028      4.69482551677540183
 3.31725456278268638     -12.70053731720417112
11.97419830994215673     -3.69482551689251615
13.70624911751076169     -8.70624911750268637
 6.77804588723533197     -2.69482551689269556
-13.70624911751072617     -2.30517448323716412
-13.70624911751150954      7.69482551677348692
 0.14353676166515722      3.69482551677532722
11.97750860062375899     -7.70053731719738366
-10.24545779307148763      9.70053731710660117
 8.51340698548699493     -7.70053731719913159
-13.70624911751165875     -4.31659808385319810
 0.14684705233465095      9.70053731710936518
 7.07173999194672565      5.69482551676482096
-0.14684705235522949     -8.70053731720285661
 1.58851404589649681     -13.70624911751105302
 8.51009669480666808     -11.70624911750755892
-10.24214750237558391      5.69482551677009052
-3.60763837680977595     -10.70624911751042951
10.24545779305586457     -8.70053731719918311
 0.14684705233626991      7.70053731710518985
 3.60763837680321542      3.69482551677476012
 1.58520375521362400     -9.70053731720292234
-10.24214750237320537     -0.30517448323512258
-6.78135617791944245     -4.31088628354557191
-8.80379079951609711     -13.70624911751113117
 3.31725456278019992     -4.70053731719939893
-5.33968918437851947     -13.70624911751107966
-11.97419830992251200     12.70624911747909991
 7.07173999194672565      3.69482551676481474
-10.24214750237393190     -6.31659808385324428
 1.87558756916819247     10.70624911750653396
-6.78135617793524847      7.70053731710238409
 5.33968918437783202      4.69482551676482363
 8.51009669480438369     -1.69482551689246597
10.24214750237324445     -2.69482551689249794
-6.77804588723695289      1.69482551676813431
13.70624911751165875      8.08447655042132673
 3.31725456278240127     -10.70053731720309642
-6.78135617793604251      9.70053731710753731
-1.58520375521594192      0.68911371645985264
11.97419830994257772     -13.70624911751085762
 8.51340698548788666     -9.70053731720075163
-13.70624911749265706      9.70624911746341290
-10.24545779306959403      7.70053731710001710
-1.58520375521322276     -5.31088628354482140
-13.70624911751165165     -12.31659808385332511
-8.51009669480505515     -7.31659808385324428
 7.33968918430535489     12.70624911751153796
13.70624911751161257      1.30517448310744300
-6.78135617793854362     11.70053731711494827
11.97419830994235923      0.30517448310750978
-5.04930537037180649     12.70053731711882605
-6.77804588722452372     13.70624911748414654
-13.70624911751159125      1.69482551676405557
 7.07173999194681269     -0.30517448323519486
-13.70624911751158770      3.69482551676664306
-1.58520375523287682      8.70053731710702749
 7.07173999194672653      1.69482551676481163
 3.60763837673667265      9.70624911750582875
-3.60763837680967159     -12.70624911751079722
-10.24545779305692328     -4.31088628354605152
-11.97750860062578759     -3.31088628354598891
 3.61095816902364941      7.70055364938345477
-8.51009669480682440      2.69482551676644055
-3.31725456278380992     -0.31088628354189557
 0.14684705235488646     -4.31088628354349090
13.70624911751165698      6.08447655042126989
-6.78135617791915379     -6.31088628354606218
 6.78135617791811107     -6.70053731719914225
 8.80379079951573118      0.69482551676474202
 7.33968918430554584     10.70624911751153796
-8.51340698548803410     -5.31088628354606751
 0.14353676160011969     11.70624911750792840
 6.78135617791901701     -8.70053731720073564
 8.51009669480602504     -13.70624911751065333
-8.51340698550407815     10.70053731710914846
-3.31725456278210595     -4.31088628354482939
-10.24214750235634597     13.70624911748631369
-10.24545779305717730     -2.31088628354552839
 1.87558756923444814      2.69482551677456161
 5.60763837673615217     13.70624911751155395
10.24214750237391769      8.08447655042131608
 6.78135617791972756     -10.70053731720217272
13.70624911751120045     -0.69482551689255956
-5.04930537037015981     10.70053731711272427
11.97419830994284951     -9.70624911750452846
 5.04599507966990934     -13.70624911750996766
-5.04930537035023796     -7.31088628354610393
13.70624911751078123     -10.70624911750617514
-5.04930537036270533      4.70053731709193290
-10.24214750237536364      3.69482551676703430
-1.58851404590388912      2.69482551677562210
10.53584160708466833      1.69482551676465087
-1.58851404596766566     12.70624911750982022
10.80379079944328424     12.70624911751157349
 0.14684705235822182      5.70053731710305289
13.70624911751108854     -2.69482551689256100
-3.31725456279799991      5.70053731709915734
-1.58520375521493206     -1.31088628354189596
-11.97419830994348011      6.69482551677191040
-8.51009669479160813     12.70624911747911590
11.97419830994278556      9.08447655042133384
-13.70624911751165698     -6.31659808385329580
-13.70624911749070307     11.70624911747551167
-3.31725456278288622     -2.31088628354349579
 1.87889785992182667     -1.31088628354015047
-13.70624911748812025     13.70624911748497432
13.70624911751165520     10.08447655042134983
 3.61094866749072141     -2.31088628354012604
10.24214750237335458     -0.69482551689249128
-1.58520375521400259     -3.31088628354348735
-8.51340698548873931     -1.31088628354476988
 8.80379079951562993      4.69482551676477655
-13.70624911751165342     -8.31659808385330734
-11.97419830994277667     -11.31659808385330734
13.70624911751105124     -4.69482551689256500
-10.24214750235731586     11.70624911747267483
-10.24214750237389637     -10.31659808385330379
-11.97419830994278023     -7.31659808385329757
-13.70624911751142783     -0.30517448323710783
 3.60763837680358135      1.69482551677413373
12.26789241465370850      2.69482551676437909
-1.58520375523447843     10.70053731711257683
-1.87558756924093850     -11.70624911751049879
-5.04930537035099203     -3.31088628354483161
 1.87889785992747882      6.70053731710620237
 8.51009669480503916      7.08447655042131519
-11.97419830994288503      0.69482551676350746
-1.87889785992427760     -7.70053731720313284
 3.60763837680364041     -0.30517448322596191
-8.51009669480746389      4.69482551676873516
10.24214750237323734     -4.69482551689250727
-0.14353676167218188     -12.70624911751070840
-3.31725456278037356      3.70053731709910716
-6.78135617792062373     -0.31088628354345282
-11.97750860063795741      8.70053731710234324
13.70624911751162678     12.08447655042142799
-3.31725456278480246      1.68911371645989150
 9.07173999187424052     13.70624911751154684
-0.14684705235484394     -10.70053731720366841
-7.07173999194766356     -10.70624911751077235
10.24214750237461224     -12.70624911750926955
 9.07173999187441815     11.70624911751154684
 1.58520375521223644     -5.70053731720098167
-11.97419830994280865     -5.31659808385324428
 8.51340698548598596     -5.70053731719737566
 8.80379079951563348      2.69482551676476101
 5.04930537034806459     -3.70053731719763235
 5.04930537035115456     -11.70053731720331847
11.97419830994278023     11.08447655042135693
 0.14353676160070974     13.70624911751147934
 5.33968918437784357      0.69482551676481430
11.97419830994213008     -5.69482551689251615
-13.70624911751144381      5.69482551677012694
-11.97419830994334689      2.69482551676546223
11.97419830994222778     -1.69482551689251215
 5.33968918437784978      6.69482551676482363
 0.14684705235293691     -0.31088628354014552
 6.77804588723818480     -12.70624911750868336
 6.77804588723616241      8.08447655042131785
-8.51009669480493436      0.69482551676644033
13.70624911751107255     -12.70624911750886810
-11.97419830994347478      4.69482551676836302
-3.31725456279945741      7.70053731710302536
 6.78135617791711454     -4.70053731719736234
 5.04930537034924498     -5.70053731719911383
-6.78135617791988121     -2.31088628354481651
10.24545779305488757     -6.70053731719736945
 1.87889785990398184      8.70053731710720690
13.70624911751165520      4.08447655042126190
-3.31725456280339248     11.70053731711640488
-12.26789241465413660     -13.70624911751113295
 1.87558756923447656      0.69482551677451965
 1.58520375521316992     -7.70053731720202617
-0.14684705235587278     -6.70053731720231216
11.97419830994279266      7.08447655042130897
 5.60763837673647636     11.70624911751153263
 8.51009669480503916      9.08447655042131785
-1.87889785992375891     -9.70053731720346057
 3.31725456278128084     -6.70053731720069568
-3.61094866749283350     -8.70053731720368972
-1.58520375521146439      4.70053731709958100
 1.87889785992285629     -3.31088628354188597
11.97419830994277845     -11.70624911750780051
-8.51340698550320063      8.70053731710456013
 5.33968918437784001      2.69482551676482140
 3.60763837680223176      5.69482551677650140
 3.31725456278202646     -8.70053731720207502
-8.51009669480501074     -9.31659808385327715
-5.04930537036688065      6.70053731710050471
-5.04930537035054972     -5.31088628354558878
-1.87558756924092029     -13.70624911751106900
-10.24214750237390348     -8.31659808385329846
10.53584160708457595      3.69482551676465265
-5.04930537035267069      0.68911371645814579
10.24214750237391769      6.08447655042130631
 5.33968918437792972     -1.30517448323519836
-3.31725456278164499     -6.31088628354561010
 5.04930537035014471     -7.70053731720072054
-5.04930537036764271      8.70053731710462586
12.53584160701212902     13.70624911751164099
-6.77804588723892731      3.69482551676813609
 3.60763837673646393     11.70624911750761221
10.24214750237390881     10.08447655042133206
-13.70624911751165520     -10.31659808385330734
 0.14684705235396031     -2.31088628354190329
-3.32056485353557607     13.70624911751149533
-5.04599507966160665      2.69482551678270577
-8.51340698548832187     -3.31088628354557279
-5.04930537035176563     -1.31088628354349335
10.24214750237483074     -10.70624911750619113
-11.97419830994200218     -1.30517448323649266
 0.14353676166518758      1.69482551677521576
 5.04930537035088278     -9.70053731720211587
 3.60763837673615173     13.70624911751116315
11.97419830994278023      5.08447655042126900
13.70624911751105834     -6.69482551689257299
-6.78135617793162737      5.70053731709331579
-10.53584160708534156     -12.70624911751098374
 1.58520375521392154     -11.70053731720386203
-7.07173999194738645     -12.70624911751077590
-1.58520375522972357      6.70053731710019651
-11.97419830992532219     10.70624911746929442
-6.77804588723616419     -8.31659808385322030
-10.24214750237479876      1.69482551676487736
 1.87558756916838720     12.70624911750908126
 5.60763837673667265      9.70624911751153263
-5.33968918437881879     -9.70624911751071551
-5.33968918437853723     -11.70624911751072261
-8.80379079951655186     -11.70624911751083275
-11.97419830994277667     -9.31659808385330734
