242    29.75294787163874588
-8.64018656261211682     -10.87647393582261124
-5.18716366687332187      9.14249250160514215
12.14442312822312431     -6.87647393581045918
-3.44403420400027160     10.12352606418584422
-8.64018656277457531      1.12352606417880874
10.41237232065606300     -11.87647393581129585
-6.90813581914070607      6.12352606418392309
 5.21621989789871421      5.12352606422511858
-5.17608497374625198     -12.87647398132745380
-8.64020030534195094      7.12354964520948108
-6.96271491594835901     13.46806108428685000
-3.44403413991033513     -5.87647393581423128
 0.02006747507282999      4.12352606419316814
-5.17608494747708292     -8.87647393581401367
-8.64018662634835266     -0.87647393582119049
-12.10429313941186358      3.12351747056102180
 6.94827070550643278      0.12352606418473941
-1.71198333235121303     -0.87647393580736921
 5.21621986584768393      9.12352611958703541
-3.44403413990075036     -13.87647393581501731
-6.90813575504740118     -7.87647393581647126
-12.10429320346925586      5.12351747056109996
-13.87647393581620214      6.11970165592881887
-5.17608494748716019     -2.87647393581204103
 8.68032151306722888      5.12352606419717027
-10.37223740213460843     -9.87647399116789160
 5.21621989792789442      3.12352606418761480
 0.02006747523669460     -13.87647393581294963
-8.64018662671259996      5.12352606418182255
-6.90813575520858603      2.12352606418391732
-5.17608494749455872     -0.87647393581143274
-8.64042167061555055     -12.87688115518161958
12.14442312821148917      5.12352606418955414
 3.48416909021785592      6.12352606418307666
-1.00485921577455239     13.87647393581439736
 6.94827070552855997     10.12352606418480150
-10.41038876720203810     10.12316228332906043
 1.75211828279839366     -6.87647393580460875
 3.88086647521859707     12.08378909092465214
 3.48416909036884492     -1.87647393581693356
 0.99464118011466607     13.83177307632764119
 5.21621989794624152     -10.87647393581588950
 0.02006747523603361     -11.87647393581290345
-10.41037890805358934      8.12316228335332724
13.87647393579846344      2.12352606418059731
 0.02006747523147400     -7.87647393580813215
-12.14243464511583781      7.12315374509434651
-6.90813581859197079     -13.87647393581706190
-1.71198339642623076      9.12352606419478462
10.02060054186851445     12.08477945778158791
10.41237232064835361      0.12352606418903880
 8.68032151308620392     -10.87647393581142374
-1.71198333233615041     -8.87647393581058353
-3.44403413990314755     -9.87647393581436717
-13.87647393581584865     -13.87647393581937827
 3.48416909036582911      0.12352606418306690
12.14442312822419723     -8.87647393581046629
 5.21621989793688190     -0.87647393581439059
-6.94523473843220440     10.12318195212760763
-6.90813575505356336     -5.87647393581631317
 3.48416909020711651      8.12352606418308731
 0.02006747520958160      2.12352606419313839
 1.75211821870879159      9.12352606419665513
 8.04119663182533273     11.79849260704268410
 6.94827070550335701      2.12352606418474021
 8.68032151307185451      3.12352606419201395
-12.10656508309905455     -2.87647630717996927
 5.21621989793339136      1.12352606418649681
 3.48416909037722089     -11.87647393581727862
 6.94827070549093584      6.12352606418474643
-13.83703349106219882     -7.87767782071720113
-10.37270788081822914     -13.87647393581553246
-0.04382109771394700     12.12250536835220238
 3.48416902628551295     10.12352606418308909
11.95669297523710028     11.56152652072142217
-13.83747662679087753     -3.87844697937577942
 3.48416909036104494      2.12352606418306777
-13.83610372671343569     -11.87688141577510414
-3.44403420399158033      6.12352606418581225
12.14442312822539272     -10.87647393581048760
-10.37223746635207888      4.12352600882296549
 6.94827070550858483     -1.87647393581526489
-12.10428879898024945     -4.87647501181229970
12.14442312823802617      7.12352606418963497
 0.02006747521738665      0.12352606419313823
-6.90813575519936229      0.12352606418390173
10.41237232064666784      2.12352606418903944
 5.21621989794437724     -6.87647393581566124
-1.71198333233266897     -12.87647393581350208
-13.87647393581871924     -5.87806674570351273
13.87647393580347988     -9.87647393581938182
 6.94827070549845605      4.12352606418474377
 8.68032151311652811      9.12352606421786305
 6.94827070551395387     -7.87647393581528021
 1.75211828277658999      3.12352606419658407
-5.85723572489609179     11.80135302402237762
-5.17608494747230452     -10.87647393581403144
-6.90813575506076383     -1.87647393581609889
 0.02006747522803287     -5.87647393580692423
-12.02462408306992536     11.32150179638773757
12.14442312821702075      1.12352606418955214
 1.75211828262945346      7.12352606419663736
-12.10428824167185269     -8.87647404653869110
-13.83833242932022856      4.12006538263254463
-5.17608494747954140     -6.87647393581367616
13.87647393580497912     -3.87647393581939248
-1.71198333249705947      3.12352606419459544
12.14442312822164993     -4.87647393581045741
-3.44403414007178910      4.12352606418581225
 3.48416909037354072     -13.87647393581773159
-8.67787802004828812      9.12392698158429205
10.41237232064118778      6.12352606418908163
13.87647393580525268     -7.87647393581938537
-10.37223740214967727     -1.87647399116849400
 0.02006747522502119     -3.87647393580688426
-3.44403413991700447     -1.87647393581419641
12.91357531222651822     13.87647393581937472
-12.10428817776526067     -10.87647404653873728
-12.10567796158258780     -6.87647452936906323
 8.68032151307619237      1.12352606419152345
 0.02006741114188145      8.12352606419324808
 8.91357754922155365     13.87647393581937294
-1.71198339642784925      7.12352606419472600
-8.05071392948444675     11.78989001239206225
-5.17608501156277079      5.12352606418981260
13.87647393581409716     10.12352606418058620
 5.86093363633082198     11.80212610527518180
-1.71198333236025224      1.12352606419459300
-13.87647393581880806      2.12042910933631967
-13.83790948370078766      0.12080094814413660
13.87647393579807265      0.12352606418060082
13.87647393581937472     12.12352606418058265
-3.44403413990241658     -11.87647393581483790
-13.87647393581876720     -1.87882721304804701
-5.17608501157401424      7.12352606418994583
-13.87647393581416644     10.11970165592881798
 1.90061720484251695     11.48232644441810102
12.14442312822568937     -12.87647393581059418
 5.21621989794694674     -12.87647393581624300
13.87647393580504485     -11.87647393581937827
10.91357643072404393     13.87435875524908191
12.14442312821849157     -0.87647393581044830
 8.68032151308302069     -4.87647393581101074
-12.14243464519077520      9.12315374509436694
13.87647393580662580     -5.87647393581938893
-3.00485921577455173     13.87647393581717559
 6.94827070551306480     -5.87647393581526600
10.41237232065544127     -9.87647393581116440
-3.87622087404579840     12.07627148595360822
 5.21621989780186102      7.12352606422521362
 6.94827070539468039      8.12352606418478196
 3.48416909037160050     -3.87647393581693400
 5.21621989793926844     -2.87647393581450883
-3.44403413991469298     -3.87647393581420907
-1.71198333234565903     -2.87647393580999466
-1.71198333234334132     -4.87647393581004618
-6.90813575505428012     -3.87647393581624300
10.41237232065559049     -13.87647393581241850
 4.99414157600378950     13.87647393581928768
10.41237232064255380      4.12352606418904966
-10.37223746570155214     -7.87647399116789249
 2.99414157600379038     13.87647393581861976
 1.75211828278875559     -0.87647393580349642
-12.92057061612216629     13.87647393581937294
 0.02006747506224597      6.12352606419320278
 6.94827070551491577     -9.87647393581529798
 1.75211828279539983     -4.87647393580429966
 5.21621989794516860     -8.87647393581567279
 8.68032151308702282     -12.87647393581142907
 1.75211828280085791     -8.87647393580727417
-5.00485921577455084     13.87647393581937294
-3.44403414006096664      2.12352606418580914
-8.64018662625684541     -4.87647393582178434
 6.95385956261268046     13.47709264812344010
-12.10743133065249388      1.12351993262350458
 5.21621989794217278     -4.87647393581490629
10.41237232065306095     -5.87647393581096988
-10.37223857950631256     -3.87647399116818470
10.41237232065450868     -7.87647393581100985
-5.17608494748388281     -4.87647393581366817
-13.87647393581875299     -9.87728889573088864
 1.75211828278430226      1.12352606419654211
-1.71198333233348010     -10.87647393581337774
 8.68032151308540989     -8.87647393581137045
-10.37223740214232137     -5.87647399116786406
-5.17608494763197324      1.12352606418934053
-6.90813581914646235      8.12352606418392753
-10.37224156978334477      0.12352600882716368
-10.02861432912121842     12.08638623347539998
 0.02006747522149003     -1.87647393580687361
 3.48416909037645350     -9.87647393581702282
 8.68032151308040234     -2.87647393581018074
-1.95275387522134203     11.52566688958434327
 8.68032151308430500     -6.87647393581119193
-6.90813575503995292     -11.87647393581694821
 3.48416909037439337     -5.87647393581693400
-8.64018662206864896     -8.87647393582201261
 8.68032151304261035      7.12352606421718981
-5.17608494764278237      3.12352606418940537
12.14442312821531544      3.12352606418955236
12.14442312822053083     -2.87647393581045030
-10.37223733822797200     -11.87647399116791824
-12.10429029376241949     -0.87647760084697190
 6.94827070551141990     -3.87647393581526511
 1.75211828280294712     -10.87647393580941646
 6.94827070551590342     -11.87647393581530331
-8.64018656262636320     -2.87647393582178346
-1.71198333250776780      5.12352606419467982
-1.71198333233891176     -6.87647393581028332
13.87647393580181543      6.12352606418059153
-3.44403413992405882      0.12352606418580470
13.87647393579879562      4.12352606418059420
10.41237232062734108     10.12352606431884539
-6.90813575504652366     -9.87647393581688604
 0.02006747523343190     -9.87647393580984634
10.41237232064981910     -1.87647393581096389
 1.75211828280540094     -12.87647393581221955
 1.75211828263992797      5.12352606419663026
 3.48416909037540723     -7.87647393581696420
-12.12459083599418896     -12.91163917723516796
-3.44403420400225846      8.12352606418582468
-10.37223746624302478      6.12352600882304188
-8.64018662669545989      3.12352606418102896
-6.90813581912824848      4.12352606418392131
10.41237232065192231     -3.87647393581096411
-3.44403413990754759     -7.87647393581431210
13.87647393579925392     -1.87647393581939581
12.14442312818009917      9.12352606428902213
-8.64018656261949403     -6.87647393582200017
13.87647393581394795      8.12352606418058798
 0.02006741114072893     10.12352606419812062
-10.92057061612216629     13.87647393581837996
10.41237232066885454      8.12352606418919621
 8.68032151307868283     -0.87647393580966393
-13.87647393574888532      8.11970165592881798
 1.75211828279226989     -2.87647393580365085
 3.48416909035329203      4.12352606418306777
-13.87647393581937294     12.11970165592881976
-10.37223740230327707      2.12352600882283360
 6.94827070551831127     -13.87647393581552890
13.87647393579749888     -13.87647393581937649
-8.92057061612216629     13.87647393581937294
