244    29.91248776759999828
-13.95624388379236969     -7.43993512467935059
11.02035137287688293      5.12474343552030032
 9.02689060293378276      5.28634219386331772
-3.04375611621005726     -8.76009146107082870
-10.03785732980938938     -13.80275007312866897
-11.03785732659768470     -5.14238187045830042
-4.03785732947010256      0.05365638722988504
 8.04375611620770492     13.95624388378977265
 6.95624388443555031      1.63221338470340038
-1.95624388379231728     13.95624388378978331
 8.95624388379106406     -5.29598984594273769
-13.64659648753132082     -5.07819866214114413
-13.02213957911785513      8.72204733614148076
-5.04375611621014119     -8.76009146106823344
-7.03785732980761480     -1.67839364846956918
-2.04375611620777375     -7.02804065350124763
 3.95624388379222447     -7.02804065350750129
12.96072068290738777     -1.82931125221954960
12.95624388379093084     -8.76009146108287773
 3.95624388379238390     -13.95624388378952041
-5.95766151240555697      7.02722295840975875
-4.00878987078574855      3.53422014874605805
-9.03785760400010751     -8.60659749211465552
 1.04375611620525244     12.22419307621877671
 5.95624388378837377     -10.49214226864902422
 9.95624388416467454     -0.09983742302261589
-0.95624388379485592     12.22419307621936291
10.95625720552840043      1.63220569338504928
11.95624388379061820     -10.49214226865174027
11.95624388379241232     -13.95624388379067327
 2.95624388378999026     -8.76009146107553249
-6.03785732981070300     -6.87454684285236706
-2.04375611621216802     -10.49214226864095956
 5.95624388379222403     -7.02804065351099450
-1.04375611583837258     -1.83188823057671391
-3.95766151240550235      7.02722295654790496
-12.00827726665113815      3.57961064177965760
-0.04375611620777432     -7.02804065350005391
10.95624388378988989     -12.22419307622026352
-8.00878987078563753      3.53422092042151315
-8.04375611620763920     -13.95624388379233416
-11.95766084346296765      7.02885950798490367
13.95624388379242653     -13.95624388378897862
-2.97064103623023401      5.28774298262384157
-8.03785732981519452     -10.33864845798752796
 8.04375611620488229     10.49214226865063893
-4.04375611620762232     -13.95624388378235992
-9.95766151240541042      7.02722373008528489
-5.95624388379532821     10.49214226828622110
-13.95624388379233416      3.12637112617724489
-8.03785732981052448     -3.41044445603677016
-1.04375611620914266     -5.29598984593157773
-9.95624388379574121     10.49214226865022503
-3.95624388379234304     13.95624388378719694
 9.96258571445694407      3.36789488440754159
-0.04375611621210528     -10.49214226864150845
 2.95634208763458695      1.63227007864008811
13.09708707114968007      1.71351385390163458
 3.95624388379233594     -3.56393903836672932
-6.95624388419869621      8.76009146084841461
 1.95624388379238168     -13.95624388378766945
 2.04375611620467179     10.49214226839755426
-10.97064036728775349      5.28937953408098860
 4.95624388379000536     -8.76009146107914027
-0.00878987078571298      3.53422014874397394
10.04210106337715125      7.02708616205422043
-10.03785732981055467     -6.87454607117452543
13.95624388379079051     -10.49214226865185751
-11.03785732659330421     -1.67828025531988256
-9.95624388379243008     13.95624388379006398
12.03413537500121144      6.84876257608625050
-10.00878986769238210      3.53433215455554972
-5.04375611621459985     -12.22419307620622320
-13.95624388378242209     10.49050687713210017
 0.95624388416162798     -1.83188823057993933
 7.95624388379239100     -13.95624388379034642
-4.03785732981067369     -3.41044522771462866
11.95624388379233594     -3.56393903837534909
-9.03785732591493840      1.78582135981634837
 1.98531134284918664      3.38072633851096160
-6.03785732981067369     -3.41044522771128467
-2.04375611620766362     -3.56393903836183590
 2.95624388379086245     -5.29598984593490130
 3.02841247368377342      5.28720521022157097
 6.04210106337714592      7.02708616205416181
 7.02689060293377832      5.28634219386704096
-1.95766151240546527      7.02722295840770350
-4.97064103623028153      5.28774298450642455
 9.95624388379233594     -3.56393903837459369
 6.95624388379091485     -5.29598984594136013
 4.95624388416164496     -1.83188823058747796
-3.04375611621439424     -12.22419307620860351
10.95624388379093084     -8.76009146108266279
-5.95624388379235370     13.95624388378766945
10.04375611620496400     10.49214226829689345
 3.95624388378793590     -10.49214226864694055
-6.04375611620762410     -13.95624388378019987
-2.95624388379489433     12.22419307621678897
-4.04375611621227726     -10.49214226863842647
 4.95624388378637537     -12.22419307621681916
 9.95624388379222225     -7.02804065351303908
 7.95624388379222314     -7.02804065351228413
-12.03785732981504886     -10.33864767888956671
-11.95624455272399977     10.49214265484834208
-0.95624438289194102      8.75849149130037752
-4.04375611620777331     -7.02804065350062235
-6.00878987078578497      3.53422014874626678
-6.04375611621227904     -10.49214226863597688
11.96257239249212212      3.36059504318045077
-13.95624388379219383      6.95358779411678096
 1.02887986837671397      5.24396911055875670
10.04375611620770492     13.95624388379002845
 7.95624388379233594     -3.56393903837306647
12.95624388379067682     -12.22419307622073603
-0.04375611583538053     -0.09983742300933418
-9.03785732981213741     -5.14249526360472942
 6.04375611620769604     13.95624388379017233
 4.04375611620467179     10.49214226865049504
-11.06212064583423604      1.80465828440535092
 7.95624388416466477     -0.09983742302187376
 0.95624388378572944     -12.22419307621163576
 9.04375611585978412      8.76009146088246382
 5.95624388379238656     -13.95624388379001779
13.95624388379228797      7.40148210752418478
 6.04375611620475883     10.49214226864736510
-0.04375611620766354     -3.56393903835890136
 5.95624388379233594     -3.56393903836960879
-5.03785732980775869     -1.67839442014406726
 7.95624388378940939     -10.49214226865038491
 1.95624388379222514     -7.02804065350460494
 8.04210106337715125      7.02708616205058334
 3.97987964290105589      3.52802636033117611
 6.95624388379012348     -8.76009146108108716
 0.04228257245675218      7.01226777787921307
13.95624388379235725     -3.56393903837537795
-3.03785732947303577     -1.67839442034068576
-0.04375611620762011     -13.95624388378489655
-7.03785732981312062     -8.60659765041984848
-12.03195854341114668     -13.95624388379235370
11.10502093464474349      8.72251933983775984
-12.03785732659605401     -6.87443267802812219
-8.97064103623015718      5.28774375618190007
 2.95624388416163431     -1.83188823058429007
-9.03785732659313190     -1.67828025532316838
 5.02763963209778630      5.23161052468547094
 3.95624388416463102     -0.09983742301681188
-3.04375611620922459     -5.29598984593066202
-13.95624388379243364     -13.41115129643335635
 0.95634208763373207      1.63227007919327494
 6.95624388416169648     -1.83188823059028860
-13.71674330070244174     -11.42554321055648892
11.95625720556431126     -0.09984511416310037
-7.04375611621509279     -12.22419307620332773
 4.95624388379087311     -5.29598984593784383
-10.03785732625583549      0.05377055244284022
-10.03785732981519629     -10.33864845798424525
 9.95624388379018121     -10.49214226865121802
10.95624388419088291     -1.83188823057636996
 2.04375611620768360     13.95624388379015990
10.95624388379182079     -5.29598984594392963
 4.95631097545681776      1.64901655229046207
 9.95624388379240521     -13.95624388379074432
12.04375611620497999     10.49214226865058208
-10.03785732659605578     -3.41033106289036203
-4.95624388379493297     12.22419307621715490
 8.95624388416173112     -1.83188823059244488
-13.37477750973167723      5.03997946014742126
11.95624388379228797     -7.02804065351318652
 8.95624764499947190      1.63519933642458803
 0.04375611620768365     13.95624388378925040
-8.95624388420307227      8.76009146084609647
-11.95624388379247272     13.95624388379013503
-12.95765744741810721     12.22337695855785533
-0.97064103623021469      5.28774298450435776
12.95624388379232528     -5.29598984594429378
-12.03785732625586746      0.05377055244386973
13.95624388378938008     11.37110241471040339
 4.04216381138561509      7.01124355820234779
 3.04375569202855134      8.75878880143711314
-11.14782791817082064     -12.13844523054521751
 5.04375611620531750     12.22419307621909290
 1.04375611583972594      8.76009146087059598
 5.95624388416465678     -0.09983742270912403
-13.71667520580766642      1.14077125497239096
-10.95624455271733844      8.76009184728330759
 0.95624388378998038     -8.76009146107286263
-1.03775912620342980      1.78576388681494103
-6.97064103623029219      5.28774298450662350
 5.97396891753119341      3.37437752432775850
-3.03775912636491086      1.78576388867275715
13.95624388362305979     -0.09254527348765507
-8.95624388379506975     12.22419307621931672
-6.95624388379502356     12.22419307621843565
 3.04375611620529885     12.22419307621973417
 7.04375611584573580      8.76009146087106672
-13.95624388378914915     -0.84482861623318695
 7.96852231632912211      3.52187918311040393
-8.03785732625545712      0.05377055205079244
-12.03785732659635599     -3.41033106288857102
-13.95624388379023983     -9.43993512467936213
13.95624388379233416      3.51957298119961193
-2.03785732947005904      0.05365638722648469
-7.03775912651127111      1.78576466026629399
-10.95624388380193359     12.22419307621552775
-6.03785732946995513      0.05365715890437017
-1.04375611621002440     -8.76009146107142733
13.47385878478976551      5.46052754436186039
-13.95624388379149572     -2.84482861623336181
 2.04222713608492112      7.02715879578214686
-7.03785732981218626     -5.14249603527935051
 0.95624388379085767     -5.29598984593022681
 8.95624388379067149     -8.76009146108205705
 9.04375611620533348     12.22419307621938955
 7.04375611620533260     12.22419307621987272
-7.95766151240555697      7.02722295840996036
-9.03785732981800827     -12.07069926555478112
-5.03775912651076840      1.78576388859198198
 1.95624388416463102     -0.09983742251672927
-7.95624388379573588     10.49214226864995148
-5.03785732981217649     -5.14249603528263854
-4.95624388414440809      8.76009145911956821
 1.95624388379233616     -3.56393903836202863
-2.00878987078571702      3.53422014680448004
 2.95624388378572966     -12.22419307621461648
-2.95624388414169648      8.76009146087915269
-1.95624388379532821     10.49214226827492347
-11.03795550833601702     -8.60654019163511563
-7.95624388379237768     13.95624388378912073
-13.95624388379233061     13.95624311873726775
13.95624388379233416     -7.02804065351379137
 8.95624388378920244     -12.22419307621958318
-2.04375611620762099     -13.95624388378501024
 6.95624388378815528     -12.22419307621863993
 0.04375611620467179     10.49214226865019128
13.95624388379233061     13.37110241471046734
-8.03785732981070211     -6.87454684284909501
 5.04375611575415750      8.76009146082150636
 1.95624388378790059     -10.49214226864323507
-1.04375611621435160     -12.22419307621123608
-3.95624388379532821     10.49214226864802413
13.71021816522930692      9.38629226111710935
 4.04375611620768360     13.95624388378950798
11.04375611620539210     12.22419307621973239
12.04375611620770847     13.95624388379228975
