249    30.33035780133867831
14.16517890066732654     -3.77287405524174657
-5.96934907838256734      3.29494869509249710
 8.16517890066885599     -0.29825178089709481
 6.16590824741510524     14.13817301263197912
-8.96902647769004879      5.06292023407332081
-11.23264726229997734     -5.70636909920871727
 5.16517890066752017     -8.96902647795718089
 3.16517890066533392      4.94202072290815586
-0.83482109933262172     -5.50492486282149063
12.16517890066758234     -7.23697567038175915
 1.16517890066738183     -5.50492486282087778
 2.16517890066885288     -0.29825178090257937
 2.16627011328716934     14.13838188549172337
-8.83482109933337156     -8.96902647796081887
-8.99918784558935592     11.11404956717511538
 6.16517890066710006     -14.16517890066548979
-2.82565408861476275     -2.03556291807819800
10.16517890066728746     -3.77287405524405051
11.16517890066752905     -8.96902647795207564
-6.83482109933347814     -12.43312809309865763
 7.16517890066739760     -5.50492486281586135
 6.16517890066885599     -0.29825178089875143
-4.83482109933251447     -12.43312809309911060
-14.16517890066934093      6.06292023368815958
-2.83482109933251047     -12.43312809309789913
-10.16748289596827171     -4.01361250929473723
-0.83482109933120996      8.40612233804672648
14.16517890066934449     12.13817314562383487
 2.16517890066708629     -14.16517890066679008
10.16554357314426404     12.13817311237631102
-12.43312809309941258      3.06292023368816668
 7.20440050139685439      1.45585906722372682
 9.16517890066752727     -8.96902647795361396
 4.16517890066885599     -0.29825178090080506
-3.83482109933298609     -14.16517890066830176
14.16517890066774399      3.20996991535096621
-8.82559930920698044     -2.03553167712560690
14.16517890066531749      6.67407153048861890
-2.83482109933312731      8.40612233804495190
 8.16517890066393370      6.67407153048296387
10.16517890066771024      3.20996991534701648
-6.79552112493378146      1.47356467476639019
-6.83482109933262816     -5.50492486282225890
-9.83482109933373216     -14.16517890066728036
-3.83482109933262461     -10.70107728552908100
14.16517890066756280     -10.70107728552031823
-14.16517890066576868     -3.93707976631746170
-14.16517890066713292     14.16517890066651475
 8.16572590960619671     14.16517890066693752
 7.16517890066752106     -8.96902647795546137
11.16517890066740826     -5.50492486281290638
-2.83482109933249582     -8.96902647795997510
-4.83482109933262727     -5.50492486282226423
13.17434591138531630     -2.03556291806694611
 1.17434591138524591     -2.03556291807619649
-1.83482109933262305     -10.70107728552894599
14.16517890066892349     -0.29825178089232346
 2.16517890066752194     -7.23697567038967549
-5.83482109933334492     -14.16517890066751661
-1.83482109933231197      3.20996991533507758
-2.83482109933262549     -5.50492486282213633
-12.16517890066781504     -7.47565843208872938
14.16517890066758056     -14.16517890066134377
-2.83482109933526205      4.94202072290500194
14.16517890066933916     14.13817314562384198
-12.17940764058989522     -3.67487842631666206
-9.02205745109466228     13.15265421693999670
 8.16517890066710450     -14.16517890066518426
-3.83482109933616400      6.67407153047434498
 2.16517890066769025      3.20996991533790998
-7.97211611246859242      3.27865170130008687
 8.16517890066753083     -7.23697567038467504
11.16517890066545959      4.94202072291728101
 3.16517890066738206     -5.50492486281949134
 0.16517890066884564     -0.29825178090396515
 7.16517890066812235     -12.43312809309461819
12.16536123668230651     14.16517890066683627
 4.16517890066752372     -7.23697567038829170
13.16517890066557328      4.94202072291917105
-1.83410292150986920     10.13858758729800869
13.16517890066741003     -5.50492486281159277
 0.16644964135032606     14.16517890066693575
-10.70107728524316393      4.06292023368817556
13.16517890066752905     -8.96902647795090502
-10.82362805241892545     -2.12430746942786852
12.16517890066732654     -3.77287405524269204
 6.16517890065981522     10.13817314561860528
-7.22226962786861204      8.11455290163486609
-0.83482109933483184      4.94202072290542471
13.16517890066848828     -12.43312809309082390
 4.16536123839223205     10.16517903334390915
-5.83482109933262461     -10.70107728553027293
 5.17434591138526478     -2.03556291807255718
 8.16517890066728391     -3.77287405524544717
 0.16517890066708155     -14.16517890066691265
-14.16517671510512955     -14.16516969398715098
-3.83319679051365458     12.16517890066911889
12.16517890066887020     -0.29825178089380866
-12.43312809310048550      7.06292023368819599
14.16517890066758234     -7.23697567038087808
-14.16517890066831775      2.06292023368816002
 6.16517890066770224      3.20996991534262666
 3.16517890066751084     -8.96902647795856822
-10.74681649653921056     14.16517890066776353
10.16517890066755037     -7.23697567038313050
10.16517890066885954     -0.29825178089543031
 4.16609058522401288     14.16517890066692154
 0.16517890066768820      3.20996991533627529
-1.83482109933116111     -0.29825178090460874
 3.16517890066757346     -12.43312809309695943
 2.16517890066725860     -3.77287405525067721
-7.83482109933362825     -14.16517890066747576
-7.83482109933249937     -7.23697567039243950
 3.20440050139674337      1.45585906721930347
-13.23264726229998089     -5.70636909919888424
-11.83482109933937743     -10.70107728552515702
-5.83482109933616577      6.67407153046994228
10.16554357314425161     14.13817311237631280
-8.83482109933358295     -12.43312809309844980
 9.16517890066545959      4.94202072291496286
-12.43312809309942502      1.06292023368812361
-10.70107728553161941      8.06292023368821198
 6.16590824741512744     12.13817301263192938
-0.83482109933249504     -8.96902647795984720
 7.17434591138526656     -2.03556291807095802
-7.26713703802049782     10.11404956717504078
 4.16609058522404041     12.16517890066691621
 9.20440050139687216      1.45585906722564062
11.20440050139690946      1.45585906722753133
-8.97631824008473878      9.07544491741160542
-1.83482109933248827     -7.23697567039095624
 5.20440050139683930      1.45585906722151415
-12.43312809310048017     -0.93707976631187651
-9.83482109933393644     -10.70107728552939896
13.16517890066306862      8.40612233805651243
-14.16517890066934093     10.06292023368860633
 1.16517890066519447      4.94202072290659267
 7.16517890066188912      8.40612233805092401
 8.16572590960621447     12.16517890066691621
-12.43312809305534472      5.06292023368819599
-7.83482109932767834     -3.77287405525051689
12.16534493273645801     10.16513942900659728
 9.16517890066189445      8.40612233805303610
-3.83319679051369633     14.16517890066932317
-4.83482109934281734      4.94202072289722327
 4.16517890066726171     -3.77287405524893549
-14.16517890066829466      4.06292023368815958
-10.83482109933337689     -8.96902647795974062
-10.70107728548305381      6.06292023368819333
 1.16517886747945520      8.40653621962870901
-3.83482109933116488     -0.29825178090526167
 4.16517890066391683      6.67407153047847235
-6.82562661716009345     -2.02508031038511227
 9.17434591138527722     -2.03556291806951029
-8.93146902598915560      7.07569484717977826
 2.16517890066391150      6.67407153047621460
-10.70107728553054827      2.06292023368814492
-5.83482109933249760     -7.23697567039122269
-12.45599769860350037     13.12657425090155350
-14.16517890066933738      0.06292023368815999
-1.83482109933609028      6.67407153047436186
 4.16517890066769958      3.20996991534021303
 0.16517890066725727     -3.77287405525206720
 6.16517890066752905     -7.23697567038656775
12.16517890066744201     -10.70107728552133608
-0.82565408861475509     -2.03556291807756251
12.16517890066713470     -14.16517890066270979
-6.83482109933250115     -8.96902647796131980
-1.83337357458170080     14.13858745431129549
12.16517890066394436      6.67407153048712143
-1.83482109933292414     -14.16517890066707608
 0.16644964135036233     12.16517890066691265
-7.29729840565127574     14.16517890066934093
-14.16517890066933738      8.06292023368824040
 0.16517890066738034     -10.70107728552879678
 1.20440050139657062      1.45585906721739078
10.16517890066033125     10.13817314562281702
 1.16517890066749641     -12.43312809309762912
 6.16517890066392127      6.67407153048086776
 7.16517890066540719      4.94202072291284722
12.16536123668231539     12.16517890066677587
 5.16517890066183938      8.40612233804855613
-10.83482109933372861     -12.43312809309839650
 8.16517890066771024      3.20996991534478138
-8.83482109933264503     -5.50492486282363824
 0.16572029442307434     10.16517903360256447
 5.16517890066538854      4.94202072291043315
 0.16517890066751864     -7.23697567039028833
-1.83337357458166061     12.13858745431126884
 4.16517890066738250     -10.70107728552753557
-0.79559949860359391      1.45585906721585401
-11.83482109933376769     -14.16517890066725371
-5.55795583595690701     11.15265421693954551
-3.83410292150987164     10.13858758729735854
 8.16534994758169574     10.16517096758592764
-4.79559949860408175      1.45585906721425662
 2.16517890066738250     -10.70107728552815018
-2.79559949860406842      1.45585906721491476
-12.83482109933377835     -12.43312809309741240
-7.83482109933336979     -10.70107728552969562
-6.96934907844478335      5.02699950262547990
 9.16517890066812768     -12.43312809309287381
-7.29000664352577044     12.15265421693963255
-10.73123865315817582     12.11404956717536230
 2.16554076636060389     10.13838201847840281
10.16517890066394436      6.67407153048530244
-5.56524759808249758     13.16517890066917396
14.16517890066578111     10.13817314562382954
-4.82565408861476541     -2.03556291807884726
-1.83482109933274362     -3.77287405525267516
11.17434591138528077     -2.03556291806818912
 0.16517890066391011      6.67407153047502888
 5.16517890066792074     -12.43312809309613876
 3.16517890066183938      8.40612233804628950
-3.83482109933231508      3.20996991533440923
11.16517890066238650      8.40612233805512332
-14.16517890066797669     12.08796960113762964
10.16517890066740826     -10.70107728552279269
-0.83482109933250426     -12.43312809309776412
11.16517890066822360     -12.43312809309160194
-7.83466411228858295     -0.29827883556558976
-5.83474272566087571     -0.28054617335353466
 1.16517890066750640     -8.96902647795919528
-14.16517890066824314     -10.93976004722627238
-3.83482109933274407     -3.77287405525331954
-4.83482109933250115     -8.96902647796011721
-10.45357503659043985     -0.02276788955102100
13.20440050139700894      1.45585906722921288
 5.16517890066739405     -5.50492486281775673
-12.43312809310051392      9.06292023368833455
 6.16517890066727148     -3.77287405524704411
 2.16627011328720132     12.13838188549167185
-5.83482109933040771     -3.77287057411569027
-14.16517890066644547     -1.93707976631721168
 4.16517890066709473     -14.16517890066613461
-8.79544251156148249      1.45583201255396189
 8.16517890066738872     -10.70107728552441451
-9.90128671427953400     -7.20021559532728173
 6.16517890066738250     -10.70107728552616067
-5.16585030438327220      8.58083194956356543
12.16517890066772445      3.20996991534903975
-12.44041985522243365     11.07544491741195536
-13.16517890067388663     -9.20770923965410404
 3.17434591138524702     -2.03556291807445566
-10.70836904765359776     10.07544491741167647
 9.16517890066739938     -5.50492486281427418
-3.83482109933249182     -7.23697567039109479
-14.16517890066782037     -7.47565843207896297
10.16517890066712404     -14.16517890066526242
