250    30.41381010919999994
12.87366044285883859     12.42833973540052916
-5.33377853930011536     -9.01075263188655384
-6.20690505459322139      7.27870182431761137
-7.20690505459398967      2.08254940161093627
-4.33377853929948653     -10.74280343945573080
-2.33377853929944790     -14.20690505459353759
 7.79128356332491023      7.19360042867858329
-1.20690505459307573      9.01075263188656272
 6.66622146069988109     -5.54665101674424310
-7.20690505459403585     -1.38155221352688984
-12.20690505459326225     10.74280343945579652
12.27940686591535346     10.40106565648735604
 8.79128356324781990      5.46154962106518127
-8.33377853929944656     -14.20690505459364061
 5.50984001232150700     -3.73328184877328528
12.04284742053550694     -0.02821169040093300
-7.33377853930011625     -5.54665101674874172
 9.62283300300481237      3.29648113390049158
-14.20690505459383779     -13.50590786650993458
-9.20690505459405983     -1.38155221352682189
-10.20690505459342212      7.27870182431791779
-5.20690505459291231     12.47485424702455425
-4.20690505459301267     10.74280343945559757
 6.66622146070083144     -12.47485424702434642
-9.33377853929947321     -12.47485424702476386
-3.33377853929965440     -2.08254940161057345
 8.66622146069988020     -5.54665101674725669
-9.20690505459401010      2.08254940161095758
 9.50944066268058741     -3.69331637512629563
 4.79309494540670400      5.54665101674844685
10.50944066268323418     -1.96126556755894677
-8.33377853930003276     -7.27870182431766732
 5.66622146070054988     -14.20690505459341857
 5.79309494547498893      7.27870182427790091
-14.20690505459341324     10.74280343945576632
-14.20690505459431208     -6.57770463623393198
-0.33377853929968204     -0.35049859404161293
-10.20690505459285369     14.20690505459340258
-4.20690505459321074      7.27870182431747104
-11.20690505459401187      2.08254940161097002
 8.52165660495104582      1.50983171877350886
 9.90270812265408829      7.12568212851267990
14.19139756630890581     -13.98745131271752484
-6.20690505459301267     10.74280343945538263
 3.66622146070055033     -14.20690505459354114
-0.33377853929972739     -3.81460020917946041
 0.79309494540692937      9.01075263188649345
-1.33377853930011647     -9.01075263188647391
 8.66622146069988020     -9.01075263188568876
 9.87601968190920765     10.79340427302253680
-13.20690505459316810     12.47485424702473011
-14.20690505459370456      3.81460020918010212
-2.33377853929944656     -10.74280343945573790
 4.79309494540693315      9.01075263188620390
12.47570928362382858      1.93606889332439147
-9.20690505459329245      9.01075263188679365
-10.33377853929954426     -10.74280343945586935
-3.33377853929942125     -12.47485424702464485
-13.20690505459343100      9.01075263188684339
14.20690505459424813      2.93754840014129481
 4.57634924800952003      1.97435221027992269
-14.20690505459423392     -3.11360302109577480
-6.20690505459401809      0.35049859404201900
-1.33377853929941570     -12.47485424702464663
 4.66622146069988109     -5.54665101674759953
12.46312024460112866      3.93603318826465198
-9.20690505459293895     12.47485424702446899
-2.33377853929877910      3.11360302109708043
11.95894441841509348     14.20690505459250019
-2.20690505459298913     10.74280343945549632
 3.79309494540682035      7.27870182431739110
 2.79309494540693226      9.01075263188636910
 9.66622146070499255     -14.20690505459249842
 7.79309494540720848     14.20690505459376851
 8.79128356324761384      8.92565123629213630
 0.57634924800946707      1.97435221028010610
-5.20690505459393815      2.08254940161086521
 8.50944066268264621     -1.96126556755622383
-12.20690505459407404      0.35049859404211653
-0.20690505459320865      7.27870182431759449
 2.66622146069988153     -5.54665101674849659
-1.20690505459291231     12.47485424702433932
-8.20690505459301889     10.74280343945554073
 3.66622146070060451     -10.74280343945555138
 8.66622146070111832     -12.47485424702578527
14.20690505459390707     -5.16192156372300648
 6.57634924800952092      1.97435221027975083
-8.20690505459402253      0.35049859404205547
 2.66622146070071775     -12.47485424702453827
-2.33377853929973078     -3.81460020917951059
10.66622146070488419     -12.47485424702353640
12.66622146070491439     -12.47485424702344936
 6.79309494540693404      9.01075263188608488
-0.20690505459298217     10.74280343945542171
-12.33377853929948920     -14.20690505459371877
 1.79309494540679948      7.27870182431753943
-4.33377853929944745     -14.20690505459355002
 5.57634924801044018      3.70640301784916115
14.20690505459397812     -9.19959189616205109
 6.79128356324758720      5.46154962115432774
-6.20690505459361042      3.81460020917993692
-14.20690505459395325     -10.04180625137210292
-8.20690505459404740     -3.11360302109576637
 5.79309494540720671     10.74280343945511973
-3.33377853930011581     -9.01075263188648634
-10.20690505459411668     -3.11360302109566645
-11.20690505459432096     -4.84565382866474437
-7.20690505459293451     12.47485424702437129
10.78932615799424077      9.01411472920418966
 7.66622146070054988     -14.20690505459433517
 9.70355988802152680     -7.25670458542621333
 5.66622146070043087     -7.27870182431620982
-5.33377853929969969     -2.08254940161062674
10.66622146069987842     -9.01075263188731412
 1.57634924800930865      0.24230140271113615
14.20690505459235808     10.93754840014144136
-10.33377853929946966     -14.20690505459364417
14.20690505459387865     -3.16192156372300603
-3.33377853929954826      1.38155221352727708
-5.20690505459332620      5.54665101674865380
 3.57634924800930865      0.24230140271099029
14.20690505418391325      8.93754840014137386
 1.66622146070002253     -7.27870182431746393
14.20690505459380404     -1.06541061349316113
-9.20690505459351449      5.54665101674897532
 4.66622146070083144     -12.47485424702430024
12.48586615204881589     -8.18075672994223346
-9.20690505459432096     -4.84565382866466177
 7.66622146070089361     -10.74280343945547322
-1.33377853929963908     -2.08254940161052993
 1.66622146070027255     -3.81460020917939335
-3.20690505459309394      9.01075263188666931
-2.33377853929968193     -0.35049859404167732
-7.20690505459351449      5.54665101674888650
14.20690505459386088      0.93458938650684698
 0.79309494540668035      5.54665101674864225
-12.20690505459366193      3.81460020918005771
 3.79309494540714764     10.74280343945522276
 9.52165660495085220     -0.22221908879831584
-4.20690505459282615     14.20690505459339548
-14.20690505459323205     14.20690505459357311
14.17980641243451778     14.17181533742262012
-5.33377853930011625     -5.54665101674869909
-9.33377853930011447     -9.01075263188665154
-4.20690505459356601      3.81460020917960696
 1.79309494540718917     14.20690505459309350
-12.20690505459306152     14.20690505459362463
10.52165660495104760      1.50983171877044864
-6.33377853929950785     -10.74280343945578409
-4.33377853930003276     -7.27870182431756074
 7.80124584408323773     10.73807909969025509
14.20690505459392838      6.93754840014137120
-4.33377853929968193     -0.35049859404171141
 5.66622146070087673     -10.74280343945499183
-13.20690505459383424     -11.77385705894104539
-12.20690505459376496     -10.04180625137182226
-13.20690505459439201     -8.30975544380290643
14.20690505459434405     -7.16192156372303934
-7.33377853930011536     -9.01075263188661246
-1.20690505459331954      5.54665101674878080
 9.79309494543779202     14.20690505458988184
 3.79309494540719072     14.20690505459306685
12.50362572961757657     -2.11366608860815042
 0.66622146069988275     -9.01075263188646502
 0.79309494540710967     12.47485424702424694
-3.33377853930011669     -5.54665101674862537
 6.50984001232356846     -2.00123104119983308
-10.20690505459427477     -6.57770463623360691
14.20690505459293540      4.93754840014132501
-6.33377853929944656     -14.20690505459356245
12.22666225130174311     -4.09549827795072385
-14.20690505459346653      7.27870182431798085
-0.33377853929944845     -14.20690505459354824
-10.20690505459325514     10.74280343945570237
-11.20690505459353048      5.54665101674901173
 1.66622146070055099     -14.20690505459359265
 2.66622146069988197     -9.01075263188643127
-13.20690505459403852      2.08254940161102509
 7.65578628278203333      3.65804330070030481
 4.66622146069988109     -9.01075263188625009
 1.66622146070057542     -10.74280343945570948
-1.33377853930011736     -5.54665101674861472
 1.57634924801033560      3.70640301784934323
-0.42365075198967772      3.70640301784947956
-2.20690505459320940      7.27870182431772328
 0.66622146069988208     -5.54665101674857119
-8.20690505459341502      7.27870182431783874
-7.20690505459312725      9.01075263188656450
 2.57634924800944409     -1.48974940485796536
 1.79309494540705883     10.74280343945533467
-13.20690505459438846     -4.84565382866480210
12.47485424642078300      7.93754839909481369
-3.20690505459291231     12.47485424702441925
-8.33377853929953183     -10.74280343945584981
-0.20690505459281230     14.20690505459322139
-7.33377853929947143     -12.47485424702469992
-12.20690505459342212      7.27870182431796753
-3.20690505459332620      5.54665101674836158
-6.20690505459283770     14.20690505459348785
-5.20690505459310149      9.01075263188643838
 5.79309494540719250     14.20690505459300468
-11.20690505459315389     12.47485424702468215
 0.66622146070036070     -2.08254940161046553
 3.66622146070039490     -7.27870182431707669
14.20690505459291764     -11.19959189616206885
-12.20690505459431030     -6.57770463623365664
-2.20690505459281772     14.20690505459330488
10.87601968192843138     12.52545508058034329
12.22322369181836699     -10.48334975288004323
10.65476612149964097     -5.33289851499636747
-12.20690505459412023     -3.11360302109574372
-4.33377853929973256     -3.81460020917952347
12.47485424641978469      5.93754839909469290
-14.20690505459411312      0.35049859404209877
 3.57634924800934462     -3.22180021242690406
-10.20690505459402253      0.35049859404208161
-6.33377853929973256     -3.81460020917955500
-8.20690505459283770     14.20690505459335462
 8.79309494540771830     12.47485424702516710
-11.20690505459334041      9.01075263188687003
-11.20690505459409891     -1.38155221352677748
10.72821450176484781      4.96325398651090577
-8.20690505459362818      3.81460020918002263
-0.33377853929944518     -10.74280343945573968
 7.50984001232150877     -3.73328184876993552
 0.66622146070064092     -12.47485424702462886
 2.79309494540722802     12.47485424702416523
-1.33377853929954826      1.38155221352734170
 5.57634924800930865      0.24230140271092132
 7.52165660495084598     -0.22221908879525715
11.66622146070499255     -14.20690505459253572
 6.66622146069988020     -9.01075263188544717
-5.33377853929944745     -12.47485424702467149
-11.20690505459436181     -8.30975544380259379
12.47485424702525236     -6.16192156372340172
 9.66622146070104016     -10.74280343945686234
 3.57634924801035270      3.70640301784928683
 6.79309494540771830     12.47485424702370338
-2.33377853930003276     -7.27870182431754298
-13.20690505459412734     -1.38155221352679969
 2.57634924800948362      1.97435221027996999
-6.33377853930003276     -7.27870182431762647
 2.79309494540668979      5.54665101674858896
 7.66622146070044685     -7.27870182431647628
-13.20690505459354647      5.54665101674900818
 4.79309494540727421     12.47485424702404089
 4.57634924801009202     -1.48974940485841501
-11.33377853929949630     -12.47485424702477630
-0.33377853930000312     -7.27870182431752166
-10.20690505459363173      3.81460020918005682
