257    30.81843365499999976
12.73150476209323045     14.40921680058581167
-14.40921680055491194     -12.40108652775836084
-9.21306438097163571     -7.40108651265898576
-14.40921680058566601     -6.40108650730233730
12.67716599299592239     -10.94949737081911856
-6.36623033217268564      5.30919193929146704
 9.21306437787928623      6.32051008231711720
-14.40921680058842114     14.40921680058876575
 4.02163314004358430     -0.68762303132378588
11.51385519684552783     -7.32262675783517558
14.40921680053781451      7.32051008227801869
 2.33919991733712518     12.40921680057052612
-4.01691194950444785     -6.40108651908255055
-9.26603330890373300      0.68550635661601245
-2.28958067623837280     -9.40921679343452233
12.67716599302420732     -5.69575614481945625
-13.34742359521126431     12.71434359323226460
-2.33783007952222466     -5.31449364490197684
-9.26603330892138288     -1.31449364338408414
 6.31760433910776786     -10.32270958037484831
-1.12498062562636503     14.40921680050502651
 5.75368394757855750      2.31237696873746890
 7.48101357029908431      5.32051008233671840
-2.33783007863521952      0.68550635602155319
-5.74896275700156600     -5.40108651770520698
 6.31770277400187297     -8.32262675749077019
-5.80193169394123043     -1.31449364368758426
-12.67716599301695446     -1.40108650730175821
 6.32242395867927254     -6.31449364443941263
-9.21306438388650584     -11.40108651770768056
-8.06060356985425130     12.42195899867277653
-5.80193169373889184      0.68550635653849690
10.94511518555395924      9.32051008271959525
10.94511518577796849     11.32051008289496608
-9.26603330890397281      2.68550635661601822
-14.40920930841752856     -14.40920899307390357
 2.28958233264810040      4.31237696909652080
 4.59037315107087807     -7.31449364438260297
-0.60577927149940991     -2.31449364427136484
 9.21306437783250765      2.32051008226605360
 5.75368394758917479     -1.68762303136411917
 9.26740314728553649     12.40921680001395444
 8.04970296218421488     -11.32262675691333165
 4.01691195535088230      7.32051008315681084
-1.12490169858730193     10.40921680193296694
 9.21306437805447587      8.32051008259905878
 4.59037315114336408     -5.31449364438224858
-7.53398250132644165      3.68550635660105508
-12.67716599301666669     -5.40108650730211703
 2.85832234386354544     -2.31449364433861415
10.94511518538271844      1.32051008223058242
 1.12627153603075025     -3.31449364433845739
-2.28486114413199948     -7.40108652298381831
 5.80330153215566202     10.40921680000014682
 0.55753152510667858      3.31237696904870837
 1.17919528226576609     -9.40116642606283293
-12.67716599301755664     -3.40108650730210904
-12.67716599301004976      6.77209922051938218
-2.86292676335732965     13.41949803557632315
 0.60714910871515326      9.40921680146974104
 4.02163314004908479      3.31237696880572008
 9.78180438930755791     -6.32262675778160155
11.51385519677279490     -9.32262675783517736
10.46276925546060532     -14.40921680058842469
-5.75185952091844932      2.76926037327944519
-0.60577927123415976     -0.31449364426919174
-7.48573310080589849     -14.40921680057260268
 4.02163314003677730      1.31237696868900655
-4.06988088654003466     -2.31449364397802748
 0.60714910860058502      7.40921680146969219
-6.31633224005537652      7.40108489173710105
-10.94511536209673253     -12.40108682428188303
-7.48101357018211299     -6.40108651747994717
-14.40921680058618826     -2.40108650730168049
-10.99808411647327766      1.68550635661667680
 4.07125072463948445     11.40921680010881722
-2.33783007893503836     -1.31449364404055968
-10.94511518841922992     -8.40108651289025410
 8.46278001533524815     -14.40265425579199565
-9.78043385519371888      9.40108489173613293
 7.48101357025871749      3.32051008227545097
-12.28563038983399736     14.40921680058915300
 9.26740314715180702     14.40921680056202092
 2.90657514071508682     -10.40922269712247505
-9.78043383126383858     11.40108489173634254
14.40921680058939991     -2.69575614470568237
 1.17452325837913718     -11.40922083556899125
 8.04975358160689858     -7.32262675755338055
-2.90657008985776422      3.31237696932427506
12.67716599299022562      0.32051008222570537
-2.85223132078746877      5.40108368645604120
-1.17451928229599090      4.31237696933669934
-10.99808411648982975     -0.31449364338333835
12.68188717786564368     -1.68762303124248092
 6.32242395894482634     -4.31449364443657846
 2.85832234359956017     -4.31449364433875893
 7.48101357064775030      9.32051008288163807
 0.55753152524538863      5.31237696938432791
 7.53535233979476526     13.40921680016639250
 7.48573475512496600     -2.68762303142142756
 9.21778556269516613      0.31237696870084347
12.67716599296696600      2.32051008222690536
 9.21778556274149352     -1.68762303131444780
11.57383344465481301     -12.61762724818811776
-12.67716599301086156      2.77209922051890745
 7.48573475514715003      1.31237696873697596
-2.28958068585869956     -13.40921680143846650
-7.53398250151903071     -2.31449364367251498
 6.46279078122844464     -14.40921679865340543
-12.67716599614260176     -9.40108651271533624
-8.04531220870495467      6.39578480320181164
 9.21778556275387295     -3.68762303131745561
-0.55752987735981852     -14.40921680058817600
 7.48573475515174724     -0.68762303135052916
-9.21306437486948937     -3.40108651250011151
 5.80330153210048394     12.40921680030175267
-14.40921680058884924      1.77209922053033897
-8.28600652793321224     14.40921679362700125
-12.67716599288998403     -7.40108650752231068
-12.67716620727036769     -13.40108689893359717
-11.70069624958444265     10.67306107240878710
 2.85832234352722514     -6.31449364433877491
10.94511518541267492      5.32051008225503974
10.94511518548624629     -4.69575614476589287
 4.07125072456281156      9.40921680004166916
 4.68711016304087380     -13.48891340089804913
 1.12627153595849738     -5.31449364433851024
-7.48101357584311000     -10.40108651852512622
-2.85707762438023227      9.40943354436978474
-1.17451928245514825      2.31237696903630319
-10.94511518544795692     -6.40108650730251671
-4.06988088668221781     -4.31449364419376646
 6.37195658634045170     -12.41128056458420659
-8.04828112543824581     10.40126140546433753
-5.80193169411780740     -3.31449364396290047
-10.94511518544846318     -2.40108650730246831
-4.58428143251392939      8.40108489178474649
 5.80330153246705649     14.40921680058417920
-2.85223132079052188      7.40108368654600746
-0.60577927161922507     -6.31449364432326021
 2.91142954630249928     -14.40921680058498033
-4.02163148680753224     -10.40921678827159980
 2.28958233247499576      0.31237696867671350
-6.31633223987237979      9.40108489214921761
-11.50941382384344536      8.39578480320055931
-7.53398250131625336      1.68550635660105286
-12.67716599300969094      4.77209922051933511
12.67716599314186077     12.32051008325053942
10.00713409156108114     -10.65425691153210330
14.40921680054574949     -11.94949737085923402
 9.78180438923481255     -8.32262675778165750
 2.33919991693763230     10.40921680033846108
10.94983637032280299     -2.68762303129298319
 8.04975358153438414     -9.32262675755389481
-7.48101357618674889     -8.40108651748099966
 5.74896276307183207      8.32051008289372795
-1.12018051324608914      6.40108368650366799
10.94511518540796047      3.32051008225481725
-5.75368229389107988     -11.40921678911225001
 1.12627153629474352     -1.31449364433842919
10.99945395464020059     13.40921680038509578
-11.34872373875833063     12.64224030748851746
 4.07125072467875082     13.40921680096415969
14.40921680057683396     -0.67948991775773027
-8.04838304741575605      8.40108489209826281
 7.48101357047777427      7.32051008261127745
-14.40921680058590404     -0.40108650730145978
-2.85707762373776442     11.40943354436986468
-14.40921680058648491     -4.40108650730231599
-14.40921680053298815     -10.40108651822119512
 2.28958233250767051      2.31237696875790411
12.67716599299033575      6.32051008224016986
-4.58912843174720564     10.40943354493039585
-4.06988088603782394      1.68550635630954693
14.40921680058755605     -13.94949737085928732
12.67716599318798565     10.32051008261899661
14.40921680058634813     13.32051008346607013
10.94511518545686357      7.32051008230212830
14.40921680058465348      9.32051008231992029
-4.01691195601559059     -8.40108651916274063
 4.63985795914864774     -11.41136337506887344
-14.40921680058524501      3.77209922053033919
 2.28486114710699217      6.32051008432549732
 4.01691195503731446      5.32051008313390916
-14.40921680058904109     11.01947038587615424
 5.74896276244732718      4.32051008282666693
-4.58428212833504745      6.40108368649297521
-4.58428212834921300      4.40108368644365910
-4.61857212375470816     14.40921680050786513
14.40921680054938925      1.32051008224255950
14.40921680055185305     11.32051008297531602
 0.60714910924132381     11.40921680148315787
12.67716599304832314     -3.69575614475411118
 2.33919991646740355     14.40921680057056875
-4.02163149391844765     -14.40921680058827015
-9.21306438362796420     -9.40108651770338710
-5.74896276274320606     -7.40108651770522119
-14.40921680058853838      7.77209922053035740
14.40921680055655685      3.32051008224274424
 4.58562666135012886     -9.32258292652080378
 0.55753152494586933      1.31237696874556264
 9.21306437783170118      4.32051008226912980
-5.74896276874733747     -9.40108651770524517
-13.24146463141065944      9.39578480320344056
-10.94511519133762256     -10.40108651750275470
 2.90657299292473148     -12.40922269712135062
-10.94983470999550867     -14.40921680055249787
-9.21778390539496506     -13.40921679541106215
-6.45228932411972256     13.61079258383792734
12.67716599295767743      8.32051008242032353
12.46276925546067993     -14.40921680058761822
 9.57383344465480057     -12.61762724818892067
-0.55752987878074400     -12.40921680058816179
-10.94511518544050865     -4.40108650730251316
 5.75368394760540358      0.31237696868851295
 2.85827145820067230     -8.31449364369288624
-14.40921680058640320     -8.40108650730239148
14.40921680058843890     -6.69575614482750314
-4.02163148930241476     -12.40921679427651725
-10.94511518544068096      3.77209922051950963
-9.21306437786227050      4.77209922050714841
 4.59037315140874913     -3.31449364437961957
 2.33919991684296402      8.40921680030315777
-0.55752521969380142     -10.40921680054217902
 8.05447476656559047     -5.31449364434680849
-12.73013492405869407      0.68550635661672976
-6.32845086862093620     11.42213548578183158
 0.60710964593605365     13.40928515506819707
-14.40921680058534449      5.77209922053034852
-9.77736301608782199      7.39578480352399925
-7.53398250134369096     -0.31449364339929664
14.40921680058682774     -4.69575614480861070
 9.21306437814754631     10.32051008300145334
 1.12155200442936520     -7.32262392498365067
14.40921680056790066      5.32051008224625654
14.40921680058823462     -9.94949737085920916
-4.06988088633619949     -0.31449364374996014
 1.17548627064280664     -13.41089068604735246
-10.28581845885827128     14.38178965529012565
-4.58912843093496470     12.40943354501385265
-7.48101356443708543     -4.40108651747414292
-1.12490169896619485      8.40921680161038587
-5.75368229735760828     -13.40921679343530393
-0.60577927159169420     -4.31449364430612636
 7.53535233963521467     11.40921680015496875
-12.67716599572689695     -11.40108652301030645
-2.28958068221948663     -11.40921679343455253
-2.33783007910441576     -3.31449364420885395
13.24590600440967769     -8.32262675784338768
-1.12490169801910067     12.40921680206178657
10.94983637028314227     -0.68762303126607827
-9.21306437487709040     -5.40108651250129412
12.67716599298567992      4.32051008224007305
-0.55752986456283127     -8.40921680054689169
 5.74896276278365903      6.32051008282675042
-7.48573310194636754     -12.40921678827358399
-10.94511518528725880      5.77209922075739801
