263    31.13522139813440859
-0.72344537967495992     -4.84692113397710234
-5.90735666122033631      8.17413286534406680
-7.65164860994138341     -2.84692113397207880
 5.90735666122010450      3.54655669975631094
-4.17530585366217011      5.17413286532576766
12.83555989149548893      1.54655669975571253
14.56761069906425199     10.54655669975739229
-4.17530585365218609      7.17413286534280736
-6.20475785061261753     12.56761069906421291
 8.54686809313819928     -11.13199541992578467
11.10350908392684133      4.54655669975589660
14.56761069906444739     -1.45344330024434099
11.10350908392698166      6.54655669975589660
 8.59466010069359854     -14.56761069906720429
 0.72344537966256872     14.56761069906458239
11.59466010173040473     -12.83555989085770044
-6.53859482418309490     -12.57703982790808972
14.56761069906452910      2.54655669975574739
 1.00860542790655972      4.15307886603764320
-9.66885946575044031     12.56761069906442607
-4.54733895447854142     -12.83306835856133077
-0.72344537968215761     -6.84692113400033175
14.56761069906461969      8.54655669975614884
-12.83555989147333598     -7.86797513333222742
 2.45549618723060314     11.56761069906220740
-2.45549618723214591      0.15307886603684542
 2.74065623547440529     -2.84692113396330182
-14.56761069906123396     -0.82586713471098960
-12.83555989149611243      6.17413286534497718
-0.71732480908808482      5.16360586569060143
 6.20475785061224272     -4.84692113396316859
 9.38369941749630421     13.56761069904882078
-1.00860542790630836     11.56761069906343486
 4.49907608552904481     -14.56761069906648487
-1.00860542791682484      7.56761069904570949
14.56761069906469430      6.54655669975583354
11.40091027331911988     -3.84692113396376856
-12.83555989149541610     10.17413286534508110
-9.37145827634836337     -9.86797513336431287
-11.10350908392647007     11.17413286534497630
-11.10962965450046980     -0.83639413431130294
-0.72344537966260447      3.15307886603739407
14.56761069906437100      0.54655669975568510
-11.51345751114726212     -14.56761069904054651
-7.63940746879012256      5.17413286534300987
 4.18754699479018111     10.56761069904588268
-11.11575022506035282     -2.84692113400872682
11.10350908392655001      0.54655669975581078
-4.18754699480663817     -2.84692113396656499
 0.71732480908795893      6.55708369941006453
-7.63940746880042454      3.17413286532557226
 2.49907608552904303     -14.56761069906421113
-14.56761069906719896      3.17413286534687078
11.10350908392742397     -8.24039896768240965
 9.59466010173014716     -12.83555989089006033
-9.51345751114725857     -14.56761069905883410
 2.74065623547496884      3.15307886603683318
 6.20475785061263085     -0.84692113396316604
-14.56761069906520589     11.17413286534692141
 1.00860542789778873     -5.84692113397040192
 1.00860542794922270     -9.84692113397045787
-9.37145827635914763      4.17413286534315997
 7.54686809311267037     -12.86404622748136894
-10.58070831386782018     -12.79843605108160176
-1.00860542790610208     13.56761069906419337
12.83555989149586196      7.54655669975591170
-2.45549618723911456     -3.84692113396891555
11.40091027331929396     -1.84692113396372282
-11.10350908392699232      7.17413286534455974
 7.65164860993615736     14.56761069906417383
 7.65164860992761842     12.56761069904686856
14.56761069906720252     -4.24039896768019187
 2.44325504608285415      5.54655669975742427
12.83555989149579268      5.54655669975576782
 1.00860542790212881     -1.84692113396918689
-14.56761069906258754     -10.86797513329838161
 4.47270704303983102     -7.84692113396298296
 9.66885946575027866     -2.84692113396351276
-7.52823427132594958     -14.32494078317820296
 0.72344537966180322     10.56761069906206174
13.13296108088826308     -2.84692113396369573
 2.74065623547415438     -4.84692113396335333
11.10350908392920211     -6.24039896767976821
12.84168046206541192     13.55708369941828373
-11.10350908392816471      3.17413286534321859
11.10962965450071316     12.55708369941102376
 0.72344537966250633     12.56761069906366579
-7.63940746877202415     -10.86797513335220167
-0.71732480906871021     -10.85744813358364347
12.59466010069359854     -14.56761069906543860
 2.45549618723116136     13.56761069906407791
-9.38369941748820757     -3.84692113401034907
-11.40091027331916074     13.56761069906469963
12.83555989149535570     -0.45344330024431689
-14.56761069906477957     -2.84692113396338664
-9.66885946575006194     14.56761069906481687
12.83555989149801846     11.54655669976258459
-2.74065623547521309     10.56761069906334782
-9.37145827633767503     -7.86797513332937015
 7.93680865818101378     -5.84692113396335422
11.10350908392706870      8.54655669975628740
-9.38369941751145120     -1.84692113397398638
 4.47270704304395217      2.15307886603701615
 2.87369476138131708     -9.06044373939960579
 7.63940746878896082      2.54655669975611643
-5.91959780237466049     -3.84692113397582558
 2.74065623547459269     -0.84692113396329327
 9.37145827635819550      7.54655669975624743
 0.72344537965237488      8.56761069904571215
-7.64552803936397218      1.16360586569114677
-12.84168046207570235     -3.85744813362633021
 1.49243711207257301     -12.81063049672418153
-4.47270704304389355     11.56761069906371553
-14.56761069906580275      1.17413286534031247
-11.10350908392667613      9.17413286534483774
10.59466010069359854     -14.56761069905879857
 3.49907608552905591     -12.83555989149525267
 1.00860542790402574     -7.84692113397045610
 6.54686809311189144     -11.13199541991294161
-0.72344537966311973      1.15307886603677789
 7.63940746878920862      6.54655669975618526
14.56761069906585071     -6.24039896768236702
-6.20475785061296836     10.56761069906389672
-12.83555989149568610      8.17413286534506511
 4.47270704304325051     -5.84692113396298296
-2.74065623547614479      8.56761069906226602
 7.64552803936370040     10.55708369940972524
12.83555989145455278     -9.24039896775473046
 5.91959780236785438     13.56761069906313821
 9.37757884693244748     11.55708369940996327
 5.90735666122125824      7.54655669975783994
12.83555989149664001     -7.24039896768232705
-14.56761069905937234     -6.86797513329582543
 2.45549618722133989      9.56761069904578143
 0.49907608552902311     -14.56761069906447403
-5.91347723181417795     -7.85744813365088390
 5.91223894861680055     -9.23535474520478061
 5.49907608552906080     -12.83555989149761167
-9.37145827635803563      8.17413286534442207
 7.63940746878905852      4.54655669975617815
-12.83555989147306065     -9.86797513333362097
-2.74065623547471704     14.56761069906466943
-12.83555989147454923     -5.86797513332258713
-7.63940746878904253      9.17413286534437766
-6.20475785061227025     14.56761069906477601
 4.58701451471537691     -10.73328004367477284
 9.37145827635789175      3.54655669975602272
-1.00860542790711016      9.56761069906200312
14.56761069906720074     -14.23979072350374686
 4.47270704304381361      0.15307886603701623
-14.56761069906505135     13.17413286534706174
11.10350908392870117     10.54655669975967847
-4.18142642422601440      3.16360586569081148
12.83555989149827603     -5.24039896768010660
-5.90735666122116676      6.17413286534288464
-11.10350908390735825     -6.86797513332717458
14.56761069906470318      4.54655669975578913
-5.54301103150491947     -14.56761069906096040
-14.56761069906126593     -4.86797513329489728
 9.37145827636019035     -7.24039896767953639
-2.45549618723175334      2.15307886603719911
-2.44937561753685396     -9.85744813514119755
-7.93680865818169679     11.56761069906415429
-14.56761069906279005     -8.86797513329662479
11.10350908392669034      2.54655669975585486
 4.18754699479924053     12.56761069906266748
 1.00860542790598173      2.15307886603688425
 7.63940746879049382      8.54655669975833199
-9.37145827635830564      6.17413286534421246
-5.91959780237434874     -1.84692113396454372
 1.00860542790179109     -3.84692113396939117
 9.66885946575001043     -4.84692113396356117
-14.56761069906072947     -12.86797513329838871
-4.17530585360410278     -10.86797513638233070
 6.22933229079309214     -6.88974541697326526
-1.54302350084320472     -14.56761069906389494
 5.91347723179485829      9.55708369940961511
-13.13296108088771241     14.56761069906534267
 9.43192038043706660     -9.33848421317276411
-9.37757884693458799      0.16360586569397412
 9.37145827635941409      9.54655669975844923
 4.47270704304346811     -3.84692113396298296
-2.45549618724836183     -5.84692113399568036
-5.90735666123130265      4.17413286532559002
-11.10350908394043756      1.17413286532779870
-12.83555989150864995      0.17413286531861766
14.56761069906312578     12.54655669976925303
14.53273383183769596     -12.24009484559322480
-12.84168046205170377     -1.83639413434189502
-12.83555989149677501      4.17413286534496830
 4.47270704304364841     -1.84692113396298341
 7.93680865818124381     -3.84692113396334712
-7.93680865818120829     13.56761069906475647
-0.52197370765660445     -12.84788475582944933
-9.37145827636947715      2.17413286532556205
 6.49907608552972782     -14.56761069906610651
-0.72344538051850049     -8.84692113552730319
-2.74065623547491954     12.56761069906399797
 4.17530585365220741      6.54655669975777510
-2.44325504609319877      6.17413286532567795
-7.65164860994562446     -0.84692113396869695
-4.18142642424731559     -8.85744813365437800
-2.45549618722934371     -7.84692113404113645
-5.91347723179499063      2.16360586569097446
 7.69986957286986495     -8.33848421316985977
-7.65164860992105567     -4.84692113401476909
11.11575022506007038     14.56761069905851436
10.78272641320152481     -10.94411259751518095
14.56761069906533379     -8.24039896768265656
-11.10350908391768066     -10.86797513336364496
 5.91959780235902677     11.56761069904626282
-11.10350908390292268     -8.86797513333569576
-12.83555989149948040      2.17413286534484351
-14.56761069906608519      5.17413286534687256
-5.91959780237031108      0.15307886603650889
-0.72344537966805689     -2.84692113397107294
-14.56761069906565709      7.17413286534689565
 6.20475785061245144     -2.84692113396316593
-12.83555989149524912     12.17413286534517880
-14.56761069906540307      9.17413286534690187
-7.64552803937059888     -6.85744813362930650
-8.58791974230239319     -12.62874895953268606
-3.54301726617405865     -14.56261683906173232
-7.63940746878055776     -8.86797513335219101
-4.18754699480146808     -0.84692113396355029
-2.56300885759763286     -12.27120677836238194
-4.18754699480115988      1.15307886603662468
-4.18754699480632553     -4.84692113397676838
-11.10962965450594631     -4.85744813362497219
-9.37757884693925270     -5.85744813362883132
12.83555989149563636      3.54655669975573540
14.56761069906452200     14.56761069906393047
-2.44937561665705683      4.16360586569068047
-0.72344537966367151     -0.84692113396385638
 1.00860542790537133      0.15307886603610985
-4.47270704304425948      9.56761069906360540
 9.37145827635775319      1.54655669975595944
14.56761069906505845     -10.24039896768267432
 2.61121062458597653     -11.04343966024278068
-4.47270704304352762     13.56761069906449890
 2.44937561665700221      7.55708369940977764
-13.51345751114728166     -14.56761069906301742
-4.18754699479558745     -6.84692113403656499
-2.45549618723290530     -1.84692113396409541
 9.66885946575040478     -0.84692113396350732
 9.37145827635801254      5.54655669975605292
-7.63940746878932231      7.17413286534413697
 4.17530585365107765      4.54655669975622612
-5.90735666031338713     -9.86797513489329603
-9.37145827635772122     10.17413286534472583
 7.93680865818143388     -1.84692113396334712
 6.20475785061279606      1.15307886603683407
-11.10350908392735825      5.17413286534437322
 5.90735666122025460      5.54655669975631049
12.80068302422511017     -11.24009484566864892
 7.93680865818161241      0.15307886603665274
12.83555989149582643      9.54655669975651300
 2.74065623547025927     -6.84692113396417934
-12.57847077036796968     -12.35329155339575280
 4.18754699479977255     14.56761069906461081
 2.74065623547476189      1.15307886603671550
 4.18142642422594779      8.55708369940966662
-5.91959780235262123     -5.84692113401604363
