268    31.29027421030000156
-5.99540350690220869      2.41099445371191523
 5.99924135344435516      1.59584252505181934
-0.80701689503657381     -12.63841005788288108
 4.26066154419903320      6.62051288948843109
-2.65708472012706665     12.63841005768846948
-5.99271235173768702     -7.62051288957117023
-9.45944164863209913      0.41088452258744090
-0.92503391247924993     11.63841005777867466
-7.84271670308792768      9.62062282032717953
12.91314977096153527     -4.42889162210652909
 2.65318340044401113     -14.64513710507895716
11.18493680989874051      4.61373969350516422
 6.11066589554332307     -10.62062282036785454
12.91308629757310378     -6.42900155318192468
11.18818882653719093     10.63284730356023822
-12.91698761747494473     -5.61373969349347401
-0.92503391242892996      7.60261572091963433
 7.72086183936461179     10.62723993698160108
 9.44904815587696412     -4.42889162201226583
 2.65708472000506424     -10.63841005768769321
-2.65318340044713974     14.64513710507968547
-4.26721698848631892     -2.59588832359724808
 0.80701689518222008      6.60261572099285310
-2.64662775384714166      8.62051288919886893
 2.65702124658079519     -2.60250578972073043
-9.45291264679025112     -7.61378584166144545
-0.80701689503366325     -10.63841005765795700
 9.54913791736186646     -12.66375590849901300
-11.30675484481180781      7.62051288920560133
-5.99926799797418564     -13.64513710497788423
 4.26335269934835992     -1.41099445368574616
-7.72086183956304151     -12.62723993698170588
-5.98881103174205975     -11.62723993689040292
14.64513710514372136     -11.81202422522581408
-2.65702124657406813      2.60250578973240909
-9.57476751062801767      6.62040295813455515
 0.80317904861035649      2.59577874208922843
-12.90982184519216602     -13.65081273709183840
-7.72745431446139008      3.41099445372870891
 7.72476315927867674      8.62051288973672314
14.64513710510276390     12.64513710508456690
14.64513710513119626     -3.42878169100965691
-14.64513710514446032      9.81202422522471096
 0.92503391243036326     -7.60261572091729576
 2.53906770255705627     11.63841005773833892
-7.72086183936276083     -10.62723993698014979
-2.53520321171955887      0.40426740606664630
-11.18109896339031017      5.42889162210921228
 4.37867856135897870     -9.62051288929777115
 6.11728501545177927     -14.64513710511523925
 4.38523420796238117     -13.64513710497073795
 9.57470403724274988     -8.62051288920458703
 0.92503391248099531     -11.63841005777582538
-6.12506146917150129     12.64515222344326340
 4.39301066165991561     -11.64515222332764388
 7.73129216098732108      2.59584252509674762
-14.64513710514290246      5.42900155318380850
-14.64513710510315292     -12.64513710508514244
 0.80317887258621501      0.59577843720763890
-4.26721719030904900     -12.64513710514460776
-4.38907205413421142      3.60250578974754276
-9.59883113922772147     10.66177753283994356
-11.18103549000756480     -2.60701264582253422
 4.26066154408486497      8.62051288948846306
 0.92497043895148390     -3.60250578982413483
13.03880565238102918     -8.62051288920491210
-4.37867856139181111      7.62051288915693981
 0.80311557516842236     14.64513710514081879
 7.72086183921732871      6.61378584166755523
11.18109896344642884     -3.42889162201327347
11.18103549000604957      2.60701264582862891
-14.64513710514347444     14.64513710514350109
-11.18822795448851259     -12.63291565216449897
-14.64513710514228251      7.42900155318387068
 4.38907205413615387     -3.60250578974415570
 9.82140351118325050     -14.64513710514470191
11.82140351118325050     -14.64513710514119893
 9.59096462874528832     -10.64817054301625987
-5.99926780618838684     -3.59588834123726730
14.64513710509001143      8.62055844934803872
 5.98881103167947515      5.61378584161382044
-12.92023974240312079     -11.63284807118514763
-0.92497043895015052      3.60250578982579128
14.64513710514268574     -5.42900155318214939
-6.11072936890369078      8.62051288925690073
 2.64662775384763860     -8.62051288919811398
-6.12112286169835507      4.60250578975574154
-11.19149245619420796      1.41088452261889197
 4.37867856139215483     -7.62051288915591929
-4.26066154419733678     -6.62051288948431704
 0.92503391249375055     -9.63841005758614067
-7.72745431447585140      1.41099445370692611
-9.45291264703069878     -9.62723993715159843
 7.72739084107748297      0.58911547743884796
-2.65702124655886740      4.60250578975681446
-0.79655992895362315     -8.62051288930120307
-0.80315258104702358     -0.59573290032675619
-6.11728501545116288     14.64513710511613276
-14.64513710514440348     -6.62046674104344923
-11.19149245617554556     -0.58911547745942694
-13.03880565238053713      8.62051288920586067
 7.72745431446170006     -3.41099445372804499
-0.92503391249359701      9.63841005758747649
14.64513710514350286     -14.64513710514351885
-12.91308629756961324     -1.60701264581069303
-6.11066589554640682      6.62040295803533763
 4.26725401928846715      0.59573259393244715
-9.57470403724219032      8.62051288920498671
 5.99926799797603394     13.64513710497627308
-2.52861073657186219     -7.62051288938661830
 2.52861073646753409      9.62051288941070482
-7.73131880544679895     -14.64513710514464506
-4.38907205412818335      5.60250578975607727
14.64513710514497724     -1.42878169084842521
11.50121950059677189     -12.22858066518305087
12.92023974240365192     11.63284807118443354
12.91308629753832271      3.60701264590402326
-5.98881103168009066     -5.61378584161364547
 0.92503391239677046     -5.60261572089077831
-4.26335269934060701      1.41099445369929910
 5.99926782229305733      3.59588836913125842
-9.45291245563033122     -5.61378551058775965
-5.99924135344516252     -1.59584252505127999
-14.64513710508478717     -14.64513710508886746
-2.53522965431258784     -1.59577839244664021
-7.96934426320442224     13.89023542753163376
-5.99540350692023694      0.41099445368393778
14.64513710511897671      4.60701264590011750
-7.84271670313474001     11.62062282032870719
-11.18818854859993550     -10.63284681039920265
-14.64513710514436085     -10.62055903735708462
14.64513710514434308     10.62055903735550011
 9.57476751062890763     -6.62040295813290847
-7.72086183921413305     -6.61378584167398387
 5.99540350692025559     -0.41099445368182730
11.30675484481219328     -7.62051288920483483
-9.45291264703460499     -13.62723993715224502
 0.80701689520578823      4.60261572094771942
-0.92503391239948030      5.60261572088631432
 4.26721719030997271     12.64513710514460065
-12.91308629757511284     10.81202422522389561
12.91308629761276094     -2.42878169091192886
 0.80701689503164142     10.63841005766306047
-12.91308629761317128      2.42878169091432206
 7.84271670311628366     -5.62040295803545309
 5.99271235174299832      7.62051288956900752
-2.65708471997356455      6.60261572087764126
 6.11072936890390572     -8.62051288925628612
12.90982184518876785     13.65081273709783538
 2.53520321171924401     -0.40426740606696282
 2.65702124655955796     -4.60250578975624602
 9.45291264703061884      9.62723993714968884
-2.53516638276581174     -3.59588867321020933
 4.26721719048163894     14.64513710514460243
14.64513710514445854     -9.81202422522444451
 7.96934426320368772     -13.89023542753231766
-14.64513710512865430      3.42878169101111929
-0.80317904861042300     -2.59577874208997761
 2.53516638276572026      3.59588867320950101
-14.64513710511890210     -4.60701264589544479
12.91698761747419510      5.61373969349381685
-9.45944164861920278     -1.58911547748113802
-4.39301066165933918     11.64515222332776290
 4.38907205412995882     -5.60250578975361968
12.91308629757527449     -10.81202422522391515
11.19149245619334643     -1.41088452261970199
 4.26721719030923641      4.59588867325343475
-2.53516638280677808     -13.64513710526253121
-14.64513710514343003     11.81202422522542683
11.17450658171894595     14.64513709911829586
-12.91308629757272364      6.42900155318269295
-12.91308647380329333     -9.62055873212104196
-0.92887175895884211      1.59577874208978487
 0.92503391261363521     -13.63841005778311022
-12.91314977096057781      4.42889162211020260
-4.26066154398834929     -10.62051288948448402
-4.26725401928933312     -0.59573259393181344
 2.52861073657025237      7.62051288938569993
-2.53906770255563741     -11.63841005773919512
-14.64513710509799616     -2.60701264589177439
-4.37867856135866251      9.62051288929821169
 9.45291268416961827     11.62723993715149184
-0.80701689518192221     -6.60261572099248095
14.64513710513591604      0.60701264576618141
-11.50121950059673637     12.22858066518314679
-0.80701689520490982     -4.60261572094744054
 7.72745431447567022     -1.41099445370525367
-2.52861073646718371     -9.62051288940115512
-11.82140351118333399     14.64513710514129308
-14.64513710181964257     -8.62055842070878953
 5.99540350690466717     -2.41099445370752274
-11.17450658174556821     -14.64513709908177219
14.64513710514441769      6.62046674104262056
 9.45950512203123495     -2.41099445372851218
12.91311277198995278      7.62051259467181374
 7.84271670305920843     -7.62040295813311008
 4.26721701440408907      2.59588836848746229
-9.45291268883069158     -11.62723993715200699
11.30675484481143123     -9.62051288920492631
-0.80311557516751031     -14.64513710514098754
-9.82140351118332688     14.64513710514471434
-7.84271670311584579      5.62040295803631107
 2.53906770282869720      5.60261572112726025
11.19149245617659361      0.58911547746277271
 5.99271235160974580      9.62051288956919315
 6.12112286170048936     -4.60250578975202629
-0.92503391261521728     13.63841005778725979
-4.26721719030945668     -4.59588867325392147
 6.12506146917195071     -12.64515222344339129
 7.72086166368902305      4.61378553753425447
12.92354326373825657     -0.41088452254975333
12.91308629756697890      1.60701264580693226
-11.18106213446603903     -8.62051288920011771
 2.53516638280752193     13.64513710526238910
-4.26066154408728703     -8.62051288948446981
-14.64513710513463174     -0.60701264576258562
-12.91308629753262238     -3.60701264590498294
-9.45950512203248906      2.41099445372843624
14.64513710508547106     14.64513710508811428
-11.18109896344654075      3.42889162201509068
12.91308646728341181      9.62055874341236006
14.64513710514205158     -7.42900155318216093
11.18109896339135112     -5.42889162210713039
 2.53522968022727291      1.59577843733154023
-2.53906770282645367     -5.60261572112351836
-11.18493680989563543     -4.61373969351144275
 7.84271670313534308     -11.62062282032776928
 5.98881103174573415     11.62723993689503033
-7.73129216098802630     -2.59584252509638080
14.64513710509584676      2.60701264588386916
 0.80701689504228313     12.63841005787479332
-12.92354326373757267      0.41088452255244534
-7.72086164759077942     -4.61378550965092060
-11.18496326472172164     -6.61378551319914099
-7.72476315927546331     -8.62051288972999785
 7.84271670308829361     -9.62062282032643168
-11.30675484481071891      9.62051288920560665
-2.65708472000498341     10.63841005768833270
-13.23327030816484928     13.22858066518447373
 0.92887175895855356     -1.59577874209014947
-9.44904815587653424      4.42889162201313447
 7.73131880544774308     14.64513710514457223
 9.45944164863237269     -0.41088452258569858
13.23327030816475336     -13.22858066518460163
11.18106213446633035      8.62051288919881742
 6.11066589554703210     -6.62040295803480472
 9.45291264678801824      7.61378584166442351
 9.45291264703517697     13.62723993715154691
-9.54913791736181672     12.66375590849904498
-9.45288600235941345     -3.61373969345482182
-4.38523420796573138     13.64513710496557586
 2.65708471997484219     -6.60261572087501403
 7.72086183956273420     12.62723993698199365
-6.11066589554289408     10.62062282036849048
11.18496328007933371      6.61378553980636763
-5.99271235160914539     -9.62051288957124662
-4.26721719048052428     -14.64513710514460954
-12.91311276233327021     -7.62051257794777470
 2.65708472012754271     -12.63841005768769321
-7.72739084107623597     -0.58911547743535242
11.18822795448892116     12.63291565216363743
 9.45288600235850751      3.61373969345552171
 9.45944164862037340      1.58911547748472559
 4.26066154399265962     10.62051288948847372
 0.79655992895400896      8.62051288930395287
-7.84271670305805113      7.62040295813450985
 9.45291247196177409      5.61378553885824072
-14.64513710514496836      1.42878169085003304
