270    31.33123557960283989
-6.55520592995596107      0.85790910743297399
 6.58280889488663767      6.03782893740230708
-3.55520592992029005     -7.76987974497609279
 7.58280889488664922      4.30577812983343655
-14.66561778980020492     11.21774876737589111
-2.52760296496913472     14.66561778979973774
-0.50000000001656819     -6.03782893740448579
 2.52760296496650394     -7.75364715223904888
-5.55520592994968254     -14.66561778980040920
 1.52760296497031955      4.30577812983865815
-13.66561778980116948     -14.66561778980141995
 3.55520592993295237     11.21774876739220517
 3.52760296496649461     -9.48569795980794872
 7.58280889490023924     -12.94979957496488332
 1.52760296495470316     -12.94979957493896450
-4.55520592994376550      4.32201072256368590
 6.55520592991749673     -14.66561778979969866
-1.49999999998323097     -14.66561778980050157
-4.55520592994970563     -12.93356698223143653
 5.55520592994923934     -6.03782893740429571
14.66561778979913377     -14.66561778979950148
-7.58280889489349441     -0.85790910742884174
-4.55520592992691853     11.21774876738100701
 8.61041185986964841      2.58995991499884948
 8.61041185985211044     -4.30577812984325625
-10.61041185986589497     11.21774876739683258
-3.55520592992685547      9.48569795981216579
 3.52760296496003933     14.66561778980142172
11.63801482482065452     -2.58995991499281253
-12.63801482484366367     -2.58995991498718370
-0.52760296497027770     -2.58995991498343470
-11.63801482483176919     -11.21774876738981774
 0.49999999998344952     -4.30577812983561081
-8.61041185986579904     11.21774876739696403
-1.52760296496903769     12.93356698223086454
-9.61041185985967417     -0.87414170015306392
14.66561778980141995     -4.30577812982903030
12.63801482483892968     -7.75364715224478473
-9.58280889492369070      6.03782893741639004
10.61041185988073110     -14.66561778980101494
-11.61041185985909330     -14.66561778980013209
12.63801482482098670     -0.85790910742402837
13.66561778979857422      0.85790910741418980
-0.50000000000329203     11.21774876738589555
14.66561778979871278      2.58995991498300837
-6.58280889489324483     -2.58995991499757627
-13.66561778979910180     -4.30577812983829311
 2.52760296497036707      2.57372732226980627
 6.55520592993329565      9.48569795982323782
-1.52760296496630210     -11.21774876739703330
 6.55520592992419981      2.58995991498653844
 2.52760296497035375      6.03782893740751803
14.66561778979871455     -0.87414170015465198
12.63801482483900784     -11.21774876738233040
-6.55520592992692830     11.21774876738090931
-12.66561778979882114     -6.03782893740721338
 9.58280889491125798     14.66561778979893305
 8.61041185986394630      9.48569795980928987
 1.52760296496649461     -9.48569795980792563
 3.52760296496618553     -2.58995991500085143
11.61041185986469948     11.21774876737768523
 6.58280889491026144     12.93356698223034407
-7.58280889489317911     -4.32201072256649077
-0.52760296496913395     14.66561778980010899
-9.61041185986590030     12.94979957496580347
-12.63801482484920946     14.66561778980011432
-2.52760296496101589      7.76987974496729716
 2.52760296496617487     -4.32201072256972818
-5.55520592995570528     -0.87414170013576487
-1.52760296497036219     -0.85790910741457882
-4.55520592994344842      0.85790910742603488
 8.61041185985818558     -7.76987974497756007
-0.49999999998755923      4.32201072255798735
13.63801482481602889     14.66561778980011965
11.63801482484721284      4.30577812983685604
-5.58280889490974275      6.03782893740847015
 0.52760296495468206     -11.21774876736998294
 3.52760296497040260      4.30577812983866881
 3.55520592991084028     -12.93356698223460555
 1.49999999999670974     11.21774876738617266
12.63801482484722349      6.03782893740574877
 8.58280889490721322     -0.85790910741693205
-4.55520592992036022     -6.03782893740724536
 9.61041185986998769      4.32201072256760810
 6.58280889489382304     -7.75364715226189016
-12.63801482483141747     -12.94979957495889877
 8.58280889491053678     12.93356698223047196
-3.52760296498270653     -4.32201072254535834
 1.49999999998344924     -6.03782893740449467
-4.52760296498279224     -2.58995991497651312
11.63801482484702632      7.76987974497466549
-9.61041185987708602     -4.30577812983194885
 9.61041185986395519     11.21774876737816307
-14.66561778979927588     -2.57372732226949452
10.61041185987000368      2.58995991499873979
-7.58280889488282206     12.93356698223174384
-8.58280889488289134     14.66561778980062236
-5.55520592994370510      2.58995991499477451
-6.58280889490362053     -12.94979957494838629
-9.61041185985906843     -14.66561778979969155
-2.52760296498255910     -6.05406153011423243
-6.58280889490373333     -9.48569795981060793
-9.61041185985961377      2.58995991498473410
 2.52760296497040748      9.50193055254536389
10.61041185986395163      9.48569795980923125
-11.61041185988178093      9.48569795983709518
-1.52760296497027181     -4.32201072255235363
-5.55520592992029627     -7.76987974497617451
-9.61041185987644297     -7.76987974496978762
 5.58280889491033427     14.66561778979940200
10.61041185986471902     12.94979957494662592
11.63801482483904692     -12.94979957495132439
13.63801482483920324     -9.48569795981356378
 5.55520592991751538     -12.93356698223078816
-6.58280889490975607      7.76987974497733980
-11.63801482481596494      6.03782893740418558
-14.66561778979924213     -6.03782893740713522
11.63801482483878047     -9.48569795981357800
12.63801482482070782     -4.32201072256168572
14.66561778980014275      9.48569795982728792
-5.58280889490364718     -11.21774876737944737
 3.52760296497037196      7.76987974497638678
 0.49999999999630879     12.94979957495500322
13.66561778979310837      4.32201072254880447
-10.61041185985961732      4.32201072255360952
 4.55520592991748519     -14.66561778979965958
 0.50000000001246891     -0.87414170014869463
-13.63801482484381467     -0.85790910741837212
 4.52760296497042702      6.03782893740753490
 1.52760296495955195     14.66561778980142172
-3.52760296496092840      6.03782893739836979
 4.55520592992407014     -0.87414170015121140
-14.66561778980012676      4.32201072256972818
 5.55520592993312867     11.21774876739202398
-13.63801482481647831      6.03782893740393423
 7.58280889490016818     -9.48569795982710851
11.61041185985837743     -6.03782893740869753
13.66561778980119968     -6.03782893739778004
-6.58280889488276255     14.66561778980077690
13.63801482482103822     -2.58995991499287559
-0.49999999998760813      0.85790910742015880
-0.49999999998319794     -12.93356698223160350
-14.66561778980013919      0.85790910743219051
 1.52760296497035397      7.76987974497648626
-10.61041185985916613     -12.93356698223084322
 5.55520592992411366      0.85790910741765092
 9.61041185985814828     -6.03782893740865934
-13.66561778980002373      9.48569795980710673
12.63801482484790917      9.50193055254308838
 4.55520592993329920     12.94979957496100198
 1.52760296496616776     -2.58995991500085099
-8.61041185985966173      0.85790910741582915
 8.58280889490023924     -11.21774876739598348
 8.61041185988050550     -14.66561778980114106
-10.61041185988010405      7.75364715226725654
-1.52760296496076720      6.03782893739856075
-2.52760296496903614     11.20151617466184746
 9.61041185985216018     -2.57372732227439283
-2.52760296497035064     -2.58995991498352085
-12.63801482484357130      0.87414170015039827
-0.50000000000275457      7.75364715224811096
-11.63801482483252769     -7.75364715225190881
14.66561778979973596     -11.20151617466161120
-11.63801482484915262     12.93356698223126777
13.66561778979949970     11.21774876739648796
 9.61041185986972302      0.85790910742999438
-3.55520592994960349     -14.66561778980040565
-14.66561778980141995     -12.93356698223268708
-9.61041185986584168      9.48569795982797714
-10.61041185987675739     -6.03782893740101478
 7.58280889490720256      0.87414170015195325
13.66561778979888508     -12.93356698223076684
-1.50000000000313038      9.48569795981692465
 0.49999999999701228      9.48569795981712183
-10.61041185985968660      0.85790910741586246
-6.58280889490977739      4.30577812983950103
-5.55520592992032913     -4.30577812983834107
14.66561778980141995     -7.76987974496652978
 2.55520592989920603     -14.66561778979691510
-11.63801482484338123     -0.85790910741839299
12.63801482481599514     12.93356698223125889
-13.63801482483177274     -11.21774876739009841
12.66561778979879449     -14.66561778979984254
-3.52760296496630454     -11.21774876739703863
10.61041185985824775     -4.30577812983979147
-3.55520592994349194      2.58995991499493616
10.63801482481465399     -0.85790910742739490
 4.55520592994922158     -7.76987974497317513
-7.61041185985898583     -14.66561778979955299
-11.63801482484347005     -4.32201072255606800
 4.55520592994925266     -4.30577812983541097
-13.63801482486957539     12.93356698224226164
 7.58280889491034760     14.66561778979928121
-10.63801482483207295     -9.48569795982076513
-13.66561778979899877     -7.76987974497599776
 2.52760296495979464     12.93356698223268531
-8.58280889492300858      4.30577812984711095
-9.61041185985928514     -11.20151617466184035
 7.58280889490724519     -2.58995991498583056
-7.58280889492252719      2.57372732227794687
 7.58280889488695831      7.76987974497107725
-12.63801482481629357      4.30577812983515962
-12.63801482481609284      7.76987974497303213
-14.66561778979909114     -9.50193055254482211
 9.61041185988062452     -12.93356698223213641
 3.55520592992407947      0.85790910741767357
 0.52760296497035286      6.03782893740759974
 2.52760296496646841     -11.21774876737682902
 4.55520592992410833      2.58995991498653444
-2.52760296496067394      4.30577812982963071
10.63801482483877692     -11.21774876738260218
 5.58280889489373422     -9.48569795983081221
 7.58280889491048260     11.20151617466157923
-3.52760296497037995     -0.85790910741464110
-11.61041185985976121      2.58995991498471412
-14.66560984691200886     14.66561454060935432
-2.52760296496634540     -9.48569795982811748
 3.55520592994922913     -6.03782893740428683
10.63801482484703698      6.03782893740575943
 4.55520592993284712      9.48569795982326802
 7.61041185985206337     -6.03782893741212678
-4.55520592992027584     -9.50193055254505659
 9.61041185986391966      7.75364715224037138
-2.52760296497036485      0.87414170015430193
-3.52760296496903836     12.93356698223076151
-8.58280889490390386     -9.48569795981069142
-14.66561778980011788      7.75364715223814649
-5.55520592992685636      9.48569795981206987
 0.50000000001243539      2.58995991498902534
-7.58280889490975785      6.03782893740839022
-7.58280889490380350     -7.75364715224173029
 2.52760296496619130     -0.85790910743196558
-1.50000000002853451     -7.76987974496645872
10.61041185985822466     -7.76987974497749345
11.63801482481496841      0.87414170014137416
-13.66561778979992425      2.58995991500094425
 6.58280889490715637     -4.32201072255466912
 8.58280889488693077      6.03782893740217208
-12.63801482483215288     -9.48569795982100139
-6.55520592992040463     -6.03782893740732707
-8.58280889489345356     -2.58995991499774192
 4.55520592991101481     -11.20151617466558491
-7.58280889490979160      9.50193055254620234
13.63801482484930894      7.76987974497342648
-0.50000000002840972     -9.50193055253543051
-1.49999999998756550      2.58995991498909195
 0.50000000001677070     -14.66561778980055131
-12.63801482486867123     11.20151617467344884
-4.52760296496915871     14.66561778979966668
-7.58280889490369781     -11.21774876737951665
 0.49999999998342948     -7.76987974497336431
 6.58280889490021970     -11.21774876739601545
 1.50000000001248757      0.85790910742017346
12.66561778979282238      2.58995991497977363
 9.61041185985822999     -9.50193055254641550
11.63801482481600047     14.66561778980021735
 5.58280889490712529     -2.58995991498577149
-10.63801482484912064     14.66561778980031150
-8.61041185985915547     -12.93356698223064427
 5.55520592992419093      4.32201072255541074
-2.52760296496627701     -12.94979957496594203
-8.58280889490977650      7.76987974497725897
-8.61041185987675739     -6.03782893740072968
 6.58280889490717058     -0.85790910741690563
-5.55520592992688389     12.94979957494990508
 5.55520592993291373      7.75364715225442858
-10.63801482484327821     -2.58995991498729117
14.66561778979692221      6.05406153011592174
14.66561778980017472     12.94979957496501299
-4.55520592992689632      7.75364715224316114
