276    31.83520451260000073
 2.40290741644922035     -8.08239497755970859
 5.86700903162148713      7.91760502250790932
 9.36735051995772494      5.98292708599622713
-4.52529741086818493      9.91760225628178560
 9.36735052005958124      1.98292708599622869
-11.45350064114221311     -8.08239774371947206
 0.67085636520300340     14.91760225628439862
 7.60706177868955535     -7.07701027311947772
 9.36735051990873480      9.98292708600854439
 7.38445625639968029     -14.91760225628333281
-2.79324660329680752     -7.08239774371948005
 2.40290741644766914     -2.08239497755966241
 2.40290741645939621      1.91760502244048192
 0.67085501184082075     -7.08239774371807584
 4.13495822398658319     12.91760502249161568
11.13889882982940094     -6.94250964951124239
-11.45350064114390953      5.91760225628081038
14.91760225628485337     12.91760225628485514
-9.72144983357384618     -5.08239774371932640
11.31301403891856161     -14.91760225628344116
 9.57911348705645871     14.21998287809803863
-7.98939902600425622     -8.08239774371932285
13.18555144871049656     -9.91761108982920803
-2.79324660329913721      8.91760225628206982
14.91760225628357794     -12.91761108982563044
 7.67208475195270179     -1.07823924206885735
-6.25734821843653677     -1.08239774371919628
 5.86700903162130594      9.91760502251019993
12.87094963752116605     -5.94250964929559355
-13.18555144871277562      6.91760225628088676
-8.40474372378267454     -14.67976581340435160
 5.86700907185031184     -2.08239490781638059
 4.13495822404472602      6.91760502249118669
-9.72144983357488357     12.91760225628167014
14.91760225628146230     -10.91761108982563044
13.18555144869401197      7.97344909430256354
-13.18555144871169205     -11.08239774371915587
14.91165800821607235     -14.91760225628485337
-9.72144983357441994     -1.08239774371932129
 7.60216101271709199     -11.07700426873369359
-1.06119579572889133      3.91760225628226122
-1.06119579572982725      7.91760225628228298
 9.39540149110880307     -5.96260300606289118
 2.40290741644529016      9.91760502244140518
-4.52529741086870718      3.91760225628178560
-2.79324660329968477      2.91760225628202763
 5.86700907184807452     -4.08239490782283010
13.18555144870970786     -1.96740820876280553
13.18555144871167784     -11.91761108982928796
-11.45350064114375854     11.91760225628166481
-12.39055182791576826     -14.91760225628296155
 2.40290901352392616     -10.08239774366801456
-11.45350064114362354      1.91760225628061098
-11.45350064114352762     -0.08239774371941815
11.12046316774785737     12.94552567527291131
 2.40290741644854178     -6.08239497755967751
 0.44009989342741629     -13.06904079197246560
-11.45350064114305511     -4.08239774371942676
-7.98939902600659568      5.91760225628157421
-4.52529741086738824      5.91760225628178560
-4.52529741086785808      7.91760225628178560
-4.41893561964983483     -14.91760225628121539
11.14138389912046634     -8.94680161707478305
-6.25734821843705191      8.91760225628173941
-9.72144983357501857      4.91760225628078285
 4.13495822404444802     -1.08239497750888769
 0.67085820592405887     -9.08239774371554098
 0.67085501183981022      4.91760225628271819
 2.40290741644666594      7.91760502244064046
-14.91760225628170744      5.91760225628098002
 7.60072063820867516      6.92048714322534142
 5.86933212541509874     -6.08239355867822429
 7.60072063815277854     10.92048714322536540
 5.39796719804344072     -14.68552205240728625
-4.52529741086835635     11.91760225628227587
 9.36502277228314739     11.98390866910386698
 1.41406754690005254     -14.81586276629872145
14.57494947394114426      3.00302044276490943
-11.45350064114265010     -6.08239774371947206
-4.52529741086672832     -4.08239774371918163
 7.59739424892702697     12.92048437700720775
 4.13495826268867983     -5.08239497750905489
-11.45350064114212962     -10.08239774371947206
14.91760225628485337      8.97344909429028625
-14.91758541968245844     -14.57477492731919000
-9.72144983357487646      8.91760225628160264
 2.40410914817899046     13.91968687178525066
14.91760225628084591     -2.96740820876046874
 9.36735051995946399      3.98292708599622802
-1.06119579572889156     -4.08239774371860342
-1.06119260161677920     -10.08239774376411368
-10.39055182791576826     -14.91760225628091163
-7.69855513853685203     -12.46953555696511096
 0.67085501184030405     -5.08239774371805275
-6.25734821843708655     10.91760225628174297
 5.86701062866053302     -8.08239221134131114
11.45350064101026533     -0.96740820897662461
-1.06119525098016809     13.91760319982258132
 4.13495822404608404      2.91760502249116582
 5.86700903162132104      5.91760502250455378
-2.79324660330031138     12.91760225628377690
-2.50113933276831046     -14.35010124128308462
11.45350064102056109     -2.96740820897735968
 2.40290741644789296      3.91760502244049036
13.18555144868481399     13.91760225632346604
13.18555144871331386     -3.96740820876280642
-6.41893561964991388     -14.91760225628212133
-2.79324660329796037     -3.08239774371892405
-13.18555144871264773     12.91760225628167724
 5.86700903169270749      3.91760502250373532
 7.60072063821174737      0.92048714322524428
 7.60072063821037247      4.92048714322527125
 7.60215410823323978     -5.07701629443586189
 0.67085501183839336      0.91760225628258152
 8.04070257842053948     -13.02833235369288545
-14.91760225628086722     -10.08239774371919495
-13.18555144871256246     -1.08239774371915054
-13.18555144871215212     14.91760225628252456
 5.86700903158559406     11.91760502254266818
-1.06119579573068856      1.91760225628223058
 9.36735051996124923     -0.01707291400377063
11.45350064109053534     14.91760225627974279
-1.50753411009027660     -12.61437411368856765
-6.25734821843762479      4.91760225628173231
-13.18555144871215035     -13.08239774371932107
-11.45350064114377986      9.91760225628162573
-2.79324660329948271     10.91760225628208758
-4.52529741086612169     -8.08239774371919495
-14.91760225628161862     11.91760225628149428
 4.13495822404307667      8.91760502249140785
-14.91760225628223502      9.91760225628137171
-14.91760225628217107     -12.08239774371942410
-13.18555144871209350     -5.08239774371915054
14.58456478289475555     10.94552567528757159
-11.45350064114323985     -2.08239774371942099
-14.91760225628171455     13.91760225628152448
 9.71648051004096480     -11.93665093317956227
11.13889882982832091     -4.94250964951030713
-6.25734821843558997     -5.08239774371921715
 9.71000330229934328     -1.98750156553012292
-11.45350064114373190     13.91760225628173053
-13.18555144871265128     10.91760225628163639
11.11084785879727121      1.00302044257173906
14.91760225627984049     14.91760225628485514
-7.98939902600599172      3.91760225628084457
 7.60215410823175564     -3.07701629443585389
-9.72144983357490133     10.91760225628162395
-4.52529741086637571     -6.08239774371919228
-13.18555144871186791     -7.08239774371915054
-13.18555144871172402     -9.08239774371915587
 4.13495822405858338      0.91760502249111664
-9.72144983357480896      2.91760225628073178
-0.58334304588703023     -14.91760225628167902
 7.60072063820715726      8.92048714322535652
-7.98939902600589136      1.91760225628079550
-13.18555144871330143      8.91760225628146941
-2.79324340921280401     -11.08239774371715747
-2.79324660329753938     -5.08239774371904485
 2.40290741644633243     -0.08239497755952332
-7.98939902600602814     11.91760225628163106
14.91760225628485337     -8.91761108982563044
-9.72144983357316050     -9.08239774371932818
14.91760225628484626      1.03259179123953149
 6.11992141939132761     -12.42045668828324700
 9.36735051995616352      7.98292708599622625
-7.98939902600558760     -0.08239774371924298
-14.91760225628173231      1.91760225628092096
11.11084785869237024      5.00302044257274403
 0.67085501184973895      2.91760225628268044
-7.98939902600587715      7.91760225628159908
-13.18555144871227469     -3.08239774371915054
-2.79324660329821928      4.91760225628202985
-1.06119579573039968      9.91760225628231318
11.45053616706345956     -10.92276337663030716
-9.72144983357339143     -7.08239774371932818
14.60300044509151185     -6.94250964929305159
-3.78684863189057719     -12.81812487131166201
-1.06119579572840839     -6.08239774371863451
 3.41147813968711322     -14.91760225628231673
-7.98939902600537888     -2.08239774371927799
 7.60072063829998257      2.92048714322525482
11.12046316784462618      8.94552567513580144
13.18555144869976914      5.97344909430029247
-6.25734821843673927      0.91760225628080960
-9.72144983357545733      6.91760225628160086
-7.98939902600498097     -4.08239774371929975
14.91760225627583658      6.97344909429028625
14.91760225628206626     -0.96740820876046851
 4.13495822404160496     10.91760502249145226
 0.67085501183875584      8.91760225628279279
-14.91760225628193659      7.91760225628103331
-13.18555144871283424      2.91760225628088632
 4.13495822405220448      4.91760502249118669
 4.13495822404674485     -7.08239497750908242
 0.67085501183667318     12.91760225628485514
 4.13495822404583357     -3.08239497750904645
 0.67085501183942964     -1.08239774371803676
-13.18555144871268325      0.91760225628086056
-14.91760225628145164     -2.08239774371913500
 9.39540149110719547     -3.96260300606289162
12.87094963752305077     -7.94250964929568326
-1.06119579573150213     11.91760225628364012
11.11084785869389258      3.00302044257244383
-4.52529741086767601     -0.08239774371916610
-6.25734821843738143     12.91760225628203962
-4.52529741086728077     -2.08239774371916608
-1.06119579572918177     -2.08239774371857767
 9.34873514765947711     -14.54129329099774814
12.84289866637503508      4.00302044276975799
-4.52529741086802240      1.91760225628108993
-4.52529741086937065     13.91760225628354242
 5.92150544752937957     14.01199558902099795
-7.98939902600600682      9.91760225628162928
-1.06119579572984990     -0.08239774371854361
-6.25734821843513789     -9.08239774371921804
 4.13495822404734525     -9.08239497750908953
-6.25734821843524980     -7.08239774371921715
-7.98939902600408836     -10.08239774371932285
 5.86700903162217191      1.91760502250362430
 5.86701062866061029     -10.08239221134196839
-7.98939902600630791     13.91760225628219594
-1.06119579572934875      5.91760225628226788
-6.25734821843614863     -3.08239774371920427
 7.60216101271662748     -9.07700426873369359
11.45648041536281880     -12.92275454309078420
 5.86901304975687843     -0.08239471843748025
-13.18555144871285911      4.91760225628088676
-9.72144983357470416      0.91760225628067871
-6.25734821843705813      2.91760225628087255
11.45350064101615040      6.97344909410158653
12.84289866637308464      2.00302044276349411
 9.39540839559228935     -9.96259098036063584
 4.13828460751362037     14.91760225628295267
-2.79324660329897956      0.91760225628115022
-6.25734821843823408     14.91760225628360992
 2.40290741645072492      5.91760502244050635
13.11233602426633915     -14.04442392508266657
-2.79324660329741326     -9.08239774371952180
-4.52529639807171513     -10.08239949793196644
-1.06119579570294054     -8.08239774376361986
-5.77625801460009836     -13.02367366840747032
 2.40290741650572759     -4.08239497755966863
 2.40290741644392192     11.91760502244155795
11.12046316772869048     10.94552567527290421
 0.67085501184163909      6.91760225628277414
 0.67085501189749397     -3.08239774371805098
-9.72144983357423165     -3.08239774371932596
 0.67085501183757024     10.91760225628390302
-9.72144983357488712     14.91760225628275727
-2.79324660329855901      6.91760225628203074
12.85251397534257123     11.94552567531755116
-6.25734821843677835      6.91760225628173320
12.85251397531713202      9.94552567530272036
-14.91760225628116743     -4.08239774371913633
13.18555144871152685      0.03259179123720075
 2.38609757373445985     -12.24682432429380619
 4.13496141813462437     -11.08239497750661862
 0.67085820598097778     -11.08239774371555519
-14.91760225628097913     -6.08239774371913988
-11.45350064114384914      3.91760225628069980
14.91760225628485337      4.97344909429028625
 9.40030916157942364     -7.96259698474646438
-14.91760225628176428      3.91760225628092140
-14.91760225628077485     -8.08239774371913988
-2.79324660329855146     -1.08239774371889763
14.91760225628484982     -4.96740820876046918
-7.98939902600446761     -6.08239774371932285
-9.72144983357309123     -11.08239774371932818
-11.45207041969963235     -12.08487688890873635
-2.79324660330084784     14.91760225628420145
 4.20373531659419175     -13.08121216546824428
-9.60362017732590623     -13.07892376962248981
-11.45350064114432165      7.91760225628162395
-6.25734821843508282     -11.08239774371921982
-14.91760225628164704     -0.08239774371908812
 7.70472633302884091     14.91760225628284964
