277    31.87560574494608900
-5.90056081657434817     -14.02637332028053763
14.93780287244759997     12.06513708535629270
 8.01009495143835970     -11.93694432238667602
-14.93780287247304450     -6.98816829218738533
 1.08273290894764362     -13.93720517102936718
-2.38185707885260012     -7.93633346699629261
-7.94586703875772660     14.93780287247251870
-9.74132371850858014     -7.98760216423780456
 4.54549802694681748      8.06513708521945816
 9.74165044972524363     11.06513708535333862
14.93780287244427285     10.06513708535629092
-4.11476162573262094     -8.93781641540639349
13.20575206487334796      9.06513708535609020
-6.27611599246323060     -5.98568507029090213
-11.09070370248787007      4.97481836769737562
-2.38185641884123367     -1.93633232380736486
 4.54634681144557984     -3.93633232378343401
-4.54323944711417305     -4.98425348483512565
 1.08224519572610856     -3.93633232479566164
 4.54599399422014905     -13.93694546193613526
-0.64966291293464729     -12.93780299156159330
-4.50222145310910893     12.94961316658733530
-14.93780287247097149     -0.98816829218738500
-9.35912125430800401      5.97562915159001129
-7.57846823427822436     -10.94010465112032016
-0.64980627208753905     -6.93633346532608908
12.50352500058271410     14.93780287245570371
-0.99107009028666815     13.03594058136821410
 4.54549671113762432     10.06513708522014738
-6.11552962311037085     14.13166085962143725
-2.38269760673369824      4.06512164842256407
-7.58000782040213927     -12.94034488541620576
-14.93780287247161631      6.93780287247232330
 1.08140466643318844      2.06512278816330985
-12.88937148622200013     -11.96298558232897946
 2.81380069462923954     -0.93547491326709231
-7.97062963827872473     10.93916769071470263
-2.38185627997154148     -9.93633484920352750
-5.89405539890226304      3.97730029285172693
13.20575206488496711      5.06513708535608309
 4.54585150220048551     -1.93547491326304777
13.20575206489802689      1.06513708535590146
-5.89311905976438943     -0.02269948796565468
-0.64897267800036018     -14.93780287247239613
-7.62739674016414249      6.97619409556659775
 9.74165044973453043      7.06513708535328533
-2.38464088941765118     -13.94409473630991414
 9.74165870429264835     -2.93487721181075090
 9.74249163754882552     -6.93634548138941120
10.76467974840603681     13.94966462859349221
-0.65030092051532640      1.06452508672116442
-5.89472167873726960      7.97730018639659466
-2.38271279990488116      8.06512164837534407
14.93780287245773586      4.06513708535628737
-0.65066265021756442      9.06512278797658588
-7.68081253248487528     -14.93780287246426397
-7.57919357382732706     -8.94010477695797157
 8.00960030009136581      2.06513594581699156
 8.01044082998105900     -7.93634548139211393
 2.81443849589610373     -14.93780287247160743
13.20575272282576584     -4.93489036941894454
 9.74200326699800634     -4.93547605279424939
 1.08140400840815110      4.06512392761813057
11.47454178719537410     -7.93634662094346321
14.93780287245482441      6.06513708535629092
-9.74132371851002254     -1.98760216423778635
-7.62580799847182611      0.97619442115631616
-11.47370047725589615      6.93780422361108506
-4.11377184353575931     -10.93781617048924559
-2.38271148400642829      6.06512164837539114
14.93780287245074945      8.06513708535629092
11.47419656657636189     -9.93694432238788927
-13.20575206490312681      0.01183170781440426
 9.03951217403320584     12.93783616470612330
 8.00995311734413029     -3.93547491325288812
11.47370125730007473      8.06513708535986495
 8.00959964216608711      6.06513708535253393
-13.20575206490075537     -5.98816829218616764
-11.47137570838093801     14.93780287247304628
 4.54634681145445008     -7.93633460287720993
 5.30760051429596569     13.91424438150452758
 6.27754949254590677     -14.93780287246873151
-4.16184644924626834      8.97873177188671079
 6.27754949252083527      3.06513594581443849
-14.93780287246939587     -10.98816829219115654
-9.74106332156367927     11.93882049663886313
11.47370191525552130     -11.93780287247102656
-11.47370047724606579     12.93780422361107618
 6.27804414386765242     -12.93694432238365266
 6.27790230977385288     -2.93547491325527510
-2.38235172816421592      2.06452508658261324
-11.47370063520619787     -8.98816721462742763
-5.84763794029656481     -7.93924760033990484
 4.54550628157777314      0.06512278817501807
-9.31088159607082488     -9.94073287651266035
 3.58936653266944639     14.93780287244875105
-11.47370063518412131     -2.98816721462743340
13.20575900357832921     -2.93487721177232341
-4.16183125609062632      4.97873177190301686
-13.20575206489843723     -3.98816829218609881
 6.27755708914900268     -0.93487721182090899
-4.16117885353680350      2.97873187830905195
 2.81345481605889169      3.06512392775345166
-0.64980547072012718     -10.93633484628928798
 2.81429534596798048     -8.93633346333520606
 4.54633855691920541     -11.93634662094137866
 8.00959964211716446      8.06513708540101426
-9.44087546961305968     -13.98797212050191696
-13.20575128481933014     11.93780422361272286
 2.81429666180070281     -6.93633346333563772
-11.47370063520104466     -4.98816721462743118
-5.84678021203441034     -9.93947655156508247
13.20624737414391703     -8.93694432238556580
 8.01044082998000562     -9.93634776049838742
 9.74165044971451266      9.06513708535328533
 2.81345547400733276      1.06512278817240946
-8.00900043637559733     12.93879957730118591
-11.47370047725126874     10.93780422361107796
-0.65064745710622063      5.06512278802500404
-14.93780287247098393     -8.98816829219115299
11.47370125732298796      2.06513708535101337
-7.62674433760957715      4.97619420197387274
-4.16024251440173831      0.97873209749089685
 9.74165110766530518      1.06513594581626303
-0.64980495445521302     -4.93633346527234806
 8.00959964217956077      4.06513708534742690
13.20575140698132266     -14.93780287247110827
11.47370125731556456      4.06513708535591523
-11.09070370248554838      2.97481836769737784
11.47370059941208886     -13.93780287247121663
-2.38185576091437001     -3.93633346335025625
 6.27754883458439661      7.06513708533838791
-6.23325834035923432      9.94844019378773226
 1.08139509596292815     10.06513480610623645
 1.08174988705882713      0.06452508673025042
14.93780287247244942     -5.93489150897324347
-13.20575206488889819     -9.98816829218733204
-14.93780287246836025     -2.98816829218738489
 6.27754751873623817     11.06513708533852025
13.20575206490338793     -10.93780173291837343
-9.35832678579282984      3.97538341808725715
 9.74164979184124036     -14.93780287246799965
 4.54549868494636122      4.06513594580590087
 2.81344524561469322     13.06513594567830694
-9.35832678579050992      1.97538341808725360
-14.93780287247154703      4.93780287247230376
13.20575206488895326      3.06513708535607954
-4.11476322105548142     -6.93781641540647165
 1.05636350213081309     12.10734588018790170
-11.14348451232142523     -12.93862828043333302
-2.38136096904359329     -11.93719225682576024
-2.38185641884356469      0.06366767619294651
-4.16024251439930470     -1.02126790250914046
14.93780287247097327     -9.93780173291582969
-4.50188529506581059     10.94961319483788387
-5.89311905976675110      1.97730051203434543
 2.81428840727170693     -12.93634776049376889
 1.08224453728763992     -7.93633346334298384
 4.54633855702190992     -9.93634662076964403
-14.93780272381735585     14.93780287247273009
 6.27838936448986118     -10.93634662094445886
 2.81344656147129157      7.06513594567798719
11.47172745731550236     12.06855723607830733
14.93780287246505800     -1.93486519371855170
 9.74214641692877237     -10.93694546194022976
 2.81428709145336686     -10.93634776045320578
-9.34007075752324312     -11.99051413345423889
 6.27755643120429507      1.06512392776379006
 1.08139641179337187      6.06513480609692834
 2.81344524560166587     11.06513594567807246
-2.32872856900300373     14.52277271524154578
-4.11305148499029549     -12.93781604076268188
-14.93780287246895710     10.93780287247273186
-4.16184513335019179      6.97873177188710958
-11.47370063520620143     -0.98816721462743540
 7.03965132193102860     12.91424438161911681
 4.54634681144830921     -5.93633232378343489
-0.65064614121569042      3.06512278802474913
-7.62580675419502541     -1.02380557884330270
-14.93780287246933547     -14.93780287247109051
 2.81344787729710699      5.06513594566802094
-11.47370047723642195      8.93780422361108151
 4.54549671110003484     12.06513708522328088
-5.84725725910928240     -11.94155787491791720
-4.28519220745849516     14.93780287246101324
14.93780287247204441     -11.93780173291887614
11.47404713587722647     -5.93548807086110841
-13.20547555906398607     13.93828167415417241
-7.62580799847416291      2.97619442115632049
 2.81429600387494316     -4.93633232379120734
-13.20575206490361708     -7.98816829218644564
-9.74106332154916466      7.93882049663866773
 2.81344656146386907      9.06513594567831760
-6.24442687898107174     11.96487293091490223
-8.00880493118739167     -6.98679116116882959
 8.00959907697128592     10.06513806409091139
 9.02583449598051679     14.93780287210699775
 4.54550562363383115      2.06512392776117215
 7.02583449597842247     14.93780287237513527
 6.27839761901583682     -4.93633232378109543
13.20575206488153341      7.06513708535608309
-0.65066265022204739     11.06512278797662319
-13.20575128482404992      5.93780422360944904
 8.01044776866971375     -5.93633346332248912
-8.00880493119096393     -2.98679116116882337
 6.27839068033343484     -8.93634662094436294
 8.00959964219386933     -13.93780173291536606
13.20609728552378392     -6.93548921041522792
 6.27839696110215684     -6.93633346332482770
-13.06937064203661691     -14.22438784579992443
-0.37226493054579324     14.93780287246039684
 9.74165044974999539      3.06513708535010121
11.47370885394661144     -3.93487835135205533
-9.74106332157059107      9.93882049663879386
-9.70862137542952119     13.99297634783331112
-11.47370063520347294     -6.98816721462742940
 6.27754883460538249      5.06513708533837814
-13.20575128482487237      7.93780422361091365
-2.38271411573522940     10.06512164837508472
-9.35832554151370033     -0.02461658191235990
-2.72312035923029239     12.03593964844247033
 9.74165044976509620     -12.93780173291787072
11.47370125729944412     10.06513708536000706
-0.65066133438667428      7.06512278797695625
-12.82275388792861648      1.97481729014408658
 4.54549802695532801      6.06513708521871653
-0.64980561126944614     -0.93633232379797449
-6.27611599248285401     -3.98568507029090213
11.47370191523870098      0.06513594582399504
-11.04267978684500129     -10.94117029406124963
 1.08224585422733699     -5.93633346334341017
-0.64980627077901132     -8.93633346612211454
-14.55480469549858569      2.97481729014231444
-14.93780287247084360     -4.98816829218738533
 1.08224453840359724     -9.93633346334299183
13.20575206487821163     13.06513708535662843
-12.82275451005578759      3.97481836769554642
14.92322724972102499     14.22257852522888477
-4.16024127012261147     -3.02126790250876498
 2.81429600387221468     -2.93633232379120734
14.93780287247228777     -7.93608691185748505
-13.20575206488542896     -1.98816829218606217
 9.74165804635266674     -0.93487607223094760
11.47370125731078438      6.06513708535878582
14.93780287247201244     -13.93780401202362107
11.47370885392438566     -1.93487607223104585
-2.38269242481109211     -5.93633363753724108
 8.00960789672237183     -1.93487721181313987
-13.20575128482030891      9.93780422361110283
 8.00960723877928338      0.06512392776130499
14.93780287246955041      0.06513708535616468
-4.12030910083545354     -14.93780287247243521
-9.74132371848920187     -3.98760216423778635
-14.93780287247303562      1.01183170781261844
 9.74165044974506067      5.06513708535328533
13.20575206487355224     11.06513708535620388
13.20575272282447976     -12.93780287247116334
-8.00860409208703850      8.93952823799879681
 1.08189258611358974     -11.93694557977076443
-0.64980561126678682     -2.93633232379799436
-9.74132371850609147     -5.98760216423780189
14.93780287246668159      2.06513708535628648
 6.27754883446784273      9.06513708533839946
-14.93780287247304450      8.93780287247272298
 1.08139509596516903      8.06513480610210820
-5.89311781548759672     -2.02269948796526755
-5.89470780145665252      5.97730018644473571
 1.08224519630097982     -1.93633232379529141
-11.09070245820874057      0.97481836769776686
-14.93780287246884875     12.93780287247273542
-11.20093841160463555     -14.93780287247304628
 9.74249097962764488     -8.93634662094609489
-14.62142229379170288     -12.96298558233108444
13.20575272281110024     -0.93486405417726426
-8.00880493117058379     -4.98679116116882337
14.93780287245848726     -3.93488922983977485
 1.60855080106101389     14.66145338825787725
