284    32.37167153410470632
-8.25763253677553344      2.81416423294936635
-6.52558172911438739     -10.18583576706214622
-13.45378495948276587     -2.18583576705183447
15.18583576705189486      0.58835069628071279
 2.39942357240853354     -0.29889100962350740
13.45378494412937975      3.58835066968704197
-6.52558172920635560      9.81416423295180707
 9.98968332898762235      5.58835066968010885
-9.98968334429774885     -8.18583576705785454
-15.18583576705222526     12.81416423295244833
 9.32762680268542965     -2.29889100960352266
-13.45378495942130215     -12.18583576706176075
 1.85813419512022149     11.18583576705135485
 4.13147437997529643     -1.29889100962731763
15.18583576705230165      8.58835069628073100
 2.40690316907266411     -10.31175204746527641
-8.25763253677574127      6.81416423295008666
-4.79353092160773020     -3.18583576705104976
-8.25763253677066977     -3.18583576705119365
15.18583576705207072     12.58835069628073100
11.72173413655998786      8.58835066968601168
 0.66737276530009226     -11.29889100978274463
 6.48265398245165603     -10.20064796983886346
 9.98968332899097611      7.58835066968568128
-5.07006903515552576     15.18583576705145433
 8.22317256833574639     -11.18583579568330677
-4.79353092163894878      6.81416423295164986
-8.25763253677526166     10.81416423295189411
 5.32223581025805448     13.18583576705124827
-4.79353092163858641      2.81416423294896534
 0.66737276484522146      4.70110899041661501
11.72173413656116914     12.58835066968809535
 5.86352518762996056     -8.29889100970367188
-6.80211984272510239     12.18583576705140814
 4.13147438000632228     -3.29889100968760562
 9.32762680267933497     -0.29889100960123821
-11.72173415187313950     -9.18583576705113991
-3.06148011406849463      7.81416423295164364
-4.79353092163593431      0.81416423294896378
 3.06148009871646787      7.58835066968805272
 0.66737276489311015     -3.29889100972383709
13.45378494412958226     11.58835066968728178
-8.25763253673217967     -7.18583576705122429
 6.52558171385448205      9.58835066968791061
-11.72173415182056821     -15.18583576705120386
 3.59018500268897389     10.18583576705113813
11.72173413655260887     -11.18613268887308898
 8.25763252141568316      2.58835066967570659
-1.32942930629748735     -15.18583576701004390
-1.32942930638405299     -9.18583576705695570
-4.79353092155106175     -9.18583576705111859
 5.86352518754371133     -2.29889100962818249
-4.79353092159230432     -5.18583576705109728
-4.79353092163738292      8.81416423295173068
 9.93816027089884457     -14.21539001619987808
 0.66737276490051411     -5.29889100974299243
-3.06148011405659792     -0.18583576706330321
-8.25763253677578035      4.81416423294995788
 6.34867628192293409     -14.40365090659055447
 0.66737276484765806      2.70110899040923513
-15.18583576700832971     -13.18583576705107419
-4.79353092148812454     -15.18583576705127314
-1.32942930640776535     -7.18583576705556126
 0.67057069370422873     -15.18583576700726034
-4.79353092152828530     -11.18583576705112925
-6.52558172920718338      1.81416423294837315
-10.26622145786289764     14.18583576705134064
-13.45378495948243547      1.81416423294990148
-9.98968334434215954     -2.18583576705195348
-6.52558172909140044     -12.18583576706386928
-1.60596742001796122     11.18583576705134774
-5.07006903515617058     11.18583576705134419
-6.52558172920693380      3.81416423294989659
 1.85813419512000633      9.18583576705128735
 2.58927206654462916     -14.62140238574704831
11.72173413655972851      6.58835066968542904
-9.98968334433648586     -4.18583576705669191
11.72173413655754359      0.58835066968277527
 4.13147437997525113      0.70110899039058994
 7.05428661782699340     14.18583576705124827
-1.60596742001773030     15.18583576705143834
 0.12608338755111839     10.18583576705169058
15.18583576705234961     -1.41164930371928987
-4.79353092148703386     -13.18583576705118610
-15.18583576705138150      6.81416423294991347
-11.72173415191419110     -1.18583576705101246
 0.66737276487176245     -1.29889100968205029
-8.53417065029400135     13.18583576705137261
-13.45378495948363096     11.81416423295185858
13.45378494412955384      5.58835066968706862
14.52377924074949433     -3.29889098299086791
-3.06148011390106989     -14.18583576706986804
11.72173413653773011     -9.18613268887306944
11.05967761025413054     -1.29889100959102755
 9.98968332898390088      1.58835066967453531
-3.06148011399664588     -6.18583576706793092
 0.12608338755143825     14.18583576705170124
-15.18583576705111504     -1.18583576705090565
 2.39942357243929205     -2.29889100968439353
-1.32942930649491919      0.81416423294945706
-11.72173415191357648      2.81416423294996676
-13.45378495948257580      9.81416423295003959
-13.45378495948028608     -4.18583576705183447
 4.13147438008356360     -9.29889100974283167
-8.25763253677375708     -1.18583576705111748
15.18583576705107596     -13.18613266226245528
-13.45378495948263620     -0.18583576705019000
-8.25763253665462571     -15.18583576705136373
 6.48298371285733399     -12.20064794265846153
 2.39942357241458515      1.70110899040575503
 4.50797343937127604     -15.18583576703903759
15.18583576704677540     -11.18613266226245528
-15.18509311764792535     15.18477793990854785
 4.79353090628331824      4.58835066968513683
-3.06148011362329120     -12.18583576706889460
-8.25763253677636655      0.81416423294890272
 8.25763251929355668     -9.18613268977480857
-6.52558172920784418      7.81416423295179463
 3.59018500268917551     12.18583576705122695
-15.18583576705149341      8.81416423294992413
-3.33801822758685907     12.18583576705134597
13.45378494412055126     -6.18613268886419831
-1.32942930603967024     -11.18583576706792293
 0.66737276492901254     -7.29889100977167526
-8.25763253671513553     -9.18583576705123939
 9.98968332899131006      9.58835066968635630
-9.98968334434463223      5.81416423295004492
13.45378494412109660     -8.18613268886521794
 5.86352518754226182     -0.29889100961284631
 8.78633742539585860     15.18583576705141525
 5.32223581025820636     15.18583576705144189
 2.39942357246045779     -4.29889100972751859
-11.72173415191468848     10.81416423295179108
-8.25763253677682130      8.81416423295182128
 9.32762680269573785     -4.29889100960470838
 0.66737276495219322     -9.29889100978267358
-6.52558172919744894     -2.18583576705843319
 8.25763252141729431      4.58835066967799410
 4.13147438003666156     -5.29889100971508231
15.18583576705220395     10.58835069628073100
-3.33801822758726541     10.18583576705129623
 4.13147437998013700      2.70110899041169095
 2.39942357241319160      3.70110899041504027
 9.98968332891359445     -10.18613268896260315
-9.98968334434487382     -0.18583576705174312
-9.98968334434576022      9.81416423295186924
-1.32942930649854030      6.81416423295079721
-9.98968334434460381      3.81416423294985485
-1.32942930646973712     -1.18583576705063232
-1.32942930643752733     -5.18583576705087435
 8.78633742539583551     13.18583576705118432
-1.60596742001775006     13.18583576705135130
-3.06148011396958220     -8.18583576706794958
 3.59018500268927854     14.18583576705142590
-1.32942930649892954      2.81416423295030915
 7.05428661782691346     12.18583576705121452
-1.32942930644601520     -3.18583576705086591
-3.33801822758662325     14.18583576705144900
15.18583576705235494     -5.18613266226244463
-9.98968334425710758     -12.18583576706212313
 7.59557599515882398     -5.29889100966209803
15.18583576704927296     -9.18613266226245528
-15.18583576703183446     -9.18583576705105997
15.18583576705212579      2.58835069628071368
 7.59557599521073534     -7.29889100972426697
12.79172841782651560     -2.29889100958495218
-4.79353092163277861     -1.18583576705104932
-4.79353092163786343      4.81416423294963103
 2.99149256971255095     -12.22442503482957576
 4.13147438005277134     -7.29889100971804705
 5.86352518758249097     -4.29889100967498639
-8.25763253669066444     -11.18583576705126958
 9.98968332898529887      3.58835066967648020
-11.72173415191364931      8.81416423295009999
11.72173413654766883     -7.18613268887306944
13.45378494412915238      1.58835066968704197
 5.32223581025801096     11.18583576705114524
11.72173413655925245      4.58835066968487659
-15.18583576705137972      2.81416423294980911
-6.52558172920687163      5.81416423294997653
13.45377143341864823     -12.18615609006842782
-15.18583576701790783     -11.18583576705105997
 7.59557599511912507     -3.29889100961753057
11.05967761027209306     -5.29889100959189641
-3.06148011403078701     -2.18583576706437155
 2.39942357250639127     -8.29889100975718108
11.72173413655826835      2.58835066968356786
-9.98968334434470684      1.81416423294983709
-3.06148011401453024     -4.18583576706468552
-4.79353092157610128     -7.18583576705110705
 2.39942357247546534     -6.29889100973255456
 9.95522337638919907     -12.18583579484407764
-15.18583576705157157      0.81416423294980356
13.41915854964145538     -14.18612402525649863
-11.72173415188796319     -7.18583576705113636
10.51838823296467673     14.18583576705130511
 0.12608338755081588      8.18583576705168880
-11.72173415185671708     -11.18583576705114702
-9.98968334434422900     11.81416423295189233
-1.32942930650175306      4.81416423295067197
-8.25763253667279429     -13.18583576705135130
 8.22333905827132305     -13.18612410761071274
15.13640325764943917     14.99759377551119677
 5.86352518761308072     -6.29889100970229521
-6.80211984272464498     14.18583576705140814
 0.12608338755136192     12.18583576705169236
-9.98968334431486760     -6.18583576705742466
-11.72173415190886558     -5.18583576705113103
 8.18937909448349366     -15.18583576704055282
-5.07006903515576290     13.18583576705134952
-9.98968334427864058     -10.18583576706209648
15.18583576705226434      6.58835069628072478
-15.18583576699784743     -15.18583576705116300
 9.32762680273572009     -6.29889100964821047
15.18583576704800286     -7.18613266226245173
13.45378494411818338     -10.18613268886540979
-1.60596742001839088      9.18583576705123228
-6.52558172917265988     -4.18583576705871963
11.72173413656027741     10.58835066968635807
 1.14110773321114811     -13.24197494522619145
11.68727418400996854     -13.18583579475425260
15.15137575118291124     -15.18583576705235494
-6.52558172907141909     -14.18583576706443772
-3.06148011394671693     -10.18583576706837945
-13.45378495948246034      3.81416423294995699
-13.45378495947486996     -6.18583576705673632
12.25043904053353927     15.18583576705148275
13.45378494412962844      9.58835066968717697
-15.18583576705148097     10.81416423294999518
-13.45378495948202513     13.81416423295187101
-11.72173415183474532     -13.18583576705115412
-11.72173415191324963      0.81416423294913021
12.79172841783795889     -4.29889100958548553
15.18583576705231408      4.58835069628072034
-6.52558172920445489     -0.18583576705170793
 4.75093290530456969     -13.20064794269756270
 8.25763252142172988      6.58835066968527983
-11.99827226543179393     15.18583576705131932
 7.59557599511119541      0.70110899040007713
-9.98968334434470151      7.81416423295007068
-8.25763253674907105     -5.18583576705120297
-13.45378495941039887     -14.18583576706256011
-9.98968334423712179     -14.18583576706276972
 9.98968332891654320     -8.18613268896259960
11.68694128773945629     -15.18583576704952520
-11.72173415191312706     12.81416423295189233
-11.72173415191163670     -3.18583576705108173
 1.85813419512044020     15.18583576705149341
 7.59557599510988624     -1.29889100961502968
 1.32942929114729647      6.58835066968846661
-15.18583576705214888     -3.18583576705096760
-15.18583576705144900      4.81416423294989482
-13.45378495945435660     -8.18583576705706228
 1.85813419512039513     13.18583576705143656
 8.25763252142244397      8.58835066968630656
 8.25763252142336768     10.58835066968797634
-11.72173415191356582      6.81416423295003337
-15.18583576704972238     -5.18583576705097116
 9.98968332899233857     11.58835066968798344
 6.52558171385267105      5.58835066968536331
13.45378494412953074      7.58835066968716276
-1.16389297112176893     -13.18891849923910087
-13.45378495943819708     -10.18583576705905180
-13.45378495948251540      7.81416423295000051
 4.79353090628445688      6.58835066968651262
 6.52558171384767682      3.58835066967724314
-11.72173415191356050      4.81416423295000495
-6.52558172913930878     -8.18583576706199700
13.45378494412997306     13.58835066968822858
-13.45378495948247455      5.81416423294995788
 4.79353090628553336      8.58835066968797989
-3.06148011407008180      5.81416423295162943
-3.06148011406933795      3.81416423294842843
-15.18583576704734561     -7.18583576705098093
 3.06148009871533322      5.58835066968687855
13.45378494412894810     -0.41164933031298778
-3.06148011406607123      1.81416423294730111
 0.66737276485101249      0.70110899039654739
 5.86352518754370067      1.70110899040248564
-6.52558172915720469     -6.18583576705875782
-8.53417065029364785     15.18583576705137617
11.05967761026105123     -3.29889100959187243
 4.75060317490537809     -11.20064796987805522
 6.52558171385345975      7.58835066968633143
