298    33.02473066512460065
-6.89530600236448610     -14.51236533256135885
 8.61465259179710330     13.49745342789837288
-13.78895674609760036     -14.45477398894756149
-8.62735680992930476     -13.51236533255432981
 0.03289722791056957     -10.51236533256057548
 0.04708518745802500      9.86548053651921464
15.51236533256134997     10.81035409738816000
-12.04826371742190716     10.91583474926473230
-5.17455506888598826     -5.35100561758536841
13.78895674608144972      3.79553251500751943
-1.71045345374946978     -5.35100561758906945
-8.58416210228907950     -9.43995240654106738
-1.71045345374720248     -3.35100561758710969
-6.90770096952035217      9.82878465417992331
13.78031452499378773      9.81035409738588271
12.10275829915718226     -11.42341854361046138
10.31621290985695971      7.81035409738419428
-11.78293674852596418     13.52183513750609301
10.31621290985571271     -4.33447175466230039
15.51236533256229855     -3.33447175466238832
 3.43120438722665888     -0.26205882863966068
-8.63865668402274345      0.64899438241624430
-8.63865668402280740     -1.35100561758376059
-5.17455506887931538      6.82688796031656153
 8.58416210228679688     -7.33447175466246737
-5.12006048715135886     -7.43995240654100698
 5.16325519479605966      2.73794117136119475
-3.43120438722709542     -14.51236533256120076
15.51236533256229500      6.81035409738326702
13.62555944255418261     12.04004438176209923
-1.76494803547898216      6.73794117136205362
15.51236533256230032     -7.33447175466257129
-1.69915357965831770     -11.51236533256055772
-10.37070749159172678     -2.35100561758371285
 3.44250426131226117     -10.42341854360868147
 8.63865668401912323     -13.42341854361022513
10.63118052670935398     13.78539723623993751
 6.59869676399579141     13.79423440517047617
-5.16325519479569728     -15.51236533256177808
 1.76494803547916601     -13.51236533256109773
-7.57570251417231066     13.78031452500053788
-5.55324029089026983     13.48078302371902204
-0.03289722791012861      5.73794117136199411
15.51236533256230565     -1.33447175466224177
-2.42503470291456358     15.51236533256099825
-10.32122027799614017     11.92445804779585039
 5.17455506888191863     -7.42341854360964959
-12.04826371742644220     -11.43995240654175305
-6.90660587645436053     -4.35100561758444737
-0.42503470291453049     15.51236533255974059
-1.69915357965421498     -9.51236533255347538
-13.78031452499387655     -10.43995240653859291
-12.04826371742464630      8.91583474925994857
-13.78031452499205045      1.73794117137070803
 8.62735680992654608      4.73794117137383708
 9.62242823090653410     15.51236533256151340
 5.57496529708554167     15.51236533256171413
15.51236533256054351     -13.51236533256025218
 5.12870270823953067      8.79553251501232403
-1.69915357965836944     -13.51236533256093608
10.32485513094577101      5.79553251501137012
13.78031452499346798     -2.33447175466230750
12.10275829915690515     -13.42341854361057507
 1.71045345374770985     -7.42341854360154851
-1.69915357965832259     -15.51236533256201433
-9.57570251417494056     13.78031452495931219
-6.85211129471857472     -6.43995240653812040
-13.83480910672946429     -0.35100561758364074
15.51236533256227013     -11.33447175466274537
15.51236533256131622      4.81035409737946384
12.05690593851415748      4.79553251501046418
 6.85211129472210700     -4.33447175465499956
 3.43120438722718335      1.73794117136115789
-3.44250426131667187     -4.35100561758612780
-4.57570251415978024     15.51236533256099115
-5.12870270824181063     -9.45477398891516074
 6.85211129471798408     -6.33447175466234125
 6.89530600236445412      1.73794117136034942
-3.43120438722713805     -12.51236533256065542
 8.58416210228802612      8.81035409738447051
-8.57570251418463414     15.51236533256230032
 6.88666378127330336     -2.27688041101511196
-8.63865668401708398      8.82688796031662015
13.83480910672607322     -12.42341854361046138
11.63993282251156636     15.51236533256190597
12.04826371742544744      8.81035409738493058
 1.69915357965825708      0.73794117136119441
-8.59280432337946998     -11.45477398891538456
-13.83480910672381725      5.82688796031612011
-3.49699884304795550      1.73794117136199433
 5.16325519479643091      4.73794117136185644
 5.12006048715328177     -5.33447175465510970
-15.51236533256211736     -5.43995240653636181
10.31621290985996708     -2.33447175465501822
-0.03289722791018068      3.73794117136199144
-10.37070749158601402      5.82688796031648781
 3.39665190067071743      9.79553251501245370
-13.78031452499275922     13.91583474926054009
 5.22904965061676741     -15.51236533256187755
-12.04826371742307600      2.73794117137077864
13.63993282251158412     15.51236533256046712
-5.17455506888507522     -3.35100561758509174
-0.03289722791022510      1.73794117136189774
-0.03289722791063569     -0.26205882863878094
-8.58916947043042001     10.92445804779012875
15.47143809068564302     12.80993529375715312
 3.43120438722755017      3.73794117136186221
-10.37070749159161664      1.64899438241630514
12.04826371742239388     -15.51236533256025929
13.78031452499345733     -4.33447175466245582
 6.90660587645030066     -12.42341854360998887
15.51236533256230032     -5.33447175466251533
-15.51236533256138550     -13.43995240654691870
-8.63865668401712838      6.82688796031658907
-12.10275829916058754     -1.35100561758365645
-5.16325519479595751     -13.51236533256075489
-5.22904965061677096      4.73794117136211312
-3.44250426131022724      9.82688796031666101
-10.57570251418463592     15.51236533254927252
-6.90660587645363577     -2.35100561758435411
10.37070749158832683     -10.42341854361029441
-10.37070749159166994     -0.35100561758369631
 8.61871458884220942     -1.27688041101514815
15.51236533256227901      8.81035409738504605
 0.57496529708613475     13.78031452499124221
-15.51236533256218664     -7.43995240653642043
-12.09145842506323731     -15.51236533256101424
 3.49699884304806696     -12.51236533256113859
-13.78031452499324949     11.91583474926053476
12.04826371742455215     -9.33447175466258550
-6.89530600236077706     -12.51236533255371342
-3.49699884304788888      5.73794117136210513
 6.86075351580842430      7.79553251501224764
-3.50036860853715792     13.82605071440148414
10.35940761749493610      3.73794117137297954
-8.63865668401708042      4.82688796031657841
12.08281620397994516      0.72311958898497886
-15.51236533256230032      6.91583474925975050
13.78031452499148202     -14.51236533256020778
-1.76494803547942536     -1.26205882863893915
15.51236533256039962      0.66552824535932942
 6.96110045818561129     -14.51236533256161287
-3.39665190067288858     -8.45477398891511811
-10.37070749158587191      3.82688796031640077
-15.51227213789397119     -15.51231449486880898
12.04826371742454327     -7.33447175466251355
-12.04826371742477420     -7.43995240653712653
15.51236533256093786     14.80951649012620308
-13.78031452499321041     -4.43995240653637424
 8.58416210228771170     10.81035409738503361
15.51236533256030370     -15.51236533256034988
-5.17455506887914307     10.82688796031659351
-1.76494803547905876      2.73794117136199144
 0.02159735381998037     -4.35100561759005799
-3.44250426130910148     11.82688796031666278
10.35076539641107729     -0.27688041101510358
-3.49699884304791153     -0.26205882863826047
-0.03289722791009486      7.73794117136203585
 5.16325519478864692      6.73794117137566229
-1.71045345374086422      8.82688796031750300
 8.58416210229105481     -3.33447175465497159
-15.51212280193674431     15.41979447727262276
 4.60022735362925861     13.71213315690369150
12.04826371742557356      6.81035409738321107
-6.96110045818565393      3.73794117136211446
 1.74500594029866862     -5.36582719996381829
 3.49699884304793418     -14.51236533256139261
-10.32485513094801988     -12.45477398891604004
 1.69915357965875913      6.73794117136199677
 0.03289722791036733     -14.51236533256136774
 3.44250426131716747     -6.42341854360249265
 1.57496529708551769     15.51236533256051686
 8.69315126575445341     -15.51236533256184558
10.31621290985564876     -6.33447175466237589
10.31621290985568073     -8.33447175466257484
-15.51236533256095917      2.73794117137070403
 5.17455506888141947     -11.42341854360964959
-1.71909567484026793     -7.36582719996250201
-12.04826371742435498     -5.43995240653643197
12.04826371742882962     -1.33447175465496137
13.78031452499767262     -0.33447175465489348
 8.62735680993167087      0.73794117135745829
 1.69915357965090807      8.73794117137586568
 5.22904965061682159     -13.51236533256140326
 0.03289722791044738     -12.51236533256081174
-13.78031452499484999     -12.43995240654256840
-5.22904965061680826      2.73794117136205806
-12.05690593851645076     -13.45477398891682697
 1.80603962622497782     11.00794852958111747
-3.44250426131561182     -2.35100561758609850
-12.10275829916055201      0.64899438241634733
13.78031452499392095      7.81035409738414721
 1.69915357965615232     -3.26205882864271368
-15.51236533256111727      4.73794117137070891
 6.85211129471889802     11.81035409738514907
-13.78031452499206466      3.73794117137072579
-3.44250426131043197      7.82688796031657485
-12.57570251418463769     15.51236533256199124
 3.43120438721977106      7.73794117137569692
-15.51236533256230032     -11.43995240653940293
10.37070749158794314     -14.42341854361044895
-6.86075351581065451     -10.45477398891525667
 5.16325519479386763     -1.26205882864262708
-8.58416210228748433     -7.43995240653809198
-1.76494803547903634      4.73794117136204385
 1.69915357965867431      2.73794117136185955
-13.78031452499317844     -2.43995240653632406
-6.90660587644819746      5.82688796031656864
 8.58416210228680576     -5.33447175466224710
-5.22904965061675231      0.73794117136180726
-10.31621290985546935     -4.43995240653643730
-13.78031452499352838      7.91583474925994057
-12.04826371742529112     -9.43995240653806711
 3.43120438722761412      5.73794117136195947
13.81486701154160457      1.72311958899753703
13.78031452499399556      5.81035409738224473
 8.63865668401953357     -9.42341854361014697
12.04826371742453617     -5.33447175466239365
 5.17455506888170191     -9.42341854360964959
 3.57496529708552746     15.51236533255999461
10.37070749158815630     -12.42341854361034947
-0.00099912668184516     11.86504300832482883
-1.71045345373972801     10.82688796031750478
 3.44250426131247700     -8.42341854360867082
-10.31621290985575534      9.91583474925994501
 6.89530600236277724     -0.26205882864266195
-10.37070749158603178      7.82688796031655531
-10.31621290985588679     -6.43995240653714429
12.63993269040741296     13.78031444857720800
-15.51236533256209782      8.91583474926049924
-1.63669564795514710     13.04124044544260563
 1.71045345374318680     -9.42341854360795494
-15.51236533256206584     -1.43995240653629741
 1.69915357965872227      4.73794117136194792
 1.76494803547935053     -11.51236533256085615
 3.42256216613556630     -4.27688041101521588
-10.31621290985788697     -10.43995240654118817
-6.90660587644822677      7.82688796031656953
-15.51236533256216177     10.91583474926059516
15.51236533256227013     -9.33447175466259083
 8.62735680993332998      2.73794117136037762
 5.12006048714965445     10.81035409738576547
-6.85214175607606801     11.91578782115765556
-8.58416210228699050     -5.43995240653713275
 6.90660587645078294     -8.42341854360989117
-13.78031452499365628     -8.43995240653716472
-12.10275829915482326      4.82688796031627643
-3.43120438722309995     -10.51236533255346295
-15.51236533256197525     12.91583474926088648
10.35940761750054051      1.73794117135749349
-15.51236533256210848     -3.43995240653629963
13.78031452499341114     -8.33447175466255352
 0.01295513272903028     -6.36582719996318325
15.51236533256091299      2.78071093263499280
-13.78031452499321396      9.91583474926051167
10.31621290985659911      9.81035409738501940
 1.69915357965776459     -1.26205882863964769
 6.85211129471908986      9.81035409738457886
-6.57570251415978024     15.51236533256219552
-10.35940761749774630     -14.51236533255513628
-10.31621290985640904     -8.43995240653805467
-12.04826371742432300     -3.43995240653638712
12.09145842506218216      2.73794117137003523
-5.17455506887933048      8.82688796031658107
-0.02159735382158659     -8.42341854360084596
-3.49699884304791064      3.73794117136203585
 5.15461297370438398     -3.27688041101510352
 8.63865668401933817     -11.42341854361020559
 6.89530600235744906      5.73794117137548110
 8.59280432337724420      6.79553251501213129
 5.16325519479557826      0.73794117136029580
 6.90660587645052093     -10.42341854360995868
12.04826371742462854     -3.33447175466237011
-13.78031452499326548     -6.43995240653643286
-3.44250426131874399     -6.35100561758838200
-8.69315126575444452      2.73794117136193327
-0.03289722791103965     -2.26205882863979379
13.78031452499339871     -10.33447175466272050
13.78031452499343246     -6.33447175466253132
-15.51236533256097516      0.73794117137068993
 3.43120438722495580     -2.26205882864256980
-15.51236533256230032     -9.43995240653757151
10.31621290985602002     11.81035409738606035
-6.96110045818559087      1.73794117136187998
 1.76494803547913959     -15.51236533256195038
-6.85211129472024982     -8.43995240654098389
 2.57496529708613719     13.78031452499068266
-1.76494803547911983      0.73794117136191661
-6.90660587645357182     -0.35100561758434229
 6.89530600236493196      3.73794117136120585
 3.52944821270381315     12.02277011195466905
-8.62735680993291076     -15.51236533256214223
-5.16325519479195361     -11.51236533255360328
-8.63865668402287490     -3.35100561758376836
-5.17455506888429362     -1.35100561758509108
 7.62242823090651278     15.51236533256130734
12.04826371742492341     10.81035409738598929
-12.10275829915489787      6.82688796031653045
