301    33.10718875073030176
11.55359437532901623      5.22776744198645460
 3.44640562481013779     -1.76691370069398812
-1.76461705227931231     -10.35744195261006517
 0.44640562480974888     -0.03486289286981571
-3.55359437536232248      6.89334033734071205
11.55359138007252184     -1.70043470689267684
-2.55359437538588629      1.69718791480072850
-11.55359457987035476     -3.49927673427964647
10.44640562465806433     13.82154356778737103
15.55359437509387455     -8.62863901106741338
13.44640562465962752     15.55359437535520861
-9.15910573036769371     -8.92377485171250306
 7.44640562463869671      8.62539114509151794
-4.55359437536378753     12.08949276022517694
 9.55359377281400768      1.76366513630170596
 9.44640562463773570      5.16128952995321821
-10.55359464196783748      1.69718775735014882
-14.55431553355297147      5.16087323779367502
 5.44640577842937557      1.69718782575208760
-13.55359437534952427     -15.55359436610394575
-8.55359437536452738     15.55359437536405487
-1.55359437536232226      6.89334033749656783
 0.44640562463768058      6.89334033750464492
-15.55359415814845470     -3.75273052782591687
 3.44640562463547173     15.55359437536515443
 1.44640562481001878     -1.76691370043864215
15.55359437535325107     12.15597067224803496
 8.44640562463773215      6.89334033752208875
 2.39168118013375386     -10.45763051187824111
-4.55359437538660305     -1.76691370033789164
 7.54797941820402585     -8.62539114183282685
-14.55359437536635347     15.55359437536269951
 4.54797941260318694     -13.82154356779628124
 2.44640562492298619     -0.03486289293498660
 4.44640562463874645     10.35744195264376799
-2.55359437536377554     12.08949276022513253
 8.44640562464091005     13.82154356779744120
-2.60831881979645930     -5.26147808913166681
-2.55359437537634104     -1.76691370033162110
 3.54797941260302352     -15.55359437536515088
-3.76461705235062372     -10.35744195256827282
-0.55359437537612233     -1.76691370033138084
-15.55359427555446672     -5.75273052800220164
-10.55359437536805345      8.62539114508616578
-4.55359438120276749      1.69718791144224457
-14.55682779584091691     -10.35557883060376305
 7.54797941260422522     -12.08949276022680586
-12.55359484073465381     -1.76722607672458443
-8.55359437536516864      8.62539114508815352
11.44640562463955646      8.62539114508997606
-0.60831881979645563     -5.26147808913131865
 0.39168118020370124     -6.99352889670010480
-11.55359437536454870     13.82154356779521720
 1.44640562463865963      8.62539114507447913
-4.76461705240862443     -12.08949276010372742
 6.44640562463642830     13.82154356779677151
-6.76461705245137956     -12.08949276007920837
-7.55359438997486965     -0.03486290120752056
-3.55359437537605283     -3.49896450790067703
-11.55359437536496259     10.35744195265685796
12.55078663510162684     -10.35906573936029851
-13.55359455037688399      3.42923880418587101
-8.15910571416562291     -10.65582565329101605
-15.55359433794791713     -0.06574656353851600
15.53619644984446069     15.54904238879283263
-8.55359461561269896      1.69718777608928217
-9.55359437536496436     10.35744195265720435
 7.53736852313741768     -1.71110901203782650
 9.55078602182774716     -5.16291363225654987
-15.55359436426199693     -8.62166519736555159
-0.55359437536134337      8.62539114507408655
-12.55359437536494660     12.08949276022574537
11.55359436874647550     -5.16453739958318891
-10.15910578422770350     -7.19172386631982352
 4.44640562466307099     -3.49896450834782735
-12.55359438774356740      5.16128951932349800
-0.76461705234758415     -12.08949276021958497
-7.55359437536496525     10.35744195265717771
-7.15910572688451285     -5.45967323809751903
-12.15993508072598672     -7.19220290764905545
-6.55359438997420174      1.69718790637770778
 7.44640596066888438      1.69718772052684974
-7.55359448173720427      3.42923866096718699
14.55078689982658524     -13.82316750055023924
11.54797942477169315     -15.55359437507811649
-9.15910572873125695     -5.45967309050134553
 6.46780140176096374     -3.48643447607190504
-11.55359437536516154      6.89334033750434738
 4.44640576042599367     -0.03486297142295054
14.55359437536514200     -3.43248659583681803
 6.54797941260318961     -13.82154356779627769
13.55359436875968981     -8.62863901472976202
-9.15910571406100260     -12.38787646092030315
-15.55359437191026650      3.42839169360142382
-2.76461705227879939     -8.62539114504084736
13.55359437534994882      8.69186905711214131
 9.44640562463871625      8.62539114509145755
-4.76461705235190536     -15.55359437530159816
-11.15910577138456539     -8.92377468140304586
-14.55359452894939842     -13.82154343656965878
-5.55359438128864102     -0.03486289617655814
-3.76461705236049315     -13.82154356770271697
 8.44640583845187187      3.42923859877566706
 8.55156805905504847      0.03026928229567117
-14.55359447179150045      8.62539108637704466
12.44640562465876599     10.35744195264781453
10.44640562464046241     10.35744195265937684
-15.55359437535016909     -15.55359434124707363
13.54797942483435769     -15.55359437509445542
 6.44640584788704540     -0.03486302201378775
-8.55359438421721663      5.16128952483925119
-10.15910571385210304     -14.11992726860979808
-5.55359438607218880      3.42923871619976373
-11.55359450784005482      3.42923864241428289
10.54797941820642393     -10.35744195589356487
 4.39168118013376407     -10.45763051187810433
 3.39168118013174746     -12.18968131944827427
-6.55359438127752458     -1.76691370375501822
 5.54797941260318961     -15.55359437536515443
14.55359437534950295      6.95981824954216055
 8.44640562463887257     10.35744195266042489
-0.55359437519080767      1.69718791469902142
 1.44640562463770794      5.16128952993578327
 2.44640571535292484      3.42923866999281435
 7.39168182003062224     -5.26025661951600743
15.55359437498645114     -15.55359437499259023
14.55359437509797971     -10.36068981864193361
-13.15992884068719526     -5.45514707313535308
 9.54797941820429052     -8.62539114832225273
12.55359437532785094      3.49571663441690683
-1.55359437537643563     -0.03486289276268847
10.54797941842732456     -13.82154357115884835
 1.39168118013174791     -12.18968131944862243
 1.39168118020359666     -5.26147808913116588
-13.55382595461043493     -0.03530872278350283
-14.55359437631183717     12.08949275966544334
-9.55359450490691664      3.42923864757417984
-1.55359437536454337     13.82154356779445159
-11.55359437534917255     -15.55359437535270928
-5.55359437536454514     13.82154356779468785
-8.15910574010122680     -7.19172403851433639
11.55078662358859631     -8.62701492511948942
-0.55359437536452594     15.55359437536331768
 3.39168118107425531     -8.72557970376623793
-9.55359461580976266     -0.03486303515642466
12.55359437533073219      6.95981824955434103
15.55359437534925782      5.22776744197161136
10.55359437532785094      3.49571663441689662
 8.46779533267338280     -3.48150613208515614
14.44640562466130085     13.82154356778429083
11.44640562465846578     15.55359437535627798
 8.54797941260318872     -13.82154356779628124
 0.39168118013375403     -10.45763051187858750
13.55359437532962197      5.22776744198476084
-12.15910572798302347     -10.65582551425598190
 0.44640562483048807      3.42923872225560400
 1.44640562486360280      1.69718791466797003
11.54797941822020846     -12.08949276347039614
-1.55359437537602374     -3.49896450790031510
-4.55359437536136546      8.62539114508599170
12.55359436875199464     -6.89658820715646304
-5.55359437536200851     10.35744195265527168
15.55359437512421827     -12.09274062619575929
-6.55359437536516687      8.62539114508818550
-3.76461705227881316     -6.89334033747194752
 2.39168118108116623     -6.99352889619337414
-10.55359482288579720     -1.76691373575838218
-2.55359437536136102      8.62539114506856386
 3.39168118155597620     -5.26147808881662549
-3.55359437536454426     13.82154356779449067
 4.44640562463547528     13.82154356779628124
-7.15910571500757165     -8.92377484523602327
-5.76461705260146751     -10.35744195242345000
-7.55359437536454870     13.82154356779477311
 2.44640562463859412     10.35744195264349443
 0.44640562462405214     -3.49896450790015345
14.55359437535111766     10.42391986468034837
-10.55359437536490574     12.08949276022613262
14.55359437536236022      0.03161501929930931
 3.44640574890877360      1.69718784305065706
 8.54703090191528858     -6.89279100184318416
 9.44640562465757760     15.55359437535744149
 5.54797941260422611     -12.08949276022680408
 2.44640562463128886     -3.49896450827698535
 1.44640562463547284     15.55359437535157063
-13.55359437108465848     -12.08949263911166483
13.55359383197932388      1.76366551314572750
-6.15910571392693473     -7.19172403829102702
 5.44640562463772060      5.16128952993633128
-11.15993507926420847     -5.46015209956257053
-4.55359438157865259      5.16128952636308025
 4.39168118153897069     -6.99352889640781594
-0.55359437536375478     12.08949276021298047
-11.55382597137531953     -0.03499640221445259
-6.55359437536380085     12.08949276022538122
13.55078689978637385     -12.09111669298845371
-12.55359437666584554      8.62539114432233056
-15.55359437536496259     10.35744195027182357
10.44640562463785294      6.89334033752208253
-13.55999171516445934     -3.49556810847462129
 5.39168118160457777     -5.26147808884842672
-2.55359437855493754      5.16128952790168061
11.44640562465874467     12.08949276021771446
15.55359437536439948      1.76366582686700890
-2.76461705235190358     -15.55359437535485156
13.44640562465996858     12.08949276021603403
 4.44640576200410198      3.42923864305894366
-13.15993514057850433     -8.92425370720621913
-5.15910571382759464     -5.45967323077943512
 3.44640562463866873      8.62539114507464433
-12.55359475830802118      1.69718787636962265
 9.54797941821895613     -12.08949276346967316
-9.55359437536454870     13.82154356779517990
12.54797942478632855     -13.82154356751533797
 2.39168118012808062     -13.92173212701962015
-4.76461705235882427     -8.62539114499463722
-2.55359437536452516     15.55359437536335676
 8.54797941820362084     -10.35744195589074224
 6.44640562463771705      6.89334033750521069
10.55078661078121982     -6.89496411012735244
 5.44640562463868427      8.62539114507470117
-14.77800584737764744     -1.90923851660410726
-10.15910572766834363     -10.65582566089276284
 2.44640562463768774      6.89334033750503217
-0.60831881979692348     -8.72557970426968765
-3.55359438087454071      3.42923871920072587
 6.54797941818827933     -10.35744194939280050
 7.44640562463800304     15.55359437536486666
-13.55359437536515976      6.89334033430973303
14.55359437532797884      3.49571663441485825
 5.44640580754859904     -1.76691380632464901
 9.54797941260318872     -15.55359437536515443
-6.55359438246448622      5.16128952585155165
-6.76461705235191513     -15.55359437529565625
-5.76461705243351208     -13.82154356765860470
-8.76461705235192845     -15.55359437534953848
10.55359129053360867     -3.43248547588922825
-1.76461705235949640     -13.82154356778159077
 1.23538294764810730     -15.55359437536177758
 7.54797941260318872     -15.55359437536515443
-12.55359446725836037     -13.82154350224755035
 5.44640562463551081     15.55359437536514200
-5.55359437537627887     -3.49896450791681479
15.55359437536515443     -1.70043578826795128
-15.55359437536455403     13.82154356778305448
-15.55359437536515443      6.89334021136602981
-6.55359437536452472     15.55359437536363565
 6.44640577978256157      3.42923863253991934
-0.76461705235190269     -15.55359437535738287
 5.44640562463637412     12.08949276022792496
-13.55359437536455403     13.82154356779485127
12.44640562465911771     13.82154356778637805
-9.55359458615656365     -3.49896440674852904
15.55359437535106260      8.69186905711020330
-7.55359437536516509      6.89334033751926079
12.55359382258296463      0.03161470015187066
13.55359437536226430     -1.70043578826960684
-2.76461705235040078     -12.08949276013829888
 9.53736816352925132     -1.70990282017670570
 3.44640562463629863     12.08949276021371588
-10.55359438546082629      5.16128952410531472
-1.55359437520604371      3.42923872226579673
-1.60831881979629854     -6.99352889670045030
-10.55359437536453093     15.55359437536420053
-8.55359437536490397     12.08949276022609354
10.55156807280246944      0.03044636818597957
 4.44640562463769484      6.89334033750519559
-4.55359437536452472     15.55359437536355216
14.55359436875276913     -6.89658820715689380
 6.39168118154182974     -6.99352889645424547
-14.58006974012543111      1.68132277511624606
 9.44640562464057787     12.08949276022833530
13.55359436874727308     -5.16453739958486313
-13.55359437536496259     10.35744195264272705
 3.44640562463770905      5.16128952993614298
 2.44640562463546862     13.82154356778264948
-7.76461705245244360     -13.82154356764803005
-1.55359437536162015     10.35744195264285139
-5.55359437536516687      6.89334033751931052
 7.44640562463772948      5.16128952970973032
-0.55359437536232625      5.16128952992492529
-15.55359437125502176     -12.08949252503573213
-7.55359437834207803     -3.49896451319432256
-14.15992882498351690     -7.18719789855323477
 7.44640562463913014     12.08949276022945085
 0.44640562463838607     10.35744195264320844
-8.55359438931955296     -1.76691371196242764
 5.39168118150083941     -8.72557970401062732
 6.44640562463879441     10.35744195266044798
12.55359194128460132     -3.43248519052081313
-3.55359437538620071     -0.03486289276843636
-9.55359437536516332      6.89334033751889486
 1.44640562463625666     12.08949276021331620
 0.44640562463546152     13.82154356778231019
 1.39168118104404570     -8.72557970378380787
 0.23538294765137099     -13.82154356779030024
11.55359379832536426      1.76366549371561110
-11.15910572938440382     -12.38787646935330145
15.55359437536515443     -5.16453740340568324
-3.55359437536186507     10.35744195265515444
-12.55359437536468548     15.55359437536401934
