302    33.11467407560810727
 5.16776898119380856     -8.55261168998949195
-15.55733703780405186     -11.11744771121710151
 3.43571817361318255      2.45683900558631052
15.55733703780265564     13.47101504818851936
-5.22179907543041644     -2.54788634220485966
 5.16776898119620043     -10.55261168999544097
15.55733703780405364     15.55733703780405541
-0.02564665270400407     -15.55733703780374633
 5.16776898118178529      3.45683900558681456
10.36118461509628652      0.45211365781095009
 6.89708299996335050      0.45211365781796992
-5.22179907553683798     -6.55733703755776354
 1.70640415474869545     -10.55733703759366726
 6.89708299995931817     -1.54788634219041765
-0.02838344152533027      2.45683900558518653
-5.22179907541043775     -14.55733703780174082
 8.62913380752802617     -4.54788634219214583
-3.49248505665562492     -3.55261168998356958
12.09323542266498208     -4.54788634219214050
-5.22179907540471433     -8.55733703780173904
 8.68590069057358960     15.55733703779822186
-1.70366736604947855     11.55261169001495780
12.09597221144922408      9.45683900559847679
12.09323542266778695      5.45211365782003821
-0.02838344152393175      0.45683900558518220
-13.97249161363340164     -12.33739237450539328
-15.55733703780405719     -2.54788634217466781
-1.76043424909190138     -0.54316099441640775
-1.75769746027187512     -12.55733703780308019
13.85093288318121552     14.51417604299743758
 8.62913380761637683     -8.54788634234833822
-12.09597221125156352      1.54316099479367930
 3.43298138490794624     -5.54788634234086775
15.55733703780203392     -2.54788634219084731
10.36118461509651034     -5.54788634219288213
 5.16503219239371170      1.45211365781734947
-6.95384988297978612     -13.55733703780056310
-5.22179907541022192     -12.55733703780173904
13.82802301892854402     -13.55261169018124257
 6.89708300004737573     -7.54788634234638511
 5.19615242270878497      9.50472534781213518
 3.43571817361184584      4.45683900558633006
-12.09323542266335494     15.55733703780198951
-6.92820323026960772      2.50472534780565059
-12.40083885582915535     -11.10049803421769710
 3.49248505663269793     14.55261169006543831
-1.76043424909450863      1.45683900558364887
-3.48974826784116621     -13.55733703780236432
-13.82802301881459961     -5.63893367922379163
 1.76043424908667734     13.55261169002433874
 3.43845496243852056     -13.55733703780380139
-3.43571817361839793      8.55261169001070698
-8.63187059632437759      7.55261169001021759
12.09597221136122336     -14.55261169018839773
 8.62913380753078663      3.45211365781872459
 3.43298138482250614     -3.54788634219207255
-6.95384988297875228     -15.55733703780282973
-12.14452872853175869     -2.54788634223054888
-15.55733703780012966     -6.64365902663981345
-15.55733703779984545     -13.55733703779932497
 1.70366736604334301      3.45683900558568125
-13.82528623023303815     12.55733703779722532
-10.41521470951817996     -3.55261168969149965
12.09323542275507712     -10.54788634235178435
 6.89708299995968410     -5.54788634219320631
-15.55733703780069099     -4.63420833180850522
 1.70093057733884678     -4.54788634233967759
-12.09597221146037604      5.55261169000668264
-13.82528623023296710     14.55733703779862864
 8.63187059631734854      7.45683900558828672
 1.70366736605874913     -8.55261168999284394
-8.62913380752902803     11.55733703779352872
-6.95384988324985276     -5.55733703772408738
-3.49248505664318154     -5.55261168998367527
 5.16503219239073275     -2.54788634219092458
-3.48974826784095615     -11.55733703780230925
15.55733703780196464      1.45211365781183255
-15.55733703779936583     -15.55733703779935162
10.36665819245769526     10.46156435301770493
-5.17050576977594467      5.54788634258397373
-8.81797545271276562     -6.83274345499874780
15.55733703780128430      9.46156435336515678
 3.43845496243488924     -15.55733703780403232
 1.75769746049808484      9.54788634258710189
15.55733703780230925     -8.54788634219442223
 1.70366736604466995      1.45683900558566459
 1.76043424908750645     11.55261169001498978
-5.16503219242625811     11.55733703773471888
-12.09323542270266039      7.55733703772806997
-13.82528623023481451      8.55733703779189980
-12.12161886417758971     -0.49999999998138966
 8.63460738502928926     -14.55733703760362907
13.82528623023062941     10.46156435336586021
-8.62913380756393700      9.55733703773169552
12.09323542266477780      1.45211365781162360
 1.70640415486927188     -12.55733703780444444
12.09323542266494478     -0.54788634218946219
13.82528623023344849      0.45211365781120300
 3.43571817362529730     -7.55261168998880184
-6.95384988300194085     -1.54788634220843080
 1.73205080757183016      7.50472534781075229
-13.75893340049489311     -14.68226883626869750
 1.70093057725623931     -0.54788634218437726
10.36118461510032418      2.45211365781933122
-6.89981978875561808      8.55261169001054355
-6.95384988298936157     -9.55733703779690913
-6.95384988303477236     -11.55733703779696775
-3.48974826796963677     -7.55733703756999198
-15.55733703780294341     -0.46156435263118406
-10.36118461513287059      8.55733703773088550
-15.55733703780014210      3.54788634221994004
10.36392140388290350      8.45683900559404833
-10.36392140389175331      4.55261169000621813
-5.19615242270227196      3.50472534780831912
13.82528623023332059      2.45211365781225821
-12.12161886419924528     -4.59577268440296827
-8.87784080323249292     -9.01120615712607353
-1.70640415463856066      7.54788634258494184
 8.63187059633367326     -12.55261168999711252
-6.89708299999519259     10.55733703773247179
-15.55733703780054533      1.54788634221831600
-12.24815716480492789     -8.89009917093340896
 8.62913380753182579      1.45211365781867485
 3.48974826806676797     10.54788634258813218
-15.55733703779626076      5.55733703764453146
 1.70640415486541253     -14.55733703780463095
-5.22453586432017847     -4.55261169016451284
12.09323542266504070     -2.54788634219086241
15.55733703780353316     -10.54788634219450572
-15.55733703780184563     11.55733703779623056
 6.89981978876217905     -9.55261168999040144
-10.36118461509555466     14.55733703780007282
-0.02564665294492213      4.46156435299701837
 3.43845496231858405     -11.55733703759719866
 8.66025403783719661     11.50472534782832312
15.55733703780063237     11.46156435336568258
-0.02564665269908849     -11.55733703780354915
-13.98568428162105803     -9.88055336892977465
 5.17050576976065646      7.46156435299953458
13.82528623023742043      4.45211365782066082
-0.03112023031602820     -1.54788634219326338
 6.89981978874888657      6.45683900558756729
10.36118461509649613     -3.54788634219143928
-10.36392140389293637      6.55261169000948307
 3.43571817362782461     -9.55261168999453325
-0.02564665282440947     -9.55733703758501285
 0.02838344151825556     10.55261169001296651
-12.09323542266440477     13.55733703779801758
-3.43571817361862619     10.55261169001254373
15.55733703779368149     -12.54788634255552005
 8.68316390197997201     13.55261169036730351
12.09323542266491636     -6.54788634219372145
-11.96052976318549455     -15.55733703779044852
 0.02564665292970021      8.54788634258606450
 6.89708299995945584     -3.54788634219146681
-8.95384988297876028     -15.55733703780289723
10.38956805662183314     12.50945069559005418
10.36118461509931699      4.45211365781933122
-3.43298138485736803     12.55733703773675636
-8.62913380752685377     15.55733703780190247
-13.82528623023327974     10.55733703779567279
-8.68316390198927124     -0.54316099479392244
 5.16503219247665069     -6.54788634234189360
-5.16503219239236699     13.55733703779544363
-13.85093288318570437     -3.59104733698861311
-15.55733703780186694      9.55733703779506527
-5.16503219238987743     15.55733703780190602
-13.85093288315933613     -1.50472534740385533
15.55733703780205168     -0.54788634218945609
-12.09597221141499723      3.55261168992706544
13.82528623023356396     -3.54788634219157650
 8.63187059631878562      5.45683900558816326
-5.22453586414991999     -0.54316099456247680
-5.16776898118697403      7.55261169001012167
-3.48974826808224092      2.46156435299603293
 5.16503219239484324     -0.54788634218267362
-1.70093057728823416     13.55733703773861976
12.14452872852922205     15.55733703779399590
-12.09597221124418986     -6.63893367922128164
12.09323542266584361     -8.54788634219407051
 5.22179907563263157     11.54788634259355717
-15.55733703780094501     15.55733703780021671
 6.90255657757612795     -15.55733703780405541
-3.46410161513377313      4.50472534780897327
 3.43298138482624804     -1.54788634218324384
-8.68316390194640952     -4.55261168968699703
12.12161886419178103     13.50945069558820144
-13.82455008987193423     -7.64493134187050227
-0.03112023022627602     -3.54788634233090105
13.82802301901938336      8.45683900559870949
15.55733703780187582      3.45211365781296875
-10.38956805662759564     -5.59577268439816411
-5.22179907542127619     -10.55733703780173904
-3.49248505666308562      0.45683900557974488
-1.75769746039606112     -8.55733703757902298
 6.89981978876547331     -11.55261168999476240
-13.82528623027171299      6.55733703772250820
-12.09323542266447760     11.55733703779650234
 8.62913380752796577     -2.54788634219083043
-0.02838344150983662     -7.55261168999200549
15.55733703779991473      7.45211365782980906
 5.22453586420310234     13.55261169006384137
 6.90255657732951189      8.46156435300031262
-10.45718982285000642     -14.23825818299960666
-10.67626564161458091     -12.13556978033528644
13.82528623032531101     -11.54788634235186429
 6.90255657745904472     -13.55733703760395059
 5.17050576988911281     -12.55733703759869613
-6.89708299995850194     14.55733703780086152
 3.43845496219192670      6.46156435299868459
-15.55733703780218136     -8.64365902663998575
10.36118461518708322     -9.54788634235018741
12.09597221124282029     11.46628970077861354
15.55733703780263077      5.45211365782701574
-1.76317103780176243     -2.54788634234079137
15.55733703780203570     -4.54788634219228527
-8.63187059632430831      5.55261169000901855
-8.62913380752684844     13.55733703779921306
 1.70093057725802410     -2.54788634218440624
-13.82528623023148562      2.54788634221948929
 1.76317103782486262     15.55733703778916777
10.36118461509659205     -7.54788634219471177
15.55733703780281196     -6.54788634219264321
-6.95384988296922302     -7.55733703779417354
-10.36118461509762234     10.55733703779295851
13.82528623023389081     -9.54788634219552534
-12.09323542266621843      9.55733703779245936
-1.75769746027251328     -14.55733703780309796
 5.16503219239115996     -4.54788634219248333
 6.95384988300346674     14.55733703779880805
10.36392140388727512      6.45683900558887558
-3.43298138482391613     14.55733703779624122
-5.22179907564980095      1.46156435299368792
12.09597221145259383      7.45683900559506796
13.82802301881269713     12.46628970077805576
-3.49248505657823749     -1.54316099455937872
10.36392140389963323     -11.55261168999193444
 6.92820323027454332     10.50472534781753708
 0.03112023027827960     14.55733703774540011
-13.82802301882063034      0.54316099479217728
10.41521470954992878     14.55261169036608493
 8.63460738489503221      9.46156435300625809
10.36392140390340622     -13.55261168999591170
13.82528623023340586     -5.54788634219292653
-1.75769746051360198      3.46156435299658893
-3.48974826783610892     -9.55733703780223465
-6.89981978875572377      6.55261169000982857
-10.36665819243395603      2.54788634249921042
-8.87784080322184543     -13.01120615712621387
-8.87784080328271941     -11.01120615712614104
13.82528623023316072      6.45211365782610713
 5.16776898118038286      5.45683900558691981
 8.62913380752819670     -6.54788634219385912
-0.02564665270309387     -13.55733703780366106
-6.95384988299468532     -3.54788634221285504
 5.22179907543415478     15.55733703779827337
-0.02838344151246516     -5.55261168998664711
12.09597221146946211     -12.55261168999102495
 0.02838344152014695     12.55261169001774668
-1.70093057725813934     15.55733703780164134
-1.70366736605012359      9.55261169001188293
-13.82802301898409070      4.55261168992826981
-1.75769746026761919     -10.55733703780294874
-6.90255657734450967      4.54788634258319657
-6.95384988314697683      0.46156435286859654
10.36665819248697318     -15.55733703779650590
-8.68590069056763348     -2.54788634221412646
 6.95384988318017427     12.54788634263152858
 8.63187059633152032     -10.55261168998984367
-15.55733703780176036     13.55733703779825206
 6.89981978875025526      4.45683900558754065
13.82528623023348580     -15.55733703779931254
-15.55733703780232347      7.55733703778887911
-10.41521470955624729     -1.54316099479734103
 1.70640415462359218      5.46156435299765608
-6.89708299996067353     12.55733703779443822
-1.76043424907706769     -4.55261168997876897
 3.49248505665395514     12.55261169002155697
 3.46410161514023951      8.50472534781156142
-1.73205080756504648      5.50472534780923350
-10.66331174035505569     -10.11004383386240058
10.36118461509649080     -1.54788634219022025
 3.43298138482515780      0.45211365781676716
-1.76043424907863000     -6.55261168999134469
 8.62913380752782189     -0.54788634218976939
-10.52437960732716959     -7.87590444981915638
-12.25559346032098063     -13.36318998181073958
-3.48974826784184300     -15.55733703780237498
12.09323542266887941      3.45211365781998181
 1.70366736605679470     -6.55261168998811527
-10.36118461509590105     12.55733703779716315
-10.38956805660905225      0.50000000001919664
-8.63460738491193425      3.54788634258039925
-5.16776898118699268      9.55261169001129140
-3.43845496220720159      6.54788634258425528
 0.00000000000353905      6.50472534780973799
13.82528623023417857     -7.54788634219312904
-8.66025403779133462      1.50472534772398592
 6.89708299996229890      2.45211365781797141
13.82528623023346626     -1.54788634219007903
15.55733703779971400     -14.55733703779409716
 5.17050577000629019     -14.55733703780571986
