303    33.12659152810374508
 7.56329576404163628     -15.56329576404741921
13.56329576404552562     -1.70688930349811918
-3.52143818123617658     -10.36714334139171179
-6.52143818120153540      8.63509253377176833
-12.56329576405403081      1.73173983662379949
12.56329576404537463      0.02516150407074031
-11.56329576417107141     -3.46441258610718084
-0.47907120860364732     -8.66025403785499570
12.52092879146707283      3.46410161516156379
11.56329576393244096     15.56329576404580983
-5.52143818120022534     13.83124495647890306
-3.52143818120766161     -13.83124495650026731
 9.52092879143097726      5.19615242271008970
 4.47856181879934656     10.36714334134000204
-1.52143818120066410     10.36714334134043725
 2.52092879142778958     -6.92820323027017970
 8.52092879143083337      3.46410161514129999
 7.56329576404341353     -8.63509253377309172
 7.47856181879984216     15.56329576404674242
14.56329576402774073     13.83124495649694019
 0.47856181879977583     13.83124495647826180
-4.52143818121531460      5.17099091862587379
-6.52143818120033902     12.09919414891001921
10.56329576404378479     -6.90304172620438816
-4.52143818122244490      1.70688930348455625
-8.52143818120153540      8.63509253377282704
-2.52143818121530483      5.17099091862537907
 8.56329576404373505     -6.90304172620430467
-9.56329576406207060     -0.00031097096068211
-15.56329576404798587     10.39199387446163492
-9.56329576403883230      3.46379064417759919
-14.52143818122240759     15.56329576404657011
-8.52143818121535901      5.17099091863671312
-9.52143818120062058     13.83124495648104357
 4.52092879146288329     -10.39230484538773425
13.56329576404536752     -8.63509253377293184
-11.63339875081509334     -10.36714334132350679
11.52092879146676907      1.73205080759279451
-12.56329576404281845      5.19584145175756262
 2.47856181878147996      3.43894011105452480
-6.52143818120016849     15.56329576404997894
-9.52143818120067209     10.36714334134362403
-0.52143818120016805     15.56329576404728599
-13.56329576403167536     10.39199387445789391
-2.52143818119636265     -12.09919414893763445
 0.47856181879379983      6.90304172619946232
 5.52092879136428749      5.19615242267235811
 8.47856181879979687     13.83124495647783725
-7.52143818120023155     13.83124495648113594
13.56329576399966541     15.56329576404968229
-13.56329576404625215      6.92789225932447117
-10.57741846932817431     -8.66864234187969096
13.56329576404538528     -12.09919414891022527
 5.56329576404006954     -15.56329576404705328
 7.52092879144688808     -1.73205080755530516
-1.52143818118451879     -10.36714334137553628
-7.52143818120632357      6.90304172620076972
15.56329576404892379     12.09919414893600376
 6.47856181879979598     13.83124495647770935
 0.52092879142655690     -10.39230484540721378
-15.56329576402265324     -11.30636638165357510
11.52092879143096837      8.66025403784783876
 6.52092879140117265      3.46410161512477677
 1.47856181879983284     15.56329576404710657
-3.52143818128591191     -0.02516150412112697
13.56329576404547232      1.75721231163958125
-9.57741846840904287     -10.40069315002158135
 7.56329576404185744     -12.09919414891011158
-8.56329576412717408     -1.73236177856729268
-11.63339875080389696     -13.83124495646922192
 8.52092879140175086      6.92820323026233886
-9.63339875080283825     -13.83124495647153473
-6.57741846599148783     -12.13274395906189795
11.56329576404433723     -15.56329576404876036
-14.56330333339121097      1.73173546645791210
-10.63339875081540242     -12.09919414889368916
 3.56329576403974091     -15.56329576404699822
 9.52092879146594839     -1.73205080754479690
 0.47856181871553971     -0.02516150412128670
-6.52143818315175672     -15.56329576403551584
11.56329576404498205     -1.70688930349800394
-1.52143818116591789     -13.83124495648985075
-1.47907120875334419     -6.92820323024203510
-8.52143818120034169     12.09919414891231071
 2.52092879139853920     -3.46410161514952009
10.52092879146644933      0.00000000002395005
12.56329576404497317     -13.83124495647931695
-3.57741846588246215     -6.93659153635763293
-12.56329576422542260     -5.19646339365308485
-9.57741846589007473     -6.93659153629572778
 9.52092879144784199      1.73205080758219898
-5.52143818129032748     -0.02516150411815215
-4.57741846592322243     -8.66864234393754707
12.56329576397951620     13.83124495649177810
 6.52092879146503623     -6.92820323025106788
14.56329576404585957      3.48926311920847532
 0.47856181878147391      3.43894011105473751
 2.52092879144318438     -10.39230484539785948
 6.47856181879940163     10.36714334133984217
14.56329576404646176     -6.90304172620391743
-11.52143818121134267     10.36714334134589599
 4.56329576404013260     -13.83124495647805752
14.56329576404698223     -10.36714334134088666
-5.52143818128369990     -13.83124495650302954
-3.52143818121879804      3.43894011105488140
-6.56329576415052074     -5.19646339371893529
13.52092879144813153      8.66025403785782899
 7.52092879146525473     -5.19615242268229593
15.56329576404568371      5.22131392677754302
-6.52143818121535013      5.17099091862649196
12.56329576404495185     -3.43894011106699127
-10.56329576413069660     -1.73236177855821305
11.52092879140132275     12.12435565296967077
 1.47856181878474224      5.17099091862532045
 4.52092879136390469      3.46410161510368120
14.56329576402695380     10.36714334137955973
-1.52143818120621255      6.90304172619965950
11.56329576404433368     -5.17099091863571481
 8.56329576404335668     -10.36714334134202709
-5.57741846588598111     -6.93659153634713910
 4.47856181879387272      6.90304172619922962
-0.52143818120131502      8.63509253377116792
-2.52225135289147318     -5.22178390297205564
14.56329576404564108      0.02516150407070440
13.56329576404599102     -5.17099091863528848
-11.56329576403175707      6.92789225932005159
 4.52092879142984216     -3.46410161513361858
-10.56329576405019033      1.73173983661507735
-7.52143818120067209     10.36714334134127036
-12.52143818120805641     12.09919414891690614
-4.52143818120016849     15.56329576404805159
 8.52092879136504422     10.39230484537877075
 2.47856181879385540      6.90304172619936374
-15.56329569945344815     -3.46938579021157301
 8.52092879144739257      0.00000000001337358
-1.52143818121874230      3.43894011105445641
-13.63339875080390406     -13.83124495646795538
-11.56329576404468185      3.46379064418727900
-5.57741846595572088     -10.40069315151356832
-13.60708558331924145     -6.90248297547635925
-0.47907120863998076     -5.19615242273860378
-13.75810023233296064     -10.44539652598638213
 4.52092879144474580     -6.92820323026090890
 2.47856181879934567     10.36714334134017967
-12.56329576403521209      8.65994306688697435
 7.52092879143060422      1.73205080757255980
 7.52092879140149506      5.19615242269354560
-10.56329576417531690     -5.19646339367856580
-8.57741846592622892     -8.66864234388612864
 6.56329576404125614     -13.83124495647869878
 1.52092879139805137     -5.19615242271814637
 0.47856181879934578     10.36714334134034843
-4.52143818120145724      8.63509253377131714
-5.52143818120632357      6.90304172620012668
10.52092879144815996      3.46410161515101755
-15.00937008413600715     -5.39115191319455889
 6.56329576404177217     -10.36714334134106608
-0.52143818129168895     -1.75721231169403325
-2.52143818122435626     -8.63509253382964914
-8.56329576404885984      1.73173983660289466
14.56329576404598036     -13.83124495647876273
14.52092879146712789      6.92820323029949758
 3.52092879144432036     -8.66025403782954051
-14.56329576403639514     12.12404468202414876
-2.52143818120132179      8.63509253377136332
10.56329576404407078     -13.83124495647967578
15.56329576404650616     -1.70688930349769574
 5.52092879143005177     -1.73205080756486640
-15.56329576404090176     -13.30636638165364083
-10.52143818120032570     15.56329576405083337
 5.52092879146338511     -8.66025403781903691
-4.52143818129736097     -1.75721231169148839
-3.52143818120022489     13.83124495647859398
10.52092879136451664     13.85640646051732183
-10.63339875081121555     -15.56329576404291437
-4.52143818124720287     -12.09919414895422385
-13.56329576406811022     -0.00031097093825187
10.52092879143107496      6.92820323027890517
 3.47856181879967963     12.09919414890907596
-0.52143818114974227     -15.56329576404961657
 3.52092879136371861      1.73205080753487684
-15.56329576405187431      3.46379064416891058
 9.52092879140197290      8.66025403783119074
15.56329576405187609     15.56329576405187609
15.56329576404805692     -12.09919414890916833
13.52092879146719717      5.19615242273051248
-7.57741846588961376     -6.93659153633765335
12.52092879144847082      6.92820323028866714
-9.52143818120998553      6.90304172620882639
 0.52092879136130921     -3.46410161517045623
 9.56329576404247561     -15.56329576404766080
-2.52143818120032037     12.09919414890954670
-4.56329576415036353     -5.19646339373134492
 1.47856181888198890     -15.56329576404621129
-15.40631976556892724     -9.31253626453985106
-15.56329576405187431      6.92789225933175867
 2.52092879146151061     -13.85640646052490865
-7.56329576405150927     -0.00031097096753254
 9.56329576404368176     -8.63509253377326935
-3.52143818120067253     10.36714334134063265
-7.56329576413376170     -3.46441258614038183
-5.52143818121887708      3.43894011105552533
 3.52092879142823412     -5.19615242270156319
-4.52143818120032304     12.09919414890977052
-12.52143818120336327     15.56329576404910675
-10.52143818120797469      8.63509253377896258
15.56329576404588089      1.75721231163952596
 4.52092879140051629     -0.00000000001280167
 9.56329576404386472     -5.17099091863543414
-1.52143818120022445     13.83124495647838970
-2.52143818122014762      1.70688930348517842
 1.52092879144302962     -12.12435565296668116
-0.52143818120032048     12.09919414890942413
 1.52092879136176906     -1.73205080760184438
-12.63339875081154773     -15.56329576404194981
-12.56330184536036043     -1.73236528952863322
-6.56329576411795390     -1.73236177857485285
-15.52942910346046723     -15.44363295086861143
 6.52092879143018145      0.00000000000393140
10.52092879140199067     10.39230484540025401
-4.52143818124302399     -15.56329576404913340
 2.52092879136346015     -0.00000000003388175
-1.52143818132029818     -3.48926311927883415
 8.52092879146542437     -3.46410161511348091
 0.52092879139674353     -6.92820323028633478
-8.63339875081120667     -15.56329576404679749
 7.47856181879969917     12.09919414890875444
-12.75810023232073931     -8.71334571842438166
 7.52092879136488790      8.66025403780997749
 1.47856181879871729      8.63509253377107200
 6.52092879136466763      6.92820323024117712
-7.57741846699263899     -13.86479476605280148
-11.60636397216840798     -6.95332850353737264
-11.52143818120064189     13.83124495648152141
 5.47856181879984216     15.56329576404678150
 9.56329576404382564     -12.09919414891081679
-15.56329576404878701     -0.00031976903681091
-0.52143818121527075      5.17099091862550875
 5.52092879144639870     -5.19615242269294253
12.56329576404482751     -6.90304172620431089
 1.52092879142676551     -8.66025403783846137
-5.56329576412564375     -3.46441258614817249
-11.56329576406565707     -0.00031097095178777
 1.47856181879967963     12.09919414890925360
-8.57741846752928438     -12.13274395813863826
 3.47856181879983328     15.56329576404704085
 9.47856181879985193     15.56329576404770521
-13.52143818121218111     13.83124495648344521
-12.63339875082743902     -12.09919414888539002
15.56329576404614734      8.63509253382113151
-10.56329576403353876      5.19584145174972356
15.56329576404780290     -8.63509253377203834
-14.56668164938024290     -1.73432101302944686
 9.52092879136505665     12.12435565294782691
 5.47856181879875948      8.63509253377078245
-15.56329576403421910     -7.31870614742703207
14.56329576404653281     -3.43894011106661290
 3.52092879146179571     -12.12435565295601059
11.56329576404424309     -12.09919414891077238
13.56329576404510817     -15.56329576404891846
-7.52143818122419638      3.43894011106131536
15.56329576404668380     -15.56329576404729664
-2.52143818117776863     -15.56329576405188142
-14.56329576406112203      5.19584145175752710
-8.52143818120025998     15.56329576405012283
-3.52143818132223929     -3.48926311927491861
 3.52092879140017256     -1.73205080758157104
 3.47856181879875903      8.63509253377094410
 6.52092879144672288     -3.46410161512411818
-1.52143818128448904     -0.02516150412098007
-13.56329576405187787      3.46379064419391769
 8.56329576404221271     -13.83124495647885333
15.56329576404717052     -5.17099091863540838
-10.52143818120308083     12.09919414891113831
-0.52143818115433449     -12.09919414892766554
12.52092879143011928     10.39230484541720045
 5.47856181879968940     12.09919414890889122
12.56329576404444559     -10.36714334134185123
13.56329576400862180     12.09919414893910883
10.56329576404405302     -10.36714334134199156
11.56329576404421289     -8.63509253377309527
-0.52143818122003494      1.70688930348481938
 0.47856181886226845     -13.83124495648729990
-8.56329576415123483     -5.19646339370781973
-5.52143818120067298     10.36714334134064686
 5.52092879140072146      1.73205080755604568
-6.52143818122514585      1.70688930348989087
-2.52143818129187025     -1.75721231169350145
11.52092879144844950      5.19615242271973177
-9.56329576413681259     -3.46441258613061853
 5.56329576404128368     -12.09919414890973677
-13.56330186895848655     -3.46441610607942430
-15.56329576404637294     13.85609548958727011
 2.47856181879979154     13.83124495647806818
10.56329576404436210     -3.43894011106678787
-14.56329576404284865      8.65994306689543869
 3.47856181878477466      5.17099091862522098
-7.57741846596077107     -10.40069315147507112
 1.47856181877999604      1.70688930348500612
-2.52143818120016805     15.56329576404749027
-6.57741846592404045     -8.66864234392640398
-3.52143818120622054      6.90304172619955381
 4.47856181879979154     13.83124495647789232
