307    33.52816003139999879
 1.17934178141003820      7.10382597783738934
 0.23591998431641634     -8.83587678540775734
-10.79236911713855207     10.23273192988305702
-3.82065821859282728     12.29997840054435976
-9.76408001568316664     -15.76408001568509043
-12.76408001570526274     -0.17562274756529955
12.13578462048758944      5.34734737122890280
-7.76408001568347039     -12.29997840054703850
-7.76408001568402284     -8.83587678540540722
 5.17934178141155233      7.10382597784259318
 1.17934178140761525     10.56792759297792550
-14.76408001568343664     -14.03202920811302690
-7.79236911713731217      8.50068112231479311
 9.13578462048823248      7.07939817877548894
 0.17934178140569201     15.76408001568453088
12.17934178274560253     12.29997840015377442
 3.23591998430949745     -3.63972436269595478
-13.76408001568508865     12.29997840053968972
-13.76408001570606032     -1.90767355513387504
 5.23591998431606331     -7.10382597783859637
 2.17934178140738233     12.29997840054709179
 9.23591998432150518     -7.10382597783384462
 1.23591998431738403     -14.03202920811486898
-0.82065821858996169      7.10382597783687864
-4.76408001568302453     -14.03202920811546406
-0.82065821859238464     10.56792759297564821
12.29457008335661072     -1.78709793367238556
15.76408001568587736     -11.76408001568627526
-11.79236911713548430      5.03657950715586722
11.13578462050671369      3.61529656364838958
 5.15574745029799075      3.33342282487937647
 1.23591998431606176     -7.10382597783846848
15.76408001568623440      4.22226954652977504
-15.76408001568395534     -15.76408001568171180
-13.79236911713553226      5.03657950716860725
-3.76515886738164163      1.55705048749485098
 1.23591998431657646     -10.56792759297658080
10.17934178141512014     15.76408001568494477
-7.76408001568476092     -5.37177517026739793
 7.23591998431797911     -0.17562274754111279
-5.76408001568328654     -12.29997840054673830
-1.76408001568393669     -8.83587678540827248
 0.23591998431525898     -5.37177517027005358
-5.79236911713537861      5.03657950717808767
-15.76408001568441897     -8.83587678540672172
-3.79236911713529157      5.03657950717879377
 9.17934178249543287     10.56792759235550072
12.17871844677666182      8.78594118704773308
-0.82065821859374211     14.03202920811515320
10.18294939279964950      1.58018016542779982
 4.23591998431677474     -12.29997840054543268
-12.76408001568341355     -14.03202920811294518
-9.76408001568540840     15.76408001568499095
-15.06851252588642964      3.49662561165691077
-6.79236911713637070      6.76863031474645904
-12.79238442700265210      3.30434190879647893
11.43117396619239123      0.01693876704991258
 8.23591998431531280     -5.37177517026697249
11.59609371632224395     -13.86872994960043393
15.76408001533704528     10.54399611330543607
-6.76408001568430528     -7.10382597783631375
 0.23591998431757652     -15.76408001568387363
-14.76409006970487070     -3.63971855800735389
 8.18295770003027556      1.58594461280102816
-7.76515886738164873      1.55705048749402253
15.76408001568491812     14.54399611330550002
 8.23591998431787076     -15.76408001568348993
14.00000000000118483     -14.82173098359965202
15.76408001568286998     -15.76408001568627881
 2.23591998431642258     -8.83587678540718713
 8.15574745027938164      5.06547363246160298
 9.15574745029842063      3.33342282490363750
-13.76515847954759231      1.55580496078162289
14.03140299196797613     11.54508153481250154
 8.17934178221893760     12.29997840008309318
 8.17934178141356405     15.76408001568476180
-12.76408001568380080     -10.56792759297503892
-14.76408001568952244     -7.10382597783486602
 3.17934178140903345     10.56792759297898598
 6.17934178141006463      8.83587678541232968
 0.17934178141116869      5.37177517026774964
 6.23591998431677830     -12.29997840054523373
 7.15574745029815684      3.33342282488179409
-13.76408001568298012      8.83587678540043875
 4.17934178141168022      5.37177517027364093
15.76408001568433725     -1.79652446855761294
-5.79236911713731217      8.50068112231588380
15.76408001568660744      0.20347553144242550
-4.82065821859380073     14.03202920811427390
-3.76408001568257866     -15.76408001568412409
 7.23591998431762118     -14.03202920811419752
15.76408001544630189     12.54399611330549469
-7.79236911713986391     15.42888435259144408
-15.76408001568318973      8.83587678539931254
10.13578462048758944      5.34734737120623382
 3.23591998431659578     -10.56792759297665896
-3.76408001568393669     -8.83587678540857979
-8.76408001568334427     -14.03202920811600229
10.30096383483660993     -1.94689194439265667
 8.23591998430787520     -1.90767355512723658
-12.76408001568515260     10.56792759297061757
12.15783046074980867      1.89616239190906621
 0.17934178140717211     12.29997840054654645
13.95623608367814050      7.52231889438976609
 6.23591998431531280     -5.37177517026928530
 9.23591998430988070     -3.63972436269495869
-2.82065821859238453     10.56792759297554340
-8.79236911712205682      3.30452869960043172
 8.23591998431838590     -8.83587678540542321
-0.79236911711923941      3.30452869961111562
13.47786289893617351     13.84957400805470584
 7.23591998431743377     -7.10382597783708114
-11.76408001568317019     -15.76408001568168693
-2.82065821859376298     14.03202920811389731
 2.23591998431677075     -12.29997840054563696
-2.79236911713635516      6.76863031474832777
11.96187713638122929     -7.82539575676404731
-9.76408001568477069     -5.37177517026737839
-14.76408001568385053     -10.56792759297533202
-14.76408001568515616     10.56792759296966011
 1.17934178140637580     14.03202920811588328
-10.76408001568581518     14.03202920811274446
 4.23591998431530126     -5.37177517026721052
-0.76408001569986539     -0.17562274755542273
 6.17934178140828738     12.29997840054998726
-15.76408001568269057      5.37177517026244455
10.17934193716895130      8.83587687398008370
11.17934178241346821     14.03202920754071847
10.23591998431845163     -8.83587678540504662
13.90799480142693589     -6.84606194927938105
-2.76408001568421113     -7.10382597783934600
15.76408001568627704     -7.78411197892954920
-0.76408001568342576     -10.56792759297685613
 1.23592013474827978     -0.17463021607024010
-2.79236911711934876      3.30452869960128215
-11.76408001568498385     12.29997840054298841
-0.76408001569052619     -3.63972436269676614
 5.23591998431751104     -14.03202920811453502
 9.23591998431762384     -14.03202920811446575
 3.23591998430607264     -0.17562274755811796
15.76408001568627881      2.22226954652977504
-15.76408001568560913     12.29997840053889746
-3.82065821859430788     15.76408001568344375
 7.23591998431845429     -10.56792759297497319
-8.76408001570428397     -0.17562274754928406
 1.17934178143003221      3.63972436268284349
 5.23591998430949879     -3.63972436269422683
10.23591998431677830     -12.29997840054507918
 1.23591998430947481     -3.63972436269783683
 4.17934178140799517     12.29997840054890013
15.76046854115086049      8.54399937399454146
 4.23591998430785299     -1.90767355512597536
-9.76408001568402284     -8.83587678540561861
 5.17934178140731127     14.03202920811830090
-4.76408001568364536     -10.56792759297765372
-5.76408001568475292     -5.37177517026691120
 7.23591998430950412     -3.63972436269705435
-13.76408001568353612     -12.29997840054409153
-4.79236911713851743     10.23273192988545688
-6.76408001570412676     -0.17562274754909385
-7.79236911713542657      5.03657950717703606
-13.76408001568319861     -15.76408001568200667
-13.76408001568541017     15.76408001568107764
-9.79236911713731217      8.50068112231387829
-7.79236911713893043     11.96478273745305110
 4.23591998431642569     -8.83587678540768273
 3.23591998431606331     -7.10382597783676228
 7.17934178140925994     10.56792759298167184
 2.23591998431527150     -5.37177517026819995
 5.17934178140903345     10.56792759298061135
 2.23591998431766159     -15.76408001568370132
-11.76408001568404238     -8.83587678540597565
-2.76408001568364536     -10.56792759297731799
-1.82065821859077648      8.83587678540565058
13.76730624012847315      3.31491466460709017
-6.76408001568364625     -10.56792759297805695
-6.76408001569093287     -3.63972436269439470
-10.76408001569105011     -3.63972436269526245
-7.76408001569216655     -1.90767355512488912
-9.76515886738165584      1.55705048749301356
-9.79236911713893399     11.96478273745216292
11.19182509912397272     10.56077946504012743
-15.76408001568661099      1.62147605305271014
 6.15574745027938164      5.06547363245899884
13.87960396667823204     -4.78168712044444089
-1.76408001568474915     -5.37177517026898776
-2.76408001570232109     -0.17562274754069387
 3.17934178141004020      7.10382597784157177
 7.17934178219141028     14.03202920766673856
 3.17934178143024360      3.63972436269404653
 2.17934178140923684      8.83587678540998489
10.17934178242229670     12.29997839996662812
-11.76408001568540840     15.76408001568236372
-4.76408001569089201     -3.63972436269346744
-1.76515886738163852      1.55705048750459496
15.76408001568584716      6.54400263468419841
-5.79236911713893043     11.96478273745410270
 0.23591998430784519     -1.90767355511988113
-4.76408001568430528     -7.10382597783991532
-15.76408001568492168     -5.37177517024422269
 2.20655203116259857      1.89224615059118562
 2.17934178140569212     15.76408001568558248
-15.76408001568448469     -12.29997840054395475
 7.15574745027987102      6.79752444003193101
-13.76408001568431771     -8.83587678540616572
-4.79236911711946867      3.30452869960063378
15.76408001568462325     -13.76408001568627526
-2.76408001568279671     -14.03202920811510168
-12.79236911713643643      6.76863031473801691
 0.23484113261836151      1.55705048748994912
-10.76408001570489503     -0.17562274755017032
-11.76515886738171979      1.55705048748015273
-6.79236911713852720     10.23273192988437508
14.13546438674150174      5.38313609060668607
14.17934178141550738     15.76408001568482398
14.03748866821526953      1.21287253898592162
-2.76408001569089068     -3.63972436269835908
-3.76408001569216211     -1.90767355511601910
 3.23591998431747507     -14.03202920811471621
-9.79236911713547897      5.03657950716543112
-5.76408001569216211     -1.90767355512474523
-10.76408001568430528     -7.10382597783684222
 4.18295770003027556      1.58594461277638921
-1.79236911713528468      5.03657950717954517
-8.79236911713968894     13.69683354502233286
-11.76408001569217276     -1.90767355512662551
-3.76408001568475203     -5.37177517027078011
-14.76408001568211859      7.10382597783100866
-15.76408001568565886     15.76408001568080230
-6.76408001568307338     -14.03202920811574472
15.56417101989372931     -9.77409599730789225
 2.23591998430784544     -1.90767355512801884
 6.23591998431786898     -15.76408001568321993
11.98397619515128731     -9.88174320594164257
-10.76408001568339046     -14.03202920811262899
 9.30096383483458133     -0.21484113682492637
 3.17934178140637647     14.03202920811703791
 8.23591998431677830     -12.29997840054483049
-0.76408001568270700     -14.03202920811481569
11.13578462106793232      7.07939817991521725
12.17934178141547008     15.76408001568579564
-8.76408001568430528     -7.10382597783655534
-5.76408001568402284     -8.83587678540895638
14.02662089092507891     -2.78709793367313274
-10.76408001568371375     -10.56792759297478845
 0.23591998431676997     -12.29997840054562808
-1.76408001568245210     -15.76408001568396777
 4.23591998431769579     -15.76408001568352724
-15.76408001567163275     -1.90766180919801664
-8.76408001568368711     -10.56792759297449180
-1.82065821859430788     15.76408001568433193
 4.17934178140574897     15.76408001568627881
10.23591998431531458     -5.37177517026071794
-12.76408001568435502     -7.10382597783726322
-1.82065821859282773     12.29997840054469194
15.60664284796037116     -5.79031822374360949
12.20368992127943031     -11.94237320597149932
 6.23591998431804928     -8.83587678540632737
-4.76408001570233619     -0.17562274754978946
 5.23591998430662819     -0.17562274755621607
10.23591998431822958     -15.76408001568300499
 5.23591998431817984     -10.56792759297554696
-11.76408001568351480     -12.29997840054379310
-9.76408001568351480     -12.29997840054367941
-1.76408001569215900     -1.90767355512874914
-6.79236911713965696     13.69683354502256023
-5.82065821859431676     15.76408001568502648
13.86339113508273968     -10.82640193353666547
-7.76408001568298545     -15.76408001568467476
 0.17934178140922419      8.83587678540645527
15.76408001568609585     -3.79652446855765202
-12.76408001568583828     14.03202920811137311
 2.17934178141117263      5.37177517026328921
-14.76408001568622197     14.03202920810980636
-6.79236911711988167      3.30452869960025231
-5.76408001568283179     -15.76408001568450068
 6.17934178141201151     15.76408001568447048
-8.79236911713853431     10.23273192988346203
-14.80503626521187677     -0.15260195625282624
14.02662089092589959     -0.78709793367298042
 9.23591998431861150     -10.56792759297433015
-3.76408001568323014     -12.29997840054643810
-12.76408001569165584     -3.63972436269580202
-8.76408001569094530     -3.63972436269447153
-3.79236911713717229      8.50068112231710948
-11.76408001568477246     -5.37177517026796103
-13.76408001568481687     -5.37177517026864049
-10.79236911712211544      3.30452869958872775
13.68891601766325827     -8.83402686006242988
-0.76408001568420969     -7.10382597783923764
 8.17934178141006463      8.83587678541325872
-9.76408001569217099     -1.90767355512529035
 6.23591998430785655     -1.90767355512439329
-8.79236911713642577      6.76863031474538435
14.00000000000327915     -12.82173098359965024
-10.79236911713642755      6.76863031473436205
-5.76515886738164696      1.55705048749432051
11.36260734514754311     -3.64188421799794781
12.23591998431823136     -15.76408001568279538
12.18095592014519646     -5.83743084598086170
 9.17934178237734244     14.03202920756052663
 4.17934178140991008      8.83587678541052668
-11.79236911713732461      8.50068112230753670
-1.76408001568323014     -12.29997840054596914
14.02904377485871024      9.54508292628887034
-4.79236911713635649      6.76863031474754173
 6.18295770003027556      1.58594461277871468
