312    33.80047755160932610
-3.90023877580467815      5.50793393038982160
 0.00000000000006319      8.34826267426186597
13.03601407023143999     -14.16818796820684412
-13.90023877580466127     12.43613716066158936
-1.98195852765061042     -5.51843549670390843
-8.90023877580303591     -3.15232010746339331
-7.99993112547976182     -12.43613716066672836
-10.99993112548014906     -10.70408635309794754
 6.00000000000005862      8.34826267426213953
13.90023877580466305     12.43613716066673724
 5.01804147235143194     -10.71458791941168442
-0.90023877580484424     14.16818796823548965
-13.90023877580329348     -8.34847253017030866
-11.90023877580280320     -1.42026929989455497
-2.98195852765114511     -0.32228307399720257
-9.90023877580465950     12.43613716066437114
-6.90023877580499168      3.77588312281905036
 5.03601407022839087     -14.16818796821270787
 8.90023877580467015     10.70408635309786050
15.90023877563968036     -7.21931301259241387
-10.90023877580317446     -6.61642172260146300
 7.01804147235096210     -3.78638468913560411
-5.90023877580466127     12.43613716066561992
 2.09976122419539379     15.90023877580465594
 3.01804147234973996     -0.32228307399747119
10.03601407022956238     -8.97203554550096172
 3.01804147234988518     -7.25048630427349394
-8.90023877580522260      7.23998473795669906
-2.99993112547960283     -7.23998473796000042
-10.90023877580532563     14.16818796823307203
10.03601407023797876     -5.50793393036132795
 8.03601407023004377     -15.90023877578109968
-13.90023877580465772      2.04383231524387687
-10.90023877580544998     10.70408635309446410
-8.99993112547991281     -10.70408635309791912
-13.90023877580306255     -1.42026929989472572
-3.90023877580467504      8.97203554552785754
 9.90023877580466838      8.97203554552898197
 2.01804147234953435     -5.51843549670401590
 8.03601407022815906     -12.43613716063985208
 9.01804147236262388     -0.32228307400458361
-3.98195852765101810     -2.05433388156615315
 7.00000000000043165      3.15211025155526858
-9.99993112548011354     -8.97203554552907612
13.56947693083827744     -4.22399792806353513
-11.90023877580466838      8.97203554552174154
 5.00000000000004974     13.54441509696889767
10.00000000000018119      4.88416105912386289
-4.90023877580492417     14.16818796823489635
 1.00000000000043321      3.15211025155514735
-10.90023877580503253      3.77588312281325278
-12.90023877580503786      3.77588312281297611
-0.90023877580477962     10.70408635309734358
-9.99993112547994301     -15.90023877580450318
-11.99993112548016150     -15.90023877580466305
-12.99993112548023255     -14.16818796823582005
 0.00000000000074023      1.42005944398609207
-0.98195852765020208     -7.25048630427304808
-5.90023877580467548      5.50793393038858348
 0.01804147235004760     -8.98253711184213799
-14.90023877580503964      3.77588312281287397
14.90023877580575906      7.23998473795775244
 4.00000000000006040      8.34826267426212354
-3.90023877580464484     15.90023877580421185
 5.90023877580467193     15.90023877580465594
 5.00000000000002220     10.08031348183102338
 4.00000000000019096      4.88416105912429721
-7.90023877580465683     15.90023877580347822
-0.99999999999956657      3.15211025155496571
-15.90023877580466305      8.97203554552237037
 4.01804147235056686     -8.98253711184200654
12.03601407023134051     -12.43613716063790697
13.69985751419443609     -6.61771994309201883
-3.99993112547966945     -12.43613716066672659
-14.90023877580564005     14.16818796823220517
-5.99993112547974494     -15.90023877580450495
 6.01804147235061393     -5.51843549670427969
 9.03601407022886605     -10.70408635306963241
-13.90023877580343559     -11.81257414530814209
-11.90023877580465950     12.43613716066380270
-13.90023877580466660      8.97203554552204885
 6.00000000000018829      4.88416105912421727
-4.99993112547969876     -14.16818796823559801
 6.90023877580472167     14.16818796823565485
 8.00000000000018474      4.88416105912428922
 8.01804147235133691     -5.51843549670493871
13.01796928949395316     -0.30529108235379887
 1.00000000000011458      6.61621186669301675
 9.90023877580467015     15.90023877580462397
12.90023877580478739     14.16818796823568682
13.35457925845188321     -10.50673077959533686
12.90023877580599709      3.77588312281984884
-2.99999999999966693      3.15211025155475255
 6.00000000000079758      1.42005944398615980
10.90023877580472877     14.16818796823566373
-1.90023877580466172     12.43613716066629138
 7.03601407023004377     -14.16818796821191562
 3.01804147235097453     -10.71458791941111954
-8.99993112548002649     -7.23998473796024733
-15.90023877580466305     12.43613716066218267
12.90023877580467904     10.70408635309785161
-8.90023877580522971     10.70408635309516399
-6.90023877580520129     10.70408635309615875
-1.99993112547965679     -12.43613716066674435
 9.03601407023253067     -7.23998473793015851
15.90023877580466483      8.97203554552726601
-2.90023877580485046     14.16818796823517701
-7.90023877580466038     12.43613716066534813
 0.00006887452087266     -15.90023877580454226
-3.99993112547968810     -5.50793393039116630
15.90023877580466305     12.43613716066668040
-7.90023877580464706      2.04383231524530817
14.90023877580532563     10.70408635309739864
11.03601407022938652     -10.70408635306998768
-14.90023877580548550     10.70408635309229339
-12.90023877580559564     14.16818796823216431
 4.01804147234955877     -5.51843549670442091
 9.90023877580465772     12.43613716066677277
-11.90023877580328104     -8.34847253017035307
15.90023877580466305     15.90023877580465594
-1.90023877580464440     15.90023877580448364
 3.00000000000004086     13.54441509696892254
11.90023877580466838     15.90023877580457778
10.01804147236273934     -2.05433388157374885
14.00016239060323642     -8.59504565758802919
 7.90023877580465683     12.43613716066673547
-13.90023877580465772     15.90023877580229872
-1.99993112547974627     -15.90023877580466305
 8.03601407022876479     -8.97203554550076277
-6.90023877580518530      7.23998473795729414
-14.90023877580317802     -6.61642172260134487
 5.00000000000043254      3.15211025155519842
 5.01804147234986342     -3.78638468913571469
 2.00000000000006173      8.34826267426211110
 2.00000000000074296      1.42005944398615291
 3.01804147236017162     -14.17868953455454495
-1.99993112547959040     -8.97203554552888782
15.90023877576465239     -3.44825488344741160
-12.90023877580547129     10.70408635309166989
 7.90023877580467104     15.90023877580456357
-14.90023877580320288      0.31178150767407492
 9.03601407023070990     -14.16818796821129567
-3.99993112547959440     -8.97203554552893223
-11.99993112548016683     -12.43613716066687758
-2.98195852765091862     -3.78638468913497661
11.01804147274176948     -0.32228307422370478
 5.01804147234999220     -0.32228307399758088
-9.90023877580313538     -4.88437091503251342
12.90023877580546241      7.23998473795954745
-11.90023877580465772      2.04383231524410336
-9.90023877580467015      5.50793393038326862
 2.00000000000019362      4.88416105912418264
15.90023877580466305      2.04383231517014519
-15.90023877580372158     -11.81257414530809413
-5.90023877580467371      8.97203554552758575
-13.90023877580313538     -4.88437091503249121
-6.90023877580494993     14.16818796823440785
-2.90023877580492062      7.23998473795883868
-9.90023877580465594      2.04383231524439513
 9.00000000000043165      3.15211025155484226
13.90023877580466483      8.97203554552889671
-11.90023877580466838      5.50793393038243373
-6.99993112547977336     -7.23998473796011766
14.03601407023158387     -12.43613716062837860
15.90023877576729383     -15.17590028634470478
 2.01804147235010412     -8.98253711184249681
 6.03601407022666603     -12.43613716064040098
10.90023877580476608      7.23998473796004660
 8.90023877580472700     14.16818796823569215
10.03601407023089109     -15.90023877578039624
 4.00000000000000355     11.81236428940000138
-5.90023877580465417     15.90023877580392941
11.90023877580466305     12.43613716066674968
 4.00000000000003553     15.27646590453780284
-5.90023877580464706      2.04383231525036946
 1.01804147234913889     -3.78638468913488069
-7.90023877580467193      8.97203554552652349
-15.90023877580336098     -1.42026929989486073
-13.99993112548036933     -15.90023877580462219
 1.00006887452093873     -14.16818796823564242
-14.90023877580335387     -10.08052333773918541
-9.90023877580467015      8.97203554552590710
-8.99993112547983820     -14.16818796823561399
 0.09976122419538570     15.90023877580455292
15.23332037990374310     -5.33378394799833444
-15.90023877580466305      5.50793393038251455
-10.90023877580303591     -3.15232010746357716
 4.03601407022755421     -15.90023877578815004
-7.99993112548000163     -5.50793393039137147
15.90023877580466838      5.50793393038821577
10.00000000000086864      1.42005944398621820
15.60637777743790622     -11.19760664946228168
-7.99993112547974494     -15.90023877580443923
-0.98195852765089964     -3.78638468913486381
-14.90023877580340184     -13.54462495287704549
-5.99993112547970409     -12.43613716066669816
-8.90023877580501122      3.77588312281399618
12.09813023569096657     -2.08121228419912185
 9.01804147235226239     -3.78638468913657844
-1.90023877580467637      8.97203554552840288
 6.01804147234985454     -2.05433388156681440
 0.09976122419533821     12.43613716066670705
11.03601407023093905     -14.16818796820688853
12.03601407023097636     -15.90023877577653977
-2.90023877580489575     10.70408635309715528
 6.01804147235159093     -8.98253711184284676
-3.99999999999930367      1.42005944398566375
-4.90023877580507072      7.23998473795847275
 7.00000000000002398     10.08031348183103582
-12.90023877580523504      7.23998473795216579
14.92487640757182454      0.29778871586975741
10.03601407022853564     -12.43613716063923569
-10.90023877580522615      7.23998473795209296
 2.00000000000000133     11.81236428939993033
-15.90023877580391343     -15.27667576044595599
 5.00000000000011902      6.61621186669322636
-2.99993112547968455     -14.16818796823561577
 1.01804147234983433     -7.25048630427309071
-10.90023877580298262      0.31178150767445373
-8.90023877580297373      0.31178150767536511
-3.90023877580466127     12.43613716066617059
10.90023877580467015     10.70408635309786050
 1.01804147235061859     -10.71458791941167021
-0.99993112547959695     -10.70408635309785517
-15.90023877580466305      2.04383231524268982
13.90023877580466660     15.90023877580463640
-13.90023877580466660      5.50793393038242041
-12.90023877580317624     -6.61642172260139905
-4.90023877580499168      3.77588312281951577
-11.90023877580313538     -4.88437091503252763
 8.00000000000005862      8.34826267426204893
-12.90023877580331124     -10.08052333773922626
11.90023877580466660      8.97203554552898019
-3.99993112547974583     -15.90023877580450318
-7.90023877580467282      5.50793393038811274
 3.00000000000043299      3.15211025155524727
 2.01804147234942866     -2.05433388156616958
-6.99993112547973961     -10.70408635309784096
 1.00000000000001532     10.08031348183097009
-6.89788573428797580      0.31042231258578101
-4.99993112547961172     -10.70408635309780543
-0.98195852765105862     -0.32228307399707196
12.00000000000087041      1.42005944398077766
 7.03601407022860581     -10.70408635307058276
-4.90023877580490907     10.70408635309659928
 2.01804147235155185     -12.44663872698033558
 3.00000000000011857      6.61621186669318018
-9.90023877580278899     -1.42026929989433692
-1.99999999999980127      4.88416105912370746
 0.00000000000019618      4.88416105912407694
-6.99993112547969876     -14.16818796823558912
-8.90023877580527056     14.16818796823387316
-1.99999999999930367      1.42005944398593686
-15.90023877580466305     15.90023877580224188
-4.99993112547978225     -3.77588312282234284
 3.00000000000002176     10.08031348183105180
 0.00006887452037874     -12.43613716066698416
-5.99993112547973695     -5.50793393039124624
 6.03601407022757286     -15.90023877578311939
 2.00006887452090210     -15.90023877580460088
12.03601407023371728     -8.97203554550343263
-12.90023877580306433      0.31178150767420632
14.08697968856552762     -2.29211001753090837
12.03601407024510372     -5.50793393037171697
-14.90023877580308920     -3.15232010746358737
-15.90023877580388145     -4.88437091503247878
-2.99993112547959884     -10.70408635309782674
-9.90023877580465772     15.90023877580311762
11.03601407023275272     -7.23998473793353448
15.90023877577036160     -9.21931301259727221
 7.01804147235105535     -0.32228307399861467
-15.90023877580378375     -8.34847253017026070
 0.01804147234941369     -5.51843549670393863
 5.01804147235063436     -7.25048630427316798
-4.99993112547965612     -7.23998473796008479
-7.99993112547987639     -8.97203554552904237
-4.98195852765130809     -0.32228307399738743
 7.01804147235091325     -7.25048630427357388
13.90023877580467548      5.50793393038948942
 6.00000000000000533     11.81236428939991079
-14.90023877580527945      7.23998473795246245
-7.90023877580272771     -1.42026929989340100
13.90023877580466305      2.04383231525020070
-0.99999999999995137      6.61621186669299721
11.03601407026934922     -3.77588312278820792
14.90023877584353862      3.77588312279668692
14.03601407023196224     -15.90023877577949918
 8.01804147235172771     -2.05433388156716923
-6.99993112547999008     -3.77588312282250049
 9.00000000000012434      6.61621186669320949
 4.01804147235160247     -12.44663872698071749
15.90023877565165122     -13.17590028634469057
 4.00000000000074785      1.42005944398613870
-5.99993112548004426     -2.04383231525359221
-10.99993112548006202     -14.16818796823569393
-5.99993112547971563     -8.97203554552896954
11.00000000000062172      3.15211025155524016
 7.00000000000012346      6.61621186669313133
-9.99993112548000163     -12.43613716066678343
-0.99993112547962248     -14.16818796823585913
 0.01804147234908550     -2.05433388156597463
 4.01804147234975151     -2.05433388156635122
-1.98195852765098701     -2.05433388156599195
14.90023877580483891     14.16818796823567439
11.90023877580468081      5.50793393039112100
 1.01804147234940179     -0.32228307399727030
 8.00000000000085798      1.42005944398567485
 3.01804147234955655     -3.78638468913513604
-11.90023877580465772     15.90023877580254386
15.90023877576373401     -1.44825488344710918
-12.90023877580306078     -3.15232010746360602
 1.09976122419531808     14.16818796823559623
