318    34.21208749260379989
-8.16803827410641148     -8.36468679139256110
-7.11086549268001811     10.90711642132170134
 7.09902357289006414      3.86591172074591505
13.99830520760794172     16.10418617386784845
-4.10604374629748747      2.24408748120445622
-16.10604374630004543     -14.09493862503985717
 2.89720903753917680      3.97802036129707037
10.90989132311760557      2.94535351574286652
-16.10604374630189284     -8.08393852246927480
 2.25002190232114696     -8.10626580478040815
16.10604374629704338      9.94535351578852378
14.37399293869192718      6.94535351567365122
 4.89395625370022280     14.37399293872927863
 7.47597675361878000     -13.10604374627836322
12.64194213113917087     -0.05464648434192638
16.10604374630020885     -12.05464648438327124
 7.44578970845655874     -7.05464648438160413
-16.10604374606005607      1.96517408763574175
12.97435390372608666     14.37399293872902994
-7.18133212994166037     -10.10604591264200991
-2.10279096246144759     -1.21813206140888863
-9.18427583853254070     -14.10604374627905955
-16.10604374629955871     -12.09493862500719352
 9.20802756118796140     -14.10604374627800794
-8.99642704060517318     -6.54430989318200496
-4.16803899694703262     -8.36638720715881234
-14.37399293873003003     -3.03482591485085829
-15.10604461147819499     14.37399243921732150
-8.10604374629849289      9.17229071148081410
-14.37399293873991724     -13.09493862502392680
-5.18427656137980541     -16.10434334567494830
-9.18427583853917184     -16.10604374629684088
-4.00263253107065253     -4.81039196490278531
-1.00574717433710581     -6.73372053179626207
-9.11086549268005896     10.90711642132127501
 2.89720903753848713      7.44212197643553441
-6.10604374630118407     12.64194213116117105
14.37399293871286865     -3.05464648434832098
12.64194213074614481      3.94535351565991377
-2.16804542954571788     -8.36131469755442680
 9.97435390372588770     16.10604374629870605
 4.01187513849466360     -15.10604374630217528
-7.10604374629754165      3.97613828877469189
16.10604374630097269      1.94535351561677561
-3.18427728422048739     -16.10604374628497837
 3.96313025092473037      9.13440208529848441
-14.10604374630178448     16.10604374629767221
 9.17784051588567173     -0.05464648415156684
-10.92749006406354262     -7.06488226992881874
12.64194213113902343     -2.05464648434345731
-14.37399293872930706     -1.03482591485083786
-11.10668404843628210      0.51240651002412430
-6.10604374630174718     16.10604374629979318
12.64194213116122967     -8.05464648437856034
-0.00267742394329618     -4.81772266525207371
-0.93587635629656518     -3.04878520089166916
-7.18427583853018881     -12.10604374629114943
-5.10604374629744218      3.97613828877412434
 9.17784051602284912     -6.05464648437711972
-12.64512925211610117     -10.08943857373602171
-4.10604374630117874     12.64194213116203791
14.37399293871019168     -1.05464648434732577
 9.17784051548628099      1.94535351584951832
16.10604374629688706     -14.05464648439899733
10.88913402421570176     10.90850653542871740
-1.10604374630043556     14.37399293873000161
-9.10604374629849289      7.44023990391192758
-3.10604374629767266      0.51203667363543692
 5.71373890088947967     -8.05464648438471897
 9.17784051602777495     -10.05464648438600861
 1.06408545736453264     -3.03642624068276934
 2.89395625370010334     14.37399293872936035
 2.27982433092621184     -14.10604374630138125
 0.98634675318936349     -6.55606416710008144
-3.11086549267997015     10.90711642132272630
-1.11086549267996926     10.90711642132221293
 1.99728438971750921     -4.80536370499723109
-12.32745453831611115     -1.37187310281906694
16.10604374630162994     -10.05464648438327124
-2.10604374630117519     12.64194213116151744
16.10604374627608948     -16.10604374624771395
 7.44578970845849941     -9.05464648438608322
 7.46088323100577444     -11.08034511527620580
10.90989132352305369     -3.05464648426218410
-2.10604374629730806      5.70818909634210936
 7.47597675363029612     -15.10604374629743774
-16.10604374629883395     -2.03482591484995456
16.10604374629983226     -0.05464648438322405
-0.10279096246121863      2.24596955372873319
12.64194213496493191      9.94535352219992141
-9.10604387119676772      0.51203674574747526
 0.89395625369963494     14.37399293872980266
 2.88913450732003430     10.90711642132115422
-8.10604374629839697      5.70818909634308103
-13.11086549268017798     10.90711642131931214
 0.54777352335347018     -15.10604374630355196
12.64194213116281418     -10.05464648438226405
-11.10604387119769854      3.97613836088474359
-3.18427728421387135     -14.10604374628491975
16.00790644003825136     16.10535567757552400
 6.07322447290349476      5.61124332279061555
-16.10604374630086966     12.64194097797083138
-16.10604374630183599     16.10604374629630442
-7.10604374629782942      0.51203667363659311
-1.18427728421387135     -14.10604374630086078
-6.10604374629828062      9.17229071148082653
-4.10604374630174629     16.10604374630020885
 5.74392594606111739     -14.10604374629784097
 7.89395625369826970     16.10604374630189994
 6.88913450732003341     10.90711642132022341
 9.17784051602511575     -8.05464648438216457
14.37399293869887273      4.94535351565811965
-1.18427728421158407     -12.10604374630086078
-12.10604374630177738     16.10604374629815894
-10.89901787138265377     -9.06467959322067429
12.50875792641337725     12.21484523233708863
10.97435390372608666     14.37399293872925199
 0.88913450732003385     10.90711642132138692
14.37399293877770212      8.94535351569415660
-8.00263180822999587     -4.80869154915922792
 9.17784051380969323      3.94535351585394078
-10.93583073906332892     -3.03967610095340435
 1.89395625370225673      9.17229071147988329
-6.00263180822998610     -4.80869156431756029
10.92498484614410259     -13.08034511527746346
-9.10604374629836855      3.97613828877417230
-5.18427656137088899     -12.10434334566817505
-12.10604374630119651     12.64194213116015675
-4.99642776344584849     -6.54601030893718683
14.37399293870234374      2.94535351565792736
-0.10604374629777492      9.17229071148013375
-2.93583789602296230     -3.03638199100706041
 9.20802756119781307     -16.10604374629985358
-10.10604374629845559      5.70818909634302329
12.64194213113231591      1.94535351565988934
-16.10604374629966884      9.17228955828968573
-12.64512925211476002     -8.08943857373586539
14.37399294248173476     10.94535352229017100
16.10604374630172941     -6.05464648438327124
-7.10604374629834634      7.44023990391198087
-1.10604374629743996      3.97613828877306785
-7.10604374630125690     14.37399293873005313
 5.50182049527743189      0.28787092263546898
12.67212917631934843     -16.10604374629054902
10.90989132145205431      4.94535351574289450
 3.98168810524559502     -5.05464646372379445
 2.27982433092350911     -12.10604374629741642
 5.71373890088642433     -6.05464648438378017
-13.10604374630135105     14.37399293872903527
11.97435390372615771     16.10604374629816959
-3.10604374630067515     14.37399293873068373
 3.89720903753927939      5.71007116886588939
-15.34812713850757326      3.81600158256892641
 2.27982433092393810     -16.10604374630154467
12.64194212923341354      7.94535351911249155
10.90989132359168678     -7.05464648437815534
-7.18427583853253182     -14.10604374629115298
-12.64515979242269239     -14.10049118565660109
 4.01187513849259858     -13.10604374629705760
-13.10668404843628565      0.51240651002406679
 8.88913402421570176     10.90850653537747661
10.90989132359018221     -5.05464648437443120
16.10604374630189639     -2.05464648438322328
 5.74392594605024520     -12.10604374627760293
-1.10279096246125841      0.51391874615987898
-14.10604374630120184     12.64194213115883159
-4.10604374629795821      9.17229071148157615
 2.90911120518475652      0.52084520948149426
-10.91632664609999814     -15.10604374628166902
 0.54777352335708829     -13.10604374630178981
12.64194213115906429     -6.05464648437553610
-5.18427656137321957     -14.10434334566827452
-3.10604374629736446      7.44023990391183521
-14.37721059998259499     -15.10049118567228099
 9.17784051602012241     -4.05464648437647934
-2.10604374629747815      2.24408748120420620
-12.65635375068057122     -6.05938221866222104
12.65703565371282657     -14.08034511528115651
 7.43645904232519772      0.96169170153899253
-10.91307844455672971     -11.08943857375251696
-16.10604374580801945     -0.03482591236849887
-14.12422181364847873      2.23421279900232594
-13.12422181354641992      3.96626360651596599
16.10604374630134217     -4.05464648438324726
 9.17784051589471517     -2.05464648415712814
-4.10604374629735869      5.70818909634295313
 5.89395625370018728     12.64194213116036636
10.90989132359639946     -11.05464648438657171
-2.10604374630174407     16.10604374630019109
-10.70324151798018875     -5.02681559346532314
-6.10604374629742797      5.70818909634350913
10.90989132352288671     -1.05464648425982355
16.10604374629286539      5.94535351561677405
 4.96313025092518689      7.40235127772905432
-9.10604374630130131     14.37399293872988970
14.37399293872837092     -7.05464648437555475
-7.18427583853915674     -16.10604374629115654
 7.43645904272435132     -1.03830829846101258
 6.96313025092532900      7.40235127772898593
10.90989132351553792      0.94535351574285598
-16.10604374630043978     -10.09493862500437089
-11.11086549268017087     10.90711642132066395
-14.10647664165725779      5.70843910073374783
-14.10604374629997970      9.17229071147917452
14.37399293871246897     -5.05464648434865538
 9.19293403857475155     -12.08034511527754162
16.10604374629498992      3.94535351561677494
 5.89395625369826970     16.10604374629937752
-6.93583074058368343     -3.03975410000348267
 3.90911120518638722      2.25289601705021081
-4.93583146342425483     -3.04145450058818856
 7.96312976782059057      9.13579219935372855
 0.89720903753874315      0.51391874615956357
-14.37718005968463686     -9.08943857373542308
-10.10604374630119651     12.64194213116066123
 7.44578970845079091     -5.05464648437589759
-12.10604374629952495      9.17229071148020658
-9.18424529823952795     -12.09499113438523565
 3.34626969576240407     -3.15772362320086808
 4.90911120519218613      3.98494682462065741
 3.89713238792060279     -1.21806656012191517
 8.96312976782103199      7.40374139178508450
-16.10604374629753366      5.66682907741451203
 0.40944848193424599     -8.88876225916677853
-16.10604374630147362     -6.08393852246927036
 7.44578970845182742     -3.05464648437534825
 5.90911120518691568      2.25289601704801079
-14.37399293873181527     -7.08393852246934230
-14.38840455825009457     -5.05938221866248750
-3.18427728421158385     -12.10604374628489488
-14.37399293873179040     -11.09493862500508676
 3.97153363202076992     -7.07243142895202670
14.37399293497580288     12.94535352229025982
-3.10604374629744040      3.97613828877330633
-10.91310898485504133     -13.10049118565436288
-11.10604374630130664     14.37399293872951489
-0.10604374630173642     16.10604374629963331
 1.89720903753922543      5.71007116886623134
 0.54777352335491591     -11.10604374629674318
14.37399293870996253      0.94535351565484882
-2.10604374629780189      9.17229071148096864
12.64194213116563859     -12.05464648438644559
-12.64194213117237453     -12.09493862502150918
-6.16803827410640615     -8.36468680655090324
-5.11086549267997814     10.90711642132183101
 0.89720903753904457      3.97802036129745851
14.37399293873364314     -13.05464648438850617
 9.93415507870899184     12.66578147511200214
-16.10604374629881974     -4.03482591485108255
-2.99643419604458661     -6.54093779934392661
-5.10604374629743951      7.44023990391239831
-8.10604374630175606     16.10604374629908975
 1.89395625369947984     12.64194213116083532
 2.27982433091219372     -10.10604374627665258
-13.10604374629891566      7.44023990391088308
 8.07322398980217493      5.61263343683067806
-11.10604374629886948      7.44023990391170020
 5.71363727324683435     -4.05447043948615349
10.94007836875593576     -15.10604374628064761
 4.01187513848100075     -11.10604374627766866
14.37399293873198758     -11.05464648438206510
 1.89395625369826548     16.10604374629947344
-10.10604387119764347      2.24408755331584731
12.64194213114304866     -4.05464648434668895
10.90989132359421276     -9.05464648438178443
 3.99678161586721714     -9.08034511527440991
16.10604374629814828     11.94535352878983403
-12.10668404843628565      2.24445731759300093
 4.88913450732003430     10.90711642132044545
 8.93415507870933823     14.39783228268107784
-8.10604374629751057      2.24408748120572987
-4.10543499047917582     -1.22036591704199715
-9.18125979915553536     -10.08903656483684586
14.38908646127629076     -15.08034511529151622
-6.10604374629749902      2.24408748120527957
-10.10668404843540991     -1.21964429754425230
 3.89395625370006293     12.64194213116045873
-10.10604374630175606     16.10604374629875579
-1.18427728422033418     -16.10604374630086255
-5.18133285278234901     -10.10434551202441078
-5.10604374630119295     14.37399293873091821
-1.18134000822178131     -10.10097340302799118
10.90989132360991576      6.94535351574289894
12.64194213113094634      5.94535351565992887
 0.89395625370278098      7.44023990391069834
-0.10604374630063679     12.64194213116100052
-8.10604374630118940     12.64194213116104670
-5.10604374629778501      0.51203667363574845
-12.65635375068137414     -4.05938221866221305
 1.89713239093191577     -1.21817631108728208
10.05874230264634228      9.08728869765953640
 5.71384054665336638     -2.05447044939665080
 3.89395625369826970     16.10604374629929580
-3.18133357562304298     -10.10604591264003815
16.10604374630189994      7.94535351561677317
-6.99642704060517051     -6.54430990834034709
 5.96313025092477655      9.13440208529818065
-1.10604374629730184      7.44023990391098344
-2.00263896366935024     -4.80531945532118332
-12.64837745365893440     -16.10604374629916435
-15.13180436711108534      7.42561907914470787
14.37399293872988437     -9.05464648437910391
 5.72883242343617027     -10.08034511527566401
 6.89395625370560605     14.37399293872615225
-0.10282942273176353     -1.23053527125044360
-8.10604387119714787     -1.22001406182162286
-16.10604374630189994     -16.10604374630135638
 7.93415507811914544     12.66578147474062987
16.10604374630117874     -8.05464648438327124
16.10603726177837203     14.10745867491812966
-8.93583074058369675     -3.03975408484515075
-10.10604374629891566      9.17229071148060981
-12.10647664884558594      5.70793923206176235
-0.10604374629726471      5.70818909634184468
-15.11086549268005186     10.90711526812999743
 5.74392594606383877     -16.10604374630174007
 1.89720903753878223      2.24596955372841922
-6.10604374629833480     -1.22001413393281144
