320    34.29625894429999988
-8.52331088248059210     -0.55974438706831808
-5.52343588473166225     -9.21992624887419865
-6.52343589683512892     -14.41607866459730225
 4.50561947418708719     -12.69348616601048363
-7.14813062130939780     16.14812947214472416
-2.50000057480576121      6.35488498889635522
-7.52343588473088598     -5.75582463373595576
-9.52343588468458435     -2.29172301857125760
12.16311453665107045     -8.10881966374325991
-7.50000057461269964     11.55103741175190635
 4.48966430760165647     -16.14812947214490180
-14.14998678933334375     10.95305003539992228
 5.50012443968560927     -7.50144928849505543
-6.50000057458285063     13.28308821930355244
-9.52343589688819669     -16.14812947213527039
-5.51688579478971075      1.16858158771687615
 5.14812947208111460      4.02377381911090737
10.14812947214208982     12.68402785700176416
 7.14812950007666714     -2.90442942725967157
-14.52343589688799597     -14.41607866456173426
-2.51688579462625928     -4.02757083489539625
 9.14812947211470018      7.48787543428344549
 9.52343474078188201     -14.41607866847848030
-10.51698623961785373      6.36479200643886500
-4.51701266405943347     -4.02749758059923657
-1.52331088246261581     -12.68410004004135772
 0.49999942534160940      4.62283418141597746
-14.36354800426506628     -8.27144893730889308
16.14812947214462113     -8.35285318987124903
-11.52343589754283038     -12.68402785661595367
-6.52331088253020486     -4.02384600223510169
 8.14812947214207384     12.68402785700382829
-14.41422658776674659      2.08131317133248084
11.14812947214374184     14.41607866457221832
-15.14904374882494764     16.14807398190816201
-14.07314121968549259     -2.13484056390914301
 1.14812947214026218     10.95197704942439820
-9.52343589745368035     -12.68402785666733301
-14.41793670175027131      0.08131661253688063
11.14812950007675241     -2.90442942724478348
16.14812947214160488     -4.67033867388944923
 0.49999941858030911     -2.30536904496256234
-16.14812947214461403      7.08043440749005448
 6.14812947214377203     16.14812947214463534
-15.50337105125249337      8.97365562515132176
-12.52343588465048718     -0.55967219704426263
-1.85187052785625461     16.14812947214461758
-5.51701266406082169     -2.29544677303116051
-0.51701266399577517     -10.95570081083799252
-1.50000058141947301      1.15873257017535436
-12.61926732370228166      2.96342503611976626
-14.32738630085939491      4.07942697303894342
-0.51688579458117134     -7.49167245000713233
 7.50642265813110132     -7.49779771013325913
12.14812947213095562      2.29172301158612735
14.14812947213008520      9.21992624185767795
-16.14812947214020156      3.08452794485133985
-5.52343589678948987     -16.14812947214019090
 0.14812947214374753     16.14812947214101513
-16.14812947213835415     -5.25181858387533840
11.19842418145090335     -9.86078214010688470
13.34034384294757380     -13.55072926770022512
-8.52343589680283031     -7.48787543433624769
 7.14812947208254901      7.48787543426015478
 2.48323921971345696     -12.68775268966262182
-4.50000057458760239      9.81898660416233149
 9.16282510821582719     -6.37693602225499223
-4.52343589676091273     -14.41607866458773834
 4.50012443292275588     -9.23350009215940304
 1.49999942534481701     -0.57331824129233033
15.14841891778822358      0.55950510088295435
-3.50000057458745628     11.55103741173244636
-9.51688578781778283      8.09678481424994168
12.14812947214555194     -1.17237860354981871
 4.14812947214116878     12.68402785700063085
15.17774122995800212     -2.92152573497434220
-13.14813062138322053     12.68402785696404145
 3.49999942540185405     -4.03741985639758560
-11.52343589699869142     -5.75582462684484497
-10.14998793849711767     10.95090605379725801
-2.50080375860903992     -0.57285427446479786
 2.49919625352339425     -9.23310830530463811
16.14812947214014827     -16.14812947214065986
 0.49999942533988645      1.15873256627372268
-11.52343589815003355     -9.21992624192462173
-13.52343589688869230     -16.14812947213193439
 7.14812947211366545      4.02377381913679955
15.14812947214069894     10.95197704942558659
-12.14998793849755288     10.95090605380017479
 1.14812947207206251      7.48787543424600699
 6.50012443967818054     -5.76939848092188345
-9.14813062130944310     16.14812947214439376
-3.85187052785628659     16.14812947214458205
-3.51688579462646578     -2.29552002732663363
-4.50080375877241057      2.89124734057869714
-2.85187052785625994     14.41607866457571774
-12.14813062130925658     14.41607866457275300
-10.52343589688732273     -14.41607866456403109
16.14812947214291228      5.75582462672731143
 6.50654952080801330     -12.69387687464350201
14.14812947214209693     12.68402785700130231
-7.50090420668228752      8.08734176577382691
-6.52343589680347602     -10.95197704947445949
-0.50000058141888182     -0.57331823739321475
-15.94975981872354076     -16.04129105698745761
 0.14812947214115460     12.68402785700174640
-2.50000058142128889      2.89078337774327077
11.14812947211629535      7.48787543428187874
 0.49919624143663910     -5.76900669714508219
-5.50000057458290392     15.01513902687284840
16.14812947214196726      2.29172299071423247
11.53426138891351016     -14.40985882954342578
 1.48311235028074107     -14.41973024293503514
-10.52985652872658129      2.90056157007768523
13.14812947214377559     14.41607866457116494
 8.14812947212210936      9.21992624185661924
 8.52343473401849572     -16.14812947214251437
-2.52331088248313007     -10.95204923248368800
-8.52343589688654646     -14.41607866456733511
 4.49999943747119868     -5.76947065699848949
-12.52343589688775261     -14.41607866456328146
-8.51701266398271883      2.90070564972056699
 5.50642265137575659     -10.96189932137081513
-2.51701266405936908     -7.49159919573695365
 5.14812947207853888      7.48787543425431235
-10.52343588465047830     -0.55967221098268771
-7.52343589683570535     -12.68402785702737035
 5.14812947214374006     14.41607866457576925
-8.14813062130917665     14.41607866457566800
-3.52343588468690649     -12.68402786398618787
13.28317479873174456     -9.90870366072462616
14.14812947213998129      5.75582462671873962
-11.52343589673770019     -2.29172301159171843
13.14812950007727466     -2.90442939499376651
 3.14812947208073313      4.02377381910921184
12.14812947212911887      5.75582462672040496
 8.52263156359073193     -12.68449182384003571
-7.51701266400830193      1.16865484213691895
-6.50010102933517775      9.81892861050512344
11.14812947214057282     10.95197704942910732
-0.52331087039233359     -14.41615084064264707
-0.85187052785973771     10.95197704943337413
-7.52343589688786363     -16.14812947213777150
 9.14812950007666714     -2.90442942726001574
15.36725066543917428     -6.51159593164729866
 5.14812947214027172     10.95197704943123540
 4.14812947208322580      2.29172301154024938
 2.14812947214116035     12.68402785699757729
-14.52244078826403673     -4.08685665182593993
-3.50080375861063242      1.15919653310321680
-14.40394803572675642     -10.27104085504062958
-5.50000057461267922     11.55103741171681975
-1.50000057466104919      4.62283418141094860
-0.50000057466151138      6.35488498898305298
-4.52343588473278491     -10.95197705644377884
 3.14812947214374006     14.41607866457099973
-0.85187052785625983     14.41607866457211706
 9.14812947213409267      0.55967220401073559
-13.19785091898930141      5.72992684310977829
-11.14813062130944843     16.14812947214208805
-16.14812947214284478     10.86687684273025667
10.14812947213091476      2.29172301158144753
-3.51701266405918034     -5.75954838816796766
-1.50080375860890136     -2.30490508203360678
 9.14812947214374006     14.41607866457209219
-14.14813062130928500     14.41607866457563247
-10.52343589747080621     -7.48787543468646710
 7.14812947212555017      0.55967220399880280
-16.14812947207641969     -11.24972932299597694
-8.52343588491079807     -4.02377382627076408
 1.14812947214374006     14.41607866456986642
 0.14812947212165492      9.21992624184958309
12.19922735864191132     -11.59236898474533284
-1.85187052785956840     12.68402785700237168
14.14841892853969973     -4.63631306871670201
12.14812947214379868     16.14812947214121763
-4.50000058136904268      6.35488499291122100
 6.14812947208140326      5.75582462668706096
-16.14812947212632110     -9.24972932299570871
-11.14813062138233413     12.68402785696154389
-12.52343589824806180     -10.95197704944577666
 8.14841895348455125     -4.63664731859368207
 2.49999942534399588      1.15873256627960086
-16.05767016935599401      5.08248117617079043
 6.50642265813871301     -9.22984851770653236
-13.80910727559960449     -12.50522458690899086
-10.52343589675669477     -4.02377381917163390
15.97445000857564068     -14.15568488221165744
 3.49999943071212227     -7.50152146066501313
15.14812947867203796      4.02377381538880474
 9.14812947214050887     10.95197704943371519
 2.48941056873691879     -16.14812947214451455
 0.48311420543681122     -9.22372325756563072
 9.14812947211659022      4.02377381914205401
-1.52343587259333235     -16.14812947214262451
 3.14812947207657201      7.48787543424744317
-9.52343589683333036     -9.21992624188762022
-9.14813062138231636     12.68402785696108559
10.52343474077346741     -12.68402786090474521
-0.50000057466041037      2.89078337384243955
 1.49999942534434250      2.89078337384867812
10.14812947212309346      9.21992624185468124
-14.18617259230597938      7.46866784455326815
15.14812947213405714      7.48787543429109270
-15.22368630339309803     12.64040576360542367
 2.14812947212208405      9.21992624184308340
10.52343474754884944     -16.14812947214055683
11.16282510821597818     -6.37693599000380917
 2.14812947207685578      5.75582462667771111
-13.14813062130944843     16.14812947214472416
 5.14812947212282079      0.55967220399228723
 7.14812947214374006     14.41607866457367670
16.14812947214275596     12.68402785699457347
13.14812947213308725      7.48787543428702129
-12.52343589676906355     -4.02377381914315446
 4.14812947207830174      5.75582462667949368
15.53965799997326513     -10.25804674107640579
 0.47681413181863935     -16.14812947214112882
16.14812947214472771     -1.17271280631181529
10.14812947214378624     16.14812947214138106
-3.52331088252905822     -9.21999842494130029
 9.52263156358252338     -10.95244101626641786
-3.50000058158249105      4.62283418521907841
 6.14812947212209515      9.21992624185186394
-5.50000058134434600      8.08693580049446048
 5.50574634361937143     -14.42546371928319715
-4.51688579462793349     -0.56346921975860220
-14.34589960853973878     -6.26044203781483599
 2.14812947214376493     16.14812947213989602
-8.51698624279090133      6.36467601285926854
-7.51688579455017347      4.63268320299293013
-4.52331088252876512     -7.48794761737215708
16.14812947214386085     16.14812947214021577
-4.50000057458284708     13.28308821930398764
-2.52343588466325475     -14.41607867154152522
15.14812947214580952     14.41607866456810250
-1.50000057460853875      8.08693579658251593
-8.50080375180065495      9.81945056711185238
-2.50000057458759084      9.81898660416348967
 4.14812947212209338      9.21992624184846399
 1.49919624145425301     -7.50105750470385590
12.52343474754885300     -16.14812947214031880
12.14812947214209338     12.68402785700236990
-5.52331088252932645     -5.75589680980357876
 8.14812947214219108     -1.17237860356281742
16.14812947214155869     -12.16324029228291614
-9.52343589698660864     -5.75582462687335550
-5.52343589680457292     -12.68402785704405744
-3.50000057460876945      8.08693579657901118
-16.14812947214481653     14.41393468295052394
14.33578210983335488     -15.30231800471945824
 8.50654952756320171     -9.22977526340580212
 6.52182837963869932     -16.14812947214386085
-16.14812947213169636     -13.24972932299664130
13.14812947213982497      0.55967220402236828
13.16282508029034481     -6.37660177071217316
16.14812947214030459      9.21992624185644338
 3.14812947214026329     10.95197704942809835
 7.14812947214027616     10.95197704943598715
-16.14812947214082683     -0.92189471977967585
-3.52343589673377933     -16.14812947214148764
 8.14812947211134642      5.75582462670790385
 0.48298734807343857     -12.68775161143870811
13.14812947214061722     10.95197704943263695
14.14812947214380401     16.14812947214085170
10.14812947211278171      5.75582462671342654
-12.18617374147058463      7.46652386295325954
-13.18607214050588006      9.20066065236433772
 3.48953743816952144     -14.41615191887220604
14.14812950007029180     -1.17237858742085455
 6.14812947214119809     12.68402785700540747
14.14812947214196726      2.29172301159005043
-0.50080375860902404     -4.03695588960256213
-1.51688579462652151     -5.75962164246442843
-9.52329544592001120      4.62911386619506882
13.14812947213311389      4.02377381915382681
 8.14812947211944305      2.29172301157123259
-6.52343588473102987     -7.48787544130492488
 7.50654952757092353     -10.96182607097916417
-5.50080375855782844      4.62329814827146812
-11.52343589688845782     -16.14812947213396299
-1.51701266401540558     -9.22365000328044893
 4.49999942539842746     -2.30536904882672689
-16.08349642712434147     -7.25077395343540676
 4.14812947214377203     16.14812947214472771
14.16311450872544420     -8.10848544445042840
12.14812947212383598      9.21992624185055831
-16.14812947214021932     -2.92189471977968829
-11.62584163382084768      1.22759514795150015
10.14812947214367966     -1.17237860356267065
-11.18607328967048531      9.19851667076437174
-10.14813062130923882     14.41607866457260378
-6.51688579457511441      2.90063239540965201
-10.52343589745519203     -10.95197704909763914
 6.14812947214185090     -1.17237860357949408
 7.52263155682742646     -14.41654262750411775
 1.48311421750596262     -10.95577405816640493
-8.52343589683289871     -10.95197704945677408
 5.49999943746753850     -4.03741984942749887
 2.49999941864295749     -5.76947066006422915
-6.51701266422904268     -0.56339596555940574
 3.49932125573305708     -10.96508693679962043
-6.50080375853289105      6.35534895585474846
 3.49999942538428366     -0.57331824126601583
-9.52331088245434110      1.17230642052007417
-12.52343589762656251     -7.48787543405313816
-7.52343589680291203     -9.21992624190519372
-11.52328220501341960      4.63639146545925485
10.14841895348473244     -4.63664731857158952
 6.14812947211869165      2.29172301156372171
11.14812947213417260      0.55967220401265583
 1.49999941862644426     -4.03741985250481150
 8.14812947214377203     16.14812947214262095
 2.49999942538737763     -2.30536904883669669
-7.52331088270129555     -2.29179519476468307
11.14812947212694461      4.02377381915270060
12.14841895348535239     -4.63664728632063827
14.19394772158644891     -11.73759526905515571
-16.14812947214202410      1.08452794485133963
10.16311456457668783     -8.10915388303476092
