326    34.53094966089999929
14.24447435848879095      6.23897586636334367
-5.24447429642013763     11.06932240773251408
 4.25497449039196241     -14.53952898451227327
15.25497449046434006      4.51302989870395876
10.24447422255594553      2.77487417274942461
-7.25497456341331315      0.68312248127833242
-8.26547483007672312     -1.04282340752386693
11.59807163850931211     14.53342935344810627
 4.75552570360249849     11.06932240771743281
-15.26584092000124571      0.68901604504195657
 6.26547483031863095     -14.53342402285213097
-3.84419732043032436     -11.11019547651080508
-11.26547483027559338      4.15332901530460319
 9.25497449044971887     -5.87927494670118556
-2.83370628531494084     -5.92015330277829221
 1.17682171689838699     -5.92624225154730944
-8.24447429644133223      9.33727160018134228
-6.24447429647701480      5.87316998502241105
13.26547483041048991     -12.80137321529660355
-8.24447429652977526      5.87316998507511201
 8.17682175323609961      6.19811338045524174
-6.24447429644543384     16.26547483042573816
-12.53253437082631372     -11.57166149343390060
12.59809010429058773     12.80138920723425855
16.26547483042984510     11.69086767991731612
-7.24447429655641439      4.14111917749073211
16.26547483040881659      2.78708405280558402
10.59806240571852598     16.26547483043005116
-5.24447429653313879      0.67701756236607580
-1.24447429643943108      4.14111917743586755
14.26548406338562458     11.69694482874641572
-16.26547483042832098     -12.23776707378358175
 7.25497449043025266     -9.34337656182772491
11.24447422256002049      4.50692498031594901
-2.84419718451212544     -9.37814474741422544
 0.23397388257897603     -11.07542732610904146
12.25346623010597469      9.70825685900921087
-13.00405893255306644     -14.53324456491143124
14.59808087133179200     16.26547483042972431
12.59808087130840093     16.26547483042580566
12.26547483039886721     -14.53342402286161139
 1.75552570360294591     12.80137321528722438
13.26547483039404973     -2.40906836990396078
11.26547483037869846     -12.80137321530437333
-13.26601707806541874     -9.70276426526556790
15.26547483042249098     -16.26547483042763531
-14.24447429664296472     16.26547483042551079
-11.25497456343879321      7.61132571153932780
-8.91188672110928692     -16.26547483042945075
-0.24447429646118377      2.40906836985440087
-5.24447429641599161     14.53342402287334956
 6.25497449040255393     -11.07542736938061978
 8.17679405466394726     13.12630061878881982
-9.25497456342715807      4.14722409640812018
13.26547483040702602     -16.26547483042583764
 2.75552570358273563      7.60522079256993067
-3.84420641730062940     -7.64609927043107618
 2.24447422248678219     -11.08153228776167687
 6.24447435845054155     -7.61743059417121682
-6.24447429641829110     12.80137321530579264
 2.24447418667522625     -7.61743065194424052
14.26547483040748610     -0.67701756233473998
-9.45811904140474269     -13.26491169115732127
-3.24447456554633362     -2.78708420809287416
-11.24447429656630071     11.06932240776146337
-16.26547483042526565      2.42127816603410251
10.17682175323598948      9.66221499559307517
 6.17682175322955285      2.73401176532126655
 1.75552570360499227     16.26547483042572040
-5.25497469653174409     -2.78097921071539078
-11.24447429647166530     14.53342402287056245
-11.26547487031805872     -2.77487423795181432
-9.24447429651294250      7.60522079265381024
 4.75552570360365756     14.53342402285537993
15.26547483041919229     -12.80137321529484851
11.25497449045655252     -2.41517333156713576
-5.24447429644539920      4.14111917747176417
-10.25497456340871949      5.87927490398766750
11.24447435848186672      1.04282344365736956
-16.26547483042691766     16.26547483042826059
 0.22347375059122013     -14.53342410133259577
 1.24447422248881190     -9.34948148019087277
10.26547483037853858     -7.60522079260827866
12.26547483038585362     -4.14111917747400859
-10.45812827418840918     -14.99695716814338553
14.26547483038645581     -4.14111917747728064
-16.00436976306868075     -16.26547483042557118
16.26547483042412168     -11.06932240772783160
 5.17680328744658169      4.46605191153419057
-12.26547483030588914      5.88537982285622263
 6.75552570360366111     14.53342402285628943
-10.24447429645037921     16.26547483042747899
 4.24447422249883388     -7.61743067263087337
 4.24447422252986595     -4.15332905750717174
12.24447435848782817      2.77487425122487252
-0.82319671261670768     -5.92625293384301521
 9.17679405466193465     14.85835142635886363
 4.17680328744372087      2.73400110396690099
-12.26547483041737507     -1.04282340734626411
16.26547483042297060     -7.60522079259400474
-1.24447429639828533     11.06932240772021458
 7.17682175323257709      4.46606257288839803
14.25497449047552756      2.78097909112860986
 9.24447422255270723      1.04282336518241658
-12.24447429654480857     12.80137321534357397
-5.24447429644783636      7.60522079258359351
 8.25497449044065945     -7.61132575426484959
10.25497449045280618     -4.14722413913392263
 7.24447435846130450     -5.88537978660828909
 8.24447422255586382      2.77487417275405157
-15.49722582502117874     -6.39154188246626909
13.24447422255976115      7.97102659545387393
-9.26547483011928463      0.68922740002065730
-6.26547482864842209     -4.50692517829209738
-16.26547483041160191     -8.23810449063608274
 9.24447422255957463      4.50692498032094946
-13.26547483039491304      0.68922740023573970
-12.00436982726766288     -16.26547483042923048
-13.24447429656903985     14.53342402289874791
 3.24447422248881967     -9.34948148019397074
 9.17680328745364804     11.39425514180630472
-16.26547483042699582      5.88537982292405815
-7.24447429645772534      7.60522079260246375
-15.25497456353729575     14.53952894175835020
-9.24447429647118035     11.06932240773307363
 5.24447435842269272     -9.34948140172408415
-10.26547483041416342     -1.04282340737973755
-16.26547483043019682     -1.04324608580068356
-13.28218006349043634     -6.24809561253428658
10.26547483036813802     -14.53342402286730284
 3.17680328743468943      1.00195029640316280
 5.17679405466043452      7.93014819608418886
-16.26547483041579767     12.81358305307070999
 5.25497449039225550     -12.80747817694356350
10.26547483036637054     -11.06932240774259135
-3.24447429653309527      0.67701756226040488
-16.26547483042513420     -4.54497927434903382
-11.26601707806520736     -9.70276442220927571
-7.26547523438973375     -9.70307773645625105
-7.26547482813781542     -2.77487421624662911
-14.25497456346363023     12.80747813423167258
 9.26547483036881125     -9.33727160017230062
-6.24447429643562391      9.33727160015968494
 5.17682175322669380      1.00196095775404004
-14.26547483042522657      2.42127820778728209
 6.17680328744963703      6.19810271910134336
-12.26584097397885742     -4.50713631236548906
-9.26547523438974530     -9.70307752365320653
-8.24447429644964380     12.80137321528988714
-7.91187748832572257     -14.53342935344342735
-10.26547483009197492      2.42127820760551016
 7.26547483033002095     -12.80137321528847849
-13.25497456343963343     11.07542732667664964
 0.17682175316700569     -7.65829308005588238
-14.26547483042404174      5.88537982289110051
 8.26547483035839115     -11.06932240773517151
 2.17679405464561970      2.73399577338609356
-4.24447429641824403     12.80137321530052219
-4.84419732043195683     -12.84224628407928215
 0.17680325111317249     -4.19420210533344751
 5.26547483031754560     -16.26547483042159570
16.26547483042959996      6.23897574458965654
-0.83367858674287010     -9.38423892597400489
11.24447422255945561      7.97102659545880243
-14.54655868643900973     -13.26017955900545964
14.26547483041332320     -11.06932240772935216
 7.24447422255259532      1.04282336518699204
-2.24447429642411400      5.87316998501430465
-4.24447429643484586      9.33727160015497759
-12.26547483036463504      2.42127820778713509
-1.24447429639777285     14.53342402285710122
 7.75552570360502003     16.26547483042976339
 1.23397388257631579     -12.80747813367945831
13.60334845252897651     14.53039344473546812
-6.26547510035397259     -7.97102679350607524
-7.24447429644748020     14.53342402285782597
-4.84420655321873372     -9.37814999952760076
 8.17680328745529827      9.66220433423629999
-2.24447442963387234     -1.05503332215453893
 4.17682175321775784     -0.73008984980967773
 8.24447435847026533     -4.15332897904455667
 5.24447422254022477     -2.42127824994427110
14.26547483041625952     -14.53342402286216561
-9.26547496443640028     -6.23897590742884223
14.26547483039622222     -7.60522079260589567
13.26547483039145625     -9.33727160017308400
-4.24447429646144236      2.40906836989356066
-7.24447429642017138     11.06932240773800125
 9.26547483035585451     -12.80137321530551553
 8.26547483032829966     -14.53342402285850987
-0.77652638532683316     -16.26547483042915943
-14.26547483030780405      9.34948143799316433
-10.24447429649096719     12.80137321529052841
 4.17679405465743425      6.19809738851703429
-6.91185902253571705     -12.80138920723454987
-9.24447429646538765     14.53342402284969026
-2.24447429640577445     12.80137321528478722
-4.24447442963406019     -1.05503332205017530
13.25497449046480902      1.04892828356591838
14.25497456252582751      9.69697244133910807
-16.26547483042342890      9.34948143802941978
-11.26547496443685503     -6.23897575265809490
 1.17680328739570239     -2.46215131871225745
-10.26547510035400279     -7.97102663869876515
 5.75552570360499249     16.26547483042603304
-4.91183132396365263     -16.26547483043024656
15.26547483040034159     -5.87316998503816468
11.26547483037600728     -9.33727160017864932
-10.26547483040102016     -4.50692502247459625
15.26547483040050324     -2.40906836991069584
 3.24447415047987242     -16.26547483042910613
-0.77652624940662207     -12.80137329376223398
11.17682175323391469     11.39426580316315096
 2.75552570360249494     11.06932240771807407
-1.24447429653308461      0.67701756225789123
 7.24447422254607343     -2.42127824995150887
-2.24447429641115326      9.33727160015866353
10.17680328745176155     13.12630594937648709
-6.91186825553897410     -16.26547483042758913
-12.24447429649631403     16.26547483042570619
15.26547483042213749      1.05503324522751596
-15.26547483033451691     11.08153224554697402
15.25497469845462994      7.96492171224873768
-14.52058157308583830     -11.26034826872565020
-8.24447429645035790     16.26547483042523368
 0.75552570358261095      7.60522079257136419
16.26547483042706688     -14.53342402285933765
15.27074241162711488     13.42594906624705864
12.25497449045972331     -0.68312252400002416
 6.24447422253713214     -4.15332905751522663
-13.26547487512263857     -2.77487418910467554
10.24447435847733523     -0.68922736391044137
-8.25497456345350322      2.41517328882401205
 0.17679405460686401     -0.73010584172929616
 3.17679405465464892      4.46604658094976070
 1.17679405463515518      1.00194496582325709
-14.26547487509992429     -1.04282338152268506
 2.23397401849969857     -14.53952886277293466
-6.24447429651736918      2.40906836994438489
-11.26547483038654640      0.68922740020509810
-1.24447429641931917      7.60522079258138906
-2.24447429646134555      2.40906836986858863
11.26547483038151398     -5.87316998504103349
-0.24447429642411375      5.87316998500630927
15.26547483041817443     -9.33727160016235658
-16.26547483042695674     -14.28259204422762529
 0.75552570360185545     11.06932240771892140
-0.24447429639708620     12.80137321528847671
-1.77652638532505258     -14.53342402285862001
-2.77652638532688156     -16.26547483042791242
 3.75552570360322724     12.80137321528674477
 1.75552570357588689      5.87316998499859189
-3.84417885464714226     -14.57428643029192550
 9.17682175323777827      7.93016418802315037
 7.26547483031839736     -16.26547483042225650
-7.26547496443604057     -6.23897590746444397
10.24447422256349505      6.23897578788757201
13.24447435849960364      4.50692505878815908
-14.26584092932162839     -4.50671360360215445
-4.24447429639503149     16.26547483043015063
 3.17682175320737503     -2.46214065737256016
-16.23949779954879702     -10.23793578199646781
-13.26547483033423269      7.61743063040873825
-15.26547483039695763      7.61743063047564295
 8.24447422254920603     -0.68922744238443956
 5.24447422252662232     -5.88537986507803801
-5.26547496443603791     -6.23897606440946095
-12.25497456346463743      9.34337651909330624
-3.24447429639837859     14.53342402285804624
-2.84417885464648412     -12.84223562272342178
12.24447422256953466      6.23897578787935014
-3.24447429641961804      7.60522079259465489
-1.83369705252626880     -7.65219877976138996
 2.17682175317930726     -4.19419146492523254
 2.75552570360365046     14.53342402285595902
-1.84417871872816419     -11.11018489362701978
-0.82320598167570846     -2.46215662835042304
-4.24447429642413887      5.87316998502836718
-15.29879683689700265     -2.79411263035719237
-3.24447429641998575     11.06932240772247411
12.26547483038848263     -11.06932240774035137
-8.26547510035397259     -7.97102679346975940
 3.24447422250191897     -5.88537986505991384
16.26547483042847020     15.16103045194357435
-4.25497483245013797     -4.51303009675679601
-14.28218019940881156     -7.98014634163174641
-15.26547485055946396      4.15332900373169167
-13.26547483039523811      4.15332901533884957
 9.24447435847340770     -2.42127817147744251
16.26547483041459685     -4.14111917747220293
-1.82320594540541014     -4.19420745685996632
 1.75552570359124105      9.33727160014385760
 9.26547483034185682     -16.26547483042184439
-0.24447429639501206     16.26547483042701003
 1.22347388651435707     -16.26547483042620712
13.26547483038334718     -5.87316998504444321
-10.45810049935261787     -11.53231923194889852
 3.75552570359128390      9.33727160014271540
 0.75552570356064497      4.14111917742860935
 7.17679405466533993     11.39424981121912062
16.26547483041704822      9.69086767991730724
-14.00436979516818781     -16.26511650366706263
-5.91184978974843389     -14.53343468421840434
 3.24447435841106513     -12.81358301685543033
 2.17680328742419249     -0.73010051115966978
 0.75552570360363247     14.53342402285732682
12.26547483037889563     -7.60522079261143347
 7.17680328745341889      7.93015352666829276
-5.84420655321993987     -11.11020080709578295
 6.17679405466387710      9.66219900365107875
-6.25497456342937586     -1.04892832629981858
-8.26547483039982467     -4.50692502250965799
 5.75552570360430593     12.80137321528583527
-8.45810057561477535     -11.53287154494849887
-2.24447429639502660     16.26547483042760334
16.26547483041158770     -0.67701756234757127
11.26547483038797814     -16.26547483042472919
 4.24447435841251774     -11.08153220928726768
-11.45811896514234540     -13.26435937815791632
-3.24447429643949503      4.14111917745015834
 3.75552570360499249     16.26547483042503472
 6.24447422254918205     -0.68922744238056322
-12.26601694214820171     -7.97071353616852996
-9.26547483037027497     -2.77487421492332897
-0.24447429640920426      9.33727160014502466
-10.24447429654333774      9.33727160020574587
