327    34.59157961580000062
 9.29578980787352727      9.36758657759844482
 0.82634065350392671     -7.63553577002981942
 7.06106523068965419     -7.79422863406097211
16.29578980787420406      7.63553577002927408
-12.73128089764439963      8.06853084992649983
-9.67419114541726444      9.77736497737373433
-14.67870889230593967      7.58919343771986998
 9.06106523068976522     -4.33012701892325858
-10.17365934649625103     -16.29578980787426445
 3.82634065350387642     -12.83168819273650740
-11.17365934649622083     -11.09963738516759513
 9.29578980787358056     16.29578980787418629
-14.29578980787403530     -2.51589097283724783
 5.06106523068997216      6.06217782649003301
-3.17365934649220893     12.83168819273739558
-3.17365934649618708     -14.56373900030543744
 7.29578980787355480     12.83168819273634753
-4.17365934649610182     -2.43938334732321938
-10.17365934649622261     -5.90348496246101906
-9.17365934649617465     -7.63553577002986827
-12.29578980787388076     -2.51589097283726204
-16.29578980787442077     -9.44409420311247416
-10.73293897852729550     11.54374175010620540
 3.06106523068974612     -0.86602540378541815
 9.06106523068965330     -7.79422863406100230
 5.29578980787355480     12.83168819273644345
-3.17365934649606807     -4.17143415489207658
14.29578980787383102     -2.75676907538370219
 8.06106523069000147      4.33012701892107810
-14.17365934649696513     -12.83168819273666195
 0.82634065350392039     -0.70733253975424981
-7.17365934649617465     -11.09963738516762355
-4.17365934649611692      4.48881988295229473
 4.06106523068977143      0.86602540378345005
15.29578980787406550      9.36758657759810909
 7.82634065350387598     -12.83168819273669392
-7.67419114541721292      9.77736497737376276
-2.17365934649608672      1.02471826781455788
 5.29578980787356990     16.29578980787431064
16.29578980787412235     -2.75676907538376037
-10.29578980787376707      0.94821064230042640
-3.17365934649611248      2.75676907538342020
13.06106523068967107     -7.79422863406115241
-16.29578980787444564      0.94821064230042384
 9.82634065350380048     -16.29578980787482934
 8.06106523068968706     -6.06217782649210601
 2.06106523069042957     14.72243186433458817
 1.06106523069015002      9.52627944162798102
 2.82634065350384045     -14.56373900030538771
-7.29578980787380438      2.68026144986937576
13.29578980787371378     16.29578980787407261
 4.82634065350384045     -14.56373900030543567
 7.82634065350380048     -16.29578980787459486
 5.06106523068970926     -4.33012701892319019
15.29578980787402998      2.43938334732275797
 9.06106523068950764     -11.25833024919880998
-12.17365934649624570     -12.83168819273646122
 5.82634065350380048     -16.29578980787441012
-4.67419114541701397      8.04531416980491798
 5.82634065350387598     -12.83168819273657846
 8.06106523068977410     -2.59807621135437650
-2.17365934649606762     -5.90348496246095245
-2.17365934649214987     11.09963738516855258
-12.24764403541549029     16.28397604484652206
15.29578980787389852     -4.48881988295255496
 3.06106523069014980      9.52627944162788864
-1.17365934649617132     -14.56373900030549073
15.29578980787459663     -11.09963738516845311
-11.29578980787382747      2.68026144986926784
-0.17365934649612294     -12.83168819273654826
-8.17365934649617465     -9.36758657759874502
-7.17365934649606896     -4.17143415489217517
-5.17365934649233417     16.29578980787510645
-0.93893476931014130      6.06217782649014936
 8.82634065350384844     -14.56373900030574298
11.29578980787357878      2.43938334732280948
-0.17365934649606640     -5.90348496246093646
11.29578980787361431      9.36758657759835778
-10.17472294434203306     16.29578980787511711
10.06106523068959646     -9.52627944162991191
-0.17365934649608536     -9.36758657759871483
16.29578980787418629     11.09963738516693788
-1.17365934649205972     16.29578980787506381
14.29578980787380793      0.70733253975400689
 4.06106523068972702     -2.59807621135430455
 6.29578980787352194     11.09963738516745302
 6.29578980787358322     14.56373900030532020
-12.17365934649625814     -16.29578980787424669
13.29578980787366049      2.43938334732282058
 6.06106523069008585      7.79422863405888044
 4.06106523068987535      4.33012701892119090
-9.17365934649623327     -14.56373900030538771
14.29578980787452025     -12.83168819273729255
13.29578980787441900     -14.56373900030613555
-11.29578980787391984      6.14436306500701157
-9.29578980787372267     -0.78384016526842404
14.06106523068959646     -9.52627944163007356
-5.17365934649607340     -7.63553577002992867
-10.17365934649621551     -9.36758657759872193
10.29578980787355036      7.63553577002951034
 7.06106523068989222      2.59807621135223465
 5.06106523068974834     -0.86602540378543980
 2.06106523069006808      7.79422863405905630
-2.17365934649608228     -2.43938334732319095
-5.17365934649618708     -14.56373900030540547
-13.36370097604035934     14.52628929964614990
 7.06106523068970926     -4.33012701892321594
12.29578980787355924      4.17143415489170533
-0.93893476930985353      9.52627944162805029
 6.06106523068981495      0.86602540378340143
 0.06106523069025114     11.25833024919691638
16.29578980787394116     -6.22087069052141839
-14.29578980787402109     -5.97999258797493649
 6.06106523068968528     -6.06217782649207937
 2.06106523068977010      0.86602540378347126
-14.29578980787393583     -9.44409420311268377
-14.29578980787417564      4.41231225743820410
 5.06106523068986647      2.59807621135230837
-0.17365934649621340     -16.29578980787439235
13.29578980787376175      9.36758657759822810
-11.17472294434232261     14.56373900030638957
 8.29578980787352371     11.09963738516737486
-7.29578980787386477      6.14436306500711460
 0.06106523068982921      4.33012701892125662
 0.82634065350382846     -14.56373900030545343
-8.67419114541721470     14.97351740008030951
13.06106523068951297     -11.25833024919891656
-8.17365934649624926     -16.29578980787428932
-3.17365934649220893     16.29578980787507092
-7.67419114541718983     13.24146659251144698
 0.82634065350393704     -4.17143415489205971
-11.29578980787387543     -0.78384016526838807
-16.29578980787461973      4.41231225743782485
-16.29578980787456999     -2.51589097283710705
 9.29578980787355569     12.83168819273624983
-7.17365934649237236     16.29578980787507803
11.29578980787369780     16.29578980787414011
10.06106523068936553     -12.99038105676776844
 6.82634065350389818     -11.09963738516771414
11.06106523068951120     -11.25833024919883663
-9.67419114541783465     13.24146659251118585
-13.17365934649651571     -11.09963738516772125
-13.29578980787391806     -4.24794178040611747
-10.29578980787382925     -2.51589097283723895
-5.17365934649612491     -0.70733253975435617
-6.67419114541714098     11.50941578494259865
 9.06106523068984870     -0.86602540378554294
-3.17365934649217385      9.36758657759968827
-7.17365934649613557     -0.70733253975441879
-7.17365934649622172     -14.56373900030536284
-6.29578980787382125      4.41231225743826183
16.29578980787453091     -12.83168819273739381
 5.06106523069015068      9.52627944162779450
-7.17365934649616843     -7.63553577002987094
16.29578980787475473     -16.29578980787495013
-4.17365934649616488     -12.83168819273653760
16.29578980787420406      0.70733253975397781
-6.17365934649623949     -16.29578980787425380
10.06106523068993397      0.86602540378328485
-1.17365934649610093     -11.09963738516765908
12.29578980787361608      7.63553577002942241
15.29578980787409037      5.90348496246040000
-11.17365934649626524     -7.63553577002987272
 1.82634065350393859     -2.43938334732316875
 7.29578980787351572      9.36758657759849633
 1.06106523069033676     12.99038105676575050
-1.17365934649607961     -0.70733253975431509
-15.36365894185650660     14.51332261262614765
-6.17365934649606807     -5.90348496246105015
-10.17365934649621373     -12.83168819273647543
-5.17365934649614267      2.75676907538340599
-4.17365934649606807     -5.90348496246101018
-13.29578980787404063      2.68026144986930870
-5.17365934649229864     12.83168819273736894
-9.29578980787390918      6.14436306500706841
-16.29436737993584217     -16.29108741787214854
-2.17365934649623549     -16.29578980787435327
 7.06106523069003877      6.06217782648997616
-3.17365934649610093     -11.09963738516769638
-14.29583184205796975     16.29578980787362852
-15.29578980787419873     -0.78384016526844424
12.06106523068992686     -2.59807621135447819
15.29578980787393050     12.83168819273589811
-3.17365934649607295     -7.63553577002988959
-8.29578980787375997      0.94821064230047369
-1.17365934649607961      2.75676907538355120
-10.67419114541721115      8.04531416980482561
12.06106523068936553     -12.99038105676779686
-2.17365934649612269     -12.83168819273658556
-13.29578980787395004     -0.78384016526841971
12.29578980787432840     -16.29578980787506381
 2.82634065350392705     -7.63553577002983630
-15.29578980787424669     -11.17614501068138111
11.06106523068979186     -4.33012701892332874
-2.17365934649214054     14.56373900030623325
-3.17365934649610537     -0.70733253975432697
 0.82634065350389885     -11.09963738516760046
12.29578980787358233      0.70733253975393018
-6.17365934649616932     -9.36758657759875035
 7.06106523068979719     -0.86602540378548587
 6.82634065350384045     -14.56373900030555468
-14.46804035073047778      9.57806718071877405
13.29578980787383102     12.83168819273599404
-15.29578980787424136     -7.71204339554368801
-15.17365934649796344     -14.56373900030569857
10.29578980787366227     14.56373900030508217
-12.29578980787387188     -5.97999258797496758
-8.17365934649621195     -12.83168819273647898
 1.82634065350387687     -12.83168819273648964
 0.82634065350807928     16.29578980787505316
-16.29578980787511711      8.76607461800188759
-0.17365934649607523      1.02471826781464403
-13.29578980787391629     -7.71204339554381857
13.06106523069001746     -4.33012701892330742
 3.06106523068992553      6.06217782649009695
12.06106523068959646     -9.52627944162999007
 8.29578980787358589     14.56373900030522073
-14.29578980787409570      0.94821064230037344
11.06106523068920922     -14.72243186433674111
11.29578980787366049     12.83168819273613259
-10.29578980787386477      4.41231225743816680
 8.06106523068959646     -9.52627944162988172
15.29578980787381326     16.29578980787414011
-4.17365934649613202      1.02471826781453501
-16.29578980787508868      6.41231225743782574
 1.82634065350380070     -16.29578980787434617
 7.29578980787357079     16.29578980787421472
 4.06106523069025194     11.25833024919672987
-6.17365934649613379      1.02471826781451503
-6.67419114541714364      8.04531416980492509
-13.17365934649624393     -14.56373900030534152
12.29578980787366049     11.09963738516721143
16.29578980787422182     14.56373900030463631
 0.06106523069006827      7.79422863405912825
-16.29578980787452736     -5.97999258797472955
 4.82634065350389818     -11.09963738516763954
15.06106523068989844     -7.79422863406114619
-4.17365934649227732     14.56373900030623325
-3.23833809026265618      6.25809240380334941
-1.17365934649606407     -4.17143415489205793
-0.17365934649200054     14.56373900030622082
-2.17365934649608494     -9.36758657759877345
14.29578980787386833     14.56373900030487967
-16.29578980787454157     -12.90819581825009266
-1.17365934649607317     -7.63553577002983186
15.29578980787408682     -1.02471826781483433
-4.17365934649223203     11.09963738516853127
-6.17365934649610271     -2.43938334732327666
 9.29578980787350773      5.90348496246063981
-13.17271043880919557     11.10191770464886218
-13.29578980787391984      6.14436306500696805
-16.29578980787320930     16.28282312085500294
-11.29578980787383102     -4.24794178040611481
13.29578980787366760     -1.02471826781491226
-15.29578980787414189     -4.24794178040606329
 8.06106523068987357      0.86602540378334758
-5.17365934649616310     -11.09963738516764309
 5.82634065350391417     -9.36758657759877167
-15.29578980787422537      2.68026144986917547
-0.17365934649606138     -2.43938334732318163
14.06106523069004943     -6.06217782649217796
12.06106523068973857     -6.06217782649223658
-9.17365934649621373     -11.09963738516759868
 3.82634065350380048     -16.29578980787428932
14.29578980787390030      7.63553577002927142
14.29578980787432840     -16.29578980787506381
 3.06106523069034386     12.99038105676566168
16.29578980787422893      4.17143415489152591
-8.67419114541727154     11.50941578494261641
16.29578980787480802     -9.36758657759960478
-8.67419114541720937      8.04531416980488423
 9.06106523068996594      2.59807621135218048
11.06106523068996239     -0.86602540378557957
10.29578980787359299     11.09963738516728604
-12.17365934649632564     -9.36758657759875391
-6.17365934649617198     -12.83168819273651451
 2.82634065350389863     -11.09963738516761111
-5.67419114541707259      9.77736497737376098
-6.17365934649234571     14.56373900030621726
10.06106523068971725     -6.06217782649216286
 8.29578980787354681      7.63553577002954054
-4.17365934649608494     -9.36758657759881075
 3.82634065350391417     -9.36758657759873614
12.29578980787378661     14.56373900030494006
-11.67419114541726444      9.77736497737367216
-9.17365934649622083     -4.17143415489214231
 3.29578980787355347     16.29578980787444209
10.06106523068984693     -2.59807621135442046
 1.06106523068978964      2.59807621135235811
-9.29578980787380438      2.68026144986932513
 6.06106523068973235     -2.59807621135432587
 3.82634065350393371     -5.90348496246096310
 4.29578980787358233     14.56373900030542679
-16.08512126719123714     10.75494836128956422
14.29578980787378661     11.09963738516709064
-8.29578980787384701      4.41231225743822719
 3.06106523068981184      2.59807621135235012
11.06106523068966041     -7.79422863406107247
10.29578980787355924      4.17143415489170000
-14.29583184202729385     12.75678879139468513
 1.82634065350393371     -5.90348496246094623
-11.17365934649623682     -14.56373900030535751
-4.17365934649623771     -16.29578980787436748
-1.93893476930993147      7.79422863405914601
 2.06106523068986069      4.33012701892125484
-5.17365934649606807     -4.17143415489213343
-16.29578980785045772     12.74382210438581531
 6.06106523068994818      4.33012701892114293
13.29578980787373688      5.90348496246048082
 2.06106523069025105     11.25833024919682401
 4.06106523069006808      7.79422863405896482
 1.82634065350391439     -9.36758657759870594
-8.17365934649611070     -2.43938334732332374
-1.17365934649208148     12.83168819273739025
-12.29578980787393760      0.94821064230045382
11.29578980787352371      5.90348496246059806
15.29578980787444564     -14.56373900030625101
 4.82634065350392749     -7.63553577002986561
-14.17365934649630432     -16.29578980787418629
-12.29578980787388254      4.41231225743811262
 2.82634065350393682     -4.17143415489206504
14.29578980787387188      4.17143415489163338
-2.17365934649610004      4.48881988295242262
-8.17365934649617287     -5.90348496246099241
-5.29578980787381770      6.14436306500713592
-12.24057957285730858     12.87141821291095134
 1.06106523068988690      6.06217782649014669
