328    34.62725870010000051
11.74893468139916664     -16.31362935003546255
 9.31362935003931369     -6.07556960866041873
-5.88022712437429096      9.38542611976159158
 8.11977287562646843     16.31362935003745918
-7.31362935003560555     -12.84952773489913724
14.31362935003961567     -7.80762041624056380
14.31362935003935277      2.58468442920039765
 0.92591640119360175     -6.07556960862736961
10.45719841687814622     -11.32262976088540718
-16.31362935003683390     -11.11747692732900994
 2.11977287562593286     12.84952773489962219
15.11977287562646310     14.58157854246868190
-15.31362935003598480     -12.84952773489836808
-4.09692823719628052     -4.33012701892654128
 0.11977287562643048     16.31362935003766523
-15.31362935003643955     -5.92132450462251470
14.11977287562656791     12.84952773489938060
 2.11977287562536265     -1.00687872565197689
 1.11977287562529826     -2.73892953322087340
-10.07408359880509607     12.97698927463101626
 3.11977287560793348     -9.41220968404589620
-16.31362935003678416     -4.18927369705347630
 9.31362935003923909      0.85263362163567780
13.31362935003933501      4.31673523676941961
-0.88022712437395090     14.58157854246869789
 7.43435377850875145     -9.60397073544431024
 6.11977287562595595     12.84952773489960798
-11.09692823719646348      7.79422863405599120
14.31362935003943804      6.04878604433837008
-14.31362935003619619     -0.72517208191593341
 3.11977287565471695     -12.84952773489883349
 8.11977287562563177      2.45722288948608769
16.31362935003922132     -4.34351880109569777
13.31362935003925863      0.85263362163145218
12.31362935003920711     -4.34351880107537625
-6.09692823719635868     -0.86602540378842818
 4.11977287562527206     -4.47098034078978479
13.31362935003929593     -2.61146799350644532
10.11977287562590178      9.38542611976166974
12.31362935003921777      2.58468442920036257
 0.11977287562581669      9.38542611976179231
 9.43435377850888202     -9.60397073543555990
-2.11977287561906902     -14.70904008219298476
-14.31362935003629033     -4.18927369705372321
 6.43435377851989543     -11.33602154301969023
13.31362935004090886     -6.07556960864546625
-7.07408359880560678      7.78083685192409202
10.31362935003956771     -7.80762041622929459
-12.09692823719575472      9.52627944162527740
10.74893468138547981     -14.58157854245849983
-9.31362935003565973     -12.84952773489900046
-1.88022712437409156     12.84952773489960443
-1.07408359880613680     -2.61146799348946779
-8.31362935003540393     -7.65337531219231337
-12.31362935003589243     -14.58157854246774221
 7.11977287562578276      7.65337531219288980
 7.11977287562564687      4.18927369705497910
14.31362935003437364     -9.80762041624064018
 5.11977287565612116     -16.31362935003644310
 3.11977287562530714     -2.73892953322088628
-8.09692823719637289      2.59807621134941202
 3.11977287562573347      7.65337531219281253
-9.09692823719674948      0.86602540378067128
12.31362935003921599     -0.87941718593752793
-9.09692823719637644      4.33012701891828744
 2.11977287562558070      2.45722288948605216
11.74893468138598429     -12.84952773488895517
-5.09692823719641375     -6.06217782649536829
-3.07408359880579329      0.85263362164848178
-0.88022712437440731      4.18927369705480235
 1.92591640119229446     -7.80762041619700042
-10.31362935003543413     -7.65337531219207445
11.58233279068537414     -9.66912661880243363
-0.88022712437460549      0.72517208191696836
-9.31362935003670778     -16.31362935003729220
 6.11977287562560335      2.45722288948608858
 3.11977287562548877      0.72517208191712201
-14.09692823719575472      9.52627944162791529
13.87406905517915590     -12.92807540036660185
-5.11977287561563266     -9.51288765948437032
 7.11977287562610428     14.58157854246848650
 7.11977287562554295      0.72517208191717641
16.14296989872352484     -16.20605332434596946
 8.31362935003920711     -4.34351880109121868
-1.09692823719275001     -6.06217782649771220
16.31004493543380818     16.31006263186064231
 3.11977287562484218     -6.20303114835898395
-11.31362935003565795     -2.45722288948510537
-4.88022712437433892      7.65337531219267930
12.31362935003939363      6.04878604434228695
 8.11977287562572236      5.92132450462396864
-9.31362935003548742     -5.92132450462311866
-13.31362935003603809     -5.92132450462264082
-14.31362935003562420     16.31362935003675574
-5.07408359880565030      4.31673523678631543
-10.31362935003553893     -11.11747692733003845
-3.88022712437359552     16.31362935003766879
 6.11977287562551542     -1.00687872565174108
16.31362935003943804      2.58468442920024266
11.31362935003923731     -2.61146799350645953
10.11977287562609540     12.84952773489946942
-4.09692823719269761     -0.86602540379058579
-16.31362935003640402      2.73892953322175003
 8.31362935003921422     -0.87941718593318507
-10.09692823719645105      6.06217782648712156
-11.31362935003570414     -12.84952773489887967
-5.09692823719626364     -2.59807621135740430
 1.11977287562548700      0.72517208191697768
 6.11977287562582273      9.38542611976179053
-3.11977287561631922     -12.97698927462251994
-7.09692823719289034      4.33012701891633789
-13.29078471163028752     14.59497032460865640
 1.11977287565415096     -16.31362935003673797
-8.09692823719667487     -0.86602540378831927
 4.14261751403939726     -11.13086870945844176
 9.31362935003923376     -2.61146799350659276
16.31362935003512504     -9.80762041624244496
15.31362935003386205     -11.53967122381059518
11.11977287562581473      7.65337531219274236
-0.09692823719465896     -11.25833024920492775
-2.88022712437429584      7.65337531219266243
-12.09692823719976218     12.99038105676803490
16.31362935003967962     12.97698927461784635
-12.09692823719720600      6.06217782648749814
 1.11977287562573347      7.65337531219285250
10.11977287562647376     16.31362935003754799
-6.11977287561545502     -7.78083685191539232
 8.11977287562589289      9.38542611976181718
-6.31362935003572456     -14.58157854246830709
-15.31362935003702397     14.58157854246582907
-5.31362935003668824     -16.31362935003779313
-7.09692823719642618     -2.59807621135726663
-4.11977287561572236     -11.24493846705329858
-4.09692823719625654     -7.79422863406446353
11.11977287562600303     11.11747692733052695
 0.11977287562534655     -1.00687872565193692
-7.88022712437415596     12.84952773489946942
-9.11977287561522765     -2.58468442920863284
 5.11977287562550565      0.72517208191713056
-12.31362935003559222     -7.65337531219185951
-11.31362935003670955     -16.31362935003712522
-10.31362935003562065     -4.18927369705407848
-7.31362935003670778     -16.31362935003744852
-10.09692823719692001      2.59807621134965183
-12.31362935003577519     -4.18927369705391506
-2.07408359880601667     -0.87941718592052287
-3.88022712437427186      9.38542611976155605
 5.11977287562588668     11.11747692733071347
13.74893468139921993     -16.31362935003541992
-15.29078471162412711     11.13086870946734130
10.31362935003920533      2.58468442920457431
-7.11977287561539907     -6.04878604434648359
-6.09692823719278643      2.59807621134736388
 7.16546215241796514     -16.31362935004051096
-16.31362935004052162      9.41220968404582514
-7.31362935003544745     -9.38542611976126295
 7.31362935003923198     -2.61146799350207237
 4.11977287565499761     -14.58157854246766938
-3.88022712437412753     12.84952773489951561
 2.11977287562567351      5.92132450462388693
-10.31362935003583736     -14.58157854246787721
-15.31362935003630987      4.47098034079067652
 9.11977287562580585      7.65337531219284806
-1.88022712437419393      9.38542611976171237
 9.11977287562568328      4.18927369705504660
 1.11977287562559269      4.18927369705493646
-16.31362935003231485     12.84952773489385791
10.31362935003921599     -0.87941718593750429
-4.07408359880573467      2.58468442921739117
-0.07408359880624678     -4.34351880105840671
-11.09692823719666244     11.25833024919467995
 0.09692823722309596     -14.59497032462393129
-8.31362935003549808     -11.11747692733013615
-14.11977287561492211      6.07556960863592455
12.11977287562594086      9.38542611976158092
-5.31362935003551584     -12.84952773489939837
11.31362935003937586     -6.07556960864438800
10.11977287562572236      5.92132450462391535
-13.31362935003560644     -9.38542611976077445
-6.88022712437417727     11.11747692733053761
12.74893468138556152     -14.58157854245865259
-7.88022712437361506     16.31362935003747694
14.87406905518024125     -14.66012620793485510
-0.09692823719275580     -7.79422863406676303
 6.11977287562644090     16.31362935003767234
 4.11977287562643912     16.31362935003764036
 9.45719841689135698     -13.05468056846196667
-13.31362935003672554     -16.31362935003725312
-3.09692823719625077     -9.52627944163344864
 5.31362935003931192     -6.07556960863987250
-16.31362935003675929     -14.58157854246685581
-5.88022712437414441     12.84952773489939837
-1.09692823719440447     -9.52627944163468854
 0.11977287562557595      2.45722288948590650
-2.88022712437395079     14.58157854246856466
-10.11977287561524008     -0.85263362163976375
13.31362935003952686      7.78083685191112817
-4.88022712437417727     11.11747692733048964
14.11977287562656613     16.31362935003774339
-13.11977287561528804      4.34351880106683730
 9.11977287562599415     11.11747692733064774
 1.11977287562584960     11.11747692733065662
16.31362935003953041      6.04878604433823686
 7.31362935003931192     -6.07556960866529039
16.31362935003948778     -0.87941718593770146
 2.11977287562643824     16.31362935003785708
 2.11977287565389272     -14.58157854246732477
 9.74893468139916664     -16.31362935003668824
-6.09692823719637822     -4.33012701892621621
-4.88022712437395079     14.58157854246850249
-13.09692823719670862      7.79422863405691846
-4.31362935003572368     -14.58157854246897855
-2.88022712437415729     11.11747692733061221
14.31362935003933323     -0.87941718593754148
 3.11977287562605188     14.58157854246862328
-14.31362935003615178      2.73892953322169097
 4.11977287562582273      9.38542611976180474
-8.09692823719378119      6.06217782648577685
-3.31362935003667980     -16.31362935004045767
-16.31362935003680192     -7.65337531219129286
-0.88022712437426676      7.65337531219279299
-8.31362935003581427     -14.58157854246803531
 8.45719841690684504     -14.78673137603981758
-13.31362935003582670     -12.84952773489869493
-7.09692823719636579      0.86602540378049642
-16.31362935003652481     -0.72517208191594451
-2.09692823719264787     -4.33012701892876972
 1.11977287562604899     14.58157854246856644
-12.31362935003572368     -0.72517208191623095
-13.09692823719677435     11.25833024919740133
-3.09692823719252974     -2.59807621135982325
-1.09692823719528487     -12.99038105677344390
-15.11977287561215633      7.80762041620639735
 5.11977287562534489     -2.73892953322071575
 7.11977287562593020     11.11747692733071524
 6.31362935003955972     -7.80762041623592307
-0.92591640120158691     -16.31362935004051451
-2.09692823719627164     -11.25833024920257053
-13.31362935003571479      1.00687872565266723
-5.09692823719276422      0.86602540377837400
-11.31362935003560821     -5.92132450462296678
15.31362935003932257      0.85263362163140377
 4.11977287562558647      2.45722288948605527
-6.88022712437398631     14.58157854246836926
-16.31362935003580716      6.20303114836009772
 4.11977287562548167     -1.00687872565175929
-12.31362935003564552     -11.11747692732987147
 2.09692823722178590     -11.13086870948541929
15.31362935004262837     -6.07556960866887952
 0.11977287562591982     12.84952773489964706
-13.31362935003608605     -2.45722288948491752
-12.11977287561524541      2.61146799349798542
-1.88022712437435602      5.92132450462370930
11.31362935003924086      4.31673523677343773
-11.31362935003556380     -9.38542611976090591
-14.31362935003572545     -11.11747692732958370
 3.11977287565419026     -16.31362935003609138
 8.31362935003956416     -7.80762041623702263
 5.43435377850848944     -9.60397073544166702
-11.09692823719693244      4.33012701891852192
13.11977287562643646     14.58157854246818275
-14.31362935003595638     -14.58157854246768537
-15.31362935003634895      1.00687872565289083
-12.26794007323130131     16.31362935004054293
11.11977287562615579     14.58157854246846874
 7.43435377852501400     -13.06807235058736261
-8.88022712437401474     14.58157854246859486
 4.11977287562593553     12.84952773489967548
-3.88022712437437844      5.92132450462377413
-2.88022712437444195      4.18927369705482722
11.31362935003923909      0.85263362163141421
15.31362935005373771     -2.61146799351505976
 2.11977287562582273      9.38542611976176211
 8.43435377851999668     -11.33602154301334330
12.11977287562609717     12.84952773489946942
 9.11977287562611849     14.58157854246836926
 5.11977287562607586     14.58157854246855401
16.31362935003955883      9.51288765947639803
 0.90307176280605883     -9.52627944163646490
 6.31362935003920711     -4.34351880107093535
-11.11977287561526317      0.87941718592909912
-1.88022712437452499      2.45722288948589362
-6.31362935003542702     -11.11747692733031556
-8.07408359880554549      9.51288765949300341
 8.11977287562600658     12.84952773489955113
-6.07408359880562543      6.04878604435520550
-2.09692823719590926     -7.79422863406476552
-15.31362935003685877     -16.31362935003691561
14.31362935003950732      9.51288765948001824
-14.29078471162907249     12.86291951703907266
 6.14261751404027923     -14.59497032459568722
 4.31362935003955883     -7.80762041620889224
15.31362935003955883      7.78083685190743246
-15.31362935003632586     -2.45722288948477008
15.31362935003998516     11.24493846704873512
12.87406905518020039     -11.19602459279711049
-8.11977287561533423     -4.31673523677757043
 6.11977287562569749      5.92132450462391535
 1.09692823722123367     -12.86291951705397807
-3.09692823719625920     -6.06217782649557169
13.11977287562602612     11.11747692733052162
16.31362935003966541     -7.80762041624233483
-16.31362935003578940     16.31362935003552295
-9.88022712437361506     16.31362935004018411
 4.11977287562567795      5.92132450462390025
10.31362935003920711     -4.34351880107550148
 5.11977287562564598      4.18927369705500130
 5.11977287562578187      7.65337531219288625
-10.09692823719496779      9.52627944162405882
-14.31362935003635428     -7.65337531219140388
-1.88022712437358819     16.31362935003787840
-0.88022712437415440     11.11747692733068682
-9.31362935003546610     -9.38542611976117769
-9.07408359880562188     11.24493846706183575
-9.09692823719491095      7.79422863405511634
-15.31362935003658698     -9.38542611976025398
-5.88022712437361239     16.31362935003757642
 3.11977287562563843      4.18927369705497377
12.11977287562653771     16.31362935003716075
 0.11977287562566281      5.92132450462387006
 2.11977287562526273     -4.47098034078977147
12.31362935003957304     -7.80762041621357472
15.31362935003940073      4.31673523676942494
14.31362935003920711     -4.34351880107559296
-11.07408359880269799     14.70904008220128034
 3.11977287562585603     11.11747692733070103
16.31362935003495096     -13.27172203137895679
 5.14261751403957401     -12.86291951702721725
