329    34.64000692435031681
-14.35203482758870130      2.48248953844455800
 8.12639539177907189     12.85590184703019823
 9.09680403521898562     -9.39180023190491120
-15.32450502346737409      7.65714281510778427
-12.19291886003521874     -0.79161915059965915
 8.09680403519989333     -14.58795265460089041
 5.12639539177641801     11.12385103945938880
 6.09680403522228875     -4.19564780919637048
-8.32000346215615139     16.32000346216846154
-7.32000346212372754     11.12385103947606346
-0.09680403516769685      6.07741470564230202
 4.12639539177360160      5.92769861675411747
 0.90319596483516007      7.80946551321159710
16.32000346216758402      6.04694094732593079
13.09680403523189796     -16.32000346217299125
-4.32000346209030006     16.32000346217438036
 3.09680403519943859     -16.32000346216932840
13.32000346216198139     -9.54151632079348744
-12.32000346216588405     12.85590184703225880
16.32000346216861431     -4.34536389808810863
-3.09680403518494973      4.34536389808606849
-0.87360460821957675     14.58795265460352830
 1.12639539178042347     14.58795265460263479
-8.09680403518203029      6.07741470566386255
12.32000346216517528      2.58283933218794326
 4.09680403520036407     -7.65974942432473771
-12.29041210560272823     -14.58795265460103785
14.32000346216515396      6.04694094732585175
 9.12639539177693138     11.12385103945968368
-7.09680403518536895      4.34536389809254597
16.32000346216812403      2.58283933218947004
 5.00000000004190959     -2.52321816690583711
 8.32000346216201336     -0.88126228294908160
 7.12639539177653791     11.12385103945947407
-9.32000346212538489      7.65974942433922923
-12.32000346214185882      5.92769861679085874
-8.09680403519351266     -0.85078852461267540
 2.12639539177299097      9.39180023189200597
-5.09680403518059144      7.80946551322771665
-0.99999999998560096     -12.91552301230321298
-11.32000346216552344     14.58795265460106272
-3.09680403519266179     -6.04694094732258769
15.32000346216756270     -6.07741470565694097
14.32000346216427822      9.51104256246335389
-12.30520778386051006     -11.13247800730972337
-5.29041210553715491     -16.32000346217414943
11.12639539178163517     14.58795265460054225
-1.09680403518612790     -2.58283933218859696
-5.19360807035373639     -12.91552301233291189
-9.09680403519067937      0.88126228295785514
11.32000346215948205     -6.07741470565717634
-11.29041210560130715     -16.32000346216914366
12.32000346216420894      6.04694094732552578
 8.09680403521895720     -7.65974942433605044
-3.09680403514559410     -16.32000346217515840
-5.09680403519058345      0.88126228295088982
-14.32000346220681486      9.39180023190093927
15.32000346217164477     -13.00561793592566850
-15.32001669984782311     11.12384339665679001
 9.09680403522017400     -5.92769861676764709
15.09680403523386438     -16.32000346217303743
-9.32000346212372932     11.12385103948705023
16.32000346216669229      9.51104256246288848
-11.30520778386369329     -9.40042719973885355
12.32000346216756803     -0.88126228295011777
10.22319942698323381      5.98731978204712600
 6.12639539178171955     16.32000346216963393
 8.22319942698036499      2.52321816691102851
 7.09680403522333236     -2.46359700162807060
 9.12639539178151260     14.58795265460024204
 1.09680403519943637     -16.32000346216936393
 1.90319596483489661      2.61331309050600158
14.32000346216834963     -4.34536389808749757
 3.12639539177583714     11.12385103946222031
-13.30520778386379277     -9.40042719974271002
-13.30520778387737657     -12.86452881486887989
-7.09680403520444703     -6.04694094732067988
14.32000346216168651     -7.80946551322380156
-16.32000346216937459     -11.14110497514386644
 3.12639539178108494     14.58795265460048896
 0.90319596482705566     -6.04694094731889997
 5.09680403520001679     -9.39180023189390134
-7.19360807036174421     -9.45142139719970231
11.12639539178974779     11.12385103946722609
 2.90319596483503606      0.88126228293720399
 9.09680403520032854     -16.32000346216968012
 6.09680403520257297     -7.65974942432633288
 4.00000000002506262     -4.25526897446498698
 5.09680403519906111     -12.85590184703133865
-7.09680403518059499      7.80946551323191329
-6.09680403519962955     -4.31489013975428382
15.32000346216649156      4.31489013975748126
 8.12639539177692605      9.39180023189066482
12.22319942698291939      9.45142139718507579
13.32000346216774744     -2.61331309051896143
 7.09680403521928493     -5.92769861676698273
10.09680403522002479     -7.65974942433660999
 5.09680403519944303     -16.32000346216953446
-4.09680403519897229     -4.31489013975730806
12.12639539178977088     12.85590184703636218
10.12639539178987569      9.39180023189821434
14.32000346216803877     -0.88126228294986131
15.32000346216907616     -2.61331309051881711
13.32000346216486264      4.31489013975702118
 2.09680403519833902     -14.58795265459963808
-4.09680403518038450      9.54151632079652323
 3.09680403519941372     -9.39180023189321389
-2.09680403518089742     -11.24309337002094011
-16.32000346216987197     -7.67700336000986017
13.12639539179040860     14.58795265460514656
 7.12639539178680348      4.19564780919297764
-5.09680403519668168     -2.58283933218701733
10.12639539178043080     12.85590184703072580
-3.09680403517110703     -12.97514417759547101
-8.19360807035822880     -7.71937058962878986
-13.29041210560580666     -16.32000346216827680
15.22319942698490536     14.64757381989056562
 0.12639539178169323     16.32000346217246545
-1.09680403517796732     -9.51104256245375446
 2.12639539177812509     12.85590184703241867
-2.09680403515640634     13.00561793592309634
 7.12639539177693404      7.65974942432176764
-16.32000346216350550     -14.58795265459864332
16.32000346217268216     -14.73766874349394840
-6.09680403518039693      9.54151632080067635
16.32000346217466102     16.32000346217494879
-4.09680403519551373     -7.77899175488982308
-4.09680403519320002     -11.24309337002872944
-11.32000346212540265      7.65974942435023554
-8.11027147197237852     -4.32272411047182903
-16.32000346217381903     -2.21290174489332658
-1.87360460821830777     16.32000346217331099
-6.32000346212228958     12.85590184704417283
15.32000346216526765      7.77899175489469652
-10.11206249155746129     -0.85968489431598427
 3.90319596484785469     -0.85078852462427346
-10.29041210558630759     -11.12385103946889409
-5.09680403519539915     -9.51104256245876734
-8.29041210555999442     -11.12385103947998388
-6.09680403518781056      2.61331309052179472
-14.32000346214941544     -7.67700336001755268
 2.90319596483084164     -2.58283933218332917
 4.12639539177878323     12.85590184702965466
 5.12639539177356784      7.65974942432311234
 7.12639539178126302     14.58795265460049251
-14.32001026627547269      5.92769476185034350
-11.09680403519068825      0.88126228296221920
 4.90319596484888542      0.88126228294401521
-2.09680403518764757      2.61331309051562855
-9.09680403519065450      4.34536389809996404
15.32000346216563713     11.24309337003145970
-14.30520778388067882     -11.13247800730189851
-16.32000346217314402     -4.21290174489338032
-2.09680403519243663     -7.77899175489138450
 4.12639539177318504      9.39180023189180879
14.32000346216599773      2.58283933218873019
-16.32000346217357389      0.12597943580301693
-15.67525280374637298      4.02919768319226090
-5.09680403518494973      4.34536389808903412
-9.32000346216260489     14.58795265460078738
 0.90319596481549780     -2.58283933218933015
 3.12639539177043790      7.65974942432142392
14.32000346216208087     -11.27356712836230734
-11.29027416636713177     -5.92778907118582232
 9.32000346216177711     -2.61331309051809679
13.32000346216430131      7.77899175489439987
-10.32000346216396736     16.32000346216911879
12.09680403522030190     -11.12385103947420362
-6.09680403520273284     -7.77899175489295303
 0.12639539177790107     12.85590184703275796
-14.31964179919651947     -4.19411940082692514
 0.09680403519689575     -14.58795265459855273
 9.32000346216105058      0.85078852462039334
 7.09680403519985248     -12.85590184703185201
-13.32000346216815778     14.58795265460006085
16.32000346216853615     -0.88126228294953290
-7.09680403519060210      0.88126228295452391
-11.29041210558520270     -12.85590184704091321
 8.09680403522268044     -4.19564780919732350
 1.90319596481791975     -0.85078852462184851
12.32000346216150710     -4.34536389808605250
-12.32000346216744724     16.32000346216896958
-5.32000346209962860     14.58795265460006085
-10.32000346213467168      5.92769861677547105
-6.09680403518202052      6.07741470565963127
 3.00000000002256817     -5.98731978203242310
16.32000346217008868     12.97514417759793304
-1.09680403516490177      7.80946551321280324
-1.99999999997499223     -14.64757381987821461
11.32000346216182329     -2.61331309051699101
-16.32000346214910280      9.39178490182366232
16.32000346216871378     -7.80946551322579996
-6.29041210555117658     -14.58795265461271740
-0.90319596480056352     -16.32000346217265019
 5.12639539178114045     14.58795265460019053
-1.09680403518932512     -6.04694094732430187
-6.09680403519350467     -0.85078852461630383
-4.09680403518201075      6.07741470565664432
 0.90319596481773290      0.88126228294692921
-10.32000346212400288      9.39180023191830493
-13.32001008578648538      7.65974560022320095
-14.30520778387984571     -14.59657962243634799
 7.22319942698159778      0.79116735934143956
11.09680403520538050     -16.32000346216950959
 6.12639539178713832      2.46359700162375406
-1.09680403518492153      4.34536389808315882
-4.09680403519350200     -0.85078852461992371
11.22319942698307926      7.71937058961609246
 5.09680403520293801     -5.92769861675724297
10.09680403520300196     -14.58795265460197754
-10.29041210558472308     -14.58795265460954838
-3.09680403519044889      0.88126228294720410
 6.12639539177398529      5.92769861675447451
-15.30520778388406988     -12.86452881486942168
-10.30520778384079961     -7.66837639218315203
13.32000346216194764     -6.07741470565468500
-16.32000346216922892     16.32000346216966236
-2.09680403518200276      6.07741470565372133
 1.00000000002116129     -9.45142139716936391
 7.09680403519944569     -16.32000346216955933
12.09680403522164838     -14.58795265461002266
 7.09680403520235004     -9.39180023189535973
-0.09680403518472142     -0.85078852462053167
12.12639539178280756     16.32000346216983999
11.32000346216424091      4.31489013975651670
-15.32000346217292197     14.58795265459849055
10.32000346216201869     -0.88126228294799558
-0.09680403518585065     -4.31489013975742886
-13.60072948714845431      0.62896848773432024
-0.09680403517489587     -7.77899175488665051
12.32000346215955844     -7.80946551322600957
 6.12639539177884718     12.85590184702975058
-9.29041210557136843     -16.32000346217076370
-3.09680403518058656      7.80946551322470928
-7.29041210557118369     -16.32000346217008868
 9.09680403520239977     -12.85590184703336192
-12.30520778386371994     -7.66837639216994482
-8.09680403518783898      2.61331309052509431
11.09680403521977077     -9.39180023190563418
 3.90319596483621822      2.61331309050557836
 8.12639539178974957      5.92769861676025833
 1.90319596482841935     -4.31489013975080837
-16.32000346216943143     12.85590184695325000
10.09680403521876180     -11.12385103947392828
 2.09680403519894165     -11.12385103946188991
 2.00000000002175637     -7.71937058960083089
 3.09680403519872538     -12.85590184703094252
-12.32000346218402242      9.39180023188531088
-10.09680403518786029      2.61331309052947036
-3.09680403519570469     -2.58283933219010864
 6.09680403519988801     -11.12385103946288822
 1.12639539177546455     11.12385103946242104
-0.09680403516215991      9.54151632078202105
-3.09680403519522907     -9.51104256245868029
14.12639539179267700     16.32000346217332876
 9.12639539178992010      7.65974942432921413
 4.09680403519920500     -11.12385103946231979
-13.32000346213179220      4.19564780921616087
-13.32000346217002651     11.12385103946228782
 9.22319942698318052      4.25526897447828034
16.32000346217262887     -11.27356712835532804
15.32000346216669229      0.85078852461988042
-7.32000346211800679     14.58795265462158852
-9.09680403522569492     -2.58283933216297434
 1.90319596483244768      6.07741470564115449
13.09680403522285452     -12.85590184704160954
13.32000346216629083      0.85078852461962495
15.32000346216198494     -9.54151632079259038
-10.19347013116907696     -4.25535942890574592
 1.09680403519691794     -12.85590184702966887
-7.29041210555141905     -12.85590184704394190
13.22319942698271866     11.18347220475406978
-4.09680403515640634     13.00561793592458848
-2.09680403519206138     -0.85078852462283583
 8.09680403520238201     -11.12385103946431109
-16.32000337581718341      5.92242380393699719
-5.09680403517883285     11.27356712836865427
-11.32000346213161990      4.19564780920455327
10.32000346216132591     -4.34536389808723467
-15.32000346215276032     -5.94495255245058729
-14.32000346216913300     12.85590184703168148
-1.09680403515964309     11.27356712835235086
-7.09680403522557501     -2.58283933220034889
-14.69753352234547528     -1.04346115454529920
10.32000346216416453      2.58283933218767903
 6.09680403519892167     -14.58795265460034152
 6.00000000004293366     -0.79116735933755167
14.09680403523295844     -14.58795265460467050
-5.09680403520189262     -6.04694094732452303
 2.12639539178170178     16.32000346217077436
-1.09680403519031411      0.88126228294516351
 6.12639539177648373      9.39180023189043212
-3.09680403515964331     11.27356712835363162
-4.19360807034041461     -14.64757381989409701
-11.22290708266596759     -2.54064092055140911
 0.00000000001939549     -11.18347220473722103
-8.32000346212235620     12.85590184705514361
-16.32000346217476050      2.12597943580301818
-8.29041210557418040     -14.58795265459981216
-15.32000346216058162     -16.32000346216603148
 5.12639539177402970      4.19564780918523983
-13.32000346215270170     -5.94495255244677079
-14.32000346216883813     16.32000346216858233
-2.09680403518953007     -4.31489013975551661
-8.32000346212395847      9.39180023190728441
-2.09680403516231362      9.54151632078319167
-6.32000346209031871     16.32000346217448694
 2.90319596483597975      4.34536389807431700
10.12639539178180392     16.32000346216951669
 8.12639539178175418     16.32000346216930708
-6.19360807035419558     -11.18347220476425008
-12.35105266593309992      2.44202280566632401
-15.32000346216628905     -9.40905416757676605
-12.31971111786309514     -4.21307056283096237
-9.29041210558273178     -12.85590184703574046
-3.09680403515501101     14.73766874349277956
11.32000346216560516      0.85078852461881327
-10.32000346216457132     12.85590184703255190
-0.09680403518750530      2.61331309051278460
-11.32000346216992526     11.12385103946072107
-4.09680403518776526      2.61331309051818472
 0.90319596482987619      4.34536389807200329
 4.09680403519872272     -14.58795265460002355
-9.20840374864369693     -5.99594674990358634
14.22319942698313611     12.91552301232271027
-9.29041210555634578     -9.39180023190899860
-13.28972289523230721     -2.46404879287924938
11.09680403521929826     -12.85590184704250127
 4.12639539178170267     16.32000346216950604
