332    34.79043777853778607
 6.12144160912766022      2.21346479193093959
-13.20688526025636911     -16.39521888925236581
-0.80676162095184634     -9.78653520840910573
 4.27086323628622111     11.39521888926701365
-7.85349241669561771     16.39521888926775972
-0.92528918642048585      8.39521888926691773
11.19906646656177607      7.39521888926684046
-16.39521888926836723     -4.78653520806858701
11.19906646656176008     11.39521888926702964
12.93111727413053913     14.39521888926720905
-7.73496485142526780     -11.78653520807116806
16.39521888926704563     -14.12774976386523207
11.19906646656172633      5.39521888926679605
-7.73496485142365131     -1.78653520806877997
 9.46701565899278208      4.39521888926679161
-11.19906646656143678      0.21346479193128501
-11.19906646656154692     -5.78653520806873267
-2.53881242871676527      5.21346479193106127
-0.83089534166201529     -16.38780400760635558
-0.92528918642041758     10.39521888926700655
-16.39521888926773485     13.21346479193162793
 4.27086323628618469      9.39521888926685911
 2.65733999398989873      4.21346479193097867
-12.93111727413042367     -2.78653520806870869
-6.12144160912677826     15.39521888926768689
-6.00291404385449923      7.21346479193126022
-14.66316808169938213     -7.78653520806868382
 6.00291404385508187     12.39521888926711668
 9.14218910051505063     -16.39521888926867632
-4.27086323628560827      6.21346479193112167
 4.38939080155877726      3.21346479193098000
-14.66316808169887409      8.21346479193149648
16.39521888926852000      0.39521888926670379
-0.80676162114793515      0.21346479193099829
 2.53881242871715651     14.39521888926739379
-7.73496485142350032      4.21346479193125134
12.93111727413021583     16.39521888926804039
-2.53881242871682655      3.21346479193101819
 0.92528918642102465      5.21346479193098755
16.39521888926799065     16.39521888926776327
 6.12144160912672852     -7.78653520807053479
 6.00291404385506322      8.39521888926685733
 0.92528918642083380     -4.78653520806906752
 2.65733999398973575     -3.78653520806910215
-6.12144160912697544     13.39521888926722859
-15.20688526025641352     -16.39521888926861948
 0.92528918635663004     -12.78653520874195060
11.19906646656168547      1.39521888926677695
 6.12144160912749680     -5.78653520806913413
-16.39521888926829973     -8.78653520806864918
-9.46701565899265951     -6.78653520806876198
11.19906646656088611     -10.96828930540555191
-9.46701565899973119     -10.78653520808083854
 7.73496485142390888     11.39521888926700299
16.39521888926840987      8.39521888926694793
11.19906646656171745      3.39521888926678095
13.04964483940329245     -1.78653520806912613
-9.46701565899256003     -0.78653520806875565
11.19906646656141547     15.39521888926784499
14.66316808169931640     -10.96828930540570646
 9.46701565899270570     14.39521888926747550
-12.93111727413047163     -6.78653520806872024
-16.39521888926834592     -10.78653520806865629
12.93111727413063861      6.39521888926681292
-2.65733999398926235     13.39521888926725168
12.93111727413061907     10.39521888926698878
-11.19906646656117033      6.21346479193139434
14.78169564697154925     -2.78653520807027411
-14.66316808169901442      4.21346479193148049
-10.21987587717505441     -14.63942524579884541
-6.01912626655687966     -14.78646949794808130
 2.65733999399027088     -7.78653520807020882
 0.80676162114839789     13.39521888926718240
 6.12144160912755009     -3.78653520806912969
 9.46701565899276964      2.39521888926676807
 2.65733999398988230      2.21346479193097823
-2.65733999398928411     11.39521888926704207
12.93111727413060130      0.39521888926680193
14.66316808169953312     11.39521888926699411
-12.93111727413045031     -4.78653520806871313
 2.14311378090715365     -14.37301031315250910
-12.93111727412990852     11.21346479193147516
 6.14218408701372010     -14.66310533859524234
-7.73496485142328005     10.21346479193143608
 7.73496485142390089      5.39521888926680582
11.14218910051968159     -16.39521888926450188
 7.85349241669650144     -2.78653520806910437
-7.73496485142381207     -7.78653520806881883
-7.20737093661642447     -16.39521888926889304
 8.14218910051368638     -14.66316808169776031
 4.38939080155860761     -4.78653520806915100
 4.14246214097432475     -14.42406063250625081
-9.46701565899241793      3.21346479193128332
 4.27086323628415343     -10.96828930540977076
-6.00291404385439620      9.21346479193126200
 0.16267630988947587     -14.65205766287877331
11.19906646656170501      9.39521888926692306
14.66316808169957930      1.39521888926679294
 9.46701565899110165     -9.96828930540711866
-7.73496485142357315      2.21346479193122558
11.20396384515053434     -12.96828330931730378
 0.92528918642099878      3.21346479193098444
 0.80676162114833994     15.39521888926756965
14.66316808169933239     15.39521888926735471
16.39521888926854132      4.39521888926682358
-16.39521888926817539     -0.78653520806853794
-16.39521888926783433      7.21346479193158707
 6.00291404385321492     -9.96828930540999103
-6.00291404385489002     -8.78653520806877175
-4.27086323628551501      8.21346479193117673
-14.66316808169874442     14.21346479193154444
11.19906646656170146     13.39521888926710602
 6.00291404385502236      6.39521888926680671
-6.00291404385473015     -0.78653520806877719
14.66316808169951358      9.39521888926695681
16.39521888926834947     12.39521888926712734
 9.58554322426550875      0.21346479193093665
-4.27086323628536846     -3.78653520806969679
-2.53881242871647128     -4.78653520806978516
-7.73496485142367263     -3.78653520806878552
16.39521888926804749     -7.96828930540552260
16.36091889215175144     -16.19976687896219758
-14.66316808169911745      2.21346479193144141
-11.19906646656155402     -3.78653520806873001
14.66316808169954911      5.39521888926682180
-11.31759403183334278     16.39521888926784499
 2.53881242871727597     12.39521888926718240
11.19906646656104421     -8.96828930540555191
 2.65733999398773379     -9.78653520807426780
 4.38939080155871331     -0.78653520806908683
14.66316808169951713      7.39521888926686888
-7.73496485142333601      8.21346479193135970
-11.19906646656124849      4.21346479193136325
-12.93111727413017675      3.21346479193139389
-16.39521888926825710     -2.78653520806855637
-16.39521888926836723     -12.78653520806865806
 7.73496485142363266     15.39521888926773130
-14.66316808169886698     10.21346479193149648
 4.38939080155860761     -6.78653520806920074
-9.46701565899250497      1.21346479193124690
12.93111727413018563     -5.96828930540555813
 0.92528918642096980      1.21346479193097156
-9.46701565899258668     -2.78653520806876021
 9.46701565899277853     12.39521888926711313
 0.92528918642092706     -0.78653520806903332
-4.27086323628576192     -1.78653520806896360
-14.66316808169896113      6.21346479193149648
-12.93111727413050893     -8.78653520806872024
-4.27086323623668029     -7.78653520815419320
11.31759403183432688     -2.78653520806908439
 7.73496485142391954     13.39521888926721083
-2.53881242871685497     -0.78653520806899535
11.31759403183438373     -0.78653520806907307
-7.73496485142364243      0.21346479193122048
 7.85349241669654763      1.21346479193095158
-16.39521888926787341      5.21346479193154799
14.66316808169958286      3.39521888926679294
-12.93111727412555823     -10.78653520807736754
16.39521888926829263     14.39521888926724813
-14.66316808169921160      0.21346479193139534
-6.00291404385469818      1.21346479193122136
14.66316808169904107     -6.96828930540569491
-11.19906646656606952     -11.78653520809559829
 6.00291404385500016      4.39521888926678539
-6.00291404385464133      3.21346479193122070
-14.40182584991447179     -14.55594370793397196
-0.80676162114794137      2.21346479193100087
-0.80676162114802175     -3.78653520806902177
-16.39521888926779880      9.21346479193159063
12.93111727413060663     12.39521888926709536
-4.38939080155802941     14.39521888926745419
-0.80676162114757144     -5.78653520806990240
-0.80676162114790828      4.21346479193100798
 2.65733999398983833      0.21346479193095635
-0.80676162114782746      6.21346479193103285
-16.39521888926772064     11.21346479193159063
-9.58554322426455840     15.39521888926766735
-7.73496485142374013     -5.78653520806879840
-14.78169564697114424     16.39521888926795512
14.66316808169910146     -4.96828930540561675
 1.16909091317324210     -16.39521888926789472
-4.00506307624044133     -14.55260718218788973
-2.83088159649733440     -16.39521888925079907
-4.27086323628574505      2.21346479193108925
12.93111727413015899     -7.96828930540569047
-9.46701565899272701     -8.78653520806878419
-11.19906646656103710     10.21346479193146273
 2.53881242871724355      6.39521888926682358
-2.53881242857711698     -8.78653520831135992
-12.93111727412989787     13.21346479193148049
12.97966499821817266     -12.04801953463405262
 7.14218910051505063     -16.39521888926742577
-11.20688526025636911     -16.39521888926444149
 0.92528918663138482     -10.78653520871270821
-14.66316808169937502     -3.78653520806864741
 4.38939080155874706      1.21346479193095136
-0.80676162107404981     -11.78653520850196124
 4.27086323628609943     13.39521888926728721
-7.85349241669579712     14.39521888926735649
-1.83730994494917943     -14.65947254450839310
-11.19906646656102112     12.21346479193147871
-6.00291404385476390     -2.78653520806877575
 4.27086323628591558     15.39521888926762649
-9.20712809843636393     -16.36405330328250329
-11.19906646656163574     -9.78653520806873622
14.71171580578382532     -13.04801953463974407
-2.53881242871667556      7.21346479193108436
-12.93111727413028156      1.21346479193135459
 7.85349241669649523     -0.78653520806910371
 9.46701565899286557     10.39521888926700477
13.04964483940258901     -3.78653520807021016
-4.27086323628540132     -5.78653520806971233
 6.00291404385470795     16.39521888926780946
-9.46701565899217812      9.21346479193142898
16.39521888926842408     10.39521888926697279
16.39521888926593363     -11.96828930541278346
 0.92528918642127767     -8.78653520807003297
 7.20443594174341406     -12.89664069351026399
-11.19906646656107796      8.21346479193143431
-11.19906646656147764     -1.78653520806871513
-14.66316808169493235     -9.78653520807644384
-0.80676162114797301     -1.78653520806901267
12.93111727413066170      4.39521888926680493
-16.39521888926805104      1.21346479193148404
-12.93111727413002043      7.21346479193144585
-4.27086323623132191     -11.78653520816368960
-9.46701565899223851      7.21346479193136858
-6.12144160912703761     11.39521888926719129
 7.73496485142394086      7.39521888926682358
 4.27086323628612607      5.39521888926680049
-2.53881242871683677      1.21346479193100953
13.14218910051970290     -16.39521888926271842
 6.12144160912760871      0.21346479193092141
-11.31759403183366430     14.39521888926724991
-9.46701565899260089     -4.78653520806876021
-6.00291404385482696     -6.78653520806877353
 0.80676162114842298      9.39521888926693904
 9.58554322426477867     -5.78653520807014399
-2.65733999398932053      9.39521888926702964
12.93111727413062262      2.39521888926680315
 0.92528918642133329     -6.78653520807000898
 4.27086323628615450      7.39521888926683069
-14.66316808169477248     -11.78653520807679378
 2.53881242871727419      8.39521888926685911
 7.73496485142298784     -10.96828930540844560
-6.00291404385494065     -10.78653520806877175
 7.73496485142144419     -8.96828930540841895
-12.93111727413036682     -0.78653520806870147
 9.58554322426541638     -3.78653520806907462
-6.00291404385500194     -12.78653520806876998
 9.46701565899284603      8.39521888926687510
-7.73496485142497825     -9.78653520807076482
 3.17460725389870380     -12.65951853348145661
 2.53881242871709478     16.39521888926782367
 9.58554322426545369     -1.78653520806906996
 2.65733999398971754     -5.78653520806913058
10.14218910051375744     -14.66316808169904462
-12.93111727413009149      5.21346479193142365
-9.46701565899232200      5.21346479193134549
-0.92528918642043900     16.39521888926783078
14.66316808169945496     13.39521888926717708
-11.19906646656134086      2.21346479193132106
-14.66316808169934838     -5.78653520806867849
-14.66316808169878527     12.21346479193149825
 6.12144160912758561     -1.78653520806912325
14.66316808169948338     -0.60478111073322049
-11.19906646656159133     -7.78653520806873267
 7.73496485142395773      9.39521888926688398
-2.53881242871645174     -6.78653520806991661
12.93111727412986767     -9.96828930540569935
 7.85349241669646503     -4.78653520806911104
 4.38939080155864758     -2.78653520806914035
 0.80676162114836680      7.39521888926686710
-12.93111727412995293      9.21346479193145207
-4.27086323628569264      4.21346479193109591
11.19906646656128579     -6.96828930540554214
-2.65733999398918730     15.39521888926758919
16.39521888926850579      2.39521888926674764
-8.18617893314583966     -14.53911352783047484
-2.53881242874025137     -12.78653520833356971
 2.65733999398980414     -1.78653520806906596
 2.53881242871733148     10.39521888926698878
 9.46701565899128283     -7.96828930540702451
 4.38939080155693961     -8.78653520807418431
 0.92528918642088587     -2.78653520806905419
-0.80676162114757266     -7.78653520806998412
 5.14218910051505063     -16.39521888926748616
 7.85349241669572429     -6.78653520807030919
 6.00291404385507299     10.39521888926692483
-12.93111727413492851     -12.78653520809610455
-4.38939080155811645     12.39521888926712201
-4.38939080155818218     10.39521888926707760
11.31759403183367318     -4.78653520807016086
-4.27086323623487640     -9.78653520815742262
-0.92528918642044589     12.39521888926712201
-9.46701565898894870     -12.78653520808134303
-9.46701565899213726     11.21346479193147871
12.65935471664124989     -14.44534646374278708
-14.66316808169931996     -1.78653520806861654
-7.73496485142340795      6.21346479193128776
12.93111727413062262      8.39521888926690529
16.39521888926843474      6.39521888926685911
 7.73496485142389734      3.39521888926680182
16.39521888926817539     -3.96828930540550040
-2.53881242856729772     -10.78653520832848578
 0.80676162114845174     11.39521888926706161
-16.39521888926852000     -14.78653520806868116
 6.00291404385485450     14.39521888926752879
-4.83088159649733484     -16.39521888926889304
-13.04964483940245756     15.39521888926757676
14.66316808169909258     -8.96828930540570290
16.39521888926810789     -9.96828930540554836
-9.58554322426477690     13.39521888926726056
-6.00291404385478522     -4.78653520806877442
-6.00291404385456406      5.21346479193122736
-16.39521888926830329     -6.78653520806862520
-7.85349241669590015     12.39521888926724458
14.61839353977791589     -15.04584108689805788
-0.92528918642042879     14.39521888926737603
-4.38939080155796457     16.39521888926784143
-16.39521888926758564     15.21346479193165635
 9.19931821294538388     -12.68941209189745578
16.39521888926776683     -1.60478111073435992
16.39521888926805104     -5.96828930540551728
 5.21110114178406558     -12.73349543531675465
-4.27086323628575038      0.21346479193104581
-2.53881242871689095     -2.78653520806899735
 9.46701565899284603      6.39521888926681825
-12.21980908404679944     -14.65577052199164498
-16.39521888926795867      3.21346479193153156
 3.15564000684412349     -16.16365313524668323
 9.46701565899245523     16.39521888926794446
