338    34.97460975999999988
-2.60300887565726624     13.51269512443825782
 2.61869213074429696      6.48780541799579513
-14.74130949202120888     12.48814378868134689
-4.32994679328918330     -15.49619662959135979
-16.48730487998981786      5.51269512000958262
 0.73380522177395380     15.70380787697376412
13.01128586562166056      4.48730487998974858
-4.33506006620459416     10.51269511998703088
 2.61869213074345986     -1.51219458200428414
-12.99531410406770604     -8.48730487999200811
-7.79916168135235033      6.51269512000266992
-16.48730487998987826      3.51269512000896533
-2.60300925854100873     -6.48730488018273643
-9.53121248892344042      7.51269512000801232
 9.54718425048249308     -5.51269512001020878
 6.08305619895554184     -13.51269808135555550
-4.33506006620851370     -11.48730488001326577
13.01128586562131595      0.48730487998955441
-14.74130949202959151     -7.51185621131870818
 0.87290814427386909     -14.48811140881178439
14.74929537280610603     15.49769740581800015
-14.74130949202707619      8.48814378868134156
 0.87295837500546969     -2.48811140944243681
 0.87295837498689133     -12.48811140944250653
16.48730487998954786      6.48730487999104444
-6.06711087378458203     -6.48730487999892702
-2.60300925854071297     -4.48730488018263607
14.74929537280658742     11.49769740581779587
11.27923467251468992     -14.51269512001669071
 0.87295837500566942     -0.48811140944243614
 2.61869213074232299     -9.51219458200459833
 2.61869251627748589     14.48780541799662913
-2.60300925854057130     -2.48730488018254725
-4.33506006620696294      0.51269511998701622
 7.81513344291573375     11.48730487999060479
 2.61869213074396834      4.48780541799579513
 9.54718425048385022      4.48730487999004968
-6.06711087378434666     -4.48730487999892702
-11.26326329648797397     12.51269512000497208
 2.61864190001326902     -13.51219458137458851
 2.61869213074650720     12.48780541799595412
 0.87295837500852858     11.51188859055756453
-11.26326329649680069     -5.48730487999504746
 7.81455876850114262     15.48830050185380536
-2.60300925854125031     -8.48730488018295937
 0.87295876054002230     13.51188859055752722
-2.60300925855679122     -12.48730488018719953
13.01128586562233380     10.48730487998983385
 2.61869213074307883     -5.51219458200452639
-6.06711087378526059     -10.48730487999892702
-7.79916168127817233     14.51269512000402706
11.27923503781468106     15.48730491504619877
 6.08308244256961217     -11.51269478614384312
-6.06711087376635394     11.51269512000108186
-16.48730487998471972     11.51269512001020168
16.48730487998915706      0.48730487999088373
 7.81513344291337031     -6.51269512000978423
-0.86479542702786838     14.50194433827602225
 7.81513305738055397     -12.51269512001035444
14.74929537280421421     -10.50230259418257006
-0.86479581256296767     -5.49805566172403193
-12.99531410406529375     13.51269512000800432
 4.32793858187201597     15.52630332284719827
 7.81513344291620715     13.48730487999072558
-11.26326329649287494     -15.48730487999863570
-9.53121248892549566     -0.48730487999204725
-16.48491799863205287     15.52504732430161738
-0.86479581256153260      6.50194433827598406
-12.99531410406286547      9.51269512000799722
-0.86479581258115612     -11.49805566172416960
 6.08308244258709063     -5.51269478614337238
 6.08308244258670783     -7.51269478614343189
 7.81513305737674635     -14.51269512001048589
-9.53121248892568218     -2.48730487999204763
-7.79916168135451127     -9.48730487999767291
 0.87295837500674922      7.51188859055756453
 4.35074293831346104      5.48780541799472932
 4.35074293829421688     -12.51219458200563395
 4.35074293831208525     -6.51219458200539680
-16.48730487998993510     13.51269512001025674
-4.33506006620812201     -9.48730488001323025
-6.06711087378395675     -0.48730487999892597
-11.26326329649447544      8.51269512000495432
-14.74130949202919361     -5.51185621131870818
 0.87295837500584950      1.51188859055756408
-0.86479581256333904     -7.49805566172403370
16.48730487998869521     -9.51269512000992101
 2.61869213074468954      8.48780541799579780
-7.79916168134877807     10.51269512000402351
-11.26326329649578462      2.51269512000495299
-14.74130949202767304      4.48814378868134067
-9.53121248892427886      5.51269512000795459
-9.53121248887527273     13.51269512005221074
 9.54718425048442043     10.48730487999025307
-9.53121248892030160      9.51269512000856388
 7.81513344291459955      1.48730487999036010
16.48730487999084104     -13.51269512000994943
-16.48730487999182515     -10.48730487999169370
13.01128586561769573     -7.51269512001464967
 0.87295837500530260     -4.48811140944244080
 9.54718413991997927     16.48730487999090499
 4.35074293831418313      9.48780541799473021
-16.48730487999201344     -12.48730487999169725
 2.61869213074333862     -3.51219458200435364
14.74929537280586089      3.49769740581758937
16.48730487998977878     16.48730487999117500
-9.53121248892664674     -10.48730487999206673
 4.35074293831291214     -0.51219458200528012
-16.48730487999079131     -2.48730487999151384
-4.33506006620781825     -7.48730488001311389
-12.99531410406827625     -12.48730487999200811
13.01128586561015688     -11.51269512002600592
-11.26326329649461933     14.51269512000497386
-1.10633945903154474     16.48730487999218397
-12.99531410405918663     11.51269512000800432
-4.33506006601506666     12.51269511998703265
 9.54718425048504393     14.48730487999079664
 4.35074332384524709     13.48780541799469290
-16.48730487999152317     -8.48730487999159067
-3.05845071854149930     16.05226277801297030
13.01128586561998368     -5.51269512001133943
16.48730487998862060     -11.51269512000992634
-4.33506006620645579      4.51269511998702733
 4.35074293831275138     -2.51219458200528045
14.74929537280640623     -14.50230259418265533
 6.63221638576565375     -16.12536624210096292
-12.99531410406643062      1.51269512000799122
-7.79916168135404320     -5.48730487999752548
-2.60300925854022847      1.51269511981752380
-7.79916168135318610      2.51269512000257045
-6.06711087378344427      3.51269512000107387
 0.87295837500456530     -8.48811140944245679
 2.61869213072572959     -11.51219458200478662
-14.74130949202813490      2.48814378868131802
-4.33506006620733508     -3.48730488001300332
 4.35074293831061620     -10.51219458200563217
 2.61869213074365526      0.48780541799571575
-7.79915671022181201     -15.48731349025237947
-8.97807601070107353     16.12829439082626592
-0.86484604329422454     -13.49805566109350430
16.48730487998896876     -5.51269512000960571
-11.26326329649799796     -13.48730487999504746
 7.81513344291444056     -0.51269512000963979
-7.79916168135485943     -11.48730487999770311
-12.99531410406601317      3.51269512000799056
 9.54718425048331554     -1.51269512001008422
-9.53121248892632700     -8.48730487999204897
 7.81513344291514489      7.48730487999037120
-4.33506006620556672      8.51269511998703088
-2.60300925853950016      7.51269511981784710
-14.68338772591492436     16.48730487999204897
14.74929537280617531      7.49769740581768040
 2.61869213074274310     -7.51219458200459300
 9.54718425048403319      6.48730487999005234
-11.26326329649704583     -7.48730487999504746
13.01128586561572398     -9.51269512001722362
-2.60303455416400409     -14.48734869183833851
-11.26326329649732649     -9.48730487999504746
 0.87295837500635542      5.51188859055756453
-7.79916168135281662      4.51269512000262374
-12.99531410406559395     -16.48730487999201344
-11.26326329649610791      0.51269512000495310
-9.53121248891130968     11.51269512001583273
-9.53121248892477091      3.51269512000795370
-0.86479581256186200      4.50194433827597695
-6.06711087378304370      5.51269512000107387
 6.08308244258568642     -9.51269478614371700
-6.06711087378567981     -12.48730487999892702
 0.87295837500415197     -10.48811140944246212
11.27923505805281934      5.48730487998988981
-4.33506006620605522      6.51269511998702733
11.27923505805300231      7.48730487998989513
 9.54718386494750604     -13.51269512001374018
14.74929537280518588     -4.50230259418245815
 9.54718425047919439     -9.51269512001376683
14.74929537280408454     -12.50230259418259493
-9.53121248892701445     -12.48730487999207917
-0.86479581256242788     -1.49805566172402949
13.01128586562195721      8.48730487998977345
-12.99531410406679832     -0.48730487999200883
-2.60300925854036702     -0.48730488018254564
-14.74130949202730001     -15.51185621131874193
 6.08308244258789443      0.48730521385678582
-14.74130949203013330     -11.51185621131870818
 2.79747011081658403     -15.77215472554373221
14.50482466836056972     -16.48730487999186778
 7.81513344291545220      9.48730487999041117
13.01128586562063916     -3.51269512001088646
16.48730487999016958     12.48730487999117322
 6.08308244258824615      6.48730521385713477
-12.99531410406553533      5.51269512000799367
11.27923505805155457     -4.51269512001052853
 9.54718425046349140     -11.51269512001377038
14.74929537280565484      1.49769740581758515
-16.48730487998929561     -16.48730487999201344
-12.99531410406697773     -2.48730487999200855
-0.86479581256374194     -9.49805566172403459
-4.33506006622561024     -13.48730488001420902
 6.08308244258799657      2.48730521385694603
-6.06711087378413438     -2.48730487999892702
 7.81513344289652512     -10.51269512001035622
 0.87295837500494156     -6.48811140944245057
-16.48730487999100447     -4.48730487999157912
 6.08192718193411697     16.48730487999053196
-12.99531410406718024     -4.48730487999200900
 7.81513344291238443     -8.51269512001013062
16.48730487998907179     -1.51269512000918560
 6.08308244258812181      4.48730521385704861
 9.54718425048353403      0.48730487998998595
-7.79916168135155985      8.51269512000284401
 4.35074293831240499     -4.51219458200528134
-12.99531410406863152     -14.48730487999200811
 0.87295837500602702      3.51188859055756408
-12.99531410406743959     -6.48730487999200811
-9.53121248892517237      1.51269512000795325
 6.08308244258894248     10.48730521385718006
10.59919386972533495     -16.48730487998854599
-14.74130949202466745     10.48814378868134156
 0.87295837500726525      9.51188859055756453
 7.81513344291497791      5.48730487999036143
-14.74130949202872998     -1.51185621131870818
16.48503518420359271     -15.57192328292078720
13.01128586562180978      6.48730487998977079
 4.35074293831310754      1.48780541799471977
-5.01056197805198789     16.48730487998983563
-7.79916168133358401     12.51269512000402706
-7.79916168135349341      0.51269512000254058
13.01128586562239597     12.48730487998993866
-14.74130949203032159     -13.51185621131870818
-14.74130949202985974     -9.51185621131870818
 4.35074293831378967      7.48780541799472932
-16.48730487999127092     -6.48730487999159067
14.74929537280463165     -8.50230259418255763
-14.74130949202893071     -3.51185621131870818
11.27923505805316218      9.48730487998991734
-12.81448888463401481     15.77511310732200833
-9.53121248892739992     -14.48730487999210048
14.74929537280497982     -6.50230259418248657
 9.54718425048369923      2.48730487998998617
 4.66523890180650458     -16.48730487999107908
 0.92970131982756821     -16.48730487999223726
13.01128586562230716     14.48730487999073091
 2.61869213074520513     10.48780541799580313
11.27923505805231663     -0.51269512001029671
11.27923505805349613     11.48730487998991734
11.27923505805195425     -2.51269512001049788
 6.08308244258931641     12.48730521385743408
11.27923505805251381      1.48730487998982031
16.48730487998971483     14.48730487999117500
14.74929537280616998     13.49769740581783317
 6.08308282811262480     14.48730521386993786
 8.59919386972532784     -16.48730487998827243
-16.48730487998780347      9.51269512001015372
-11.26326329649186953     10.51269512000496853
-0.86479581255937865     12.50194433827602758
11.27923505805365956     13.48730487999030991
16.48730487998965799      8.48730487999117145
13.01128586562096068     -1.51269512001070705
-0.86479581256204585      2.50194433827597429
14.74929537280539371     -2.50230259418244128
-0.86479581256064064     10.50194433827600449
13.01128567856460450     -13.51269544397082889
-0.86479581256222382      0.50194433827597296
 4.35074293831328696      3.48780541799472887
-2.60300925854011478      3.51269511981765170
-2.60300925854163134     -10.48730488018300910
 4.35074293831171044     -8.51219458200547052
-11.26326329649538138      4.51269512000495343
16.48730487998901495     -3.51269512000933615
-4.33506006620756512     -5.48730488001301442
-9.53121248892609252     -6.48730487999204808
-6.06711087378490976     -8.48730487999892702
16.48730487998884442     -7.51269512000980111
 6.08308244258747077     -3.51269478614331065
 7.81513344291479406      3.48730487999036010
11.27923505804642623     -10.51269512001664808
-2.60300925853979859      5.51269511981766858
-9.53121248890674977     -16.48730487999213423
-7.01056197805198789     16.48730487998911798
 2.61869213074379559      2.48780541799579202
 4.35069270758304594     -14.51219458137485496
11.27923505803068061     -12.51269512001670847
-6.06711087371099200     13.51269512000108186
11.27923505805088844     -6.51269512001106410
-12.99531410406807552     -10.48730487999200811
 6.08308244258776920     -1.51269478614327268
 2.57394990257121137     16.48730487999178962
 7.81513344291378331     -4.51269512000977713
-11.26326329649652891     -3.48730487999504746
 9.54718425048416641      8.48730487999012340
-14.74130949202722896      6.48814378868134067
-16.48730487999048933      1.51269512000896533
-9.53121248892586692     -4.48730487999204808
-0.86479581256260707     -3.49805566172403104
-7.79916168135526000     -13.48730487999771022
-14.74130949202698027     14.48814378868135577
-12.99531410406518894      7.51269512000799367
-14.74130949202853991      0.48814378868129177
 4.35074293831470182     11.48780541799473021
 9.54718425048481301     12.48730487999025485
-16.48730487999057459     -0.48730487999139166
-4.33506006620713524     -1.48730488001299443
-6.06711087379515135     -14.48730488001306327
13.01128586562145273      2.48730487998974148
-0.86479581256113336      8.50194433827600449
-6.06711087378376934      1.51269512000107431
-7.79916168135364973     -1.48730487999751282
16.48730487998922456      2.48730487999101735
 9.54718425048288388     -3.51269512001016349
-16.48730487999201344     -14.48730487999200101
-0.83004760529507482     -15.53689247079628188
14.74929537280604563      5.49769740581767863
12.55200926904321967     -16.05543451033239322
-11.26326329649631752     -1.48730487999504701
13.01128586562252565     16.48730487999133487
-4.33506006613399997     14.51269511998703265
-6.06711087378255431      7.51269512000107831
-2.60300925854028398      9.51269511982006755
11.27923505804857385     -8.51269512001422513
-7.79916168135425192     -7.48730487999755567
16.48730487998932048      4.48730487999102756
 9.54718425048167063     -7.51269512001078876
-16.48730487998991379      7.51269512000985973
14.74929537280662473      9.49769740581778699
-10.94559004334962538     16.48730487999206673
11.27923505805263638      3.48730487998988403
16.48730487999020511     10.48730487999117145
-6.06711087378158709      9.51269512000108186
14.74929537280560687     -0.50230259418244116
-11.26326329649489644      6.51269512000495432
-4.33506006620677997      2.51269511998702466
 6.08308244258856501      8.48730521385715164
-11.26326329649763913     -11.48730487999504746
-2.58979652276088013     -16.48730487998964378
-2.60300925854013787     11.51269511982165028
-7.79916168135382115     -3.48730487999752548
-6.06710091761069314     -16.48730487998828309
 7.81513344291412970     -2.51269512000965056
