339    34.98729252180000060
-4.33325025025573840     -6.49364626088016461
-11.25384134976380324     15.51900939222265308
-13.01505622153420383      0.49370077176903909
 0.78375552929778503     14.63236787022325203
-4.33325025025571176     -14.49364626088092400
 6.05682150574016198     13.51021934444463923
13.01505553179197072     -14.49364626088511265
 7.79776479937288602     -11.50527040840604087
-2.60119944268827386      4.50635373912009740
-13.00029002471831596     16.49364626088426178
-13.01505622153347375     -7.50629922823098639
-14.75435085934257273     -6.49364626088394381
-9.53655672456067371     -1.50614109236092930
16.49364626088457442     -2.49364626088457797
-2.60119944266827430     14.50635373920523818
13.01505553179220342      7.50635373911490511
-13.01505622153216457     -15.50629922823144291
 6.05905459515782763     -6.49364626088096575
-0.86914863511797580     -10.49364626088045327
-9.50739267473752925     16.49364626088416586
-6.06530105780095763     10.50635373916360571
14.75435089633755048     -13.50630050844047680
13.01505553179297969      3.50635373911490689
-2.60119944268693226     -3.49364626088014729
-11.27576158372514037     -0.49364626088395830
-2.60119944268682612     -5.49364626088022234
 9.53647500358740352     -2.49364626088513086
 7.73194573502904969     16.49364626088518193
14.75435089633877972      2.49369949155971815
 0.86290217245104750     -5.49364626088045505
-0.86914863511842910     -0.49364626088016317
-14.75435085934376467      5.50635373911611659
-2.60119944267427616     10.50635373914400184
16.49327170389999964     15.50720530833488198
13.01505553179147689     -16.49364626088514640
14.75435089633793773     -11.50630050844031693
11.27576526768893750     10.49370847637836057
-2.60119944267450887      8.50635373914398230
-4.33325025023190857     11.50635373916350801
-14.75435085934380020      3.50635373911606996
-4.33325025025670918     -0.49364626088000885
11.27576526768837439     -15.50629152362174779
13.01505553179335450      1.50635373911490755
-14.75435085934395829     13.50635373911613080
-13.01505622153472785      4.49370077176903848
-13.01505622153465680      6.49370077176903848
-16.49364626088110697     -5.50630057360557323
-6.06530105782585061      0.50635373912002746
-14.75435085934270418     -8.49364626088394381
-2.60119944268704328     -13.49364626088051011
-2.60119944268732262     -1.49364626088013486
-4.33325025025575705     -10.49364626088025965
-7.79735186535965319     13.50635373918087367
16.49364626088461705      1.50635373911546644
 4.32700378758788862     -15.49364626088174290
-11.27576158372335513     -14.49364626088403263
-0.86914863511824869     -14.49364626088065400
-13.01505622153342934     -5.50629922823097573
 6.05905459515763312     -10.49364626088129349
-11.27576158372515991     13.50635373911646120
11.27576526769023246     -5.50629152362164831
 4.32700378759158433     12.50635373917426563
 4.32700378757316706     10.50635373914445658
-4.33325025024343802      7.50635373914395831
-13.01505622153475450     14.49370077176922678
11.27576526769037635     -1.50629152362164853
-7.79735186539352654     -10.49364626088022412
 4.32700378758866400      0.50635373911972592
-16.49364626088188501      2.49369942639470521
-13.01505622153483799      8.49370077176903848
 4.32700378758893311     -5.49364626088077834
 6.05905459515683997     -14.49364626088184416
-0.86914863510858187     13.50635373918932380
-0.86914863511813412     -12.49364626088051899
-14.75435085934396184      7.50635373911612902
16.49364626088400598     11.50635373911587678
16.49364626088445007     -4.49364626088457886
11.27576526769033727      2.49370847637835213
-0.86914863511795526     -8.49364626088033781
-6.06530105782557083     -1.49364626088003583
-14.75435085934249813     -10.49364626088398822
13.01505553179330654     -4.49364626088509134
-6.06530105782602202      2.50635373912007742
13.01505553179304187     -8.49364626088509134
-14.75435085934169344     -16.49364626088400954
16.49364626088420493      3.50635373911547710
-7.79735186538117642      7.50635373914411197
 9.53647500358596112      9.50635373911487136
 0.86290217245096479     -9.49364626088056340
14.75435089633880636     -1.50630050844028185
14.75435089633756824     12.49369949155973281
 0.05187934257891368     16.49364626082647334
-2.60119944268684700     -9.49364626088031294
 0.86290217246326417     10.50635373915791781
-4.33325025022661503     13.50635373918697546
-6.06530105782512852     -3.49364626088007135
16.49364626088363295     -12.49364626088467212
 9.53647500358705180     -8.49364626088514107
 7.79776479937304412      6.49472959159395913
 0.86290217244889933     12.50635373916930959
 7.79776479937383460      2.49472959159395735
-0.86914863511825691     -16.49364626088144448
-9.53655672456000403     -7.50614109236113780
11.27576526768921283      8.49370847637836057
 2.59495298001849584      7.50635373911985937
-7.79735186539480374      1.50635373911989645
 4.32700378758745607      6.50635373911998283
-4.33325025025546751     -16.49364626088158658
 7.79776479937122335     -15.50527040840634108
13.01505553179285535     -10.49364626088511265
13.01505553179248764     -12.49364626088511265
 7.79776479937241351     12.49472959159397512
-4.33325025025694011      1.50635373912000170
-14.75435085934212154     -12.49364626088399888
-9.53655672456117642     10.49385890763909579
14.75435089633761443      8.49369949155973281
-9.53655672456094194      0.49385890763907031
14.75435089633873353     -3.50630050844028185
11.27576526768956455      6.49370847637835613
-7.79735186539435521     -2.49364626088019659
-2.60119944268806957      2.50635373912001302
-16.49364626088118513     -13.50630057360659109
-9.53655672456025805     -3.50614109236092908
-11.27576158372386139     -12.49364626088403085
-2.60119944268690295     -15.49364626088104302
-4.33325025025622779     -2.49364626088008956
-7.79735186539306646     -14.49364626088122598
-9.53655672456141623      4.49385890763907003
 0.86290217245105150     -3.49364626088042041
 6.05905459515652378      5.50635373912012671
-13.01505622153467279     10.49370077176903848
 4.32700378758882920     -3.49364626088049990
-9.53655672456119774      2.49385890763907003
 9.53647500358504630     -16.49364626088518548
-9.53655672455899683     -13.50614109236123461
-0.86914863511941154      7.50635373912009296
 7.79776479937386480     -1.50527040840604176
13.01505553178461660     13.50635373911506854
16.49364626087952601     13.50635373912027681
-16.49364626088143027     -1.50630057360529923
16.49364626088420493     -8.49364626088458863
 9.53647500358643185     -12.49364626088515173
-6.06530105782464890     -11.49364626088023478
 7.79776479936409572     14.49472959159401952
 0.86290217245051537      0.50635373911972037
 4.32700378758778115      4.50635373911989312
-11.27576158372423620     -10.49364626088402908
16.49364626088437191     -6.49364626088458685
11.27576526768112153     14.49370847637838722
-6.06530105782428208     -15.49364626088147290
-14.73967672309468036     15.50646141752940821
 7.79776479937242684     10.49472959159397512
-2.60119944268777115      0.50635373911988568
 6.05905459515781786     -4.49364626088079167
-4.33325025025720834      5.50635373912016313
11.27576526769031950     -3.50629152362164831
-16.49364626088212304     12.49369942639484776
 2.59495298001996444     -4.49364626088052255
13.01505553179322128     -6.49364626088509134
-7.79735186539355496     -6.49364626088019659
12.99987457712627226     15.50733912364837508
16.49364626088307162     -16.49364626088467745
-7.67379861722182532     15.69493928567513841
 4.00758426883859542     16.49364626087449182
14.75435089633741903     10.49369949155973281
14.75435089633045926     14.49369949155973103
 9.53647500358624178      7.50635373911486958
 4.32700378758852633     -11.49364626088089736
-11.27576158372435344     -6.49364626088401842
 2.59495298001898922      3.50635373911967774
-16.49364626088173580      0.49369942639470077
-16.49364626088093289     -15.50630057360672254
-7.79735186539494940      3.50635373912004678
-4.33325025025581212     -12.49364626088031116
14.75435089633840136      4.49369949155971771
-0.86914863510190288      9.50635373915005388
 2.59495298001993113     -2.49364626088042352
 9.53647500357768863     13.50635373911490511
-2.60119944268692249     -11.49364626088033248
 7.79776479937353173     -7.50527040840604087
-16.49364626088219055     10.49369942639484066
-7.79735186536239055     11.50635373917659976
-2.60119944266692293     12.50635373917105220
-16.49364626088213015      6.49369942639476161
-11.27576158372553294      5.50635373911605797
-9.53655672455995784     -9.50614109236114935
-13.01505622153334230     -9.50629922823107698
-7.79735186539393332     -4.49364626088019659
 9.53647500358657574      5.50635373911487047
 0.86290217244979150      4.50635373911982828
-7.79735186539267477     -16.49364626088256358
 2.02973180571235412     16.19683043564698011
 0.86290217245065681     -13.49364626088070196
 9.49596788296147487     15.55118890782959618
-7.79735186539461100     -0.49364626088017638
-6.06530105782461604     -7.49364626088016372
-11.27576158372486148     -2.49364626088396735
-14.75435085934355861      1.50635373911606330
-6.06530105782447304     -13.49364626088070729
-13.01505622153446495      2.49370077176903893
 7.79776479937372002     -5.50527040840604176
11.27576526768902454     12.49370847637838722
 2.59495298001932673     -14.49364626088112651
-4.33325025025582278     -4.49364626088013885
 6.05905459514273126     11.50635373914326642
-13.01505622153265485     -13.50629922823121376
13.01505553179337937     -0.49364626088509206
-14.75435085934250168     -4.49364626088394381
 2.59495298001434982      9.50635373912703052
-6.06530105779462847     14.50635373918857063
-6.06530105782608686      4.50635373912015247
-11.27576158372540327      1.50635373911605286
-16.49364626088139119     -7.50630057360577130
-14.75435085934306301     -2.49364626088394026
-2.60119944268680969     -7.49364626088028007
14.75435089633713304     -15.50630050844065266
 0.86290217244958345      8.50635373911990378
16.49364626088333452     -14.49364626088467389
11.27576526769005127     -7.50629152362165009
 2.59495298001944397      1.50635373911963155
-11.27576158372565018      3.50635373911605397
 2.59495298001897856     -16.49364626088168606
-14.75435085934362256     11.50635373911612902
-4.33325025025715949      3.50635373912011072
 0.86290217244959433      6.50635373911990111
 2.59495298002172836     11.50635373917596027
-6.06530105781225970      8.50635373914408888
-0.86914863511801455     -2.49364626088021391
-14.75435085934332591     -0.49364626088393698
 9.53647500358734490     -4.49364626088513308
 6.05905459515224276      7.50635373912706783
-0.86914863511790463     -6.49364626088032626
 0.86290217245091905     -1.49364626088030539
-0.86914863511789842     -4.49364626088029784
11.25999003068871218     16.49364626088518548
14.73975912244479680     16.49364626088507180
 2.59495298001984498     -0.49364626088037666
14.75435089633880104      0.49369949155971815
-9.53655672456007864     -5.50614109236104721
-9.53655672456100412     12.49385890763912244
-13.01505622153452713     12.49370077176907756
 7.79776479937380973     -3.50527040840604132
 0.86290217245081691     -11.49364626088064512
11.27576526769039056      0.49370847637835225
 6.05905459515692346      3.50635373912010984
14.75435089633847241     -7.50630050844028496
-6.06530105782470130     -5.49364626088013619
 6.05905459514296751      9.50635373914287740
11.27576526768945797     -11.50629152362171226
-11.27576158372564485      7.50635373911608106
-16.49364626088114960     -11.50630057360624470
 4.32700378758823323      2.50635373911978432
 6.05905459515737732      1.50635373912001125
-9.53655672456073944     14.49385890763917395
14.75435089633865005     -5.50630050844028229
 6.05905459515616318     -16.49364626088279451
-13.01505622153396402     -1.50629922823096085
-0.86914863511938978      5.50635373912008586
 4.32700378758890025     -7.49364626088087782
-11.27576158372435522     -8.49364626088401842
 7.79776479937223765     -13.50527040840604620
 2.59495298001960162     -12.49364626088081565
 2.59495298001999775     -6.49364626088067887
-16.49364626088111052     -3.50630057360538405
-4.33325025025570287     -8.49364626088025254
-13.01505622153343822     -3.50629922823096063
-7.79735186536991431      9.50635373916358617
-16.49364626088224739     14.49369942639496678
-7.79735186539334624     -12.49364626088065933
 9.53647500358687950     -10.49364626088515173
 0.86290217245005763      2.50635373911976389
-9.53655672456142156      8.49385890763907092
-14.75435085934392276      9.50635373911612902
-6.06530105781233608      6.50635373914397963
16.49364626088452823     -0.49364626088457420
13.01505553179196184      9.50635373911490511
 7.79776479937388789      0.49472959159395791
-16.49364626088127395     -9.50630057360596759
 9.53647500358579947     -14.49364626088518193
 6.05905459515718992     -12.49364626088131125
-11.27576158372535531     11.50635373911620540
 4.32700378758878390     -1.49364626088038066
-0.86914863511918461      3.50635373911999926
-4.33325025024331723      9.50635373914411019
 7.79776479937333811     -9.50527040840604087
16.49364626088418362     -10.49364626088459573
11.27576526768986298     -9.50629152362165009
16.49364626088349084      7.50635373911572401
14.75435089633830010     -9.50630050844030627
 5.86976500193589068     15.76406904269862785
13.01505553179337404     -2.49364626088509178
 9.53647500358736622      1.50635373911487003
16.49364626088387098      5.50635373911550108
 9.53647500358600375     11.50635373911490511
 9.53647500358741951     -0.49364626088513008
-16.47906342105837396     16.49364626088414809
-7.79735186538129366      5.50635373914391124
-0.86914863510950857     11.50635373915117476
-6.06530105779171080     12.50635373917924120
 4.32700378758825810     -13.49364626088121888
-16.49364626088209107      4.49369942639474562
-3.89416260856522722     16.03221292393829600
 9.53647500358725608     -6.49364626088513308
 7.79776479937271016      8.49472959159396979
 4.32700378758871107     -9.49364626088087959
 7.79776479937347400      4.49472959159395824
 6.05905459515765443     -2.49364626088040975
-11.27576158372546367      9.50635373911615744
-5.84020455969902219     16.49364626086513042
 4.31475443764617417     14.50631622717905600
-0.86914863511889973      1.50635373911989623
14.75435089633805674      6.49369949155971771
-11.27576158372442094     -4.49364626088401842
 6.05905459515764999     -0.49364626088036040
-7.79735186539347502     -8.49364626088019747
 0.86290217245100398     -7.49364626088047903
13.01505553179210395     11.50635373911499038
-9.53655672456132031      6.49385890763907003
-11.27576158372268900     -16.49364626088434349
-1.94812065742108920     16.49364626082146046
-9.53655672455811931     -15.50614109236159521
 0.86290217245040224     -15.49364626088104835
-2.60119944268830050      6.50635373912011161
 9.53647500358700562      3.50635373911487092
 6.05905459515778677     -8.49364626088122421
 2.59495298001974461     -10.49364626088073216
11.27576526768998555      4.49370847637835347
-14.75435085934201318     -14.49364626088399888
-16.49364626088225805      8.49369942639483178
 2.59495298001990848     -8.49364626088067887
11.27576526768883447     -13.50629152362171581
 2.59495298001869301      5.50635373911978565
16.49364626088364005      9.50635373911586790
-6.06530105782460982     -9.49364626088021701
13.01505553179263686      5.50635373911490600
-9.53655672455956349     -11.50614109236120619
 4.32700378758324433      8.50635373912701276
-13.01505622153294972     -11.50629922823109652
 2.51580633685518196     13.63236787020336571
