345    35.55786190429999749
-12.66593277653228178      1.11287592325378992
-4.65457529916194979     -7.77893095214398933
-4.08814360471569316     12.24559042311967794
-2.27362793111814820      1.11287592325359541
-13.22168808521554695     13.03410887031419385
-15.04688014457568990     -5.77893095214434993
-15.04688014457588352     -15.77893095214437125
-0.54157712355005705     10.11287592325359874
-11.48963727764613374     12.03410887031511400
 9.85072772186866708     10.11287592325169449
-7.46978035382623951     10.11287592325494167
-2.92252449159397765     -12.77893095214611741
 9.85072772186808621      2.11287592325147688
13.31482933700624116      4.11287592325157902
 8.98842149707973626     14.91386019878651759
-9.85072772186983947     -16.77893095214600905
 1.19047368402293241     -2.88712407675044913
-4.00567873868849578     10.11287592325476226
 1.19047368402200804      7.11287592324954954
-4.00567873868756408      0.11287592325452168
 6.38662610673021547     -1.88712407674887439
13.31482933700644367      8.11287592325169982
-2.27362793111718720     -4.88712407674640303
 2.92252449159153027      2.11287592324969964
-6.38662610673045616     -4.77893095214397778
-0.54157712354898269      0.11287592325349047
-14.95375356007060041     10.03408346539974261
 1.19047368402317488     13.11287592324954865
-2.27362793111793238     -0.88712407674640403
-1.19047368402404219     -7.77893095214438191
 1.19047368402213727      5.11287592324954954
-9.34691780628012836     14.99149264683294724
-7.46978035382587002      4.11287592325433948
 9.85072772186830470      6.11287592325148221
-4.65457529916222601     -9.77893095214426289
-11.28977241219025629     14.51681804218908134
 4.00567873868285673     -16.77893095214646380
 7.46978035382072836     -14.77893095214579233
 0.54157712354360954     -8.77893095214652242
 6.38662610673031672      8.11287592325119178
 5.73772954625151854     -11.77893095214599128
-5.73772954625724463      7.11287592325451001
11.94041702241950098     16.77893095214530561
 4.65457529916241697     -6.88712407675016447
 2.27362793111342754     -13.77893095214690078
 1.77311397052992503     16.77893095214646380
15.04688014457555134      9.11287592325141738
16.77893095214538022     -11.88712407674866789
-2.27362793111894979      9.11287592325359341
11.58277852943761133      7.11287592325158169
16.45150919486458108     16.75352994273303509
 8.11867691429915972      3.11287592325140094
-16.77893095214533048     -0.77893095214405239
 4.65457529916084489     -2.88712407675016580
 8.11867691430043159     -6.88712407674943794
-5.73772954625622500     -2.88712407674554417
-4.00567873868798685      4.11287592325454288
-15.04688014457574496     -7.77893095214435348
 4.65457529916036705      7.11287592324983020
 2.27362793111353678     -15.77893095214701269
15.04688014457661005     -14.88712407674896987
-12.66593277653297811      9.11287592325380302
14.39798358409646717     -16.77893095214551877
15.04688014457575740     -4.88712407674866345
13.31482933700648630      6.11287592325157902
-16.77893095214507113     10.85184106240529900
 4.65457529916109092     11.11287592324982754
-4.00567873868847979      8.11287592325471252
-8.24757770476714924     16.66225634682329471
-6.38662610673182840     -16.77893095214598418
-9.20183116139468105      3.11287592325422402
-2.27362793111835737      3.11287592325359475
-10.93388196896345654      2.11287592325404372
15.04688014457556910     11.11287592325141738
-5.73772954625640708     -0.88712407674553995
16.77893095214517061     -9.88712407674866611
 0.54157712354429599     -14.77893095214661479
-16.77893095214517416     -2.77893095214405994
-9.75758647007727475     13.03410887031514953
 9.20183116138972323     -15.77893095214559338
 4.65457529916034130      9.11287592324982931
11.58277852943760600     -4.88712407674842986
 4.65457529916263191     -8.88712407675016358
-14.95375356007157741     14.03408346539988472
-9.85072772186864221     -4.77893095214409236
16.77893095214440322     -1.88712407674866078
15.04688014457548739     -2.88712407674863902
-16.77893095214472652     -12.77893095214431618
13.18873992110568238     14.33567029087385336
-16.77893095214469454     -8.77893095214425756
-5.30330051939316949     15.01771083180578437
-2.27362793111894224     11.11287592325359341
-13.31482933700723770     -0.77893095214437602
-6.38662610673094644     -8.77893095214398933
-4.25098384609859981     16.77893095214574259
-2.92252449159389771     -14.77893095214612451
 9.85072772186943801     -7.88712407674921412
-4.00567873868735180     -1.88712407674553639
-0.54157712354871401     -1.88712407674653004
-4.00567873868827817      6.11287592325462459
 8.11867691429925564     -2.88712407674866656
-10.93388196896381892      4.11287592325411033
 6.38662610673159303     -7.88712407674964666
11.58277852943710862      3.11287592325157236
-9.20183116139547508     11.11287592325432172
11.58277852943703223      1.11287592325157192
11.58277852943858832     -10.88712407674903027
-6.25098384609859981     16.77893095214523456
 6.38662610673015774      4.11287592325118734
-11.58277852943902708     -15.77893095214609964
 4.65457529916057489     -0.88712407675016647
-11.58277852943786534     -1.77893095214423402
11.58277852943706066     -0.88712407674842964
13.31482933700673499     -5.88712407674842186
15.04688014457620326     -8.88712407674867855
-16.23135143767513000      6.92826193080559882
 2.27362793111346884     -11.77893095214677643
-2.92252449159328442     -8.77893095214435704
 0.54157712354416243     -10.77893095214652597
 9.85072772186817858      4.11287592325148132
16.77893095214429309      6.11287592325134010
-10.93388196896430387     10.11287592325422757
13.31482933700595694      0.11287592325157948
 6.38662610673018438      2.11287592325118467
-13.22171742016077189     15.03410887009905927
 2.92252449159214223     12.11287592324970497
 1.19047368402187703      9.11287592324954865
-8.11867691429972815     -5.77893095214403107
-6.38662610673224318     -12.77893095214597707
 2.92252449159345895     -5.88712407675030036
-2.27362793111855854      5.11287592325359430
15.04688014457695111     15.11287592325143159
 9.85072772186879320     -5.88712407674854532
-13.31482933700688953     -10.77893095214440145
-2.26609896554079038     16.53350884447610269
13.31482933700625892     -1.88712407674842031
 0.74594994277341431     15.06284993422131357
-9.85072772186877010     -2.77893095214409236
-0.28121408498307182     16.77893095214647801
15.04688014457545897      7.11287592325141738
13.31482933700599425      2.11287592325157947
-0.54157712354809584     -5.88712407674654958
-2.27362793111879880      7.11287592325359430
 4.65457529916034307      5.11287592324983109
11.58277852943786712     -6.88712407674843785
13.31482933700696414     -7.88712407674844496
16.77893095214485797     12.11287592325134455
-9.20183116139513224      9.11287592325431461
-11.58277852943776587     -5.77893095214425845
16.77893095214445296      8.11287592325134099
-7.81587227699371301     12.55479061239114813
-10.93388196896390951      8.11287592325412987
 9.85072772186812884     -1.88712407674852356
-13.31482933700685400     -8.77893095214440145
-6.38662610673191722     -14.77893095214597885
13.31482933700741711     -9.88712407674883842
 2.92252449159200633     -3.88712407675030036
 3.77311397052992481     16.77893095214646380
-13.31482933700682025     -6.77893095214439789
 5.95288940981899284     16.77893095214646380
 4.65457529916052604      1.11287592324983287
-9.20183116139445900      1.11287592325422358
-0.54157712354821963     -3.88712407674654958
-5.73772954625706966      5.11287592325447360
 8.11867691429975302     -4.88712407674867411
-5.89355855675244378     13.10679601179606202
-15.04688014457620859      0.22106904785565526
 6.38662610673062314     12.11287592325119533
13.31482933700621807     10.11287592325199469
-11.58277852943791864     -11.77893095214430730
12.66593277652757799     -15.77893095214553654
-2.27362793111770234     -2.88712407674640348
 0.54157712354415888     -16.77893095214675867
-0.54157712354941656      4.11287592325353035
-4.65457529916329893     -11.77893095214609254
 2.87787905080080897     14.85530020723203393
 8.11867691429971394     11.11287592325156481
-1.19047368402546261     -9.77893095214618491
-7.46978035382614980      8.11287592325446738
10.98551670575986172     15.02161328443553678
-15.04688014457579825     -9.77893095214435348
10.93388196895858577     -14.77893095214547614
 6.38662610673019948      0.11287592325118401
16.77893095214393071      2.11287592325133922
-6.38662610673113296     -10.77893095214425934
 8.11867691430080107     -10.88712407674944771
-8.11867691430009231     -11.77893095214419539
 6.38662610673075726     10.11287592325119533
-11.58277852943800923     -13.77893095214435526
-0.54157712354921617      2.11287592325350859
-9.85072772187005974     -14.77893095214597885
-1.23893493778430486     14.81742782655092938
 9.94041702241950098     16.77893095214500363
-9.85072772186892642     -10.77893095214411723
 9.85072772186981460     -11.88712407674921501
-14.39799825138763190      8.11285051833924697
-7.29492238511639357     14.82475932311214528
10.93388196895866571     -16.77893095214552588
 1.19047368402184284     11.11287592324954865
 2.92252449159134509      8.11287592324970497
-16.77893095214482955     -4.77893095214406038
15.04688014457597589     -6.88712407674867766
 1.19047368402237841      1.11287592324955042
-16.77893095199036821      5.00468279921169312
 9.85072772186811463      0.11287592325147677
-10.24417156343572621     16.77893095214477270
-0.54157712354963572      6.11287592325354545
16.77893095214463415     -3.88712407674866078
 8.11867691430058969     -8.88712407674944060
-2.92252449159288474     -6.77893095214431440
-7.46978035382543659      0.11287592325433903
-14.39798358442017090      4.11287592325389273
-3.31223055096122332     14.82892423056404141
 4.65457529916095591     13.11287592324982754
 9.85072772186959966     -9.88712407674921501
 8.11867691429980454      9.11287592325149021
 2.92252449159142147      4.11287592324970053
-16.77893095214480468     -14.77893095214431973
-4.65457529916292678     -13.77893095214611030
 7.46978035382092553     -16.77893095214579233
-0.54265439799685600     12.11473950061060378
-16.24383791643597874     16.77893095214535535
 5.73772954625184717     -15.77893095214602859
-8.11867691429985072     -7.77893095214403374
-10.93388196896381892      6.11287592325411833
 2.92252449159173588     -1.88712407675030036
-9.20183116139493862      7.11287592325429241
-12.66593277684963148      5.11287592325378970
 4.65457529916040880      3.11287592324983198
 1.19047368402303277     -4.88712407675044869
16.77893095214484376     -5.88712407674866078
-10.93388196896323272      0.11287592325404312
15.04688014457635781     -10.88712407674878335
 1.19047368402466458     -6.88712407675044869
-9.85072772186879320     -8.77893095214409236
-5.73772954625738230      9.11287592325475515
-11.58277852943760422     -3.77893095214423536
 9.85072772186869194      8.11287592325150797
-2.92252449159394700     -16.77893095214612629
-16.13003439226848457      3.11287592355428977
 6.38662610673021902      6.11287592325118823
-16.77893095214571417     14.85184106240616586
-1.19047368402497633     -11.77893095214620267
 4.00567873868257074     -14.77893095214646380
13.31482933700754501     -11.88712407674889526
-0.54157712354989673      8.11287592325358098
 1.19047368402255560     -0.88712407675044935
-4.00567873868713065     -3.88712407674553750
 7.94665321611918785     16.62111496852198655
 7.46978035382053385     -12.77893095214579233
-13.31482933700800864     -16.77893095214611563
11.58277852943737329     -2.88712407674842986
-5.73772954625682452      3.11287592325446338
-12.66593277653291949      7.11287592325378970
 4.00567873868223590     -10.77893095214646380
-4.65457529916155544     -5.77893095214393870
 9.85072772186855161     -3.88712407674853377
-8.11867691429993421     -9.77893095214412789
-2.28506652320474402     13.11284321263887165
-9.85072772186878787     -6.77893095214409236
-14.40511900419553903      6.11286319465954708
-12.66593277653252159      3.11287592325378970
-5.73772954625661935      1.11287592325446005
15.04688014457647682     -12.88712407674885618
 1.19047368402227738      3.11287592324954998
-9.20183116139483737      5.11287592325422491
 6.38662610673180886     -9.88712407674964666
16.77838306361343612     -16.45141320510130356
11.58277852943877306     -12.88712407674909599
 8.11867691429916505     -0.88712407674866289
-9.85072772186898682     -12.77893095214423447
 9.20183116138958823     -13.77893095214557384
-1.19047368402498965     -15.77893095214620622
-5.73772954625731568     11.11287592325486528
15.04688014457525114      5.11287592325138540
-13.31482933700696236     -14.77893095214442809
-6.38662610673082121     -6.77893095214397956
 2.92252449159158534      0.11287592324969954
15.04688014457497047      1.11287592325138407
 6.38662610673045528     -3.88712407674898186
-12.24417156343572621     16.77893095214630748
16.77893095214475494     10.11287592325134277
-14.24400473993582850     16.75309945645691911
11.58277852943734487     11.11287592325204443
-14.39798358410145873      2.11287592325389184
-8.11867691429957539     -3.77893095214403107
 4.86300169017445860     15.10198588489827465
-1.19047368402495857     -13.77893095214620267
-16.77893095198662721      8.85184106240029145
13.94041702241950453     16.77893095214621511
-8.11867691430113148     -13.77893095214600372
16.77893095214410124      4.11287592325133922
-4.00567873868777635      2.11287592325452245
-11.58277852943791153     -9.77893095214430197
-14.95375356007087575     12.03408346539984208
 2.92252449159359751     -7.88712407675038651
15.04688014457505574      3.11287592325138540
-16.77893095214486507     -16.77893095214450625
 2.92252449159137662     10.11287592324970497
11.58277852943724007      5.11287592325157547
 0.54157712354439913     -12.77893095214661479
16.77893095214547259     -13.88712407674868743
-15.04688014457558332     -3.77893095214434549
-15.04688014457580003     -11.77893095214435881
-15.04688014457585687     -13.77893095214436059
-15.04688014457613221     -1.77893095214434549
-13.31482933700694993     -12.77893095214441033
16.77893095214418295      0.11287592325133912
 4.00567873868254321     -12.77893095214646380
 8.11867691429940130      7.11287592325148132
-16.77893095214468744     -6.77893095214417052
13.31482933700626248     12.11287592325206042
11.58277852943737152     13.11287592325210838
13.31482933700647742     -3.88712407674842009
11.58277852943750474      9.11287592325162343
13.31482933700766935     -13.88712407674907645
15.04688014457578937     13.11287592325141738
-4.65457529916282287     -15.77893095214612273
-9.20183116139425117     -0.88712407674577631
-13.31482933700672788     -4.77893095214439168
 2.27362793111321393     -9.77893095214671426
 8.11867691429925742      5.11287592325146711
-7.46978035382602901      6.11287592325434836
-13.22168808521627170     11.03410887031419030
 9.85072772186841128     12.11287592325202134
 2.92252449159138505      6.11287592324970142
-13.31482933700666926     -2.77893095214438146
 6.96410492867730113     14.85610612084908944
-7.46978035382563554      2.11287592325433904
-8.11867691430092187     -15.77893095214603392
-2.92252449159440308     -10.77893095214611030
-11.58277852943783515     -7.77893095214426644
-16.77893095211280539      1.22106904793966042
-7.46978035382521455     -1.88712407674566096
15.04688014457527068     -0.88712407674862970
 8.11867691429918281      1.11287592325139117
 4.65457529916225798     -4.88712407675016536
-16.77893095214527719     12.85184106240551216
-16.77893095214471586     -10.77893095214430552
 8.11867691429927874     13.11287592325158435
16.77893095214518482     -7.88712407674866078
 5.73772954625173082     -13.77893095214599484
 6.38662610673143405     -5.88712407674964666
16.77893095214579944     14.11287592325137652
11.58277852943842312     -8.88712407674902671
