346    35.61571686789999802
-11.93689550451221670     -9.87965520365066574
-6.93689550451213766     -1.21940116580632196
-8.80785843393098844      9.87965520365464833
16.80785843393208978      7.76641172811680036
 7.06310449548698926      9.17290367960822550
-3.93689550451198444     -9.87965520365073147
-7.93689550451196890     -6.41555358851300461
 0.06310449548774703      0.51264964176301153
-4.80785843393066514      6.41555358851722968
 0.06310449548680343     10.90495448717645033
-8.80785843393010381     -0.51264964175860650
-5.93689550451200887     -9.87965520365078298
-14.80785843393064027      2.95145197337870746
-9.80785843393082679      8.14760439608567744
-14.80785843393047330     -0.51264964175891392
11.06310449548797870     -8.14760439608071430
10.06310449548808350     -9.87965520364975625
 7.06310449548183961     -15.07580762636099081
16.45220522204288827      5.79828805495169863
 9.06310449548761099      2.24470044933282153
-1.93689550451196757     -9.87965520365064265
 9.06310449548731434      5.70880206447061322
 0.06310449548829508     -6.41555358851251878
-11.80785843393090673     15.07580762636135852
15.06446832333117491      8.78631432363455289
 8.06310449548655406     -13.34375681878891839
-10.93689550451348502     -11.61170601122027612
-4.93689550451203818     -8.14760439608188491
12.06310449548757013      3.97675125690215436
15.75166155625833753     15.07580762637796035
-11.80785843393083212      8.14760439608551046
-10.80785843393089785     13.34375681879248354
-15.80785843393115719     11.61170601122306678
13.75166155625830910     15.07580762634598059
 0.06310449548745130      3.97675125690079811
 0.06310449548110557     -16.80785843393033474
12.06313372801217731     -9.87963832598140712
 6.06310449548838637     -6.41555358851198321
-0.80785843393054524     13.34375681879279618
-9.93689550451204973     -6.41555358851300639
 3.06310449548729613     16.10110690988412330
 1.06310449548698682      9.17290367960756114
-12.80785843393091916     13.34375681879234321
-16.80785843393118384     16.80785843393024237
 2.06310449548654606     -13.34375681878919728
13.06310449548731611      5.70880206447124383
10.84286449056930479     16.21078744810697714
 3.06310449548841657     12.63700529474663270
12.06310449548992914      0.51264964176303485
10.06310449548809771     -2.95145197337371235
-11.80785843393000967     -5.70880206446529304
-2.93689550451816084     -15.07580762636096416
 1.06310449548183961     -15.07580762636090554
-5.80785843393089962     15.07580762636188787
16.80785843393215018      3.83016438178660756
-8.80785843393037382      2.95145197337912890
 6.06310449548680275     10.90495448717701166
-4.80785843393097334      9.87965520365498584
 9.06310449548790942     -1.21940116580494351
 7.06310449548796271     -8.14760439608112286
-0.93689550451211845     -1.21940116580596869
16.80785843392948919     -4.16942875770501065
-3.93689550451225534      0.51264964176271122
-6.93689550451203907     -8.14760439608192222
-14.93689550451817816     -15.07580762636340488
 8.06310449548806751     -9.87965520364994632
-3.93689550451350811     -13.34375681878940156
-6.80785843393088008     13.34375681879282105
-13.80785843393062429      4.68350278094762995
13.06310449548183961     -15.07580762636125549
-7.93689550451207904     -9.87965520365077943
 6.93406742491050565     13.34375681878410447
-15.80785843393119094     -12.63700529474012058
 8.06310449548714558      7.44085287203939849
 1.06310449548818209     -4.68350278094357009
-13.93689550451889403     -16.80785843393276124
 8.06310449548110242     -16.80785843393033119
-2.93689550451348413     -11.61170601122047508
 4.06310449548714381      7.44085287203900947
-6.80785843393036583      2.95145197337930076
11.06310449548183961     -15.07580762636115246
13.06310449548657004     -11.61170601121978052
-12.93689550451348858     -11.61170601122016244
-12.80785843393016599     -3.97675125689650599
12.88352646882415087     12.77080729568279516
-0.93689550451203762     -8.14760439608171261
-14.80785843393102930     -10.90495448717133442
-8.93689550451816928     -15.07580762636082206
-10.80785843393098844      9.87965520365447780
13.09821263793150159      9.15215387813026560
-14.80785843393092627     13.34375681879220465
 8.06310449548680275     10.90495448717723193
14.34802311564792454     -13.20117543142484884
16.80785843392957446     -0.16983561821339141
15.02865464932276751     -5.08290228956368306
-12.80785843393046974      2.95145197337884024
-2.80785843393077084     16.80785843393091028
15.00939095724513805      2.70510137111704241
-13.80785843393090673     15.07580762636125016
14.06310449548110242     -16.80785843393319112
11.06310449550576358     -4.68350278093239147
-11.80785843393114654     11.61170601122333146
 2.06310449548804042     -2.95145197337460008
14.06220976994399230     10.90449788815563714
-12.80785843393070245      6.41555358851655733
 1.06310449548796226     -8.14760439608159359
 6.06310449548806307     -9.87965520365015237
-13.80785843393043422      1.21940116580994218
-1.93689550451889381     -16.80785843393026369
-16.80785843393104884     -0.51264964175903571
-4.93689550451348502     -11.61170601122051238
-15.80785843393098489      8.14760439608519071
-15.80785843393092449     15.07580762636112048
-3.93689550451181391     -6.41555358851279056
13.06310449520301908     -8.14757063441073903
-6.80785843393067047      6.41555358851705471
 4.06310449548775932      0.51264964176337879
 4.06310449548654784     -13.34375681878911912
15.06172126699141067     -1.14503046762190364
12.06310449548110242     -16.80785843393071488
-10.93689550451213144     -8.14760439608183695
-9.80785843393114298     11.61170601122345225
 4.06310449548836683     -6.41555358851218305
-1.93689550451347903     -13.34375681878935005
-4.93689550451212877     -1.21940116580623914
-3.80785843393081747      8.14760439608619791
 3.06310449548789476     -1.21940116580561786
-0.93689550451269976      5.70880206446961314
-4.80785843393087742     13.34375681879302356
-16.80785843393149648     -10.90495448717139659
-15.80785843393071488      1.21940116580983982
14.72964026809915339      6.81454096611353766
16.77933336367734896     -2.16963218795920021
10.06310449548680275     10.90495448717856419
16.80785843393233137      9.76641172811680036
15.02044584299549790     -11.20083516857950023
-14.80785843393035961     -7.44085287203415469
-14.80785843393081436      6.41555358851639834
 1.06310449548788921     -1.21940116580579327
 9.84286449058615709     14.47873664052836951
16.80785843393269019     -10.09814015004239529
 6.06310449548776287      0.51264964176359717
 6.06310449548655050     -13.34375681878907471
-5.93689550451889403     -16.80785843393013224
-16.80785843393079304     -3.97675125689663966
-7.93689550451356940     -13.34375681878930209
 7.06310449548653185     -11.61170601121999191
14.78566944943102968      4.69254915330941547
 7.06310449548730723      5.70880206447040806
-2.93689550451269987      5.70880206446951544
-3.93689550451201464     -2.95145197337505572
14.27666353239219355     -3.05924878990327009
 4.93406742490529915     16.80785843393172385
-9.93689550451213144     -9.87965520365071370
-0.80785843393077095     16.80785843393095291
-13.80785843393030632     -2.24470044932770962
-12.80785843393099910      9.87965520365436234
16.80785843393260137     13.37744130676624721
16.43195060090772586     -8.13378445387368032
14.75166155623301378     16.80785843393253742
 1.06310449548651587     -11.61170601122032053
-15.80785843393120516     -9.17290367960255004
-6.80785843393094581     16.80785843393075396
10.06310449548110242     -16.80785843393057988
 5.06310449548796271     -8.14760439608132359
 5.93406742491308492     15.07580762635448401
 8.06310449548776909      0.51264964176385275
-1.93689550451199266     -2.95145197337492293
-2.93689550451240100      2.24470044933167268
 4.06310449548110419     -16.80785843393020684
 1.06310449548730013      5.70880206446977390
-0.93689550451301662      9.17290367960745989
-2.93689550451212833     -1.21940116580609370
 6.06310449548805064     -2.95145197337422083
 5.06310449548760655      2.24470044933238411
-0.93689550451348402     -11.61170601122044133
 8.06310449548746710      3.97675125690162234
-4.93689550451816750     -15.07580762636092508
 0.06310449548804008     -9.87965520365055916
-11.93689550451360759     -13.34375681878912268
 0.06310449548714384      7.44085287203859203
-16.80785843393137569     -7.44085287203376922
-5.93689550451204706     -2.95145197337516363
 4.06310449548680275     10.90495448717679494
16.80785843393299217     -12.09814015004239529
13.06310449548761099      2.24470044933325052
13.06972699352979994     -4.67966236176524930
-4.93689550451194403     -4.68350278094398309
 7.93406742492088402     15.07580762634851901
12.06310449553348896     -2.95145197337856047
 3.06310449548796226     -8.14760439608145681
 4.06310449548806130     -9.87965520365028560
 8.93406742490539330     16.80785843393131884
-2.93689550451188897     -4.68350278094386230
-10.80785843393017309     -0.51264964175874428
-5.80785843393082057      8.14760439608601850
-10.80785843392998125     -3.97675125689643227
16.80785843393227452      1.83016438178660801
11.06310449548761099      2.24470044933301072
-5.80785843393114032     11.61170601122378798
 9.06310449548796271     -8.14760439608093456
-8.80785843393067402      6.41555358851688684
 2.06310449548745822      3.97675125690096865
16.80785843393291756     -6.16942875770500976
 3.06310449548698749      9.17290367960779740
10.06310449548655406     -13.34375681878880471
-15.80785843393056034     -2.24470044932774337
-1.80785843393063872     15.07580762636198024
-6.80785843393097867      9.87965520365481709
-9.80785843393025658      1.21940116581018265
-11.80785843393055323      4.68350278094776584
-8.93689550451201953     -4.68350278094414652
-15.80785843393051238     -5.70880206446536498
15.94755828542050402     11.57192651744158773
10.06310449550596431     -6.41555358850142987
 1.06310449548759900      2.24470044933198176
 2.06310449548761676     14.36905610231505115
-8.93689550451348502     -11.61170601122037205
 5.06310449548652475     -11.61170601122013579
 3.06310449548652075     -11.61170601122022994
-14.80785843393038803     -3.97675125689653974
-5.93689550451353121     -13.34375681878937137
10.06310449548714558      7.44085287203966583
-13.93689550451364312     -13.34375681878895037
 0.06310449548803258     -2.95145197337476795
 3.06310449548759900      2.24470044933217228
-16.80785843393126910     13.34375681879188669
-12.93689550451817460     -15.07580762636049698
-12.80785843393100087     16.80785843393028145
12.75166155623300313     16.80785843393194057
-7.80785843393021750      1.21940116581033786
 2.06310449548680319     10.90495448717661020
-1.80785843393114054     11.61170601122420543
-15.98957513631650862     -16.80385590210015678
-16.80785843393122647      2.95145197337861998
-7.93689550451889403     -16.80785843393012158
14.45111628396201908      0.75994474902081199
-11.80785843393031698      1.21940116581005009
-5.93689550451188008     -6.41555358851291491
 5.06310449548730102      5.70880206447021799
 4.06310449548804264     -2.95145197337442200
-5.80785843393051504      4.68350278094826589
-7.93689550451205772     -2.95145197337524579
 8.06310449548807284     -2.95145197337399567
-4.93689550451240144      2.24470044933158830
-2.80785843393097023      9.87965520365519545
-14.80785843393108792     16.80785843393019974
 2.06310449548775665      0.51264964176318295
10.06310449548756836      3.97675125690186348
 2.06310449548714381      7.44085287203875279
-13.80785843393115719     11.61170601122318224
 9.06310449548183961     -15.07580762636108496
-4.80785843393093693     16.80785843393096002
 6.06310449548746000      3.97675125690143227
-6.93689550451199111     -4.68350278094409056
-7.80785843393090317     15.07580762636169247
11.06310449548731611      5.70880206447088678
 2.06310449548110508     -16.80785843393022105
-13.80785843393017664     -9.17290367960294972
-3.93689550451255288      3.97675125690055298
 8.84286449057605140     12.74668583296532454
-2.80785843393087653     13.34375681879323494
10.84286449067748670     12.74668583292598711
-1.93689550451254933      3.97675125690064757
 3.06310449548183961     -15.07580762636085758
-7.80785843393082590      8.14760439608585152
15.06310449548183961     -15.07580762636473892
11.06310449548656649     -11.61170601121973966
-11.80785843393013756     -2.24470044932764523
13.06310449550838726     -1.21940116579518576
12.06310449548658603     -13.34375681878880471
-10.80785843393040224      2.95145197337897613
12.06266196220729014     10.94702510973605492
 6.06310449548110331     -16.80785843393024948
-11.93689550451889403     -16.80785843392987289
 5.06310449548851160     12.63700529474704126
16.80709128966263677     16.80758862675607546
12.06310449548716512      7.44085287204003443
14.75194007793968254     -9.21894095996699292
-5.93689550451225578      0.51264964176262517
-10.80785843393067935      6.41555358851671542
-8.93689550451204262     -8.14760439608188136
11.84286449058635782     14.47873664054757192
-0.93689550451816095     -15.07580762636094462
-1.93689550451176440     -6.41555358851267155
-2.93689550451203774     -8.14760439608180143
-1.93689550451285641      7.44085287203848456
 9.06310449548827712     -4.68350278094276096
 3.06310449548820074     -4.68350278094339512
-7.80785843393051859      4.68350278094809003
-3.80785843393089873     15.07580762636209926
 2.06310449548832997     -6.41555358851236246
14.74311501820104908     -7.06241412813984315
-16.80785843393118029      9.87965520365417404
 5.06310449548789787     -1.21940116580542335
-9.80785843393090317     15.07580762636153793
-12.80785843393027790     -0.51264964175884908
-10.93689550451817105     -15.07580762636063731
-1.93689550451225512      0.51264964176286276
-14.80785843393104884      9.87965520365417404
10.06310449548968045      0.51264964176293848
-13.80785843393024770     -5.70880206446533656
-7.80785843393114298     11.61170601122361568
 4.06310449549107044     14.36905610231741370
-10.80785843393100087     16.80785843393037027
-0.93689550451240100      2.24470044933182455
16.80785843393319112     -14.09814015004239529
14.80893161737749253     13.31193113910908465
 1.19214156606922894     16.80785843393155332
 5.06310449548183961     -15.07580762636085581
-3.93689550451889358     -16.80785843393022105
-15.80785843393083567      4.68350278094747896
 0.06310449548652121     -13.34375681878932163
 6.93406742490530004     16.80785843392795798
 4.06310449548746000      3.97675125690117692
11.06310449550610109     -1.21940116581517932
-8.80785843393088186     13.34375681879264519
 7.06310449548760744      2.24470044933263768
 7.06310449548822206     -4.68350278094299988
 0.19214156606937663     15.07580762636203353
-6.93689550451816928     -15.07580762636083627
 2.06310449548805996     -9.87965520365045080
-9.80785843393001855     -2.24470044932753288
-16.80785843393121581      6.41555358851630420
-3.80785843393114032     11.61170601122398160
11.07105059709435046      9.17747503141419863
 9.06310449548724151      9.17290367960859854
-0.93689550451186177     -4.68350278094372907
16.78038235564992320     -16.78510638871225780
-9.80785843393052659      4.68350278094792483
 9.06310449548655583     -11.61170601121988000
-16.80785843393318757     -14.36905610230786046
-13.80785843393084811      8.14760439608537013
 5.06310449548698749      9.17290367960798747
-9.93689550451357384     -13.34375681878921149
 7.06310449548790409     -1.21940116580521152
-12.80785843393009138     -7.44085287203412271
 5.06310449548821317     -4.68350278094320416
 6.06310449548714470      7.44085287203919155
-9.93689550451889403     -16.80785843393007895
 1.06310449548778352     12.63700529474605361
12.06972699350188982     -6.41171316931919488
 8.06310449548841746     -6.41555358851177360
 3.06310449548730013      5.70880206446996219
-8.80785843393095647     16.80785843393054790
-6.93689550451348502     -11.61170601122046797
