349    35.71892430260000140
 8.19920811330092825     15.85946215129132142
-2.92952790429306065     -6.00008189829526195
-13.39535966890574059     -10.14001301651065745
 3.00305569065776723     16.85946215125721892
16.85946215126501357     -4.85946215126470626
 5.73067885532610877      6.99999999995351985
 3.99862804698466512     -0.00000000022179736
-4.66162599006965372      6.99999999959222130
 8.19920811335579636     13.85946215124212522
 1.27092957449104249     -9.85959259592580572
15.12741134365419704     -11.85946215129069969
10.92683127805916854      3.99999999999738654
-8.12572760519910808     10.99999999995698730
-9.93133198882617130     -0.13988790014996899
 7.46272966210615696     -4.00000000019429880
-16.85946215125922976      7.86024782260236510
-9.93126003055530759     -2.13991799436721619
13.39536053611530164     -8.85946215126484304
 0.53452642754081259     -6.00000000210915996
-8.12572760612702005      2.99999999962882580
 3.00305569057525013     14.85946215111220248
-9.93123087189036546     -6.13996559845036671
 0.53452643081459839     -2.00000000193519734
-15.12741122976447272     -7.14001431714380264
-4.66162599200688721      0.99999999786607119
-1.19752437756828778     -1.00000000334503980
 9.19478046971535612     -3.00000000018082247
16.85946215114546476     -16.85946215126509884
-9.93123072965513387     -10.13996568424325240
-2.19309673205837141     15.85946215126596570
-1.19752437636008380      2.99999999867376710
-1.19752437501699838     10.99999999983656984
13.39536053612709310     -2.85946215126477865
-15.12743890774850719     -1.13996644147900805
 9.93125892065608618     -4.85946215126105940
16.12298370079002652      1.00000000000005662
-3.92526762669951479     -12.85967172353671195
 8.19920811335711441     11.85946215124212522
 3.99862804767053026      7.99999999980337062
-15.12741126444388051     -15.14001431714702051
-9.93133191622307088      1.86011224364781924
-5.65719834720226356     15.85946215125253289
15.12741134369493246     -3.85946215126659053
-16.85946199205838170     -12.14001445416179870
 2.26657723891547080     -3.00000000101392983
-16.85946215067587772     -10.14001445416178981
15.12741134369028551      3.85946215126713987
11.66330972851145020      9.85946215126174863
13.39536053607691635     12.85946215126098657
-9.93130630808081172      5.86016600201330373
-6.39360101770803890     -10.00013126028592936
-15.12741210190523944      0.86008261270418063
-2.92957518249983995     11.99999999998562039
-10.10807257284688809     -16.76612018514570934
 3.00305568885680696     -8.85946215124815950
-15.12741134368144635     12.86026289776934561
 9.19478047061239678     -1.00000000018082269
 9.93125892094536766      8.85946215125686010
 9.93125892093332752     12.85946215125686543
11.66330972839044300     -3.85946215154646932
-8.12572760509388203      8.99999999978886578
 3.00305568787430754     -10.85946215124815950
-6.39362869042531567     -6.00008333475173394
16.85946215115458813     -14.85946215126499048
-6.39360101687142990     -12.00013126028890476
 9.19478047050349367      0.99999999998089029
-3.92514753963539542     16.85946215125727576
15.12741134367307794      7.85946215126751468
 8.19920811306375619     -9.85946215126005221
 8.19920811308346309     -5.85946215126005132
 2.26657724006864303      8.99999999974629006
-11.66328175844649806     -5.13996573526030609
-9.93126352591620787     11.86025579854266887
-16.82491661766513502     -16.80554773101792776
 6.46715730577438208     12.85946215121813374
-3.92514753962229346     14.85946215125717806
 3.00305569054986377     12.85946215105997759
-11.34641052598166233     16.85946215124717540
-11.18781940260809904     -15.08262774867515610
-15.12741142147749329     -3.14001431712747925
-6.39367679763733054     11.99999999997736388
11.66330972853503667      5.85946215126174241
 9.93125892091663509     14.85946215125688141
-1.19752437505780951      6.99999999972449771
-13.39535970606912940     -12.14001301818071354
12.65888208562989625      3.00000000000056222
16.85946215122905656     16.85946215126520897
16.85946215123929903     -12.85946215126494252
13.39536053605833743     16.85946215126179482
-13.39540520849279481      3.86016129877418557
10.92683127808014554     -0.00000000000566326
-1.19752437640867559      0.99999999864658096
-4.66162599101116903      2.99999999958183894
-6.39367679996287297     -0.00000000441656092
 5.73067885456789128     -1.00000000019746604
11.66330972848014902     15.85946215126672598
-6.39367679761325558      7.99999999963601027
 6.46715730399999611     -16.85946215125880343
-0.46111991299103366     -14.85959488267144479
 7.46272966291455742      3.99999999997779687
-9.93130699439171316      3.86016456102025929
-8.12565182601798419     -11.00013126292587273
 6.46715730535908939     -12.85946215125870751
-4.66162599521627641     -3.00000000219643193
-15.12741134887314942      4.86023866062449716
-15.12741159678628122     14.86026333610863048
-15.12745601097848613      2.86016128953632798
-6.39362951849234928     -4.00008189652334778
-13.39536325125365046      7.86024337233870973
13.39536053608218147     10.85946215126096348
-15.12741562263393469     10.86025548642926530
 7.46272966303574403     -0.00000000019429091
 0.53452643167616121     -4.00000000205487538
 4.73510649701721675     -13.85946215255185621
-1.19752438102611447     -5.00000000383777632
 6.46715730577914893     10.85946215121813196
15.12741134364996043     13.85946215127534309
16.85946215126520187      2.85946215126469694
-16.85946215097772338     -4.14001445415661884
15.12741134355721151     -13.85946215129491854
13.39536053607062271     14.85946215126126724
-15.07080684895058909     16.85946215126502068
-2.92957518879462242     -4.00000000418353796
-2.92957518252555538      5.99999999954930185
-13.39535986298066206     -4.14001301648101094
-1.19747709572189387     -7.00008189660396862
-9.93123072347220415     -8.13996566961400170
 6.46715730580195647      8.85946215121804492
 6.46715730551341395     -6.85946215125870751
 9.93125892064981386     -8.85946215126109138
 3.99862804694179630     -4.00000000022180036
-16.85946215117220248      1.86008392612394124
-7.38924915477479516     16.85946215124624814
-13.39535970500732809     -6.14001301649992826
-8.12572760523353210     14.99999999995699262
-1.19747626589029110     -9.00008333158499596
14.39093289321916380      0.00000000000349417
-11.66333661949040135     -3.13996527559958505
12.65888208565229966     -0.99999999999999578
16.85946215122989145     14.85946215126516634
15.12741134369398566     -1.85946215126130032
-12.10589320478232800     -16.85946215113434477
 4.73510649813926321      9.85946215107136581
 5.73067885453544612     -3.00000000019746604
-13.39538817799192216     -2.13996657625406783
 2.26657723971808833      6.99999999912965265
13.39536053611668365      4.85946215126059489
 1.27092957491297631     -13.85959259675620814
 5.73067885452472314     -5.00000000019746604
 1.27100488308945114     15.85946215125624015
-6.39367679762612351      9.99999999996409095
-11.66328156669224470     -9.13996573527017908
-9.93125851496085232     -4.13991799438649100
 3.00305568868962780     -14.85946215124832293
 9.19478047048645664      4.99999999999252243
16.85946215126059400      4.85946215126472136
-16.85946214834255130     -8.14001445416176672
 3.99862804769341462      3.99999999980172172
15.12741134369038498     -5.85946215126659098
-13.33816539764876197     -14.23668542563231476
 9.93125892093532769     10.85946215125686010
 9.93125892096244556      6.85946215125684500
-2.19321463120048321     -13.85967094175898140
11.66330972823238810     -13.85946215154646843
 3.00305524900512877     -16.85946215124950243
-15.12741141657245869      8.86024794883786981
15.12741134367883511     -9.85946215127431458
13.39536053597538690     -12.85946215126494430
-1.19752437536010725      4.99999999885054169
-4.66155030997061104     -9.00013108697444864
-11.66328160046656670     -7.13996573526977496
11.66330972824138001     -11.85946215154646843
-2.92957518400459449     -0.00000000138326535
11.66330972838346902     -7.85946215154646932
 9.93125892089125628     16.85946215125706615
-2.92957518342349044      3.99999999954927432
 6.46715730478647455     -10.85946215125870751
-5.65731878501745911     -13.85967111602126778
-9.36782984037835398     16.56754012303143497
-13.39536318355547628      5.86024323712414752
-9.93123072736210410     -12.13996568563676881
-3.92526768429740258     -14.85967172363769073
-2.92952707415980074     -8.00008333279852657
-4.66162599006606104     10.99999999998087574
 9.19478047049310909      2.99999999999250555
-13.20860868746907002     16.12992941904554556
11.66330972849783798     13.85946215126443981
-13.39535967123611648     -8.14001301650747422
-0.46104592448193255     16.85946215125290948
 1.27092957522754002     -11.85959259626045359
15.12741134364406470     15.85946215127869152
12.65888208564543227      1.00000000000055556
-15.12741126359439825     -11.14001431714408419
 4.73510649634172864     -9.85946215255182956
-13.39536488796006708      9.86025536017128879
11.66330972836722779     -9.85946215154646843
16.85946215125793657     -8.85946215126478620
-4.66157871203282248     -5.00008189857573626
-1.19752437504127163      8.99999999978505194
-8.12565192623310750     -7.00013108892254099
-8.12567949684687463     -5.00008333276444361
-8.12565182291691812     -13.00013126292795818
-8.12565182680602227     -9.00013126292526167
-4.66162599096775843      4.99999999959197972
-11.66330998862131807     14.86026334824598294
13.39536053594359366     -16.85946215126520897
13.39536053610457067      6.85946215126061620
 6.46715730577325765     14.85946215121847125
 9.93125892065182114     -6.85946215126106118
-6.39367679765157426     13.99999999997737810
-11.66328156404951244     -11.13996573527145095
-8.11025194091308244     -16.85946215116220159
 0.53452643120731058      1.99999999867111611
 1.27100488300825765     13.85946215110723401
-8.12572760599633348      6.99999999978119281
-11.66338271858294995      0.86011223462534181
-16.85946215123515302     -2.14001418235145335
 6.46715730533394506     -14.85946215125871994
 4.73510635644466937     -15.85946239357889276
13.39536053609819533      8.85946215126092618
15.12741134365756501     11.85946215127348502
11.66330972850546566     11.85946215126175574
 2.26657723892762819     -1.00000000101072084
10.92683127818452249     -2.00000000017519586
 9.93125892050654890     -12.85946215126109493
-2.19309673205116118     13.85946215126089776
-6.39367679855670179      3.99999999962654806
15.12741134366064344      9.85946215127307113
-11.66333812823199523     -1.13996526368913553
 3.99862804742106182     -6.00000000100327302
-11.66331426058721554     12.86025592480555346
13.39536053596688170     -14.85946215126516634
-11.66335515970922287      2.86015998452051523
-4.66162599014548729      8.99999999981124255
 4.73510649704293307     -11.85946215255185443
 2.26657723989396231      2.99999999905200543
-13.39538885841464122     -0.13996512817694681
-2.92957518260191785      7.99999999976740384
16.85946215125480308     -10.85946215126488568
-11.66331408039497397     10.86025536017786308
-6.39367679858269877      1.99999999958618302
 7.46272966290900719      5.99999999997780353
-11.66331244885340368      6.86024336333318008
 0.53457371256779829     -8.00008189552428739
-9.23158012479912315     -14.66654135384415802
 8.19920811308152331     -7.85946215126005221
16.85946215125358094      6.85946215126474801
-2.92949950169808826     -10.00013108575571152
-9.93126591507666667      9.86025078367955210
16.85946215123527026     10.85946215126490699
-15.12741398594050146      6.86024324610332492
-0.46112255242871919     -12.85959488267318207
-16.85946215126553227     13.86026289774368081
 9.93125892047313563     -16.85946215126193337
-16.85945988147375019     15.86026962631232173
13.39536053612204114     -4.85946215126481729
 0.53452643084772766     -0.00000000189554574
-16.85946215124905834      9.86024807509402912
-6.39367681325800241     -2.00000002033590674
-16.85946215123391667     -0.13991870060535594
 0.53452643211632245      3.99999999869041778
 3.99862804695228924     -2.00000000022180036
-2.30508891954588924     -16.03228452003611793
 2.26657723973194214      4.99999999912172832
10.92683127806383148      1.99999999999568123
-4.66162599007086076     12.99999999998191136
-9.93126592025671862      7.86025077469389988
-16.85946214842334001     -6.14001445416173386
 1.27100488297855185     11.85946215106364754
-8.12572760568627750      0.99999999878011347
 9.93125892063324933     -10.85946215126109315
13.39536053611767130     -6.85946215126482794
 4.73510649812093831     13.85946215107195378
-16.85946215112023339     -14.14001445416184666
-6.11813404707994746     -16.68207108220435586
-0.46104592456323296     12.85946215111077251
 8.19920811238918290     -15.85946215214837984
-4.12601647761232115     -16.85946214814132205
-13.39536078920255768     13.86026333613405548
 4.73510649812576734     11.85946215107176727
 1.26728488818620177     -15.86593241610568228
 8.19920811336195499      9.85946215124212344
11.66330972852880166      7.85946215126174241
-15.12741126350336351     -5.14001431714156976
-1.19752437677994594     -3.00000000359159458
11.66330972838558289     -5.85946215154646932
 0.53452643250247500      7.99999999974152409
 6.46715730549540968     -8.85946215125870751
 3.99862804767540636      5.99999999980244958
-8.12572760521831761     12.99999999995698907
 8.19920811338498368      7.85946215124211989
 5.73067885546503408      0.99999999980253385
 9.93125892049731718     -14.85946215126114822
 0.53452643211170670      5.99999999903278081
15.12741134368690865     -7.85946215126659720
 2.26657723899626173      0.99999999905199277
-4.66157788269776052     -7.00008333447699815
-2.19321727049757031     -11.85967094174665881
16.85946215126037728     -6.85946215126473380
-2.92957518468894795     -2.00000000418070689
 2.26657723574549408     -7.00000000102760644
11.66330972820846235     -15.85946215154652172
-16.85946215123546921      3.86023865160156321
-6.39367679851184700      5.99999999963492137
-8.12572760627698187      4.99999999965281461
 4.73510649814538542     15.85946215111640178
-8.12568033697272796     -3.00008191489689624
-0.46104592447750897     14.85946215125282244
-0.48416136287779371     -16.85946215116406321
 2.26657723983814252     -5.00000000102759046
-4.66154986209626454     -11.00013186159794643
15.12741134368184603      5.85946215126714076
 3.00305568871589790     -12.85946215124820746
 7.46272966213866162     -2.00000000019429258
-0.46112255240055633     -10.85959488267315542
15.12741134353734296     -15.85946215129983727
 3.00305569052535049     10.85946215101835577
-13.39540596206961354      1.86015997549880918
-4.66162599110995135     -1.00000000219253082
-11.66335704314102983      4.86016587533316358
-11.66331672264173669      8.86025078367295649
 4.73510649717959353     -7.85946215255178426
-14.10589320478311670     -16.85946215113046520
-8.12572760979037412     -1.00000000121994193
-9.93126346000616422     13.86025593691733171
14.39093289321260905      2.00000000000350076
-16.85946215125891001     11.86026289774090436
-16.85946215125843395      5.86023866960423412
16.85946215123499670     12.85946215126497982
16.85946215126271142     -2.85946215126465875
-13.39536481506621790     11.86025548644047944
-2.92957518399473127      1.99999999861933508
 7.46272966293277662      1.99999999997770539
-15.12740977752716276     -13.14001431714376800
-15.12741122753909906     -9.14001431714396162
 8.19920811293614271     -11.85946215126005221
16.85946215126504910     -0.85946215126465253
 8.19920811292726448     -13.85946215126007530
-2.92957518258428662      9.99999999982996002
 5.73067885533143340      4.99999999995339728
 5.73067885534985777      2.99999999995338751
16.85946215124512904      8.85946215126481462
-7.26781880283053727     -15.04554197434610074
-6.39360111851010959     -8.00013108865559808
13.39536053609954713     -10.85946215126488745
 6.46715730565815505     16.85946215123025738
-11.66328160055730301     -13.13996573527146339
 0.53452643252490273      9.99999999978983567
 3.99862804788211168      1.99999999977820608
