356    36.09803850459999808
-14.06118484903738519     -1.44363245868264634
 6.95098074775347019      6.65671440688477567
-7.04901925228510073     17.04901925228736914
16.04901925228460868     -8.87131146089436839
 3.71917698039046130     -0.52595935057226417
17.04901925228674742     -14.06746388360051014
 0.95098074772105312     17.04901925228329063
12.04901925227490622      1.52099338452075172
 3.95098074772014085     15.31696844471056451
-2.28082302025396366     -10.91826419561346206
16.04901925227815340      1.52099338452169186
-15.04901851825841774      3.18911185208611059
 5.95098074775302788      8.38876521445378032
-17.04901925228525528     13.58491758548730033
14.04901925228237580     -1.94310823061937010
-0.04901926547077017     11.85286682196747776
13.04901925228417348     -7.13926065332637005
-1.28082302099548340     -9.18621338761646911
-7.28082314085960292     -5.72211178632948148
-6.04901955998720009     11.85286665177810050
 5.48737321307673653     -4.92466359930029007
16.04901925228359261     -5.40720984575646835
-8.04901995568804907      8.38876478092131528
 4.95098074772259977     17.04901925228046977
 7.48737321308521242     -15.31696844471617247
-14.04902364671309734      8.38876261291506786
-0.28082306713719968     -7.45416255340766121
-5.04901925228738424     -17.04901925228736559
17.04901925228135084     -0.21105742304694375
12.95098074777192032     13.58491763714978440
 3.95098074774376062      1.46056198418374983
 5.95098074774400043      1.46056198418376737
10.48737321308506232     -13.58491763714618372
 2.95098074772160901     17.04901925228048398
-4.28082301960113032     -14.38236581112812829
11.48737321308524884     -15.31696844471495389
-7.04901962990921760     10.12081580371162914
-8.04901956237742056     11.85286665027015829
 2.48737321308528259     -17.04901925228738335
 9.48737321307922343     -11.85286682957442750
-14.04901925427777343     15.31696840616914379
 9.95098074775399866      8.38876521445349965
-13.04901925228738691     -17.04901925189524192
 5.48737321247871179     -11.85286682922960466
-4.04901925227221948      1.46056195671859324
16.99518865825973180     -16.99042425342220497
14.04901925227382442      4.98509499965914582
-3.04901926873212359      6.65671439722430236
 9.48737321308523462     -15.31696844471544239
 6.48737321308505432     -13.58491763714737566
-12.28338107275496149     -0.52743720888122070
-13.04901925724890432      3.19083455319502951
-6.28082318801487194     -0.52595937371391466
-10.04902010708103965      8.38876467864208131
-1.51262678691484354     -17.04901925228738691
10.95098074775391161      6.65671440687887195
15.04901925227390969      6.71714580722798260
-13.04901925228740289     -13.58491762763123845
 4.95098074770882324     10.12081602199716990
-16.04901925447804345     15.31696840378833535
-7.04901925228740645     -13.58491763714962275
-16.04901925997979717     -11.85286680206294818
 7.95098074774915009      1.46056198416864325
11.04901925228130999     -0.21105742305182459
 1.71917698039046218     -0.52595935057219156
-5.04901928089252561      6.65671439007781007
12.04901925227346915      4.98509499965948155
-12.04901925646835892     -15.31696844189883677
17.04901925227790471      3.25304419209071582
 8.95098074775411767      3.19261279174048340
 2.95098074774365582      3.19261279175256618
-16.05036606704457824     -4.91392336811438035
-11.04901925460547929     -10.12078421989041921
-2.04901927515286975     11.85286681637763628
12.95098074775357766     10.12081602201693897
10.48737321307925896     -10.12081602200556141
 5.95098074771349950     11.85286682956879289
-10.04901925601949308      1.46056191684575265
-6.04901925228740645     -15.31696844471849950
 7.95098074775316732     11.85286682959144855
 3.71917698039043909     -3.99006096570995838
 0.71917697973678085     -2.25801015776366265
 6.95098074775298613     10.12081602202267838
-2.04901926799889411      8.38876520537058390
-10.28082317436350479     -3.99006101049456552
-13.04901996483526361     10.12081556081935751
14.04901925228358728     -5.40720984575715224
-16.04901925754532854     -15.31696842826599791
-6.04901927281336427      4.92466356001002925
13.04901925228299042     -3.67515903818861434
-9.04901996339862436      6.65671395399943577
-4.28082302026973238     -10.91826419560427297
-4.04901927101225212      4.92466358821228756
 0.95098073988103582     10.12081601748846715
 7.48737321307695503     -4.92466359930024389
 3.48737321246523413     -8.38876521408505482
 5.48737321308519110     -15.31696844471736263
 4.48737321244931753     -6.65671440650698010
 8.48737321308505344     -13.58491763714667044
-16.04902313385016654     11.85286452470612950
-2.28082306729760553     -7.45416255331496913
 2.71917697975164652     -5.72211177291002748
-3.04901926149166469      3.19261278613741828
-11.04901925228517001     13.58491760993917552
-8.04901925255207118     -15.31696844456569551
-17.04901849694580918      1.18976874960605228
 7.48737321307677561     -1.46056198416251437
 7.48737321250993659     -11.85286682924643031
17.04901925228418591     -7.13926065332504933
13.95098074776703889     11.85286682957808857
 1.71917697974066752     -3.99006096533485843
12.48737321308506587     -13.58491763714568279
-5.04901926190060024      3.19261275872905603
 0.48737321308516729     -17.04901925228737980
 5.95098074775376062      4.92466359931573017
14.95098074777225783     17.04901925228735848
10.04901925227432535      1.52099338452123356
-8.04901925459784273     -11.85286682780299472
16.04901925227520465      4.98509499965913960
17.04901925228308457     -3.67515903818578638
-3.04901925228470505     17.04901925228718085
14.04901925228460868     -8.87131146089503098
-3.28082306851656336     -2.25801013092174463
-4.28082307383463423     -3.99006093542766083
 3.48737321247797993     -11.85286682922993329
-17.04901925218337766     -10.12081598870760857
-2.04901925228490533     15.31696844471811403
-13.04901925228517179     13.58491759666226351
-5.04901930113249797     10.12081599365728835
14.48737321308506942     -13.58491763714594036
-9.04901972431609636     10.12081572207950408
-17.04901925228738691     -17.04901924004878211
-13.04904364204063505     -6.65663411357004176
-10.04901925869496360     -11.85286682544940895
 8.48737321307860171     -10.12081602200586339
-5.28082302105694446     -9.18621338837774637
-15.04901925228740289     -13.58491762259146363
-4.28082313910408363     -0.52595936409697186
-1.04901926118848809      6.65671440173369788
11.48737321307979364     -11.85286682957426407
 9.95098074775284047     15.31696844472938857
-6.28082315227676080     -3.99006097206075161
 7.95098074775384145      4.92466359931583764
-9.04901925485761360     -10.12081602009454961
-5.28082301960119782     -12.65031500355912719
-10.04902004356446987      4.92466309216745746
12.04901925228358195     -5.40720984575783348
-0.04901925227989408     15.31696844471495389
-3.04901927686277308     10.12081600782189739
-14.04901925965019238     -11.85286681029091582
13.04901925227435733      3.25304419208994888
-3.28082301960110811     -16.11441661869699260
-0.04901926096342554      8.38876520943216164
-5.04901925228508475     17.04901925228716664
-3.28082307127849404     -5.72211174423753377
-15.04901925325889067     -10.12074981106147575
-11.04904364227456881     -6.65666858920217397
-5.04901925228514514     13.58491763714954992
14.04901925227306592      8.44919661479746864
-15.04904365915585451     -6.65663419040915194
 9.48737321307754655     -4.92466359929982112
 8.95098074775390984      6.65671440688467442
 2.71917698039039912     -2.25801015814110473
 3.48737321308519066     -15.31696844471810337
-12.04902019733236962      8.38876461900839310
-9.04901925228740467     -13.58491763670714292
-17.04901540885019884     -1.17238921090667270
-14.04901934540495034      4.92288531648870542
-8.28082319736071071     -0.52595938205160719
 0.95098074767480700      3.19261279171317192
11.95098074775400576      8.38876521444773360
 6.48737321308533677     -17.04901925228618609
16.04901925228679005     -12.33541307603158543
13.95098074777211217     15.31696844471855457
 8.48737321308533765     -17.04901925228497817
-15.04904548985715529     -3.18263566766153572
-12.04901925420890585     15.31696841656931873
15.95098074777212815     15.31696844471832364
-6.04901925228134552      1.46056194149305707
14.04901925227538051      1.52099338452122135
-14.04904358502634487     -8.38868495520968871
 2.48737321308505477     -13.58491763714930478
 7.95098074775333075      8.38876521445373413
 4.95098074771776275     13.58491763714028977
-9.28082317023897296     -5.72211181595193707
-0.28082302023886496     -10.91826419562213424
14.48737321308545312     -17.04901925228525883
-15.04901925228520732     13.58491759024766310
-15.04901925228738868     -17.04901924446778949
 6.95098074771874952     13.58491763714046030
-17.04901921695521949     10.11903735182471564
-5.28082307361817094     -5.72211174312311055
 6.48737321307688575     -6.65671440686908067
-15.04901925228516113     17.04901922210273213
11.48737321307917725     -8.38876521443663314
-9.04901925228514514     13.58491763687734810
-4.04901930052201209     11.85286680173110518
15.04901925228514159     -10.60336226846362528
-2.04901926132274337      4.92466359393306607
17.04901925228731585     10.18124742235808178
13.04901925228131354     -0.21105742305108127
 9.95098074775342489     11.85286682959144855
-6.04901925231528992     15.31696844470105745
-0.04901925226060759      1.46056198402558790
13.48737321308015424     -11.85286682957395854
-8.04901925231630067     15.31696844457402840
16.04901925228635307      8.44919661478967932
-8.04901927541674844      4.92466354360769198
13.04901925227352422      6.71714580722832721
-0.04901925235969099      4.92466359926213038
10.95098074775332542     13.58491763716038569
-1.28082306738791352     -5.72211174569395542
 8.48737321307688575     -3.19261279173132673
 0.71917697903755551     -9.18621338763549922
16.04901925228242021     -1.94310823061726712
 8.95098074775322949     13.58491763716028800
 8.95098074775329877     10.12081602202264285
 1.48737321247421939     -11.85286682922803081
-4.04901925228493820     15.31696844471831653
 5.71917698039046041     -0.52595935057221788
-11.04901925228738868     -17.04901925220693926
-6.28082302090889932     -10.91826419609225773
 4.95098074775324815      6.65671440688477833
 6.95098074775408747      3.19261279174681967
-8.28082317435329962     -3.99006099701571237
-14.04901925720849398     -15.31696843359252114
-17.04901841063209389      3.18976876448477276
-7.04901925228514514     13.58491763702106958
16.04901925228728743     11.91329822992702425
11.95098074777182440     15.31696844471860608
-14.04902000978224308     11.85286634259023941
12.95098074777201447     17.04901925228738691
-4.28082306791365941     -7.45416255374922798
-16.04994112224238734      8.38645444922718397
-11.04901989609735402     10.12081560806328717
-11.28082320741416211     -2.25801021509056365
 9.04901925228130821     -0.21105742305167466
-1.28082302096918932     -2.25801015814184236
-13.04901925435392229     -10.12081600363620026
15.04901925228131354     -0.21105742304901887
-2.28082301960113032     -14.38236581112808388
-2.28082302116493851     -0.52595935068550947
 2.95098074769304430     10.12081602198812469
-7.04901926190768258      3.19261274383775273
 4.48737321247022347     -10.12081602165657834
-4.04901928007829248      8.38876519824327183
12.48737321307959292     -10.12081602200527009
 7.48737321307754389     -8.38876521443757817
-6.04901930254750564      8.38876518514455150
17.04901925228709558      6.71714580722116672
 1.71917697977281247     -7.45416258049112379
15.04901925228417348     -7.13926065332573856
 6.48737321307683956     -3.19261279173143331
 1.95098074102428076     11.85286682570922068
 1.95098074774334851      1.46056198418386862
-17.04901925228550041     17.04901922208945564
-1.04901925232815563      3.19261279155703059
 1.48737321308516979     -15.31696844471850305
-11.04902010267974077      6.65671386577013369
 2.95098074771652241     13.58491763714067702
12.48737321308542114     -17.04901925228451276
 1.95098074766847551      8.38876521441567036
-10.04904358523698171     -8.38871936480394531
 9.95098074775387609      4.92466359930984154
17.04901925228727322     13.64534903749597738
-12.04906987177604449     -4.92456816251962426
-17.04901925228740467     -13.58491761533082531
 3.95098074770784535      8.38876521442762169
 0.48737321308505577     -13.58491763714957479
 4.48737321308533321     -17.04901925228692150
 2.95098074768365981      6.65671440685555993
15.48737321308525239     -15.31696844471515995
-10.28082323127862097     -0.52595939369061817
-8.04901925501165572      1.46056193228685127
-17.04901912984714940      6.65387092875735586
-11.04901925228511672     17.04901925205709645
 8.95098074772506358     17.04901925228247705
-1.04901925228513848     13.58491763714908274
-13.04906990202462858     -3.19251737240102607
 4.48737321308505432     -13.58491763714855338
-7.04901928673913236      6.65671435953949775
-2.28082306824346492     -3.99006093841848397
10.48737321308540515     -17.04901925228422499
-17.04901924070553676     -6.64675116531715382
-11.04902004532773674      3.19261226896641093
-12.04901996213272497     11.85286637764257023
-8.28082309916718273     -7.45416261800790814
11.04901925227356152      3.25304419209055107
-1.04901925227974302     17.04901925228401893
15.04901925228645077     10.18124742235861824
10.48737321307858572     -6.65671440686809746
 4.95098074774386543      3.19261279175256618
-12.04901925916930594     -11.85286681593186131
 0.71917697974067951     -5.72211177290374184
 1.95098074772012575     15.31696844471194829
-13.04901925228511850     17.04901922564676653
 3.95098074769519947     11.85286682955846338
-5.28082315448456896     -2.25801016314554870
12.04901925228196014     -1.94310823062033178
 0.95098074771634200     13.58491763714204836
14.95098074777192210     13.58491763714915379
 6.48737321247468568     -10.12081602165840089
15.04901925227546755      3.25304419209004836
 3.95098074774375929      4.92466359932138165
-2.04901925226479875      1.46056198389000969
-6.28082306875046115     -7.45416255350356582
 7.95098074772025587     15.31696844471019681
 6.95098074772387342     17.04901925228116610
17.04901925228616832     -10.60336226846234631
-12.04902013164770835      4.92466302688929058
-13.04902019499999177      6.65671379812441089
-1.04901926664325473     10.12081601372178774
-10.04901985177873058     11.85286645609795464
-11.04901925228740467     -13.58491763672099495
-15.04901940699772567      6.65493611416269104
17.04537389393472324     17.04320005007654615
 1.95098074767974050      4.92466359928454178
-12.04901866328167870      1.45878389186833912
-16.04901906437578418      4.92181996577427050
-14.04908392799434935      1.45701483933145415
-9.28082320402562466     -2.25801018579878710
10.95098074777166985     17.04901925228739401
-7.28082318566585052     -2.25801018291259581
15.04901925228299042     -3.67515903818792644
 5.48737321247286669     -8.38876521408922748
11.95098074775396491     11.85286682959127447
10.04901925228186954     -1.94310823062104010
-0.51262678691484631     -15.31696844471850838
-15.43226611215979993      0.01243628184490308
-12.04904358515596208     -8.38874319073359231
-7.28082302105898993     -9.18621338860832282
-15.04902000360171321     10.12081552439047627
11.04901925228253390     -3.67515903818954781
-10.04901925350953285     15.31696844374947908
-17.04901924227735677     -3.17238921163605259
-3.28082302105380297     -9.18621338758271477
13.48737321308525239     -15.31696844471525054
-10.04901925256429074     -15.31696844445285244
 2.48737321192809890     -10.12081602134383473
-7.04901925228738868     -17.04901925228738691
-3.28082301960119915     -12.65031500355921246
 9.48737321307866210     -8.38876521443701861
-1.28082301960120026     -12.65031500355916627
-9.04901926874281948      3.19261273193685557
 4.71917698039052080     -2.25801015814112915
 5.95098074772022034     15.31696844471018970
-3.04901925228513848     13.58491763714923017
 8.48737321307761583     -6.65671440686874050
-9.04901925228738868     -17.04901925228738691
-14.04907030295299641     -4.92456800018412899
-0.28082302096318745     -0.52595935057580789
-0.28082302028817868     -3.99006096531812648
 0.95098074766101348      6.65671440684260673
-9.04901925228510073     17.04901925219214220
10.95098074775355990     10.12081602202263042
-16.04914481558984818     -8.38867712523460085
