358    36.15754167880000125
 2.51101936046357421     -0.24759860321203653
-10.48551391611107420     11.87875394302027310
-11.07877083938381979     -15.33657113891868740
 9.07748360810968791     -3.22310820013905586
-11.48551391602586413      6.68258320222552360
-12.48551626637392431     11.87875258608295681
14.07877083938677387      8.90050363148022150
10.52120961861934667     17.07877083938585372
13.07748360811154065     -10.15131143041430306
-0.49243303167546876     -12.37394291339514041
13.07877083938353202      3.70435120877439727
13.51448608389805628     15.34285555818018487
 4.51448608390082029     10.14670313546304747
 6.51448608341447510      3.21849990490325633
 9.51448608345933700      4.95055071250576972
 8.07748360810957955     -1.49105739256975478
-17.07877083937487228     13.87874478383480081
-4.49243303166051167     -8.90984129823929472
-16.07877083943193597     -13.60452033122500026
 7.07619637693500803     -13.61466922424755310
 9.51448608389831207     11.87875394304185583
-17.07877083936884333      1.98393693689256523
-0.48551391610524186     11.87875394302857401
 1.50756696856661776     -5.44573968295388955
-12.09655894587501379     -17.07877083936548246
 4.52120961861934845     17.07877083938380736
 2.50756696858900963     -3.71368887538475789
12.07748360810623289     -11.88336223798039626
-10.49242815753738967      1.48245719896187822
14.52120961861934667     17.07877083938585372
-9.49242815756651126     -0.24959360862412275
-1.49243303165230934     -7.17779049065657215
-2.48551391611352823      8.41465232787255601
 4.51101936046411289     -0.24759860320870106
11.07748360811028476     -6.68720981527715885
 3.51101936048088969      1.48445220436998881
-12.48551391607125005      8.41463400976819642
-10.48551391647210096      4.95053239439901205
 1.51448608389478734     11.87875394303055998
-14.49676083585290343      4.93134086040977238
13.07877083938421237      7.16845282391225425
 5.51101936043047314     -1.97964941080183543
-16.07877083931688489      0.25188612935368537
 6.07619637693161518     -11.88261841667658203
-8.49242815753476421      1.48245719892642613
-13.07877083930509166     -1.48016467820048003
-12.49238830388489241      1.46983130517134986
16.07877083938600293      5.43640201634201592
-4.48898063954296500      1.48445220434477942
-10.07877083930882733     -6.67631710092018604
16.07877083938579332     12.36460524661863225
12.07619637719029804     -15.34672003180788202
 2.07619637693493964     -15.34672003181684907
 7.07619637693507642     -17.07877083938526752
13.51448608389982553     11.87875394304339594
10.51448608390081318     10.14670313547151892
-5.48898063955489590     -0.24759860323540303
-8.48898063960257865     -1.97964941081435986
-17.07877083938585727     15.87874478383480081
 5.07619637693083181     -10.15056760910737843
-1.48551391609917260     10.14670313545531677
 8.51448608341850743      3.21849990490798854
-3.48551391610971972      6.68260152029998622
-10.48551391611301575     15.34285555815824331
-6.49243303152242390     -5.44573968299555311
-12.07877083942678809     -13.60452033131325678
-10.09655894587415581     -17.07877083936960005
-11.48551391609916195     10.14670313544071689
-15.47879038138063734     17.07877083938584661
12.52120961861934667     17.07877083938588214
 7.51101936048177254      1.48445220437770065
 8.07619637704031135     -11.88261841673947039
15.51448608389981842     15.34285555818116009
 5.07619637693500891     -17.07877083938533147
12.07748360811594424     -4.95515900771154882
-4.49243303149639850     -5.44573968301624678
-9.07877083938356932     -15.33657113892414969
15.07877083938585194      7.16845282391081184
 9.07619637704162052     -13.61466922430829740
 6.52120961861934756     17.07877083938518581
 2.51448608390082251     10.14670313546097802
-15.48547344305291951      6.66985959207870849
11.07748360810602151     -10.15131143041160833
 1.51448608389158146     15.34285555816870250
-8.49239317783499992     -5.45836557676465883
17.06519838943939860     17.04998260677035660
17.07877083938585372      7.16845282391097882
-11.48551391611280614     13.61080475058868622
 6.51448608389414474     13.61080475060700401
16.07877083923005301     -4.95590282898003220
-9.07877083937383844     -11.87246952377994269
12.07877083921648520     -1.49180121383562092
-8.48551391611365347      8.41465232786532269
-13.47879038138063912     17.07877083937109575
15.07877083938581464     10.63255443904967734
14.07877083921812300     -4.95590282897352630
 2.52120961861934978     17.07877083938043583
-9.49239317782955716     -3.72631476919263882
-7.48551391609916550     10.14670313544820424
-6.48898063958922044     -1.97964941084325674
-15.07877083934209672     -4.94426629331705847
 0.07619637693381184     -15.34672003181615807
17.07877083938481633      0.24024959363697626
15.07877083938402940      3.70435120877427826
-5.48551391609916816     10.14670313544992730
-13.48551391602586591      6.68258320216914470
-17.07877083938587148     11.87874478383480259
-14.07877083934004325     -6.67631710088942931
 4.07619637693068260     -8.41851680153806292
-7.48898063956193027     -0.24759860325862407
-17.07877083936988072     -8.40836790844022097
14.07877083938369012      1.97230040120559713
-12.07877083939749241     -10.14041871609010137
-17.07877083936558904     -4.94426629331670409
13.07748360811703670     -6.68720981528011027
 9.07619637693537662     -17.07877083938511475
 5.07619637693499470     -13.61466922424741810
-16.09005823207119334      3.72245566850601506
 7.51448608389385253     15.34285555817707447
-7.07877083937252749     -11.87246952378703568
10.07748360810988331     -4.95515900770787887
11.51448608389833694     11.87875394304193755
-6.48551391610996841     15.34285555816252256
-15.34672003180268440     12.87874478383422883
-5.49243303165427754     -7.17779049064120578
-2.49243303165516883     -8.90984129824566651
-2.49243303145656725     -5.44573968297436473
15.07877083938354446      0.24024959363663254
 2.51448608389403017     13.61080475060123263
17.07877083938480212     -3.22385202150048755
-8.48551391655524512      4.95055071246667477
-2.48551391610875205     15.34285555816501834
13.07877083921699501     -3.22385202140496396
 2.51448608341265345      3.21849990489492432
-1.48551391610723993     13.61080475059654837
 8.07619637703106008     -8.41851680159620841
-9.48551391650447684      3.21848158681144314
-17.07877083936715223     -1.48016467818625386
 0.50756696834018089     -10.64189210579879763
-3.48551391609917038     10.14670313545076930
 0.51448608389325512     13.61080475059855388
-12.48551391611355044     15.34285555815718638
-8.09655894587287683     -17.07877083937448148
 0.51448608390082495     10.14670313545798308
15.07877083922959649     -3.22385202141127314
-6.49239317796532767     -8.92246719197765792
-9.48551391610975081      6.68260152029347321
-13.07877083938411467     -15.33657113891204027
-9.48551391609916372     10.14670313544482561
 4.51448608389029626      6.68260152031584465
 7.07748360810350707     -3.22310820013513633
14.51448608389977757     13.61080475061230111
-16.09655894600651393     -17.07877083936672591
-2.48551391655042631      4.95055071247608414
-9.47879038138064089     17.07877083937400897
-4.48551391655462162      4.95055071247418166
12.07877083922710604      1.97230040129583317
 3.07619637693498804     -13.61466922424753356
 1.07619637693498804     -13.61466922424794390
14.07877083922827843     -1.49180121384260156
 2.07619637693118086     -11.88261841667620722
 8.51448608390081496     10.14670313547153313
10.51448608389808292     13.61080475061086759
11.07619637717596817     -17.07877083937053797
 0.51101936046334562     -0.24759860322626107
 8.07748360810420607     -4.95515900770476758
17.07877083938585372      3.70435120877305302
-5.47879038138064445     17.07877083937544427
 7.51448608389585804     11.87875394303910959
 3.51448608389533534     11.87875394303306109
 8.52120961861934667     17.07877083938547003
-3.48551391658752907      3.21849990488625037
 3.07619637693496273     -17.07877083938572582
 6.07619637693495829     -15.34672003181640498
-11.49238830387321109     -0.26221950239078945
 3.51448608388688788      8.41465232788400996
 6.07619637701815130     -4.95441518645079970
-2.48898063953860582      1.48445220435024550
-12.07877083931560946     -6.67631710092211161
 5.51448608389540862     11.87875394303518917
10.07748360810525057     -8.41926062284312948
-13.48551391601527349     10.14668481736939576
16.07877083935701634     -8.42000444403159598
 7.51448608345925173      4.95055071250040957
-7.49239317795977833     -7.19041638440557662
-1.47879038138064711     17.07877083937594875
-7.48551391610875339     13.61080475059199557
 4.51448608389408967     13.61080475060358985
14.07748360824816380     -11.88336223790430246
16.07877083932810436     -15.34672003179201383
12.07877083938385887      5.43640201634347431
11.07877083921537675      0.24024959373372848
15.07748360825661571     -10.15131143033859296
-15.07877083937392726     -11.87246952363785546
 2.51448608389029316      6.68260152031259125
16.07877083938445395     -1.49180121393178511
17.07877083933197682     -17.07877083935865414
-8.48551391611152184     15.34285555816118674
 1.07619637693376990     -17.07877083938507212
 0.51448608389028905      6.68260152030889198
-5.07877083938354978     -15.33657113893601576
 5.51448608345913893      4.95055071249796885
16.07748360827107348     -11.88336223790206958
-0.48551391610856309     15.34285555816642521
-1.48898063954273452     -0.24759860322103247
-14.07877083929824380     -3.21221548577335403
-13.48551391611315253     13.61080475058731487
15.07877083931500550     -17.07877083936283213
-7.07877083938355067     -15.33657113893353774
-9.48551391611155559     13.61080475058978578
 8.07619637693521675     -15.34672003181632149
-5.48551391610971972      6.68260152030067545
-11.48551391650573095      3.21848158684790997
 6.51448608389030515      6.68260152031830401
 6.07619637703033977     -8.41851680159594551
-0.92380362306667108     -17.07877083938477725
-2.51018128446829136     -15.86081931514168808
 5.07619637702357807     -6.68646599402281083
-2.49243303167548325     -12.37394291338603658
-6.48551391610697792     11.87875394302385779
 3.50756696857302730     -5.44573968296545718
-6.48551391611355843      8.41465232786942963
-5.49239317796784210     -10.65451799954798773
10.07877083921533412      1.97230040130299766
-7.47879038138064267     17.07877083937442464
-3.47879038138064578     17.07877083937482254
-15.34672003181777455     10.87874478383345433
 7.07619637703212145     -10.15056760916572998
-1.49243303143160388     -3.71368887538684733
15.07748360826083633     -13.61541304546589082
 4.50756696859118566     -3.71368887536518333
-10.07877083938418927     -13.60452033134934879
-4.48551391610682781     11.87875394302531440
-4.48551391611355310      8.41465232787229311
-17.07877083936461204      5.46097440012182656
 1.51448608345493874      4.95055071248827705
-15.04671286121582519     15.10452424272759053
-4.48898063958849658     -1.97964941082372570
-10.07877083939227703     -10.14041871619495794
17.07877083936849516     -6.68795363646904573
-13.07877083930019779     -4.94426629334339829
-1.49243303165982688     -10.64189210581723266
-11.07877083937385621     -11.87246952377447151
-0.48551391611339978      8.41465232787730422
 1.51101936041770690     -1.97964941082569301
17.07877083936916662     -10.15205525159366751
10.07619637704231685     -11.88261841673980967
-3.49243303166307850     -10.64189210580999756
-17.07877083938585017      9.87874478383206700
-17.07877083938430829     -15.33657113883201362
-1.48551391610971972      6.68260152030555243
 3.51448608345883917      4.95055071249447831
 4.07619637693494408     -15.34672003181645294
-17.07877083938528529      7.87874478383206167
-11.47879038138063912     17.07877083937399121
-7.49243303149916340     -3.71368887541237402
-6.48551391655480280      4.95055071247136347
 4.51448608341276358      3.21849990489892024
 9.07619637703300164     -10.15056760916637124
-5.49243303149147977     -3.71368887544453008
 7.07619637702455684     -6.68646599402373010
 6.51101936046444241     -0.24759860320443636
-1.49243303167665187     -14.10599372096333681
 9.07748360811443256      0.24099341499632063
17.07877083938585727     10.63255443904979280
 0.50756696857112793     -3.71368887538214754
-0.49243303165516222     -8.90984129822717641
-14.07877083942716645     -13.60452033124730065
-6.07877083938406493     -13.60452033136420980
13.07877083922831041      0.24024959372642873
-13.07877083937385976     -11.87246952368412067
-15.07877083930976347     -1.48016467821108866
 5.51448608388743278      8.41465232788639739
-15.07854247323981056      1.98727334285136403
15.07877083921879802     -6.68795363654241992
16.07877083938677387      8.90050363148038670
 7.51448608388768591      8.41465232789090400
-9.07877083936954854     -8.40836790863846062
 9.51448608389493522     15.34285555817794489
 9.51448608388832007      8.41465232789544260
 9.07748360810516353     -6.68720981527403158
-11.07877083936959828     -8.40836790852385008
 1.50756696834489112     -8.90984129822298421
-5.48551391610774264     13.61080475059415740
-8.07877083937487939     -10.14041871621044955
-0.49243303145128653     -5.44573968296713229
-6.48898063957572102      1.48445220432157443
13.07619637720636163     -17.07877083936950768
-8.48551391610701167     11.87875394302109555
 3.07619637693070036     -10.15056760910695033
-5.48551391658760323      3.21849990488337712
13.07748360824081502     -13.61541304547172082
-6.09655894587104807     -17.07877083938250351
-3.49239317798145077     -14.11861961469360693
-17.07877083937395213     -11.87246952361632601
12.51448608389808292     13.61080475061127615
 0.52120961861935133     17.07877083937813012
-15.07877083938417329     -15.33657113885057655
-11.07877083930008588     -4.94426629334620227
-16.07877083935979812     -3.21221548575108562
-0.48898063951944143      1.48445220435281566
11.51448608389778627     15.34285555817998237
-12.49142633227897470      4.94711281951701842
14.07748360811748434     -8.41926062284885646
 0.51448608341264546      3.21849990489184279
 3.51448608389220496     15.34285555817139546
-10.48894078590829437     -1.99227530458044089
-14.07877083931685647      0.25188612936194588
-3.48898063955401705     -0.24759860323062891
 1.51101936048082353      1.48445220436686087
-0.48898063958270777     -1.97964941081302737
-4.09655894587040859     -17.07877083938410223
-2.48898063958301741     -1.97964941081637935
-13.48547406281137029      3.20585569308110374
11.07619637705581361     -13.61466922431643489
-12.07775657299324124     -3.21162961487170451
 5.51448608389331163     15.34285555817540114
-7.48551391610973482      6.68260152029773824
 2.50756696834769688     -7.17779049065012753
-16.07877083940039142     -10.14041871602821132
11.51448608389083716      8.41465232789687612
-14.09655894597205084     -17.07877083936477192
-15.07877083936979545     -8.40836790846248405
-1.48551391658745646      3.21849990487838866
 4.07619637693126879     -11.88261841667650920
-13.07877083936966578     -8.40836790848013926
 3.51101936041798623     -1.97964941080725909
-8.07877083938412355     -13.60452033135477201
12.07748360811112498     -8.41926062284559684
10.51448608389032735      6.68260152032770982
-2.48551391610662664     11.87875394302664489
-14.07877083939853513     -10.14041871604960754
10.07748360811539001     -1.49105739257347136
11.07748360811592470     -3.22310820014248955
 8.51448608389469008     13.61080475060867023
-0.48551391654683096      4.95055071248413192
 1.51448608388671957      8.41465232788029915
 6.51448608390081763     10.14670313546736402
17.07877083933890106     -13.61466922422816239
-7.48551391658797183      3.21849990487887405
-3.49243303144190387     -3.71368887539699966
10.07619637704247317     -15.34672003187775857
14.07748360825570444     -15.34746385303203020
-10.48551391614807038      8.41465232784094219
-4.48551391610957140     15.34285555816467195
-3.48551391610746641     13.61080475059519834
11.07877083922710071      3.70435120886509761
16.07877083938388196      1.97230040120531447
-14.92354375148742740      8.74652641887122506
17.07877083938582885     14.09665605418748946
 5.51101936048112773      1.48445220437409353
 0.50756696834769166     -7.17779049065227426
-4.49239317798024551     -12.38656880712403030
-16.07877083935383666     -6.67631710087916286
-3.49243303165231378     -7.17779049067514130
12.51448608390081141     10.14670313547395075
 8.51448608389032557      6.68260152032351762
14.07877083938387131      5.43640201634307818
