361    36.31602104969999800
-4.15803158447767807     -1.56954109176095069
 2.42272186041714432      0.34428376502739350
 2.42272185958926967      7.27248699482617322
-17.15801048732985024      8.49775641791446112
-14.15801050802322614     10.22980723122979363
-17.15801048465860035     -0.43044694647474735
-11.15829331950172509     -6.76554255168126772
 4.84196845921285224     -10.22979510466288033
 9.00345420983800970     13.69390887387891276
-3.57727814771492714      3.80838538150329331
 7.00345420984116451      6.76570564360199000
-1.57727814543656675      0.34428376707005770
-0.15803154079926640     -5.03364268194923614
16.15801048901294479     -1.79559274563568705
-7.15803158494981417     -3.30159189955484367
-13.15801048901389159     11.96185806073421709
12.00345420983853906     11.96185806631048898
-8.15803168040933002     -1.56954114706365022
 0.84196845920244900     -6.76569348951910765
-10.57727815608395083      2.07633450654797169
-14.22744245228758331     -8.45578505767213429
-16.39571837366615625     -8.27947662001293594
-0.57727814205048766      5.54043618630934542
-1.15803154081111881     -6.76569348951127036
-0.99654579016851763     17.15801048901245807
12.84196845921336383     -10.22979510466278796
 3.84196845921263019     -1.56954106681827854
 7.84196845921339403     -11.96184591223202531
 5.00345420984116096      6.76570564360158766
 2.84198951098552621     -17.15801048901443693
-17.15801048901398929     11.96185805680197056
 9.00345420983157929     17.15801048901343862
 6.84198951098573893     -17.15801048901440851
-3.15803154080355286     -10.22979510465339281
-6.57727814825629231      5.54043614976279297
13.15801048901300163     -3.52764355320487244
13.00345420983915368     10.22980725874181474
 6.42272186041728155      0.34428376502761326
 0.84196845920054653     -13.69389671979353729
10.84198951098575670     -17.15801048901426640
-14.15801052459044129      3.30160385055635075
-10.15801050439132780      6.76570560766051088
-15.15801048901401060     15.42595967636747645
10.00345420983945388      8.49775645117220257
 5.84196845921263019     -1.56954106681811334
 8.00345420983945210      8.49775645117185618
-8.57727815391547743      2.07633450543356401
 6.00345420983166900     15.42595968144377672
 2.84196845920365204     -13.69389671979532253
-9.15801048901389159     11.96185806450922229
11.84196845921397667     -15.42594752736979480
-8.57727815408202154      5.54043615292864899
14.84198951098581887     -17.15801048901384362
-13.15829331961787396     -6.76554243245111842
-12.15801048934571149     17.15801048715852772
-2.15803154081097048     -8.49774429708023327
 1.42272185958977015      5.54043618725678755
17.15801048901428416      6.86466129220786669
 3.00345420742451630     10.22980725734493745
-3.15803154081960180     -6.76569348950648664
-8.15803154084449034     -11.96184591206464987
-17.15799531784697862     -4.43044694641968118
 8.00345420983834721     11.96185806630984239
-3.15803154085256210     -3.30159187415050415
14.15801048901180259      5.13261048464005931
-10.15801050774952863     10.22980724455975832
 2.42272186041664739      3.80838538016529426
-4.57727814754687934      2.07633453500619769
 6.00345420984151090      5.03365483603290986
15.15801048901357717     10.32876290734563263
 4.84196845921271990     -3.30159187438710644
-10.15829316705450758     -8.49759327160176881
-14.15803154084531279     -15.42594752615102216
17.15801048901414561     10.32876290734533775
11.15801048901296255     -3.52764355320494349
17.15747465476516354     17.15685631645713016
-1.15801048901448156     -17.15801048901443338
-2.15803154084654913     -5.03364268192205078
10.00345420983841116     11.96185806631021187
 6.00345420983944322      8.49775645117145650
-2.57727813959204122     15.93274103314322687
-3.15803154080242621     -13.69389671979180179
-1.57727813959221086     14.20069022557425242
 3.84196845920403396     -11.96184591222666604
-1.57727814209263650      3.80838537871613303
17.15801048901394665     -13.91994839861783007
15.84196845921404240     -15.42594752736933295
-3.15801048901448134     -17.15801048901441916
-10.15829333024270831     -5.03349173790351578
 8.84198951098574959     -17.15801048901433390
 7.00345420983893785     10.22980725874062458
-15.15802827620930060     -10.22609859612790295
 7.84196845921263019     -1.56954106681838135
-0.57727814045599846      2.07633457209216887
-4.15803154080499304     -11.96184591222143823
-8.15801050770925151     10.22980724607171155
-15.15801048702590847      5.03365467984965864
13.15801048901219694      3.40055967707095563
 0.42272185954951819      3.80838537966423196
 6.84196845921334162     -13.69389671980087186
-14.15801056545671521      6.76570554273885527
-7.15803154080630133     -13.69389671978974121
12.15801048901176173      5.13261048464004865
-7.15801048901448134     -17.15801048901442272
14.00345420984294442     15.42595968144570939
-15.15336404220997402      1.26370161145169302
 5.84196845920573704     -15.42594752736536279
13.15801048901286840     -0.06354193806702672
-1.15803154081589188     -3.30159187437086876
-15.15801048901389336     11.96185805170389038
 3.84196845921284691     -5.03364268195608577
 3.42272186041594528      5.54043618773457780
-15.42239587281170898     -3.42424869395755094
-13.15801048702325993      5.03365476706908499
-16.15801049288578994     17.15801048518208205
12.15801048901307091     -5.25969436077379005
 3.84196845920491503     -15.42594752736493469
-2.15803154086464621     -1.56954106653536574
 9.00345420984116451      6.76570564360233728
-3.57727814228878538      7.27248699374064334
 3.42272186041709370      2.07633457259630427
-7.15803158490437763     -6.76569351475353464
 2.84196845920309960     -10.22979510465725816
 9.84196845921339403     -11.96184591223186011
 3.00345420983187594     13.69390887387392652
13.84196845921344199     -11.96184591223162741
-13.73912048998877999     -0.34416351607466683
10.84196845921305474     -6.76569348952514904
-11.15801048901454706     -17.15801048888960878
17.15801048901366244     -10.45584678348008012
16.15801048901411718     12.06081371491422161
 1.42272186041702176      2.07633457259620080
10.84196845921367292     -13.69389671980074219
17.15801048901219517      3.40055967707140150
12.15801048901291281     -1.79559274563603744
-10.15803168041884419     -1.56954109540170061
17.15801048901288439     -0.06354193806656203
12.15801048901259307      1.66850886950185084
 4.42272186041665272      3.80838538016543593
 4.84196845921303876     -6.76569348952524408
-5.57727814802036992      3.80838534231077297
-4.57727814795986365      5.54043618896645551
-9.15803154483989168     -10.22979510077035314
17.15801048901337111     -6.99174516834234971
-9.15801048901401060     15.42595968144448371
 3.84196845921283980     -8.49774429709400536
 6.84196845921321550     -10.22979510466309527
 8.00345420984194789      1.56955322089538130
-11.15801048901389159     11.96185806317554068
-11.15803154083480031     -13.69389671874855630
-9.15829317499755469     -6.76554245942342813
 1.84196845920127861     -11.96184591222508331
 9.84196845921294816     -5.03364268195630693
 5.42272186041709414      2.07633457259638687
15.15801048901301407     -3.52764355320471346
 8.84196845921275276     -3.30159187438731783
-13.15803169241536530     -10.22979519094657341
15.15801048901347592     -10.45584678348028085
 0.00345420983163270     15.42595968144307328
-0.57727813959216812     12.46863941800540054
10.84196845921331764     -10.22979510466292652
-17.15801048693808895      1.56955305352689378
-7.15801048901389159     11.96185806630677995
-17.15801048703464105      5.03365471212302662
 1.84196845920409435     -15.42594752736445507
 6.00345420983208200     11.96185806630558801
-4.15803154081283477     -8.49774429707927936
-16.24240384540937399     -11.90661328661657414
-0.57727814206473460      9.00453780143931581
 4.42272186041719628      0.34428376502745039
-11.15830229980617894     -3.30143563260497341
11.84196845921320040     -8.49774429709395207
 4.00345420983208111     11.96185806630500359
-1.15803154080044535     -13.69389671979294221
 5.00345420983150468     17.15801048901269610
14.15801048901291637     -1.79559274563589244
-14.15801049258679889     17.15801048694143560
17.15801048901320769     -3.52764355320443901
 7.00345420983152955     17.15801048901308690
-17.15801048636012638     -2.43044694647684434
-16.15801050802421557     10.22980723746920084
-12.15829333037606830     -5.03349161866753914
14.84196845921371377     -13.69389671980040291
-2.57727814753685491      2.07633457377317088
12.84196845921371199     -13.69389671980067114
-17.15801048897983350     -13.68472027905317212
 2.00345420983208111     11.96185806630486148
-6.15803154080997128     -11.96184591221874527
 1.42272185799322415      9.00453780147357286
-5.15803154088982740     -6.76569348928150927
 8.84196845921305119     -6.76569348952524408
 7.00345420983190525     13.69390887387501898
-12.15801052198602328      6.76570559486663559
-8.15801048901433923     17.15801048901356651
 6.84196845921275187     -3.30159187438732715
-9.15801048732321732      8.49775642649899865
-13.43729051498160665     -3.10749755344383871
-9.15801048901448489     -17.15801048901468562
 0.42272185798660178      7.27248699390007580
 0.42272186041701654      0.34428376502732616
11.15801048901219694      3.40055967707092055
 0.84196845921271612     -3.30159187438727697
-4.57727813959216956     12.46863941800420861
 4.84196845920453534     -13.69389671979583767
 3.00345420983149225     17.15801048901190740
-6.15803158456855737     -5.03364270691213989
-5.15803154080337301     -13.69389671979125112
-11.57727921576624297      0.34428077336037105
15.15801048901287018     -0.06354193806683704
-2.57727814210954476      5.54043618627525092
14.15801048900994452      8.59671209977885198
-7.15801048901399994     15.42595968144451568
-9.57727815596405918      0.34428369904539785
-15.15801048732900647      8.49775640813497546
-11.15801048702061848      5.03365479003933647
-5.15801048901448134     -17.15801048901442272
-8.15801048924093486     13.69390887374457577
-3.57727813959213181     10.73658861043531765
 7.84196845921379371     -15.42594752736986763
13.15801048901326631     -6.99174516834262061
-13.15803154084329307     -13.69389671858193758
 5.84196845921285224     -5.03364268195626074
-6.15801048901392800     13.69390887387567979
11.84196845921344199     -11.96184591223173221
-5.15803158454136135     -3.30159189932541874
 9.84196845921320040     -8.49774429709411017
-9.15803154082852977     -13.69389671964856880
-9.15803176961945375     -3.30159196861634774
 6.84196845921304941     -6.76569348952524141
-11.15801048901401060     15.42595967973413806
16.15801048901261794      1.66850886950219146
16.15801048901341730     -8.72379597591129219
-6.15803158484160029     -1.56954109191920788
-16.15917361733684032     -15.42528828055893086
-2.57727813959216956     12.46863941800461895
-6.57727815391057380      2.07633453788505840
-17.15801048901468562     -17.15801044205238313
15.15801048901327874     -6.99174516834247672
12.00345420983945388      8.49775645117276390
 1.84196845920295038     -8.49774429708826418
-14.15738929465241647     -4.97336404060411930
 0.84196845920064756     -10.22979510465581754
-2.57727814222032414      9.00453780134904491
 5.84196845921316310     -11.96184591223194182
17.15801048901439074     13.79286452248294559
-16.15801048931526296     13.69390886548137054
-4.15801048901425396     17.15801048901411008
-12.15801048924961059     13.69390887107281252
-5.15803154085343696     -10.22979510462471886
16.15801048901382941      8.59671209977664219
-17.15801048694855524     -6.43044694636259706
-4.15803154080009829     -15.42594752736202324
-6.15803154085173965     -8.49774429689171384
-2.15803154080161663     -11.96184591222339222
16.00345420984381306     15.42595968144578222
-2.15803154079818649     -15.42594752736312458
-10.15801048933925799     17.15801048884566882
-5.57727813959213314     10.73658861043531054
 4.84198951098557906     -17.15801048901442627
15.15801048901092507      6.86466129220944232
15.00345420984331568     17.15801048901440495
 2.84196845921271901     -3.30159187438726409
14.00345420984302081     11.96185806630846393
-8.15803158489097235     -5.03364270716425910
-14.16101754528923884     -11.96012509702058324
-10.15803154082232851     -15.42594752722110307
-5.57727815318848208      0.34428373069214585
-13.15801048732855705      8.49775642244949125
 7.00345420984172229      3.30160402846415479
13.15801048901001380      6.86466129220993437
 1.84196845921276631     -5.03364268195618703
 9.00345420983894051     10.22980725874102959
-6.15803154080085680     -15.42594752736158092
 1.00345420983148714     17.15801048901203885
-12.15839012738091007     -1.56943553520150347
 0.84198951098551833     -17.15801048901442627
-1.15803154080156334     -10.22979510465454567
-3.57727814547229173      0.34428372862720086
-16.15801056545923231      6.76570556502304754
 9.84196845921391450     -15.42594752736980368
10.00345420983760825     15.42595968144802043
-11.15803155464618257     -10.22979509484342486
-4.15803154090150873     -5.03364268170537876
17.15749312891227163     -17.15778757446677005
13.00345420984253408     13.69390887387706002
10.15801048901291281     -1.79559274563608584
-13.15801048123854500      1.56955306633038472
-15.42239587105933651     -1.42424869395744857
 4.00345420901403326      8.49775645069376573
-1.57727813959213159     10.73658861043576351
-8.15803154080909998     -15.42594752735702812
11.00345420984116451      6.76570564360285243
-8.15829316689996986     -8.49759327189179636
-15.17555776054139294     -6.69479744770710639
15.00345420984344358     13.69390887387709732
-4.57727814236922992      9.00453780126307635
 9.15801048901286840     -0.06354193806721806
16.15801048901370862     -12.18789759104902615
11.00345420984186973     17.15801048901443693
-7.57727814812048983      7.27248695742052220
13.84196845921402108     -15.42594752736946617
-10.15803154084577997     -11.96184591115329354
 2.84196845921291263     -6.76569348952502914
 5.84196845921312846     -8.49774429709416346
-12.15803154084866478     -11.96184591100976746
-17.15801048694787312     -10.12850629366114497
-10.15801048924125816     13.69390887196772510
14.15801048901261439      1.66850886950200250
-13.15801048901456838     -17.15801048800221196
12.84198951098578512     -17.15801048901398929
14.15801048901339243     -8.72379597591143430
 8.00345420984151090      5.03365483603319230
 5.00345420901511062     10.22980725826442594
11.15801048901286840     -0.06354193806718418
 8.84196845921363206     -13.69389671980089673
-16.15801052459131881      3.30160388283500916
-12.15829335961699975     -8.49759333609804557
10.00345420984151090      5.03365483603366037
 1.84196845921263042     -1.56954106681835004
16.15801048901180437      5.13261048464034086
 4.00345420983166900     15.42595968144311769
12.00345420984223210     15.42595968144576268
11.00345420983894584     10.22980725874137597
-5.15801048901399106     15.42595968144492247
 7.84196845921290997     -5.03364268195628473
15.15801048901219694      3.40055967707118123
-1.57727814209451989      7.27248699385280073
-7.15803154407056486     -10.22979510260416625
-0.15803154079656442     -15.42594752736408203
 7.84196845921319419     -8.49774429709420609
-13.15801048901401060     15.42595967898068388
14.15801048901314729     -5.25969436077367458
-12.15801052458363429      3.30160393781339812
-12.15801050775444558     10.22980724206985492
-15.15803154084602689     -13.69389671846757750
-5.57727814805841415      7.27248699650868780
16.15801048901317216     -5.25969436077349961
 0.42272186040787169     10.73658861043654689
-15.15801048901462877     -17.15801048783417926
 5.00345420983187594     13.69390887387435463
-7.57727815396541260      3.80838534542360696
-3.57727813959221130     14.20069022557347971
-6.57727814706986624      9.00453780466126297
-11.15801048732778611      8.49775642512289586
11.00345420983801148     13.69390887387932132
-12.15803154082752258     -15.42594752632339450
 8.00345420983171607     15.42595968144421725
-6.15801048901433479     17.15801048901370507
-0.15803154078737855     -1.56954106681845351
 9.00345420984172229      3.30160402846443191
-0.15803154080562987     -8.49774429708332057
-7.57727815375544012      0.34428364671558359
 1.00345420983187594     13.69390887387393008
-9.57727815402070703      3.80838531295087268
13.00345420984264067     17.15801048901441561
-0.15803154080004619     -11.96184591222429461
 2.00345420983163924     15.42595968144294538
-17.15801048901404968     15.42595967424504977
 8.84196845921328212     -10.22979510466303488
10.15801048901259129      1.66850886950181754
-14.15801048930445738     13.69390886840552746
