369    36.57519035520000017
-5.16323952459279134     -8.23011213537918707
12.09144275486692877      7.88179292417133581
-0.00738379110816651     17.28759517757602282
-8.65933696182671930      3.82430988197188215
-5.16323952459957702     -6.23011213536630226
 8.62734113973590233     -4.23317316021207368
13.83949147348659814     -15.26038416890069271
-5.18015451166022167     -10.25885365647875602
12.09144275486788800     -8.23317316022204437
-13.83949147348955222      4.85152089064366532
10.35939194717784062     10.88179292437994583
-8.65933696182674240      1.82430988197188171
 6.89529033216693410     -5.23317316021220869
-15.55554437000571077     -8.23011213537869324
-8.62734113972918770      9.87873189932828666
15.55554437000501089      9.88179292417090060
-15.55554437000477996      5.87873189932790208
-3.46318453912007440      0.82430988197186306
 5.19706949866022505      7.82430988208364209
-13.85732353656366378     -17.28759517757238129
-17.28759517757383080      8.87873189932766316
-3.00738379154340185     15.55554437024856185
15.55554437001072188     11.88179292418099209
-13.82349356243588900      8.87873189932811613
-12.09144275486789866     -10.23011213537875896
-3.99841015964974789     13.63444215695757222
-17.28759517757386988      6.87873189932764184
-1.73113373155115280      7.82430988197180000
17.28759517757454134     -7.23317316022207102
-17.28759517757460884     -7.23011213537867281
-8.00691222868054453     13.78006510729138157
-17.28759517757466924     -5.23011213537863728
 0.00091707601802167     -5.17569011802896473
15.55554437000560419     -12.23317316022215984
-12.12527272899647990     -16.28759517756935082
-10.35939194729904145     -9.23011213537872344
13.84040854950745469      4.85305140306509397
-15.55554437001276114     11.87873189934172302
-1.71605289652759918     -8.25885365646986713
 1.73296788358689224      3.82430988197174582
-4.00738379196147054     17.28759517757607256
-1.73113373155086459     -4.17569011802870893
 6.00286860484431273     13.82349356243077310
-13.85548938446896194      2.82430988208242351
-10.37630693436676843     -13.25885365647891767
15.55554437001194756     -0.23317316021156148
-17.28759517757240971     12.87873189937604224
10.39322192143114876      0.82430988197146005
-6.91128824321410651      8.85152089064387049
10.37630693436314289     -1.20443163912832185
 9.00243100349095116     15.51370881192094409
 6.92912030623082398      6.82430988208073508
 5.22454180342876917     11.98115608243470831
-6.92912030629278508     -15.28759517757356079
-15.60917132387453954     13.96634091337785222
 5.18015451165650376     -4.20443163912830986
15.55554437000674461     -14.23317316022412626
12.10835774193205339     -0.20443163912837636
17.28750827246140176     17.21411688305452259
-13.82349356243681626     -9.23011213537870390
-15.57245935707174134     -16.25885365648185399
10.37538985834897609     -13.26038416890041205
17.28759517757360697      4.88179292417063326
 8.62734113973015937     -8.23317316022200529
-6.92728615425783811      0.82430988197188226
12.12343857695984894     -16.28759517756789421
-3.46318453912005664     -1.17569011802815915
 6.92728615425700145     -17.28759517757417186
-8.66117111385917759     -14.28759517756851061
-12.09144275486795372     -6.23011213537867814
-15.55554437000478707      7.87873189932791096
 6.00286860485295737     17.28759517757318065
15.55554437000583157     -2.23317316022189249
-1.71975386731567781     11.84429193909686262
 0.00091707601787876      2.82430988197152333
-15.57154228103264337      1.79709887332667306
 5.00286860442103976     15.55554436975529775
 8.66117111386249050      1.82430988197183952
-1.73113373155114902     -2.17569011802821821
13.82349356244125183     10.88179292418070965
15.57245935705787687      1.79556836089234140
15.55554437000565038     -8.23317316022207635
-17.28759517757346131      4.87873189932748730
-3.44718662806972631     -5.20290112670668492
 6.92912030629336950     -1.17569011802852330
 1.74513748721743589      9.84590567658795557
-8.62734113973762184     -4.23011213536581554
 6.92728615425370986     -13.28759517756643760
 6.91128824321119506     -11.26038416890045646
17.28759517757451292     -11.23317316022210655
 8.65933696182572099     -16.28759517757385211
12.09144275486792885     -6.23317316022201062
17.28759517757254827      0.76682683981551392
13.82349356243681449     -5.23317316022198309
17.28759517757396225      8.88179292417070343
-10.25004973927272545     13.08511717833968824
-6.92912030629048203     -13.28759517756819086
-8.64333905077636011     -2.20290112670668625
10.39322192137445633      4.82430988207050238
 5.19706949872470503     -0.17569011802815349
-12.09144275486861986     -12.23011213538019426
-10.37538985834523686     -1.20290112670668425
-1.00224881938389276     15.55258982441023008
 3.44718662807356768     -9.26038416890023441
-13.83949147348310760      0.79709887329316731
-6.00738379195246797     13.82349356243054750
 5.17923743564236894     -10.26038416890036586
-10.39138776939562625      2.82430988197188304
 8.65933696182250578     -14.28759517756705755
17.28759517757403330     10.88179292417072119
13.82349356243672389     -11.23317316022213674
 3.46318453911961877     -13.28759517757288400
-7.00738379195265981     15.55554436999932477
-3.46501869115533534     -13.28759517757289643
-0.00091707601784866     -11.28759517757238662
 3.46501869115587713      6.82430988197187283
-8.62734113971437644     11.87873189968307130
-13.82349356243581973      6.87873189932799445
12.12527272894384645      3.82430988206965194
15.61003399792036639     13.97073208162654545
-10.35939194729907520     -7.23011213537867636
10.31119141541034168     12.96200278841664044
-1.73296788358658049     -16.28759517757382369
-6.89529033216135012     -7.23011213537860620
-12.09144275486800879     -4.23011213537859021
-17.28759517757294262     15.05394992737973503
 1.73296788358692666      5.82430988197174671
-17.28759517757396225     10.87873189932766316
 3.46501869115584382      2.82430988197186883
-17.28759517757374908     -15.23011213538390507
 6.92912030629364573      4.82430988197187727
10.00286860485296891     17.28759517757430686
 3.98505536737205279     13.55100774547152476
 5.16323952459804669     -6.23317316021223355
 1.73296788358688869      1.82430988197174515
-12.10744066592066837      5.85152089064371239
15.57154228105338234     -16.26038416890434135
 3.46501869115560490     -3.17569011802852064
-17.28759517757607966     -17.28759517757601927
 3.46318453911597590     -11.28759517756588515
-5.19523534661957154      7.82430988209216416
-12.09735686771505669     13.87872315512670518
-8.62734113973024286     -6.23011213537859909
12.09753800306959270     13.88178363613730504
12.09144275486704601     11.88179292417153476
15.55554437000565215     -6.23317316022205503
-1.73113373155114703      5.82430988197180000
-6.00738379196148120     17.28759517757330144
 5.19523534668830056     -16.28759517757383080
-8.66117111386154903     -16.28759517757387343
 3.46501869115583494      0.82430988197185939
13.82349356243688021     -3.23317316022187917
 0.00091707601787688     -1.17569011802847601
13.82349356244282745     -1.23317316021170487
 0.00091707601788252      0.82430988197152377
 7.00286860484461382     15.55554436999947931
-12.09144275486702824      9.87873189932827422
 8.66117111386224892     -0.17569011802852427
17.28759517757615782      2.82430988196331478
-5.17923743564633909      9.85152089064584757
-6.91128824320747981     -3.20290112670668270
-13.82349356244164973     10.87873189933850426
-17.28759517757616138      2.82430988196362476
 8.66117111386252247      3.82430988197185817
-0.00091707601789677     -13.28759517757293906
 8.64333905078006559     -12.26038416890046889
 3.46501869115587713      4.82430988197187283
 3.46318453911961122     -15.28759517757350395
-12.10744066591414025     -0.20290112670672891
 5.19706949872475388      3.82430988197187149
-15.55554437000572499     -6.23011213537867459
-0.00091707601984007     -9.28759517755827169
-15.55554437000566814     -12.23011213537877495
10.39138776939117648     -15.28759517756741637
12.10744066591784041     -14.26038416890044402
13.82349356243755523     -13.23317316022374612
-5.19706949872403623     -16.28759517757387698
-17.28759517757499964     -1.23011213537861708
 5.18015451166752161      9.85305140307291438
-13.82349356243765293     -13.23011213538043584
13.87798319036780192     12.97073208159824809
-8.65933696182638180     -0.17569011802869547
 3.00286860439391390     15.55554437027218384
 0.00091707601790516      6.82430988197152288
-5.19706949872407176     -14.28759517757324815
-6.92728615425783723      2.82430988197189015
-3.46318453898164691      8.82430988221149093
 8.64425612679426436     -2.20443163912831963
-15.55554437001397439     -0.23011213536475292
 3.50940598293207540     10.95241456132790248
 5.19706949872448831     -2.17569011802852552
-15.55554437000651546     -14.23011213538046960
-3.46501869115530425     -17.28759517757416120
 1.73113373155086925     -16.28759517757380948
10.37630693436971718      6.85305140306517480
-12.12343857690035875      3.82430988208300837
 1.73296788358687426     -2.17569011802826751
-13.84040854950447930     -15.25885365647905623
-5.19523534668896225      1.82430988197188482
10.35939194729812662      8.88179292417155075
 1.73113373155086481     -14.28759517757318420
-8.00738379196148387     17.28759517756606812
13.85548938452633472     -17.28759517757216813
 1.99774240687278737     13.82646330593288297
-1.73296788358666354     -12.28759517757252873
 8.62734113973069405     -10.23317316022317236
 0.00060555840070501     10.82430985771071619
-10.39322192143030854     -17.28759517757408659
12.09144275486705311      9.88179292417147792
-15.57154228105818383      3.85152089064322922
 1.71513582050777647     -8.26038416889488936
-10.39322192142788559     -15.28759517756885522
 3.44810370408762923     -5.20443163912831430
-12.10835774193577130     -14.25885365647870806
11.00200378049082417     15.55504535121918153
12.09144275486798215     -4.23317316022190582
17.28759517757455555     -13.23317316022211010
-5.22710569858379070     11.98198165722630648
-12.09144275486693232     11.87873189932844298
 8.62734113972926409      9.88179292417157562
17.28759517757480779     -1.23317316022201373
15.55554437000569656     -4.23317316022198575
-8.62734113973058925     -10.23011213537967201
-1.73296788358661402     -14.28759517757322683
-17.28759517757358566      0.76988786468557724
 6.92912030629358711      0.82430988197184896
 8.00243100349063496     13.78165800435196076
 3.46501869115582295     -1.17569011802815848
-8.65933696176180057      5.82430988208440592
-3.46501869115532957     -15.28759517757356434
 6.89529033216132259     -7.23317316022193513
-1.73113373155115213      3.82430988197178889
-3.51105280206905990     10.95477064854142490
 0.00091707601788257      4.82430988197152288
 6.89529033216182086     -9.23317316022306223
-5.19523534668896492      3.82430988197190347
10.35939194729903434     -7.23317316022200174
-12.00738350280502331     17.28651971220018169
-1.73113373155115413      1.82430988197178867
-15.55554437000582091     -2.23011213537861686
-10.37538985835178451      6.85152089064371417
17.28759517757212194     12.88179292422355537
 6.92912030629362352      2.82430988197185773
-9.00691222868083763     15.51211591486445229
-5.19523534668897913      5.82430988197191013
17.28759517757607966     -17.28759517757601927
17.28759517757460529     -9.23317316022207280
 6.91220531922538584     -3.20443163912831830
-10.35939194729939139     -11.23011213537995800
-13.87712051632028754     12.96634091335251782
-5.19523534668862563     -2.17569011802869339
 1.73113373155090033     -12.28759517757260866
 8.66117111380415494      5.82430988207297951
-13.82349356243675587     -11.23011213537879627
-8.64425612679793964     -12.25885365647882530
 1.71605289651898252     -6.20443163912871398
15.57245935707618578      3.85305140306480931
-12.12343857696420635      1.82430988197134392
-13.82349356244486493     -1.23011213536489361
-1.73113373155114769     -0.17569011802821377
-13.82349356243688909     -3.23011213537859332
-3.46501869115285555     -11.28759517756784980
12.09144275486855591     -12.23317316022355250
-0.00091707601784400     -15.28759517757349862
-3.46318453912009039      2.82430988197189459
15.55554437000496293      7.88179292417089172
17.28759517757464081     -3.23317316022201684
12.10835774193856018      5.85305140306510641
-11.00645226690297562     15.55500688765143558
12.09144275487371978     -2.23317316021197776
-15.55554437000573387     -4.23011213537864972
12.00286835561779597     17.28659670842278473
17.28759517757366737     -15.23317316022871459
 1.73113373154680672     -10.28759517756507336
-0.00091707601787070     -17.28759517757415054
 5.19706949872476631      5.82430988197188437
-3.44810370409140399     -9.25885365647865299
10.35939194729901303     -9.23317316022204970
-6.89529033216874421     -5.23011213536581909
-6.92728615418919169      6.82430988209085676
13.82349356243674876     -9.23317316022207280
-0.06667734662534100     13.21459518276589939
12.09144275486783471     -10.23317316022215806
 2.00286860372551212     17.28759517756994057
-12.09144275487559916     -2.23011213536544739
-1.71513582050099944     -6.20290112670694516
10.35939194729909829     -5.23317316022192092
-10.35939194729810531      8.87873189932835061
-1.74290454717774224      9.84442592981359255
14.00286810638262303     17.28759517757322683
12.12527272900007702      1.82430988197144384
 5.16323952459294411     -8.23317316022288104
10.35939194730479329     -3.23317316021205370
-1.73296788358404341     -10.28759517756773256
 8.62734113966833682     11.88179292448380941
13.84040854950101185      0.79556836087153104
-13.82349356243683935     -7.23011213537867103
-2.00736627293315673     13.82350367717213757
 3.46318453911961077     -17.28759517757415765
13.82349356243593341      8.88179292417120614
-5.17923743563860395     -4.20290112670668581
-17.28759517757459818     -11.23011213537886555
 8.62734113973019845     -6.23317316022192980
-17.28759517757448450     -13.23011213537887976
-14.00738321364856098     17.28759517757308117
-15.50648621521346548     15.96370311599891600
 1.73296788358692377      7.82430988197175026
-10.35939194730661939     -3.23011213536562103
-12.09144275486691811      7.87873189932813212
 1.72004885542941377     11.84583555406056909
 1.73296788358672926     -4.17569011802852597
-3.46318453912011170      6.82430988197192967
 6.89529033217142384     10.88179292419069277
 3.43118871702939421     -7.23317316021331802
13.82349356243677718     -7.23317316022206036
-17.28759517757458752     -9.23011213537872166
 5.19523534668834586     -14.28759517757315223
-3.46318453911974267     -3.17569011802870937
-5.19523534668894005     -0.17569011802815707
 1.73296788358688758     -0.17569011802825921
-3.46318453912009172      4.82430988197191635
-2.00738379110819043     17.28759517756622444
-10.39138776933124575      4.82430988208344314
-6.92728615425750593     -1.17569011802869783
-6.89529033216619691     10.87873189933848472
-10.00738379196148742     17.28759517757440634
-6.92728615425784788      4.82430988197189325
 4.00286860485295648     17.28759517757607256
-5.19706949872175361     -12.28759517756793329
-8.62734113973014871     -8.23011213537874298
 0.00000000000002364     -7.23164264780652744
-3.43118871703090411     -7.23011213536707054
-5.00738379154517421     15.55554436976427723
 6.91220531923201698      8.85305140306528138
-6.91220531922908776     -11.25885365647877911
-8.64333905078295039      7.85152089064379322
 8.64425612680088129      7.85305140306525562
 6.92728615425704497     -15.28759517757346131
-6.92912030629282771     -17.28759517757415409
 0.00091707601790143      8.82430988197152288
15.55554437000479595      5.88179292417086153
 5.19523534668486420     -12.28759517756611430
-10.35939194729912494     -5.23011213537858843
-10.39138776939530473      0.82430988197133492
 0.00091707601787948     -3.17569011802847845
10.39138776939447517     -17.28759517757409725
10.35939194729957968     -11.23317316022329315
-6.89529033216166809     -9.23011213537960096
-13.48807333494267802     15.35396099920376223
17.28759517757453423     -5.23317316022206391
-15.55554437000567347     -10.23011213537877140
-10.35939194719069967     10.87873189951428365
17.28759517757291420     15.05967123902897775
15.55554437000563084     -10.23317316022207812
-17.28759517757481490     -3.23011213537863151
-17.27102798071391376     17.26807727522554714
-15.55554437000490786      9.87873189932796514
-12.09144275486795195     -8.23011213537867903
-13.82349356243684291     -5.23011213537867015
13.85732353651415671      2.82430988206638389
10.39322192143142054      2.82430988197186661
 5.19706949872472013      1.82430988197186661
15.50576561426075806     15.96801225830907889
 8.00286860485296536     17.28759517756609299
13.82349356243594762      6.88179292417112975
 0.99774240630242095     15.55851411317246047
17.28759517757388764      6.88179292417068211
13.74956682462146063     15.01000252747607888
 3.46501869085643222      8.82430988249027592
