373    36.78309461330000119
-3.47382331512795783     -15.58845726812260324
13.39154730663395299      3.53514084608130785
 0.52617668487204661     -15.58845726812254640
 6.39154730663394499     -8.58921480690091244
-10.60845269336357610     -17.39154730663637238
-1.60845269336636076      1.80309003851226901
-12.60845269336674157      6.99924246121883797
 3.39154730663412396     -13.78536722960767946
-14.87757586338348226     -0.09075854807212901
 0.39154730663376786     -5.12511319176326641
 4.39154730663378068     -5.12511319176323532
-6.60845269336641827      3.53514084608110668
11.39154730663408799     -6.85716399933191401
-15.57747081788784094     -2.01167897674669494
12.39154730663384463      8.73129326878790835
 5.39154730663412529     -13.78536722960761907
 9.39154730663386950      0.07103923094351530
12.39154730663422832     -8.58921480690071348
 1.39154730663365389      3.53514084608120793
 6.39154730663374160     12.19539488392568138
 3.39154730663642701     -17.39154730663628357
-4.60845269336654084      6.99924246121894100
 5.39154730663642656     -17.39154730663622317
15.39154730663401160      3.53514084608137313
-2.60845269336634944      0.07103923094337515
-17.39154730663652160     -7.02405242523803519
15.39154730663452675     -10.32126561446938240
13.39154730663385529      6.99924246121903693
 9.39154730663381621     13.92744569149452438
-15.60819866249454790      1.77121435879315703
 0.39154730663355974      8.73129326878785506
 3.39154730663382731     -6.85716399933214138
-6.60845269336638808      0.07103923094332629
 6.39154730663489801     15.65949649906402996
-9.60845269336622287     -8.58921480690118777
11.39154730663383575     10.46334407635678154
-7.60845269336619801     -8.58921480690116823
 5.39154730663475146     17.39154730663308257
-8.60845269336638985     -3.39306238419444517
 4.39154730663372117      8.73129326878789946
17.39154730663470616      3.53514084608103518
16.39154730663431536     12.19539488392551263
-17.39154730663526038     10.75403000169054302
 2.39154730663363102      8.73129326878786038
 1.39154730663359083      6.99924246121898985
-12.60845269338774344     -13.78536722959547234
-1.60845269336652641     12.19539488392559079
-2.60845269336653551     10.46334407635670694
-5.47382331512795783     -15.58845726812259613
 7.39154730663379489      0.07103923094346863
-7.60845269336639252     -1.66101157662555288
-7.60845269336646712      5.26719165365001185
 7.39154730663381532     13.92744569149452616
 5.39154730663370696     13.92744569149456346
-5.60845269336613139     -8.58921480690112737
 2.39154730663389703     -8.58921480690106165
15.39154730663411463      0.07103923094361063
-12.60845269336538088     17.39154730663420168
-7.60845269336685082     12.19539488392563342
10.39154730663494064     15.65949649906406727
 0.39154730663486481     15.65949649906411700
-17.39154730663604553     14.75364132293358743
 9.39154730663392101     -3.39306238419424533
 7.39154730663412884     -13.78536722960751959
-1.60845269336632724     -1.66101157662549359
 7.39154730663375759     10.46334407635674779
-17.39154730663653581     -15.02071199743151375
-3.60845269336645913      5.26719165365001896
12.52617668487217628     -15.58845726812180388
 2.39154730663404047     -12.05331642203885067
-4.60845269336609498     -10.32126561446999524
-1.60845269336624108     -5.12511319176327618
12.39154730663387838      5.26719165365014419
-9.47382331512795695     -15.58845726812263877
-1.60845269336514285     15.65949649906412233
17.39154730663482695     13.92744569149413891
15.39154730663487314     17.39154730663296533
 8.39154730663377890      5.26719165365010156
-4.60845269336641650      3.53514084608110135
13.39154730663486959     17.39154730663297954
-12.60845269336677887      3.53514084608089707
 8.52617668487214964     -15.58845726812229771
 0.39154730663398618     -12.05331642203889508
 7.39154730663381354     -3.39306238419428219
-6.60845269336637031     -3.39306238419445094
 3.39154730663366566      3.53514084608120438
 2.52617668487208924     -15.58845726812250376
15.39154730663438464     -6.85716399933177190
 9.39154730663431359     -13.78536722960747873
-3.60845269336612118     -8.58921480690110251
-11.60845269336647334     -1.66101157662550714
-12.60845269336357610     -17.39154730663503656
-0.60845269336533314     17.39154730663311454
 8.39154730663380199     12.19539488392563698
-0.60845269336632701      0.07103923094340968
 9.39154730663384285      3.53514084608120704
-13.60845269336685170      1.80309003851204830
 7.39154730663374959      3.53514084608122703
 5.39154730663373449      0.07103923094344301
-17.37648260501550013     16.86573110255719499
16.39154730663403114      8.73129326878793499
 1.39154730663368542      0.07103923094339815
11.39154730663396542     -3.39306238419418449
16.39154730663405601      1.80309003851252170
 2.39154730663377979     -5.12511319176326374
15.39154730663399029     10.46334407635679753
 9.39154730663642567     -17.39154730663610948
 9.39154730663407378     -10.32126561446970747
17.39154730663494419     -3.39306238419425865
-17.39154730663544512      4.86006481805217838
-17.36366685208176364     12.75383566231206700
-9.60845269336610031     -12.05331642203898390
-4.60845269336535068     17.39154730663332771
10.52617668487215319     -15.58845726812210941
 4.39154730663486959     15.65949649906413299
-17.39154730663445747      0.86585939335418571
 5.39154730663369897      3.53514084608116974
-17.28393338407714097      2.86296210570320886
-14.60845269336538621     17.39154730663554460
-10.60845269336691032     10.46334407635679753
-4.60845269336357166     -17.39154730663627646
-2.60845269336595820     -13.78536722960781802
-16.92585603196876320     -5.07902501239822790
-2.60845269336357166     -17.39154730663629422
 8.39154730663386950     -1.66101157662538235
 2.39154730663361992     12.19539488392561921
-5.60845269336661900      8.73129326878785506
16.39154730663407022      5.26719165365022413
 9.39154730663376824      6.99924246121898630
 4.39154730663390414     -8.58921480690097816
 6.39154730663373005      8.73129326878783907
 6.39154730663383930     -5.12511319176317670
-4.60845269336663055     10.46334407635674246
10.39154730663391213     -1.66101157662533749
 7.39154730663642567     -17.39154730663616633
-6.60845269336612873     -10.32126561447000590
-15.24598283808344590      9.87955065506660546
-7.60845269336604968     -12.05331642203892883
-16.93409918154015514      8.80704740987135182
-12.60845269337389318     10.46334407636087960
-9.60845269336665275      8.73129326878775736
 2.39154730663373272     -1.66101157662549159
-5.60845269336640673      1.80309003851221572
-10.60845269336623353     -10.32126561447011781
-3.60845269336515173     15.65949649906415786
-0.60845269336357211     -17.39154730663626225
 5.39154730663397697     -10.32126561446981405
-4.60845269336602126     -13.78536722960777361
-15.56990637089876373     -8.19844701025697731
 3.39154730663366211     10.46334407635674424
-9.60845269336685703     12.19539488392566895
17.39154730663492643     -6.85716399933179410
-0.60845269336620056     -6.85716399933216181
-3.60845269336639207      1.80309003851222882
17.39154730663484472      0.07103923094341999
-5.60845269336604613     -12.05331642203890041
-11.60845269336520502     15.65949649906455932
 5.39154730663368120      6.99924246121897298
-0.60845269336647922     13.92744569149444445
14.39154730663394233     12.19539488392565829
10.39154730663405424     -8.58921480690077566
11.39154730663395654      0.07103923094351465
-1.60845269336611207     -8.58921480690109007
 0.39154730663367182      1.80309003851230565
-1.60845269336601415     -12.05331642203890752
-3.60845269336655106      8.73129326878783196
-15.25163451035661488     -3.98495815129205466
-11.60845269336671848      1.80309003851205274
 2.39154730663367721      1.80309003851228322
-11.60845269336654972      5.26719165364990616
-10.60845269336641472      0.07103923094333753
10.39154730663400272     -5.12511319176308433
-3.60845269336634900     -1.66101157662552801
-15.57869667807264413     11.85168186284149527
-2.60845269336534091     17.39154730663338810
 4.39154730663404536     -12.05331642203873521
-8.60845269336640051      0.07103923094333361
 9.39154730663377713     10.46334407635674246
 9.39154730663395299     -6.85716399933195664
-4.60845269336620156     -6.85716399933220977
 1.39154730663362081     10.46334407635674069
-13.60845269336661545      5.26719165364987152
-11.60845269336622820     -8.58921480690121264
-13.60845269339812980     12.19539488391580662
 8.39154730663399029     -8.58921480690087158
-2.60845269336652130     13.92744569149448353
10.39154730663424253     -12.05331642203854514
-2.60845269336606078     -10.32126561446999702
 5.39154730663375936     -3.39306238419434258
-15.60686395946966876     -11.97361440450139192
-5.60845269336646268      5.26719165365001452
-8.60845269336661012      6.99924246121885663
-7.47382331512795783     -15.58845726812260502
-1.47382331512795783     -15.58845726812261745
-4.60845269336666252     13.92744569149441425
-3.60845269336652930     12.19539488392560500
 6.39154730663374870     -1.66101157662542631
 1.39154730663356085     13.92744569149446932
 7.39154730663371318      6.99924246121894456
 3.39154730663370207      0.07103923094340341
17.39154730663647896     -17.39154730663485182
-2.60845269336652485      6.99924246121893479
-5.60845269336672736     12.19539488392556947
13.39154730663642567     -17.39154730663561210
-5.60845269336516150     15.65949649906418983
-11.60845269336666519      8.73129326878775558
 4.39154730663373272     -1.66101157662547538
 1.39154730663474813     17.39154730663306836
 3.39154730663474879     17.39154730663324244
-15.60845269336525298     15.65949649906580987
13.39154730663412884     -3.39306238419415251
11.39154730663385706      3.53514084608127810
-17.39154730663650028     -3.13399759955841528
-1.60845269336648045      8.73129326878781598
-17.39154730663609172     -9.02405242523803430
-6.60845269336535068     17.39154730663338100
-7.60845269336664476      8.73129326878776091
 6.39154730663374249      1.80309003851231675
 0.39154730663358822      5.26719165365008557
 8.39154730663489978     15.65949649906402996
 4.39154730663373094     12.19539488392567073
 0.39154730663388859     -8.58921480690109185
-6.60845269336357077     -17.39154730663624449
-8.60845269336681618     13.92744569149457057
-17.37463550418754465     -1.13406910310212350
12.39154730663494597     15.65949649906402819
14.39154730663403825      1.80309003851247951
 2.39154730663486603     15.65949649906412411
15.39154730663642567     -17.39154730663538473
 7.39154730663477899     17.39154730663304349
-9.60845269336518548     15.65949649906450780
14.39154730663412707     -1.66101157662527399
10.39154730663382686      5.26719165365013886
-11.60845269336625485     -5.12511319176340407
-6.60845269336677354     10.46334407635671937
-14.98096328937043076     13.76033600084944908
 5.39154730663374515     10.46334407635676733
-8.60845269336535068     17.39154730663359416
12.39154730663394766      1.80309003851242777
11.39154730663388193     13.92744569149453859
12.39154730663401160     -1.66101157662533372
10.39154730663383219      8.73129326878789414
-10.60845269336623176     -6.85716399933230925
 6.52617668487213720     -15.58845726812234744
-5.60845269336624774     -5.12511319176335878
-14.99587765577642706      3.75749743916437096
-6.60845269336602126     -13.78536722960779137
-17.13949705060049666     -17.36575382220855346
 8.39154730663415371     -12.05331642203863041
-8.60845269336602570     -13.78536722960781979
16.39154730663438286     -5.12511319176288804
-15.56601195505024471      5.67702300554573025
-6.60845269336620511     -6.85716399933228349
 1.39154730663405179     -13.78536722960773453
14.39154730663431536     -8.58921480690062111
17.39154730663475235     10.46334407635662700
15.39154730663400805      6.99924246121906979
 1.39154730663642745     -17.39154730663621962
17.39154730663495130     -10.32126561446934865
-10.60845269336645202     -3.39306238419439987
 3.39154730663397563     -10.32126561446989754
11.39154730663642567     -17.39154730663582882
-6.60845269336673713     13.92744569149444622
-15.47382331512795695     -15.58845726812287857
-13.60845269336625840     -5.12511319176343072
-11.47382331512795695     -15.58845726812272936
11.39154730663439707     -13.78536722960736327
 4.52617668487211233     -15.58845726812240962
-0.60845269336604302     -10.32126561447001123
-7.60845269336625041     -5.12511319176339963
-0.60845269336595786     -13.78536722960783223
-12.60845269340953934      0.07103923091852297
14.39154730663395831      5.26719165365021968
 0.39154730663353077     12.19539488392556592
-17.39154730663532433      6.86006481805217749
-10.60845269336666519      6.99924246121886195
14.39154730663504189     15.65949649906397312
 7.39154730663401960     -10.32126561446977853
13.39154730663389969     10.46334407635677088
-7.60845269336516417     15.65949649906430352
-13.60845269341305475     -1.66101157664977439
17.39154730663492643     17.39154730663270954
 4.39154730663367587      5.26719165365007580
-14.92759437100639097     -10.09249962166942005
12.39154730663431536     -12.05331642203838172
 1.39154730663375381     -3.39306238419438122
-6.60845269336654262      6.99924246121893301
17.39154730663545223     -13.78536722960665450
-4.60845269336637742      0.07103923094333457
-12.60845269336826568     -3.39306238419336248
-12.60845269336623531     -6.85716399933230036
-14.60845269336357610     -17.39154730663652160
-8.60845269336686236     10.46334407635675490
-10.60845269336605767     -13.78536722960789263
 0.39154730663370119     -1.66101157662548826
-15.29656903682326607      7.65879002359234473
-17.30982787199095085     -13.02238221133483265
-0.60845269336648300      6.99924246121893656
 4.39154730663368387      1.80309003851229588
13.39154730663402582      0.07103923094355442
12.39154730663407378     -5.12511319176300173
-13.60845269336624419     -8.58921480690117711
-11.60845269336620156     -12.05331642203902831
-0.60845269336625629     -3.39306238419439010
-0.60845269336636909      3.53514084608118129
11.39154730663383575      6.99924246121901117
16.39154730663537052     15.65949649906344376
 6.39154730663405068     -12.05331642203868370
11.39154730663483406     17.39154730663300796
-8.60845269336622287     -6.85716399933229326
-2.60845269336620156     -6.85716399933217691
15.39154730663428161     -3.39306238419406281
-5.60845269336639252     -1.66101157662556020
-10.60845269336536312     17.39154730663372206
-13.60845269338793173     -12.05331642202663645
 3.39154730663363280     13.92744569149449774
-1.60845269336643915      5.26719165365002873
-13.60845269336666519      8.73129326878779821
10.39154730663391213      1.80309003851236849
-15.28267421497841205     -6.21918005286961950
-12.60845269339106522     13.92744569148064571
-14.64924652424011065     -13.76555851180979850
14.39154730663395654      8.73129326878792433
-10.60845269336662966      3.53514084608097257
 3.39154730663375403     -3.39306238419436657
13.39154730663454096     -13.78536722960717142
 8.39154730663375403      8.73129326878786038
 9.39154730663481452     17.39154730663297954
-10.60845269336681618     13.92744569149459899
16.39154730663480919     -12.05331642203814546
16.39154730663434734     -1.66101157662518162
-9.60845269336641472      1.80309003851221727
-8.60845269336618379     -10.32126561447005564
-13.60845269336522634     15.65949649906461616
11.39154730663418214     -10.32126561446957957
-8.60845269336357077     -17.39154730663628001
-9.60845269336625307     -5.12511319176340763
-13.47382331512795695     -15.58845726812138111
16.39154730663475590     -8.58921480690057848
 3.39154730663368120      6.99924246121899873
 8.39154730663378245      1.80309003851235694
13.39154730663420878     -6.85716399933180210
-7.60845269336640673      1.80309003851222194
-2.60845269336641161      3.53514084608113555
-2.60845269336630459     -3.39306238419439010
14.39154730663429049     -5.12511319176294844
14.52617668487219937     -15.58845726812156407
16.52617668487220115     -15.58845726812088373
-3.60845269336602126     -12.05331642203889686
-12.60845269336639518     -10.32126561447014801
-3.60845269336624108     -5.12511319176330993
-8.60845269336641827      3.53514084608110135
 1.39154730663381465     -6.85716399933217158
 2.39154730663361237      5.26719165365011044
 5.39154730663386150     -6.85716399933207210
-4.60845269336633923     -3.39306238419441408
15.39154730663482518     -13.78536722960703820
13.39154730663436865     -10.32126561446952984
 7.39154730663393966     -6.85716399933202148
14.39154730663456583     -12.05331642203829645
10.39154730663381621     12.19539488392564763
 6.39154730663367676      5.26719165365006781
17.39154730663468840      6.99924246121879712
 8.39154730663389792     -5.12511319176311098
15.39154730663415016     13.92744569149442135
 1.39154730663396076     -10.32126561447000057
-11.60845269336687480     12.19539488392572757
13.39154730663395299     13.92744569149455991
-9.60845269336640939     -1.66101157662554444
-0.60845269336651930     10.46334407635671759
12.39154730663386594     12.19539488392564230
-9.60845269336653374      5.26719165364992925
-17.39154730663365456     -11.02405242523803430
