374    36.86020980370000188
-12.17100396377234262     -14.57114824834814115
 6.93415877450618279     -13.47124000097901231
 7.14297548508495872     16.70513460713582532
-17.43010490184395067     -3.45339748346067132
15.69804374731627661     11.56987717650452296
-10.43967726748184255     -3.56989509815580597
-6.97557565234491506      2.43010490184541839
-8.70762645991385753      3.43010490184530425
10.50180315824495914     -1.43027554770794874
10.98522787167725490     17.13610696084194274
-0.04737242206782472      8.43010490184915362
-5.24352484476341196     -12.56989509816162354
-0.04737242206799762     10.43010490184915895
17.43010490184579098     -9.43010490186062533
13.96599293977039835     -5.43012282349621334
12.23394213219993887     -12.43012282350104059
-0.04737242206737138      0.43010490184913552
-12.17172807504981336     -8.56989509815654493
-1.77942322963096933     -10.56989509815155870
 1.68467838551281002     -2.56989509813147610
-15.63582969018999691     13.43010490184495076
 6.93415877450036877     -1.47124000097885754
-3.32184015094664886     -16.77825130505367568
17.43010490184598282     -11.43010490186063066
-1.77942322963695410      9.43010490184871664
-15.63582969018734481     -14.56989509815701567
 1.68467838551275051     -0.56989509813138817
-10.43967726748022073     -13.56989509815635131
-5.24352484477064973     -10.56989509815554307
-6.97557565234311383     -7.56989509815519401
 5.14878000066311969     -12.56989509811940842
-8.70762645991144346     -12.56989509815614525
10.50180315824491117      0.56972445229225410
-8.70762645991331397     -2.56989509815517492
 5.14622528127842571     15.43451680982087915
10.50180315814420950     12.56972445229339286
12.23394213219817495      3.56987717649896918
-12.17172807505009402     -6.56989509815640194
-0.04737242205121702     -11.56989509815092809
-4.60522222456421026     -15.24432482274851175
-17.43010490184446937      4.54660251653937131
-12.17172807505172294      5.43010490184510974
-13.90377888261968309     -1.56989509815594297
 6.93415877450014939      2.52875999902114890
 3.37362727864640322     -15.56943060043163207
 6.93415877450087059     -9.47124000097899810
-10.43461913916443962     -15.56988870198061115
-8.61649750841315942     -14.72876120483742390
 3.41672919308820777      4.43010490188058448
-6.97557565234428623     -3.56989509815493866
-0.04737242205058528     -13.56989509815104178
-13.90377888261941308     -3.56989509815634909
 3.41672919308823575     -3.56989509812013361
 3.41672919308726630     -9.56989509812333239
 1.52525139346745053     -14.80555457181905332
-6.97557565234501453      4.43010490184543926
 5.14878000065735097     -0.56989509811934447
-12.17172807505194676      9.43010490184511774
13.96599293952213294     12.56987717674948968
-10.43967726748256020      0.43010490184516798
17.43009724353716194     -17.43010490184632033
 5.14878000065765473     -6.56989509811938266
-17.12575677534409735     -17.43010490184517280
-6.97557565234511223      6.43010490184546057
 5.14878000065659602      9.43010490188093620
17.43010490184619954     -13.43010490186079586
12.14622986790806891     -16.58204492234917993
-0.04737242206726711     -1.56989509815087525
-6.97557565234204713     -13.56989509815525707
 4.55376694063852039     -17.18413502483666733
-11.16919091221485694     -17.43010490184515859
 1.68467838551288107      9.43010490186994232
-1.77942322963682331      7.43010490184871664
-0.04737242206717095     -3.56989509815088812
 6.93415877438391437     12.52875999902133941
15.69804374733898911      3.56987717650444702
12.23394213219806659      5.56987717649900116
17.40019468021515792     16.64733905088473875
 3.41672919308773926     -7.56989509812147254
-0.04737242206700330     -5.56989509815089612
17.43010490184534333      0.56989509813964767
-3.51147403720535145     12.43010490184988015
 0.56894986604337550     -17.43010490184425265
-7.21263016793690781     -17.43010490184562045
-13.90377888261715533     -15.56989509815636374
-17.43010490184402528     -5.45339748346068287
-13.90377888262077910      8.43010490184501293
-13.90377888262058548      4.43010490184498273
-5.24352484477625769      7.43010490184561601
15.69804374734071040     -14.43012282349587672
-3.51147403720404583     14.43010490185304562
10.50180315824507815     -3.43027554770797050
 1.68467838551298876      7.43010490186982775
-12.17172807504956111     -10.56989509815661421
-17.43010490184530425     14.54660251654033765
-1.77941501028203319     17.43010490183615602
-5.21263016793690781     -17.43010490184514794
 9.00695458148581807     17.43010490184694206
-17.43010490184363093     -11.45339748346082054
-17.43010490184381212     -9.45339748346070152
-13.90377888261843431     -13.56989509815636374
-1.77942322963493837     -8.56989509815153561
 8.70759955276813891      3.45337224530401565
13.96599293977149614     -13.43012282349641318
-8.70762645991443485     13.43010490184533801
-6.97557565234533428     10.43010490184546235
 8.70759955277427444     -12.54662775469610025
-12.17172807505041909     -4.56989509815633888
12.23394213219843252     -0.43012282350103093
 1.68467838551256821     11.43010490187021411
-6.58452748734864457     -15.53129289887169762
12.23394213219772553      7.56987717649900560
-17.43010490184478201      8.54660251653950809
 3.41672919309950629     -13.56989509812853889
10.50180315822650279     10.56972445229303581
-9.19091054007584773     -17.13615461827743403
12.23394213217988202      9.56987717649900915
-10.43967726748279112      4.43010490184520567
-10.43967726748052449     -11.56989509815634243
10.50180315824482236      2.56972445229230395
-17.43010490184511596     -15.45339748346089870
-6.97557565234546129     12.43010490184546768
-12.17172807505152221      1.43010490184503247
-13.16919091221485694     -17.43010490184526873
17.43010490184507333      4.56989509813966688
12.23394213219886417     -6.43012282350103170
10.50180315824468202      6.56972445229252777
-17.43010490184489569     10.54660251653956138
-8.70762645991406004      7.43010490184533801
13.96599293977441114     -15.43012282350035314
-3.51147403719962892     -11.56989509815205608
-13.90377888261929229     -5.56989509815635397
15.69804374733948116     -4.43012282349562003
12.23394213220513294     -14.43012282350104769
 1.68467838551292548      3.43010490186930106
 6.93415877450001972      4.52875999902115733
 6.94205304978895299     -15.47122442102277873
-5.24352484477702685     15.43010490184594374
 3.41672919308816869      2.43010490188032735
15.69804374733921826     -0.43012282349557324
-8.70762645991417195      9.43010490184533801
10.33493356857970902     -17.43010490184691008
-6.97557565234564159     14.43010490184548900
15.69804374733864094      5.56987717650447767
-0.04737242206852672     12.43010490184916428
 8.71549382805710948     -14.54661217473985602
-17.43010490184535399     12.54660251654008718
-6.97557565234185706     16.43010490185319838
-10.43967726748139668     -5.56989509815608752
-13.90377888262103134     12.43010490184501471
15.69804374725982399     13.56987717650452474
-5.24352484477615821      5.43010490184559380
17.43010490182818728     10.56989509814012429
 1.68467838551283222      1.43010490186894179
-6.97557565234484223      0.43010490184537714
-13.90377888262065831      6.43010490184500849
-10.43967726748353186     16.43010490184525452
 6.93415877449950813      8.52875999902122395
13.96599293977007683      0.56987717650397041
-8.70762645991364259     -0.56989509815476735
-3.51147403718839701     -13.56989509815206318
-3.51147403720530793     -1.56989509815154737
-15.63582969018985303     11.43010490184491523
-1.77942322963613386     -4.56989509815133399
-17.43010490184460437      6.54660251653945036
-13.90377888262113260     16.43010490184524741
-3.51147403720551399      2.43010490184846351
 3.41672919308824330     -1.56989509811993000
-3.51147403720353024     -9.56989509815203654
17.43010490177164584     12.56989509814015271
 6.93415877450148077     -11.47124000097900698
-0.04736896373399914     14.43011089188119556
-15.63582969018789193     -8.56989509815665684
-0.04545851850954518     16.43341288778283271
15.69804374733863561     15.56987717650452474
-8.70762645991281481     -4.56989509815554573
-12.17172807505208532     11.43010490184511774
 8.70759955276957420     -10.54662775469609670
 1.68467838551722204     -10.56989509813301176
 3.41672919308808254      6.43010490188059514
12.23394213209733827     11.56987717649902514
 3.41672919308816336     -5.56989509812044581
-3.51147403720412576     -7.56989509815203032
 3.48413876381180687     16.54693729753066123
-1.77942322963671540      5.43010490184871308
12.23394213219903826     -8.43012282350103170
10.50180315824519894     -5.43027554770799803
-10.43967726748325120     12.43010490184521544
-1.77942322963714572     11.43010490184871664
12.23394213219860305     -2.43012282350103082
10.50180315824607113     -11.43027554770831600
 5.27899638869258503     17.43010490184689232
15.69804374733933017     -2.43012282349560715
-12.17172807505116161     -0.56989509815531358
 5.14878000065006258     11.43010490191190343
-13.90377888262044337      2.43010490184495787
 3.41672919309268197     10.43010490188964390
 8.43675879195860823     -16.80007909491506268
-15.63582969018905366      1.43010490184446293
15.69804374733908681      1.56987717650443348
-10.43967726748311975     10.43010490184521544
14.96350116186893509     17.43010490184663652
-15.14747384377947981     -17.13617184368375845
13.96599293976989031      4.56987717650407532
13.96599293976995249      2.56987717650398828
-15.63582969018975000      9.43010490184491523
 8.70759955276755626      9.45337224530401521
 6.93415877449985629      6.52875999902116089
-10.43967726748338798     14.43010490184522787
-13.90377888262115391     14.43010490184502359
 5.14878000065754637     -4.56989509811938266
-1.77942322963559274     -6.56989509815140948
-15.63582969018804647     -6.56989509815663730
-6.97557565234259513     -9.56989509815525707
10.50180315824531796     -7.43027554770809573
 5.13799045532735832     -14.59197624731318932
-15.63582969018939295      3.43010490184484995
-17.43010490184378369     -7.45339748346068376
 1.68467838548742410     13.43010490187155348
12.23394213219831173      1.56987717649896896
-5.24352484477662983     13.43010490184572170
-13.90377888261900630     -7.56989509815635486
 3.41672919276049436     14.43010490238390631
13.96599293975883249      8.56987717651407976
 6.53858401523342003     -17.43010490184734351
 6.93415877450025508      0.52875999902114745
-10.43967726748064351     -9.56989509815632466
 8.70759955276849595     -2.54662775469604030
-2.22809196357080852     -15.10382158045720224
-0.04737242206642140     -7.56989509815090411
-5.24352484477514569     -4.56989509815449235
-10.43967726748224223     -1.56989509815525285
13.96599293977051559     -7.43012282349623199
 3.41672919308822376      0.43010490188022310
-12.17172807505077081     -2.56989509815588990
17.43010490184531136      2.56989509813966510
-8.70762645991098694     -10.56989509815613282
13.96416534262301568     14.57303600747697914
15.69804374733427288      9.56987717650450165
 6.93415877447981899     10.52875999902133941
13.96599293977016032     -1.43012282349609987
-15.63582969018759172     -12.56989509815684158
 1.68969707299464611     17.43010476075249571
-1.77942322961977406     -12.56989509815156403
-15.63582969018774271     -10.56989509815680073
-3.51147403720514939     -3.56989509815157202
-3.51147403720583196      8.43010490184848926
13.96599293977061329     -9.43012282349638298
-15.63582969018866997     -0.56989509815606088
 8.70759955276893827     -8.54662775469609670
13.96599293976956524      6.56987717650413394
13.96599293977083711     -11.43012282349641140
10.49701133097573269     14.56971871188342327
-13.90377888262090345     10.43010490184501471
 1.68468178965696680     15.43011104733254513
-1.77942322963629551     -2.56989509815131445
-6.97557565234522414      8.43010490184546057
 2.56894986604338227     -17.43010490184527583
 5.14878000065841768     -10.56989509811939598
-10.43967726748300962      8.43010490184521366
-8.70762645991394990      5.43010490184533801
-12.17172807505183307      7.43010490184511418
-5.24352484475347858     17.43010490184597927
17.43010490184537531     -1.43010490186040751
-3.51147403720572626      6.43010490184848127
 8.70759955276862208     -4.54662775469606917
-3.51147403720561879      4.43010490184847239
 1.68467838551327143     -8.56989509813218575
 1.68467838551293747      5.43010490186951156
-13.90377888261880024     -9.56989509815635486
-0.04737242206747802      2.43010490184913941
-1.77942322963362698     15.43010490185303496
-8.70762645991193907     -8.56989509815601913
17.43010490184678218     -15.43010490186087758
-6.97557565233974497     -11.56989509815525707
 8.70759955276800746      5.45337224530401610
12.22897420234204269     15.56987100640917632
-8.70762645991240980     -6.56989509815590988
15.69804374733969610     -8.43012282349570974
12.23394213219872739     -4.43012282350103170
-17.43010490184436634      2.54660251653934200
 5.14878000065724084      1.43010490188066486
-10.43967726748105918     -7.56989509815632378
 8.70759955274893471     11.45337224530401521
13.96599293972977129     10.56987717653205472
13.96599293977029888     -3.43012282349614850
-3.51147403720540918      0.43010490184845268
-5.24352484477644154     11.43010490184571459
 6.93415877450058460     -5.47124000097891106
10.50614023363105787     -15.43744630644176752
-1.77942322963649580      1.43010490184870753
 8.70759955276875530     -6.54662775469609226
-1.43105013395662506     -17.43010490184583006
 1.68467838551278803     -4.56989509813170081
-6.97557565234470278     -1.56989509815467820
 5.14878000065744867     -2.56989509811936179
17.43010490184574834     -7.43010490186055517
15.69804374734017749     -12.43012282349574704
 3.41672919308790979      8.43010490188059691
17.43010490184549965     -3.43010490186043659
-1.77942322963640254     13.43010490185090511
15.69618641841465667     -16.43333342715038015
-3.51147403720474705     -5.56989509815187134
10.50180315824995603     -13.43027554771056664
 5.14878000065704367      5.43010490188074080
-12.17172807504934440     -12.56989509815668882
-12.17172807505233045     15.43010490184511774
-1.77942322963660371      3.43010490184870998
-17.43010490184327566     -13.45339748346089515
17.43010490184557426     -5.43010490186054184
-0.04737242206759189      4.43010490184913941
 8.70759955276836806     -0.54662775469599845
17.43010490184480688      6.56989509813999106
 5.14878000065715735      3.43010490188070927
-5.24352484477604985      3.43010490184559114
-17.43010490184522965     16.54660251654037495
-3.51146997649564785     16.43011193518352187
17.43010490184560624     14.56989509814028416
-8.70762645991428563     11.43010490184533801
-15.63582969018996494     15.43010490184514438
-5.24352484477399017     -8.56989509815476858
-15.63582969018961499      7.43010490184491434
-12.17172807505164300      3.43010490184509598
-13.90377888261860306     -11.56989509815635486
 5.14878000065782349     -8.56989509811938355
 3.41672919309028700     -11.56989509812585837
15.69804374733958063     -6.43012282349569020
 5.14878000333099095     13.43010490753050767
-15.63582969018833424     -2.56989509815637351
-5.24352484477596015      1.43010490184555339
-17.43010490184422068      0.54660251653934167
-1.77942322963639099     -0.56989509815130290
-5.24352484477585978     -0.56989509815444661
-0.04737242206769401      6.43010490184915273
-8.70762645991376161      1.43010490184530425
 5.14878000065690511      7.43010490188079320
 8.70759955276784581      7.45337224530401610
-8.70762645991500506     17.43010490184592598
-10.43967726748272007      2.43010490184516970
-12.17172807505233756     17.43010490184539663
 8.70759955266633057     13.45337224530403120
-10.43967726748290126      6.43010490184520922
-12.17172807505221144     13.43010490184511774
-0.04737242206232350     -9.56989509815092809
-8.70762645991456807     15.43010490184540373
10.50180315824544763     -9.43027554770829113
-5.24352484477452929     -6.56989509815467265
12.23394213163726896     13.56987717649903225
 6.93415877450070361     -7.47124000097891372
-0.29793467740433416     -15.62774223347490299
12.23394213219928339     -10.43012282350103881
10.50180315824474775      4.56972445229242030
13.95752616371177801     -17.43010490184583361
 1.68467838552599547     -12.56989509813652361
 3.41672919324723479     12.43010490219972120
-15.63582969018823121     -4.56989509815645345
 1.68467838551284066     -6.56989509813190153
17.43010490184154904      8.56989509814004258
-13.90377888262012540      0.43010490184454259
-17.43010490184408923     -1.45339748346066444
-3.51147403720595230     10.43010490184850703
 8.70280772549093662     15.45336650489389285
-15.63582969018951729      5.43010490184491346
 6.92936694722262470     14.52875425861124548
15.69804374733987729     -10.43012282349572217
15.69804374733837449      7.56987717650450076
-5.24352484477636782      9.43010490184561689
-6.97557565234367605     -5.56989509815509454
12.96350116186893331     17.43010490184527228
-5.24352484477569014     -2.56989509815444661
 8.70759955276824726      1.45337224530401299
 6.93415877450047446     -3.47124000097887908
10.50180315824460031      8.56972445229299318
-15.63582969018997382     17.43010490184531136
