379    37.16335809710000149
 8.92142501069704608     -5.41832095146380421
-17.58167904854543906     -4.19558331028563458
 8.92142501069849558     -1.41832095146229187
 0.35360668681561869     -12.55227275322194380
 7.18937420313142006     11.58167904854325769
 3.72527258799271888      7.58167904854232333
-17.15644043488456560     -0.24131308295003176
-8.40093969659035622     16.58489998568789403
 1.99322178042508780     10.58167904854399843
-15.41247634182487047      0.73776262511266744
-3.20293064230998104     -4.41832095145375003
 5.45732339556282398     16.58167904854426311
-6.72333149159303112     -2.31375611282289695
-15.83771029187290225      8.69203285244302037
-4.93498144985538900     -1.41832095145330905
 3.72527258798678407     -8.41832095145768555
12.38552662583588848      2.58167904854006958
 0.26117097285327701      1.58167904854317420
-13.57318163903258501     -17.58167904854560604
 5.45732339556290480     12.58167904854389008
12.38552662583660968     -11.41832095149183068
 5.45732339556251933     10.58167904854330033
 5.45732339556173773      8.58167904854207819
14.16737664386422679     -14.50000000001815081
 3.72527258799459648     17.58167904854549946
 1.99322178042575837     16.58167904854533248
-8.56667969956148490     -11.48563318672522726
17.58167904854574459     -0.41832095145456760
-1.57318163898875496     -17.58167904854627039
-10.13113039281108385     15.58168507615362230
 0.26117097285559948     11.58167904854426133
-8.45538887046564902     -7.31375611259417102
-1.47087983471442674     10.58167904854475516
14.11757743340430515      1.58167904853927133
 8.92142501069747240     -3.41832095146283743
-1.47087983471508754      4.58167904854408636
 3.82461041404911528     -14.58213058961935182
-1.47087983471957462     -7.41832095146252790
14.11757743340505478     -10.41832095149106863
-1.47087983471652040     -1.41832095145593584
-4.93498195559861497     16.58167992452892037
-3.20293064229596958      1.58167904854624841
-14.07922436540073363     -4.26376899977969614
-15.83771495548645092      6.69203285244845780
-4.93490155403064357     -9.41847562124069526
 1.99322178042485909     12.58167904854400021
-17.58167904854090224      9.71295714437478708
-15.83771495548656105      2.69203285244845825
-3.20293064228140167     13.58167904854624730
-12.25072223760055934     -11.51892611440569070
-6.72333149159153187      3.68624388717721674
15.84962824097448220     10.58167904854102126
 5.45732339555736612     -5.41832095145894854
-11.91948739443080463     -1.31375008505276347
 8.92142501069860039      4.58167904854091823
17.58167904854563446     15.58167904854549946
 1.99322178041420717     -7.41832095146397918
 0.26117097285542062      7.58167904854410857
 7.18937420312908859     -0.41832095145969744
-8.57318163903275199     -15.84962824097779510
12.38552662583700048     10.58167904854150976
17.58167904854591157     11.58167904854548169
 2.06887661203327688     -17.58167904853952024
-7.57318163902755259     -14.11757743340247551
15.84962824097200773     -1.41832095146282255
-4.92078728729246251     -11.41887175882262362
17.58167904854307295     -14.41832095149291426
-14.07922436540448530      3.64477145489590937
 1.99322178042153442     -9.41832095146408932
-13.69868636766419279     -6.22723298780664081
12.48512504675282919     -17.58167904854449759
-11.92361687069821485     -3.31374617009710093
-7.14857010525032255      7.64051411451406448
-15.57318163903259212     -17.58167904854717989
-10.18743658677720454     -0.31375008519911601
-17.58167904854595420     17.58167904854681396
-3.20293064228118540     17.58167904854625974
12.38552662583730068     12.58167904854203201
-17.58167904854581920     -12.12251128633872455
-17.07349826669289072     15.64731809646077565
 3.72527258798912708     -4.41832095145768289
-11.91948739442195304      0.68624991495250931
 2.09765770929234430     -11.57335190300069883
-13.57318163903054575     -14.11757743340642790
 0.26117097284618573     -8.41832095146799020
-4.93498144987936538     -3.41832095145397741
-8.45538229929045571      4.68624388740576503
14.11757743340355731     -0.41832095146185322
-6.66703225742019168     13.58167904854674823
 5.45732339556011947      0.58167904854142294
-4.93498144985208143      6.58167904854687791
 0.26117097285606955      9.58167904854424357
 5.50712260603309556     -9.49999999999517186
 5.45732339556133539      6.58167904854177443
-3.20293064228284052      7.58167904854624730
 3.72527258799398009     15.58167904854419561
-15.83771495548639763     12.69203285243758295
 0.26117097285336982      3.58167904854320218
17.58167904854585828      1.58167904854545371
10.65347581826705792     -2.41832095146405690
10.75307422611399488     -16.58167907118229678
17.58167904854395402     -16.58167904854323282
 7.18937420312991637      5.58167904854125485
 5.45732339556268098     14.58167904854389008
 3.82461039000606684     -12.58213058961916886
-1.47087983471184591     16.58167904854641961
15.84962824097505951     14.58167904854220609
 8.92142501069937133      0.58167904853788377
-10.18743658694432064     -2.31375008519911551
-10.61267520042501999      5.64052014213671971
-15.35050993294467325     14.63178316266057699
 2.09237867409179312     -15.58181714003661789
 0.24784750026923319     -16.75472501341237574
 8.92142501069826999      2.58167904854074370
 7.18937420312678555     -4.41832095145971149
-17.58167904851703156      3.71295714438560154
 0.26117097285668012     15.58167904854568064
 2.09173217453166593     -13.58165391800220512
 0.34576360674352785     -10.55228813175703273
-10.57318163903275199     -15.84962824097638112
-3.20293064228356839      5.58167904854624730
-11.94356500557844747     -7.31360514689447250
 3.72527258799360173      9.58167904854336960
14.11757743340559301      9.58167904854100883
-11.86319141464643856     12.58169057044336014
-3.20293064229381574     -8.41832095145374915
14.11757743340747950     17.58167904854493102
-4.93498145013747447     -5.41832095145406445
-17.58167904854711594     -14.12251128633877073
14.11757743340519689      5.58167904854031605
-1.47087983471206685     14.58167904854545505
-11.57318163903258501     -17.58167904854540353
14.11757743340542781      7.58167904854063934
-8.45538229931655927     -5.31375611259774061
15.84962824097221024     -5.41832095149031812
-1.47087983472164785     -5.41832095146055970
-17.58167904854605723      5.71295714438560065
 8.92142501069891303      6.58167904854107011
-3.20293064228625424     -0.41832095145375109
-3.20293064228521995      3.58167904854624775
-4.93498144985123854     12.58167904854687791
 8.92142501070991933     -7.41832095146628667
15.84962824097359579     -17.58167904854341046
 3.72527258799377980     13.58167904854393093
-13.65398575175685636     -2.30949877244002932
 1.99322178042289289      4.58167904854271324
-4.93498144985544052     10.58167904854687791
 5.55692182648138377     -15.58167907286425802
-1.47087983471299211     12.58167904854476760
 0.26117097285020008     -2.41832095145967241
-6.66703326893183768     17.58167904854666830
10.65347581637453800     -8.41832095476547515
 1.99322178041975673     -1.41832095146029791
17.58167904854430930     17.58167904854549946
15.84962824097244649     -7.41832095149047799
 3.72527258799015648     -2.41832095145768289
-10.18743658676703667     -4.31375008519911507
 5.55660395918082006     -17.58167904760507483
-1.38628720082960766     -9.55228813176438507
15.84962824097248557      0.58167904853806052
 5.45732339555956170     -1.41832095145857973
-8.39908306513576619     14.58167904880346200
-8.39908306519093451     10.58167904879996257
-14.07921965521570584      9.64477145489067667
 5.45732339556090285      4.58167904854148134
-12.34472365273294514     10.64052424419790910
 7.18937420313158171     17.58167904854447983
-10.18760276251921049     -10.31346220280888737
-3.17635730704278263     -14.41823668533767488
-11.91948739445935601     -5.31375008498532342
-3.20293064228522129      9.58167904854624730
10.65347581826812551     -0.41832095146359066
-15.41247634182692394     -1.26223737488733212
 3.72527258799068806     -0.41832095145768300
 1.99322178042202958      0.58167904854270003
-17.20114105080839195     -8.15904729831217246
17.58167904854303032     -12.41832095149156068
-10.21151419813079642     -8.31360514710540777
-15.83771495548515773     -3.21650760222387477
17.58167904854592933      7.58167904854547903
15.89942745143275182     -15.50000000001876010
 5.45732339556054669      2.58167904854142405
-15.83771495548108632     10.69203285243758295
12.38552662583641606     -1.41832095146486292
14.11757743340616322     13.58167904854206220
10.65347581637703911     -10.41832095476551956
 7.18937420312963749      1.58167904854031804
12.38552662583627040      4.58167904854037822
14.11757743340275795     -6.41832095149065562
-13.65398575174494233     -0.30949877244002938
14.11757743340512761     -12.41832095149245241
 7.18937420313175579     13.58167904854394159
-3.20293064228272506     11.58167904854624730
-13.65398575174292262      1.69050122755997112
-14.57318163903275199     -15.84962824097437384
-9.57318163903149966     -14.11757743340819538
-8.39908306513613923     12.58167904880148136
 5.45732339556229107     -7.41832095146906934
 5.45732339555853496     -3.41832095145858705
14.11757743340483096     -2.41832095146577242
-4.93498144985476639      8.58167904854687791
10.65347581826946488     15.58167904854420271
-4.93498145001871613      0.58167904854670605
 5.50710200236410241     -11.50001109094619700
15.84962824097429035      8.58167904854069796
 7.18937420313032760      7.58167904854157637
17.58167904854202135     -8.41832095148962800
 7.18937420312808406     -2.41832095145969994
-12.34472600808327947      4.64052014229152654
15.84962824097366152     -9.41832095149057480
10.70327502872652303     -12.50000000001806022
-5.42090532967184302     -14.00752321640241504
-17.58166873672296404     -17.58166525703060401
 0.26117097285430152      5.58167904854320884
-3.20293064229454316     -6.41832095145375003
-14.07922436539569588     11.64477145488515397
-17.58167904854604657     11.71295714437478530
 7.18937420313724740     -8.41832095145972481
-6.72333149176006017     -0.31375611282288546
-1.54967955017085601     -15.58181714035830545
-8.45538229929737994     -9.31375611260255809
 8.92142500004862349     -9.41832096993718793
-1.47087983472102679     -3.41832095146054771
 7.18937420312958864      3.58167904854113850
-11.91948739442056038      2.68624991495354548
14.11757743340685778     15.58167904854338026
12.38552662583392028     -9.41832095149181647
-13.59278216993824451     15.58592838806215219
-6.72333149160287391      1.68624388717711593
 1.99322178042458509      8.58167904854361119
14.11757743340489846      3.58167904853994123
-4.93498144984991516     14.58167904854687791
-3.18908230738994902     -10.41827300678417423
-14.07922436537009148      5.64477145489610965
 3.72527258799154248      3.58167904854231756
 8.92142501070060945     14.58167904854413699
12.38552662583532893      0.58167904853932084
-17.58167904854700936     -6.19558331028563369
17.58167904854597197      5.58167904854546748
12.43532582324163727     -15.50000002262551924
-6.66703225742471250      9.58167904854504471
-13.77691344094422554     -10.22635487426594203
15.84962824097448575     -13.41832095149213799
-13.72276397878348142     -8.22708804971557583
10.65347581826726397      3.58167904854054164
15.84962824097336132      2.58167904853921382
-8.45538229946588338     -1.31375611259737224
-1.47087983471377437      6.58167904854465924
 3.72527258799113392      1.58167904854231689
-4.93498144986319343     -7.41832095145415771
-12.57318163903275199     -15.84962824097661027
-13.72308681749928461     17.58167904854660435
 0.27134956289899376     -14.75486310491304387
-10.18743658676354258      3.68624991480088271
 7.28882096814096681     -16.58194171993243060
 3.82325001919954222     -16.58391660311622928
10.65347581826783063      7.58167904854101238
-12.34472600808017617      6.64052014234645416
-15.83771495548561070     -5.21650760222387433
17.58167904854593999      9.58167904854548169
14.11757743340588256     11.58167904854150265
-4.57318163903275199     -15.84962824097881828
-6.66703225747320261     11.58167904854504826
10.65347581826913625     13.58167904854332342
-6.57318163903275199     -15.84962824097443956
-15.83771495545694385      4.69203285244845780
-15.48125456886866935     -9.17982665215951776
 1.99322178042349485      6.58167904854271502
-10.61267520038510526      7.64052014213671882
-10.13113735258992598     13.58168507616573173
10.65347581826912737     17.58167904854421337
17.58167904854184371     -4.41832095148804083
 8.97122421926728819     -11.50000000329225003
-12.34472600811563936      8.64052014234773047
-6.70943716121246769     -12.31370784913532468
 5.55692180555919180     -13.58167906745519993
-15.65238293301984207     17.05459603929915602
-6.72333149187786816     -6.31375611282325266
 7.18937420313152220     15.58167904854395225
-11.92956372158726985     16.69665085280622563
17.58167904854239438     -10.41832095149092829
-1.35532819521323789     -13.59128265162764038
-5.57318163903249353     -17.58167904854784425
10.65347581826692647      1.58167904854017394
 9.02102340255457946     -17.58167904854436259
 1.99322178041860920     -3.41832095146049042
17.58167904854769148     -2.41832095145456893
12.38552662583651021      6.58167904854066776
 1.99322178042507248     14.58167904854424712
 0.26117097285726371     17.58167904854604302
-16.57318163903275376     -15.84962824097820011
-15.68068634682142104     -13.49653165325574555
17.58167904854212438     -6.41832095148852577
-4.93498144985383647      4.58167904854674912
-4.93498144986493159      2.58167904854670649
 3.72527258798771399     -6.41832095145768555
12.43532583629503918     -13.50000000001868727
-1.38235234266415485     -11.55907274921078276
-11.57131879984773271     -13.99712818243622614
12.38552662583673758      8.58167904854096442
-11.99118401285028490     -9.31898540964142263
-9.57318163903256547     -17.58167904854686370
12.38552662583846953     16.58167904854442298
14.11757743340292670     -8.41832095149080573
14.11757743341688531     -4.41832095146682224
-6.66703225741877148     15.58167904854691521
 0.26117097285287882     -0.41832095145683301
-17.58167904854697383      1.71295714438560220
 7.18937420312580677     -6.41832095145971504
-17.58167904854694896     -10.12251128633872455
15.84962824097383383      4.58167904853988972
-1.47087983471309425      8.58167904854474095
10.65347581826814505      9.58167904854147245
15.84962824097478240     12.58167904854159147
-17.58167439816613964      7.71295714438019342
 7.23917340293895517     -10.50000001846406583
17.58167904854583696     13.58167904854549057
-8.88062091295084599      6.64051411474206521
14.16737664386286433     -16.50000000001818989
-17.58167904854614250     13.71295714437478530
 1.99322178041713416     -5.41832095146051707
10.70327502872517655     -14.50000000001806200
 8.92142501070027194     12.58167904854330033
-1.47087983471606409      2.58167904854408103
-10.18743658676552677      1.68624991480088338
 7.28897262206489049     -14.58167905197617031
-14.13216680429713890     -12.19728173091373336
10.65347581826842038     11.58167904854203734
17.58167904854592933      3.58167904854546126
15.84962824097562084     16.58167904854357744
-8.45538229929211838      2.68624388740524633
-10.40999730144127611     -12.30105890965301896
-1.47087983471611494      0.58167904854406516
10.65347581827893464     -6.41832095146651582
 7.18937420313065356      9.58167904854201247
-6.72333149160106913     -8.31375611282327576
-11.86318468026361295     14.58169110349678732
-10.13113735259140569     11.58168507616573173
10.65347581826759260      5.58167904854072727
-3.20293064228064406     15.58167904854624730
-7.57318163903249353     -17.58167904854652264
-17.58167904854711239     -2.19558331028563547
-10.61267520042492762      9.64052014213671882
-6.72333149185600298     -10.31375611282365234
-3.57318163898877383     -17.58167904853240771
-14.07922436540469491      7.64477145489611587
 0.26117097284775198     -6.41832095145978254
 9.02102343161513254     -15.58167904854436259
 8.92142501069924343      8.58167904854151509
-3.20293064228670854     -2.41832095145375048
 1.99322178042243192      2.58167904854270303
 3.72527258799214378      5.58167904854231800
 3.72527258799400496     11.58167904854392916
 0.26117097284850344     -4.41832095145975945
 0.26117097285615554     13.58167904854430574
-8.88062091290945865      8.64051411474215136
15.84962824097357093     -11.41832095149169568
-15.83499579628562159     -11.14829487492196591
-15.45717695774795608     -7.17997159025060050
-8.45538229930262730      0.68624388740351172
-6.72333149161736721     -4.31375611282308569
-13.59767842495833001     13.58593438139294740
 8.92142501070028970     16.58167904854414232
12.38552662584780073     -5.41832095146649095
 3.73041251134804597     -10.41831434674374002
 7.23917340237050855     -12.50000001846428255
12.38552662583344777     -7.41832095149177206
10.65347581826623369     -4.41832095146433979
-10.18743658679218456     -6.31375008519911418
 8.92142501069956673     10.58167904854199115
-10.13604062638336600     17.58167904854621000
-3.18839085908032516     -12.41827288725897915
-6.72333149159005750      5.68624388717796236
-8.45538229929202956     -3.31375611259753056
12.38552662583565400     -3.41832095146527726
 8.97122421907358714     -13.50000000329227845
12.38552662583801123     14.58167904854332875
15.84962824098544942     -3.41832095146626358
15.84962824097411804      6.58167904854031516
