380    37.25472825241372021
10.30228988516136646      7.17596106056746752
-7.62739325378136002     14.16324569457810512
 6.20701921097570963     -17.62736412619777582
 4.29125903767563344      3.72605314895612905
15.82961012178854610     -12.55606330930722336
-14.62736412619950066     -5.50300847315913177
-15.62736412620533066     -7.23505928072940208
-6.62736412620627835     -12.43121170349282778
-9.63672575529461284     10.69378937664554563
 6.37260674622871459     14.16324569452751803
-15.62736412619788240     -3.77095766558890677
17.56175857509224514     -11.55623245575339908
-12.71017245756167924      5.45883663053667689
 2.29125903957966859     -3.20224463893479605
-3.70874096040298973      3.72595859135492402
17.62736412620450466     -13.55515614405749147
-10.62736412620636450     -12.43121170349041549
-16.63404462685604912     15.89147289722327194
-4.62739325379788013     12.43119488699969111
-5.71017245757991443     -6.66551902245885586
17.62736412617853077      0.44269123255925458
-1.71017245761559167     -17.05782386785461213
12.36121013740530827     10.60470626787680359
-13.62736412620553850     -14.16326251105792622
 1.37260674622011369     12.43119488698822472
17.62736412620164472      8.44269123255926779
-6.62736412622032400     15.89531331862573538
15.89531331864036545     -6.55730876744520863
 3.30287983258856954      8.92824658778510027
11.20701921103019316     -15.89531331860178831
-9.70874096040372336      7.19006020649345778
-12.71017245759242087      1.99473501541637765
17.62736412620673931     -5.55730876744078817
-8.62736412620680504     -8.96711008835229606
-12.70877131579418950      8.92212854024145763
 3.20904177548087644     -12.43004548354446115
-5.62736412620550208     -14.16326251106371537
-11.62736412620553317     -14.16326251105981981
14.12501734314656865     -7.62668953318216047
-7.70874096040434775      3.72595859135534413
-11.62736412620533066     -7.23505928074401883
-7.70877131590898479      0.26187450233049919
-9.62736412620562554     -10.69916089592195085
17.62736412619920401     15.82542480035979793
11.49357042885418601      5.33501684836888757
-17.62736412620555271     -14.16326251102611167
-1.70874096042153445     -6.66634625407201575
 1.29125903957656241     -1.47019383136428439
 2.37260674622866929     14.16324569455248117
 8.36323347867409872     10.68101978478699365
 5.29125903957962418     -4.93429544650444818
17.62736412620687076     -15.55515614405748615
 0.20701921097573886     -17.62736412620686366
-3.70874096042140877     -3.20224463893406419
-4.70874096040285739      5.45800939892387671
17.62736412619318571      4.44269123255925535
17.62736412620441939     -9.55730876744930313
-13.62736412620562554     -10.69916089588972952
-0.71017245758134706     -15.32577306030477615
-14.62736412619910453     -2.03890685801932392
11.28528586395433031     -12.39049105459053202
-2.70877131592862153     -8.39837953552603267
-1.71017245758005987     -13.59372225273513379
 5.20701921102942844     -15.89531331859765473
-17.62736412619955217     -0.30685605045021358
 9.30283906656432436      8.91547699595244048
 8.30230499237629793      7.18373464606638823
10.70079134059135839     -5.56012845473093531
12.20899760324971162     -14.16440624382120106
 2.29125903957814891     -10.13044786921106066
 9.29178796747569002      1.98656495177121406
 6.36327424470826220     10.69378937659441497
13.56611424414786349     12.55839683801726636
14.16326251105886413     -3.55730876743079216
13.93580456573075388     -11.62191820639115747
14.16326251091963329      4.44269123240493258
-6.70877131591226661     -1.47017630524029053
12.30228979006607304      7.17534430991188188
-0.70874096042343515     -1.47019383136350834
 8.97085840286390024     -2.55589205865706770
17.62736412619855741      6.44269123255925535
-8.62739325380328026     12.43119488699721842
-4.62736412620590620     -15.89531331863378760
-15.62736412620554738     -14.16326251102980116
-8.70874096040409640      5.45800939892436610
-5.62736412620583337     17.62736412620255777
-7.62736412620562643     -10.69916089592339858
 8.20904177548279179     -10.69799467597864329
15.89531331862340835      5.44269123255819309
 5.37260674622385981     12.43119488696075692
 8.29180065736197314      3.72574033141065719
-2.71017245761364922     -15.32577306028461805
-16.62736412621159587     -8.96711008830240885
 4.29125903957966948     -3.20224463893553235
14.16292773765303892      2.44269120532952133
-14.62742238106076798     12.43121170397197872
-9.62736412620533066     -7.23505928078251603
 2.30234199885860713      7.19650641002315972
-2.70874096040231382      5.45800939892347881
 9.39735068745870272      5.39240140402062984
-3.71017245761300041     -13.59372225271537182
 3.37260674622359113     12.43119488692751951
-10.62736412619949178     -5.50300847317291453
-15.62736412620562554     -10.69916089588287100
15.89531331860352559      7.44269123255819309
-13.71017245745158952      7.19088743816911435
-10.71017245756143055      1.99473501539889897
 8.42397405571874280     -7.11900873122965017
15.89531331860416863     -0.55730876744181057
11.37277749244901237     12.43069350728211653
-16.79916306274796867     12.33202311987606237
 6.29125903737110548      0.26195153364256368
-12.62736412619949888     -5.50300847316529484
-15.71017245745216862      7.19088743820398602
-17.62736412619920401     14.15248542339543469
-5.70874096040640122      0.26185697621640486
-14.62736412622923154     15.89531331862235319
-10.62736412621123527     -8.96711008834798484
-7.71017245761140746     -6.66551902243895888
 7.20904177548327141     -8.96594386840831170
15.61264583848391752     12.35130968344951441
17.62736412620686721     -7.55730876744930669
 0.29125903960295024      7.19006020649476607
 4.29125903957994836     -6.66634625407354431
-8.71017245759608549     -4.93346821486123854
-8.71017245756157266     -1.46936659973961148
-8.62736412622441406     15.89531331862337993
12.38676926791167254      1.52331004638477063
-7.62736412620583248     17.62736412620330384
-13.62736412620533066     -7.23505928073460147
12.43267464963383340     -4.55983839486759290
12.37263587380725305     17.62736412619876347
-8.62736412620594884     -15.89531331863097918
-1.70874096039760182      3.72595859135729723
-6.62736412620594884     -15.89531331863234698
12.32614763225222276     -8.61924874141242015
15.56611791176361059     16.02249633565092068
 0.29125903957948568     -3.20224463893484934
 1.29125903957695476     -11.86249867677955017
10.37260674622933543     14.16324569449649573
-0.70877131592910125     -11.86248115066409170
-5.62739325377589150     14.16324569458128835
-14.62736412621141824     -8.96711008830552636
-6.71017245757879177     -4.93346821488891329
-11.71017245759206382      0.26268420784770830
 4.20701921097571940     -17.62736412619980797
14.12844475548849843     -5.62019859220132378
-17.62736412619915782     -3.77095766558807588
-3.70874096040560230      0.26185697621515314
-17.62736412619864623     10.51156081598522007
 1.37263587378539342     15.89531331859880403
-13.71017245759216507      3.72678582298540162
 8.37260674622873502     14.16324569456081761
15.89531331863413932     -2.55730876744186153
-15.62739325350499975     14.16327932801647194
-8.70877131590876630      1.99392530989978045
10.39157960869528274      3.65703145724362644
-1.62739325377262012     14.16324569458714322
10.36319300784483488     10.69374305793265378
-5.62736412620691695     -17.62736412620237658
-7.62736412620690896     -17.62736412620090576
-14.62736412620712301     -12.43121170345776960
-2.71017245757955560     -11.86167144516580407
 4.37263587379588881     17.62736412615523918
 2.29125903987449941      3.72595859151379072
 9.20904177623810583     -12.43004548311152924
 2.20701921097572917     -17.62736412619596749
 7.29125903734127689     -1.47009927394353079
12.38710424567092794      3.52331001833233293
10.37263587379794494     17.62736412620141380
 0.29122868406961883     -13.59453195823372340
-0.70874096042138213     -8.39839706164081967
 6.37263587379632845     17.62736412618423287
-1.70874096040492329      0.26185697621605558
 4.36327424470826131     10.69378937655833894
 0.37263587379580088     17.62736412618197690
 6.29180065736182659      3.72574033161798690
-8.62736412620627924     -12.43121170349192006
 7.37263587378660112     15.89531331860672481
-10.71017245759232317     -1.46936659972131656
 1.20701921102841281     -15.89531331859544672
 4.20904177548205372     -10.69799467597613507
-13.62736412619955217     -0.30685605045018810
 3.20701921102916376     -15.89531331859984853
-12.62736412619910453     -2.03890685802160299
-17.16200462399572046      8.56645399791327300
 0.29125903959763255      0.26185697621675791
-17.62736412620591864     -10.69916089587866281
 0.29125903960573735      3.72595859135935070
 6.20904177548275005     -10.69799467597689002
-5.71017245761245462     -10.12962063757731102
-10.62736412620594884     -15.89531331862994001
 8.97119335132689066     -4.55589203060944925
-5.70874096040303503      3.72595859135438801
-6.70874096040471635      1.99390778378625444
-17.62736412620576942     17.62736355427747981
 2.36327424470823422     10.69378937662499496
-13.62739325378479904     14.16324569457793281
-11.70877131590862952      7.19007773260650929
15.89531331862277064     -4.55730876744400160
-10.62736412622669135     15.89531331862269958
-14.71065722953149724      8.92578992278169636
-3.71017245757976788     -10.12962063759696640
16.75959994969351285     17.62736412619934256
10.65488595890659340      0.52301998636796865
-12.62736412620618154     -15.89531331862866104
10.65488595667039640     -1.47698001363205389
-9.70877131590852649      3.72597611746881530
11.30282395934943196      8.90770341045373826
-12.62736412620680504     -12.43121170348831583
-12.62736412621140225     -8.96711008831087497
-12.62739325380410094     12.43119488699788278
17.62736412620381898     -3.55730876744075353
10.20701921097569098     -17.62736412620106563
-14.62736412620009219      1.42519475711909571
-4.70877131592838793     -4.93427792038814239
 1.29125903975901979      1.99390778387897183
-17.62736412620686721     -17.62736412617987014
 8.37263587379701590     17.62736412617434922
-16.62736412618185966      4.88929637226853853
 0.29125903957933630     -6.66634625407235770
14.05460352895246068     -9.62544962253037539
 4.20899890878979033     -14.16212103950175027
15.89531331841302197      1.44269123255819109
15.89521567290073278     -14.55498699761134063
14.20701921097567144     -17.62736412620686721
-3.62736412620583470     17.62736412620686366
12.39656144644622593     -6.62048865206435622
-6.70874096040286272      5.45800939892336423
-2.70874096042092738     -4.93429544650270824
-11.62736412620583160     17.62736412620379767
 7.37260673590944826     12.43061349332823973
-1.63672575529385944     10.69378937664514950
12.20734866903136862     -10.61571732527186462
 3.37263587378652119     15.89531331858731988
17.62158544003018434     -17.62377180083633377
-6.70874096040221524      8.92211101406200058
 0.37260674622866186     14.16324569457596638
14.16326251102586653     -1.55730876742907909
-3.63672575529443476     10.69378937664555274
 5.20904177548297298     -8.96594386840775392
 8.20899890878982141     -14.16212103950435619
-10.70877131590888531      5.45802692503748510
-4.70874096040315582      1.99390778378544198
-9.62739325378370658     14.16324569457740701
-16.62736412620082049      1.42519475711976540
14.00910705344501928      8.67897580849379935
-7.71017245756485536     -3.20141740731039182
-1.70877131592846809     -10.13043034309483659
 7.20904177548144709     -12.43004548354675798
-14.71017245757125202      5.45883663056635360
-1.70874096042053236     -3.20224463893406019
 0.36327424470794284     10.69378937665101503
-9.71017245756152825      0.26268420782978136
-1.70874096040214862      7.19006020649255095
-9.62736412620690096     -17.62736412620048299
-14.62736412621205240     -15.89531331862307262
-16.62736412619953441     -5.50300847315717778
 4.29125903960256672      0.26185697621903603
17.62736412619931414     12.44269123255928022
-1.62736412620479731     17.62736412619666737
-5.70877131592705034     -3.20222711281832462
 7.30287983258871432      8.92824658623292677
10.20904177627017440     -10.69799467553191796
10.70307666207824937     -3.55560196780290694
-3.62736412620692450     -17.62736412620686366
-13.63672575502902440     10.69382280243918792
-7.70874096040261136      7.19006020649238664
 7.29180065754103524      5.45779113908456104
-13.62736412620688320     -17.62736412619834780
-4.70874096042343293     -1.47019383136230508
-13.62736412619768345     -3.77095766559130130
-4.71017245761315095     -11.86167144514658567
 8.20701921097569986     -17.62736412620010995
 4.30234190242004377      7.19588531742425719
12.20701921097568032     -17.62736412620294502
 6.63956237656487591     -3.42198065027936105
 1.29125903957962396     -4.93429544650364704
-16.62736412620720827     -12.43121170345235704
-0.62736412621643534     15.89531331862001196
 2.20899890878978411     -14.16212103950364209
15.89531331863211783      9.44269123255819309
15.82489950443759419     -10.55606885679387297
-2.70874096040190393      8.92211101406156892
14.16326251081682308      0.44269123257210802
10.63037752546617476     -7.55888854404621124
16.55999427356195497     14.13405801645947868
 1.29125903957891541     -8.39839706164173450
-17.62736412620533955     -7.23505928072606075
-5.63672575529443787     10.69378937664547458
15.89531331863208230     -8.55730876744582858
15.89531331857943997      3.44269123255819176
 3.29125903957655952     -1.47019383136412474
17.62736412620094484     10.44269123255926957
 5.29180065752923490      5.45779113928733928
 9.20904177548329095     -8.96594386841004543
 5.30287983258868501      8.92824658770429558
-15.62736412619984350      3.15724556468814521
-16.62736412619910453     -2.03890685801922933
-4.62736412621900151     15.89531331862562702
 9.20701921103018073     -15.89531331859980057
-10.62739325380330868     12.43119488699669084
13.37263587379009877     15.89531331861997643
-15.62736412620687609     -17.62736412619853965
-15.62736412619955217     -0.30685605045009351
14.13129420304636064     -13.61234122735099916
 9.37260674614559441     12.43119488694389752
 5.29125903957655641     -1.47019383136485793
-11.71017245756179470      3.72678582296757233
-8.70874096040223833      8.92211101406147833
-7.63672575529455244     10.69378937664608564
-12.62736412622830962     15.89531331862116659
 0.29125903957797916     -10.13044786921007123
 3.29125903976911216      1.99390778388406820
 4.37260674622871370     14.16324569453708371
 1.29125903960642319      5.45800939892789394
-17.62736412618206572      6.62134717983745347
-2.62736412621773407     15.89531331863111951
-0.70874096040147039      8.92211101406109108
17.62736412615175041      2.44269123255925535
-10.70874096040360968      8.92211101406240026
 5.37263587378655849     15.89531331857875784
 3.29125903957962418     -4.93429544650438334
-2.62739325379119659     12.43119488700277131
-17.62736412619984350      3.15724556469468354
 3.29125903957926447     -8.39839706164219280
-0.62739325378264954     12.43119488701247910
-11.62736412620689208     -17.62736412619897663
-15.63669699302585947     10.70454880760078353
 6.30234190242005177      7.19588531735336012
 6.20899890878979033     -14.16212103950295287
-5.70874096040260959      7.19006020649289646
 9.37263587378932961     15.89531331857260810
 6.20904177548359293     -7.23389306083923511
 3.29125903737266423      5.45810395635008305
14.16326251103895828      6.44269123253133014
-0.70874096039770751      5.45800939892623838
 7.20701921102964693     -15.89531331859873298
-16.62736412621258708     -15.89531331860310281
15.89521567290336534     -16.55498699761134418
 2.29125903960041599      0.26185697621852533
-9.62736412620550297     -14.16326251106125333
-2.70874096042343382     -1.47019383136401838
-11.62736412619765503     -3.77095766559723744
-11.63672575529471409     10.69378937664713192
-11.62739325378407607     14.16324569457667337
12.38710421651172844     -0.47668992556773682
 1.29125903959869293      8.92211101406610219
-4.71017245757909109     -8.39756983002769708
-15.62736412620583160     17.62736412620487059
14.37263587382831354     17.62736412619513970
12.38710421681747853     -2.47668992556779965
 7.20904177548327940     -5.50184225327017629
-3.70874096040223611      7.19006020649241506
-0.70874096042086154     -4.93429544650352625
 5.20904177548144620     -12.43004548354537064
11.37263587379006502     15.89531331862792918
-6.71017245761289516     -8.39756983000869184
-2.70874096039827350      1.99390778378877087
 5.29125903755276372      1.99400234131631726
-6.62739325380259103     12.43119488699694841
-3.70877131592794473     -6.66632872795676423
-7.62736412620550208     -14.16326251106228895
14.35778223460163971     10.72175267191135539
-9.62736412620583160     17.62736412620348148
10.20899890878982141     -14.16212103950593182
17.62736412620237658     -1.55730876744074931
-0.70874096039445533      1.99390778379020794
14.56611791174673520     14.29044552809177127
-9.71017245759279390     -3.20141740729046331
-13.62736412620583160     17.62736412620344595
 2.37263587379580665     17.62736412616471782
12.37260674622950596     14.16324569458062754
-11.62736412620562554     -10.69916089592011588
-3.62739325377554955     14.16324569458068616
 7.29180065734813354      1.99368952384976605
 2.29125903957942700     -6.66634625407314818
13.72572354856527532     -15.66292081349434717
-4.70874096040192924      8.92211101406147833
 8.65836163855471419      0.04365660449846000
