387    37.56198804520045087
15.78099402259537420     -13.39592051363438330
-1.99433996595970364     13.39592051368643233
14.78099402258782114      2.19253675447835983
 3.78099402258464412     14.31689240745888725
-14.00561784106622731     -0.45380295158901324
-15.17287708678420621     -15.95740005662412031
 0.00566003379619810      6.46771728355016506
-3.99433996621396448      6.46771728355627040
-3.99433996592333518     -7.38868917716124063
 3.78099402258429862     10.85279079232119415
-1.99433996591386453     -17.78099402259140760
-13.99433996592393648     -10.85279079231278132
-7.76967395476157119     14.31689240761304660
-4.99433996618540110      4.73566647597090107
 9.78099402258321682     -3.00361566822808879
-6.99433999124381955      8.19976807669159413
 4.78099402258462725      9.12073998475248970
 7.78099402258680772      3.92458756204701897
-2.99433996592605123     -9.12073998473170278
 3.00566003389118919     -2.19253675434624062
 5.00566003404127180      1.27156486070486285
 9.00566003407585391     -12.58484159988555717
-9.76967395504286706     17.78099402258862938
17.78099402259420359      7.38868917718173357
-7.99434149978255526      3.00361655382698078
-5.99433996618246745      3.00361566840031458
 8.78099402258447270     -1.27156486065848573
11.78099402259143780     17.78099402259521611
-4.99433996592607521     -9.12073998473318426
 9.00566003407534765     -16.04894321502350607
14.00566003408609461     -17.78099402259870843
16.78099402259844197     -4.73566647579139932
10.78099402258646045     -1.27156486065984020
-17.78099402260023254     -16.88217964703318330
 6.78099402258466011      2.19253675447938168
 8.00566003403990045     -3.92458756200294356
-17.78099402260022543     -12.88266083873631196
 4.00566003407668259     -7.38868917716079299
-14.99433995410210407     -2.19231627716172106
15.78099402259821105     -6.46771728336016416
-10.99433996592664720     -9.12073998473508674
-13.77533398879009496     10.85607096832302965
 5.78099402258644712     17.78099402259759643
 7.78099402258655015     17.78099402259781669
-17.68398770586252766     -4.99445608785366435
-15.77533398881519311     14.32017258344674637
-4.99433996621408660     15.12797132140213918
-1.99433996592473783     -14.31689240744184843
-2.99433996597949958     -5.65663836955982990
-4.99433996592545526     -12.58484159987321327
15.78099402259267414     17.78099402259481820
 1.78099402258640938     17.78099402259768524
-5.99433996592473939     -14.31689240744251279
-9.99433996598071950     -3.92458756199197323
 9.00566003407396565     -9.12073998474625824
16.78099402259313777     12.58484159988780249
-1.21900597741765671     16.04894321502909449
 5.00566003407457938     -12.58484159987343354
13.78099402259812756     -6.46771728335987373
-9.99433996591384322     -17.78099402259142536
 8.00566003407617011     -10.85279079231640864
14.78099402259536710     -11.66386970606551010
-9.99433996592393292     -10.85279079230518207
-14.76967395209129741      2.19265932304951194
 6.00566003404131532     -0.46048594686402194
11.78099402258716566      7.38868917718461926
 0.00566003407666873     -7.38868917716029561
 2.00566003403916238      6.46771728341027430
 1.78099402258457529     14.31689240745931713
-15.99433996591382545     -17.78099402260022899
-14.77533398881501192     12.58812177587754810
16.78099402259883988      2.19253675448449536
11.78099402258674822      0.46048594690902006
 8.78099402258703421      9.12073998475351111
 7.78099402258508821     14.31689240745899383
12.78099402259837092     -4.73566647579074385
-14.77533398878535209      9.12402016075062150
 0.00566003407526258     -14.31689240744211844
-13.99433996598050101     -3.92458662246628442
 7.78099402258672335     10.85279079232221200
-17.78099402260022899     -2.99681002948572450
-2.99433996611288400     -2.19253675434640627
 8.78099402258511219     16.04894321502798960
-11.99433996592476603     -14.31689240745116365
15.78099402259778827     -9.93181889849801003
-3.99433996621487886     13.39592051383180227
-15.95153796611248964     -7.80024231808600277
-0.21900597741630257     14.31689240746099756
12.00566003407574023     -14.31689240745496861
 6.00566003402040227     -3.92458756199013648
-17.78099402260017214     -6.99210214622160731
17.78099402260022899     -16.86002212876933370
-10.99433996592550855     -12.58484159987602524
-7.99433996592473939     -14.31689240744395164
14.78099402259246808     16.04894321502592547
16.78099402259331185     16.04894321502556664
-6.99433996598057028     -5.65663836956096144
-0.99433996592483598     -16.04894321501095433
-5.99433996616312736     -0.46048594674881399
-2.99433996592544904     -12.58484159987165540
 7.78099402258697559      7.38868917718466811
-13.77533398853167057      7.39196935304079261
17.78099402259862316      3.92458756205349779
 3.78099402258254091      7.38868917718481200
10.00566003407618254     -10.85279079231683852
-12.77533398878526150      9.12402016075646927
10.00566003408610349     -17.78099402259918449
13.78099402258709638     10.85279079232241628
-2.21900597741413952     17.78099402260022543
12.00566003407618787     -10.85279079231710142
13.78099402259218387     14.31689240745721214
-11.99433996592393470     -10.85279079230574872
-6.99433996611426601     -2.19253675434590400
-4.99433996616420206      1.27156486082068465
-17.78099402258358097      7.39524952919673240
10.78099402258703954     12.58484159989126283
-4.99433996621833654     11.66386970626485464
 5.00566003407395321     -9.12073998473142389
 0.00566003407608844     -10.85279079230151567
-12.99433996592543572     -16.04894321501968690
-0.99433996592604956     -9.12073998473070446
16.78099402259795525     -11.66386970606695606
-4.99433996621730181      8.19976809112844585
 8.78099402258675354     12.58484159989107809
12.78099402258711415      9.12073998475352710
-15.78096316826014167      3.92484221058677418
 4.00566003407616567     -10.85279079230213206
14.78099402259240414     12.58484159988822881
10.00566003407545779     -14.31689240745469149
-2.99433996621285248      8.19976809112450589
13.00566003407589299     -12.58484159988617002
 3.00566003407457849     -12.58484159987206219
-16.78099402255003625     16.04894321500793808
-3.99433996598069507     -3.92458756199163661
-9.99435978989085072     -0.46047450135967744
 5.78099402258465123      3.92458756204825532
13.78099402258708217      3.92458756204681647
 6.00566003407668436     -7.38868917716349038
-5.99433996598069996     -3.92458756199200076
-15.62701058350377714     -12.00794734208924375
-15.96560381881150192     -13.97907763230444544
11.78099402258704131      3.92458756204685155
-6.99433996618540110      4.73566647597224222
 2.00566003408612481     -17.78099402259265815
12.78099402258706974     12.58484159989127882
 9.78099402258705730     10.85279079232237542
-17.31635624429916476     -10.93738149247895741
15.00566003407596227     -16.04894321502394305
-8.99433996592663476     -9.12073998473463021
 0.00566003401933239     -3.92458756198913150
14.78099402259792861     -8.19976809092889170
17.78099402259410411     10.85279079231874455
12.78099402258708928     -1.27156486065966057
-15.42001878109060442     -5.87043769773698632
-13.99433996591383078     -17.78099402259697115
 1.00566003407516602     -16.04894321501227594
-8.99433996592550855     -12.58484159987519924
 8.78099402258698269      5.65663836961579491
17.78099402259811512     -13.39592051363585234
 2.78099402258440209     12.58484159989014906
17.78099402259821105     -6.46771728336045726
-2.99433996596102858     15.12797132125454347
 6.00566003407617011     -10.85279079230467403
-15.77533398881000082     10.85607096830539042
 1.00566003381780322      4.73566647596917001
-15.78095182964015386      0.46716894220693544
16.78099402259542927     -15.12797132120322807
-9.99999999992920330      6.47099745955385863
 9.00566003403751303     -5.65663836957320054
15.78099402259278783     10.85279079231911403
-4.99433996598021235     -5.65663836956079713
16.78099402259866935     -1.27156486065353480
 7.00566003404118653     -2.19253675443324969
-17.78099402023929443      0.45412127183292866
 2.00566003384007230     -0.46048594674786297
-10.99433996611427844     -2.19253675404004156
15.78099402259864448      0.46048594691573075
-0.99433996597949670     -5.65663836955868593
11.78099402258470008     -3.00361566822975812
-8.99433996598057028     -5.65663836956094546
-13.99433996592336449     -7.38868917685658388
14.00566003407586280     -14.31689240745510361
 6.00566003408611415     -17.78099402259909212
11.78099402259621087     -6.46771728335837448
-2.99433996621064002     11.66386970626236241
-15.78099402256366446      7.39524952921472067
-9.76967395505231906     14.31689240745679470
-6.99433996622934817     11.66386970627317687
-7.99433996598071950     -3.92458756199188974
-7.76967395503729641     17.78099402258636630
17.78099402259869422      0.46048594691533018
 0.78099402258502371     16.04894321502912291
-13.76967395508128256     17.78099402257846862
-5.99433996621890675     13.39592051383602822
 3.00566003384058700      1.27156486082071685
-10.77533398850513535      9.12402016091916401
-13.99433996592606810     -14.31689240745117075
15.78099402258731843      7.38868917718472851
-10.99433996605324815      4.73569113738234293
13.78099402258729356      0.46048594690922706
 3.78099402258643158     17.78099402259765682
-7.99433996622786935      9.93181889870344214
14.78099402258749429      5.65663836961574962
 7.00566003407395321     -9.12073998473446856
-16.77533398881721993     12.58812177587897452
-7.99433996591384854     -17.78099402258999007
-0.99433996616351006      1.27156486082062159
15.78099402258810890      3.92458756204721837
 7.00566003402059234     -5.65663836956084864
-1.99433996592392826     -10.85279079230139132
16.78099402258806450      5.65663836961627897
17.78099402259423911     17.78099402259396555
 6.78099402258506956     16.04894321502786525
 4.78099402258454731     12.58484159988993945
 4.00566003401970772     -3.92458756198932956
 2.00566003407615279     -10.85279079230176968
-3.99433996621469412      9.93181889869581802
-17.78099402260022543     -8.99210214622160287
 0.00566003381909860      3.00361566839954452
-0.99433996611085462     -2.19253675434544881
 4.00566003404126203      3.00361566827373405
 8.00566003408610882     -17.78099402259902106
-7.99433996616327658     -0.46048594674861282
 2.78099402258502382     16.04894321502798604
10.78099402258677841     16.04894321502892041
-11.77533398850428448      7.39196935334980054
 6.00566003407527749     -14.31689240745380687
10.00566003407670479     -7.38868917717894114
17.78099402259822170     -9.93181889849817345
-12.99433996611391073     -2.19253547394645132
 3.00566003404094095      4.73566647584242517
16.00566003408609106     -17.78099402260022899
 0.78099402258266248     12.58484159989151863
-8.76967395504191138     16.04894321502009547
 0.00566003403888726      9.93181889854786704
 3.00566003407517535     -16.04894321501307886
-3.99433996595753227     16.86002212882543816
-12.76967395459533350      5.65666303115938351
 2.00566003382044622      3.00361566840085059
 3.00566003402053772     -5.65663836955868593
 1.00566003403884263      8.19976809097896542
-10.99433996592490637     -16.04894321502015586
11.78099402258702533     14.31689240746015024
-5.99433996622449605      9.93181889869953238
12.78099402258709283      5.65663836961569988
-3.99433996618162324      3.00361566839962180
-3.99433996592473894     -14.31689240744193548
 5.78099402258646844      7.38868917718460239
15.78099402259286066     14.31689240745686931
 2.00566003401934401     -3.92458756198910796
12.00566003408609994     -17.78099402259916673
 4.00566003408611948     -17.78099402259831407
-14.78099402255788064      5.66319872164909377
 6.78099402258678374      5.65663836961590150
-9.99433996592333962     -7.38868917716325946
16.78099402259345041      9.12073998475022130
-17.78099402255313066     17.78099402257758044
12.78099402259161899     16.04894321502639443
11.00566003407636373     -9.12073998474804704
 2.78099402258222383      9.12073998475351111
 9.78099402258655282     17.78099402259777762
-3.99433996591385920     -17.78099402258904860
-11.76967395508076031     17.78099402257841177
11.00566003407536364     -16.04894321502373700
15.78099402259856099     -3.00361566822234982
 1.00566003383925362      1.27156486082111142
-5.76967395450077891     17.78099402260022899
 5.00566003402054083     -5.65663836955909449
 1.00566003402052240     -5.65663836955866639
14.78099402258711415      9.12073998475348802
 5.78099402258489103     10.85279079232125632
-2.99433996618527321      4.73566647597060797
10.78099402258086492     -4.73566647579832800
 1.00566003389004321     -2.19253675434559092
 2.00566003407526372     -14.31689240744217706
-5.99433996592393292     -10.85279079230340571
-17.78099402259424977      3.93114791409444164
-6.99433996592550411     -12.58484159987406414
-0.21900597741361882     17.78099402259878659
-4.99433996611424647     -2.19253675434598883
-8.76967395477162448     12.58484160004997676
-11.99443057627487441     -0.46041633489405964
11.78099402258705730     10.85279079232239319
-15.99433995393133401     -3.92436708482919272
-15.78099402254483152     17.78099402258035155
-16.78099402255792683      5.66319872164242977
14.78099402259862138     -1.27156486065313357
-1.99433996618138187      3.00361566839941441
 9.78099402258674999     14.31689240745998326
-7.99433996592393292     -10.85279079230417487
-16.76967394264399047     -1.27134438338398681
 5.00566003407518423     -16.04894321502263921
-16.78099402258881057      9.12730033676917074
-6.99433996616421361      1.27156486082084053
10.78099402258707862      5.65663836961578248
-17.78099402255263684     14.31689240744022840
-4.99433996592488150     -16.04894321501147658
 7.00566003407523219     -16.04894321502325738
 9.78099402258704131      7.38868917718463791
-1.99433996620821063      9.93181889869070389
 9.78099402258702710      3.92458756204693548
-1.99433996598068819     -3.92458756198950764
-14.77533398881444704     16.05222339101611340
-13.77533398881493731     14.32017258344695421
14.78099402259842243     -4.73566647579116484
-11.76967395505458924     14.31689240745371627
13.78099402258718875      7.38868917718454021
17.78099402259372042     14.31689240745643588
 1.00566003407395255     -9.12073998473105085
 4.00566003407526416     -14.31689240744355907
10.78099402258684769      2.19253675447795482
-8.99433996592489926     -16.04894321501432941
 1.78099402258226336     10.85279079232241095
-6.99433996592616669     -9.12073998473388237
-5.99433996622203669      6.46771728356228426
-12.76967395507993075     16.04894321500862020
-9.99434149965684426      3.00363944438767350
 2.00566003407666882     -7.38868917715998919
-1.99433996616210774     -0.46048594674910415
-12.99434077892320261     -5.65663789990213584
17.78099402259857342     -3.00361566822257231
-9.76967395477008793     10.85279079248021716
-17.74997265061449170     -14.88242024288474852
 5.00566003389238112     -2.19253675434692052
 1.00566003407455629     -12.58484159987172113
 7.00566003407473747     -12.58484159988446827
 4.78099402258433237      5.65663836961695754
-3.99433996592392848     -10.85279079230185140
-2.99433996616418963      1.27156486082060849
-0.99433996620673204      8.19976809112077198
-12.00561751963887325      3.01020056667096148
 8.78099402258684592      2.19253675447816265
-5.99433996591385387     -17.78099402259033468
 6.78099402258663275      9.12073998475338499
 5.78099402258465300     14.31689240745878244
-13.78095150819370573      3.93117246045548319
-10.99433996624468435     -5.65663836940850029
 3.00566003407395277     -9.12073998473121605
 8.00566003407536719     -14.31689240745438418
13.00566003407567806     -16.04894321502391108
-5.99433996592333518     -7.38868917716262974
-10.76967395505618619     16.04894321502363042
-12.99433996354930976      1.27168742927228950
-12.99433996618720855     -9.12073998458282986
-16.79227189867440728      2.19263459471126376
-15.68368562671932409     -9.78222494270248077
-8.99999999994013322      8.20304826712904678
 4.00566003384209068     -0.46048594674901672
13.78099402259565309     -9.93181889849646637
-8.99433996616421716      1.27156486082404485
-11.99433996598071950     -3.92458756168604106
-8.99433996611426601     -2.19253675434583295
10.78099402258710171      9.12073998475348091
 9.78099402258663808      0.46048594690915090
13.78099402259853079     -3.00361566822195858
-2.99433996592487439     -16.04894321501114263
12.78099402258692940      2.19253675447790508
-17.78099402258805029     10.85935114433867987
-9.99433996592473939     -14.31689240744504765
-6.99433996592489038     -16.04894321501335241
12.78099402259585560     -8.19976809092745640
-0.99433996592544760     -12.58484159987156659
-11.99433996591383789     -17.78099402259704576
 4.78099402258502515     16.04894321502789012
-6.76967395475699885     16.04894321517928191
 0.00566003383949353     -0.46048594674790494
-11.77533398878602000     10.85607096832588603
13.78099402259232065     17.78099402259492123
-0.99433996618371467      4.73566647596964252
-7.99433996592333607     -7.38868917716305162
-10.99433996603323038      1.27158775137797098
-0.99433996596071439     11.66386970611697294
-11.99433996592335383     -7.38868917716337226
 8.00566003407668880     -7.38868917716478801
 6.78099402258500028     12.58484159989009399
-3.99433996616261489     -0.46048594674918059
-12.77533398878986937     12.58812177589254766
11.00566003407586102     -12.58484159988601014
16.78099402259796591     -8.19976809092921144
-12.99433996592553875     -12.58484159988259954
-8.99433996605396047      4.73568940598407373
 7.78099402258469564      0.46048594691052125
-1.99433996621086784      6.46771728355426401
 0.00566003408613015     -17.78099402259303474
-7.99980115034599404      6.47088177112980745
-1.99433996592333118     -7.38868917716000695
-10.76967395505081271     12.58484159988701734
