393    37.89948824272794781
-16.21769331379517709     11.39531561052558217
16.21769331379326218     10.94974412136180320
 4.09333766081060269     15.94974412136197905
17.94974412136397390     -7.15911290030682768
 0.62923604567306768     13.94974412136153497
 8.03101799220332246     -6.60468438953742876
 5.82538846837966418      8.94974412136109976
-2.83486556946479018     11.94974412136133957
-11.02154089109413881     -5.60468438948492942
-16.21769331379674739     -6.60468438949405723
11.75393017311928823     -14.48455732685249941
-14.48564250622664140     -1.60468438947942871
-16.21769331379109147     -12.60468438950285908
-17.94974412136216912     -5.60468438948730618
-16.21769331379500301     13.39531561052636022
-9.40130210821839007     -12.77721425543016309
 1.10926387309154406     -10.60467399168861213
13.75581211859649855     -17.94974412136388509
-16.21769331379508472     15.39531561052669240
-5.82538846838315028      3.39531561052233899
12.75359169865472708     16.94974412136179254
17.94974412136395969     -2.05025587863825853
 9.76306879975792974     -5.60468438951266723
-6.29896718460187799     17.94974412136274822
 6.29896718460645122     -3.60468438948325964
-5.82538846838345759     -4.60468438947924952
 1.10281476189481786     -8.60468438947444980
12.75359169865581954      6.94974412136154562
-1.10281476189586214     12.94974412136132180
17.94974412136372166      1.94974412136179143
 2.83486556946574941     -7.60468438947801051
 7.78775373217978029     -10.94016730429313533
-0.62923604567604174      2.39531561052428943
-7.55743927595193998      2.39531561052214625
-0.62923604567540770      0.39531561052424158
-11.02154089109025925     -1.60468438947954550
 6.29896718459928717     -9.60468438948539038
14.75393017311892230     -12.75250651928292456
 2.89100834598215828     -9.69616607574965172
-9.28949008351916561     -8.60468438948776537
 1.10281476189460381     -4.60468438947445069
-0.40030296736895599     -14.21737983558503515
11.49511960731451587     -6.60468438953405368
 9.77603160478313882     -10.72394727442558526
-7.55743927595088660     10.39531561052612219
11.02154089108620028     13.94974412136148345
-16.21769331379455181      1.39531561052452635
-12.75359169865834730     -2.60468438948129410
-14.48564250622849059     -5.60468438949213876
-17.94974412136397390     10.39531561052502440
17.94974412136397746     -9.15911290030685166
-11.02154089108811341      2.39531561052455988
-4.07548525172851139     -15.94339305912940752
14.48564250622332139     17.94974412136231123
-11.13335291578618857     -13.77721425543204425
-11.02154089108855217     10.39531561052593922
 2.83486556946244450      4.39531561052616127
14.95922122244554586     -2.60468438947255443
-17.94974412136367192      4.39531561052488584
13.75393017311849775     -11.02045571171429117
-5.82538846838196545      5.39531561052550312
-17.94974412136397390     -1.60468438947511238
-16.21769331379125845     -10.60468438950192294
14.48564250622624705     -9.15911290030688896
 2.36128685324182896     14.94974412136175346
-14.48564250622577454      0.39531561052433306
-17.94974412136095765     -7.60468438950225778
-12.75359169865840947     -0.60468438947828618
-4.56691637703311581     16.94974412136248887
-2.36128685324511745      1.39531561052281106
-16.21769331379461221      3.39531561052466824
-7.55743927595080489      8.39531561052577402
-7.78106332534358902     -15.94974412135934472
-14.48564250622750826     -7.60468438949345504
 7.55743927594816700     15.94974412136187958
 1.07986110412325154     -12.60445784930347735
 1.10281476189366723      1.39531561052573427
 4.09333766081121375      5.94974412136101272
 8.03101799216956103     -0.60468438947342407
15.86620662208628119     -14.55442851083236633
-6.01368722507242381     -15.01359150549457766
 8.03101799216965162     -2.60468438947342396
-2.36128685324437093      7.39531561052589304
14.48564250622491123      3.94974412136166775
 9.76306879972979758     -7.60468438961089799
-12.75359169865759235     13.39531561052619679
14.95922122244560271     -4.60468438947255443
-4.20514968552929869     -11.77721425544076617
-2.36128685324492205     -0.60468438947720127
-4.11927018486983609     -7.64845842449303159
 4.09333766081058315     13.94974412136138397
-5.93720049309717179     -12.77721425544262068
-2.83486556946462764     13.94974412136162911
 3.75771736271193157     -17.94974412136397746
-5.82538846838196100      7.39531561052571629
-7.55743927595052956      4.39531561052493380
 7.55743927594829845     13.94974412136127562
-17.94974412136028974     -13.60468438950322856
 7.55743927594847253     11.94974412136124364
 9.76306879973856923     -3.60468438947334846
-11.49511960730912108     14.94974412136189379
-12.86540372335546500     -14.77721425543135325
-9.28949008351931305      3.39531561052476194
-4.09333766081320505      8.39531561052597652
-8.03101799217147772     12.94974412136158470
16.21769331379342560      8.94974412136180320
-0.62923604567486258     -7.60468438947584335
14.48564250622407279     13.94974412136168773
-9.28949008351934857      5.39531561052507058
16.21769331379484669      0.94974412136178665
-7.66925130065421889     -11.77721425542195632
-12.86540372335621463     -12.77721425543134259
-17.94974412136021513     -11.60468438950296566
-4.56691637703376951     10.94974412136144615
-17.94974412136049935     -17.94974412135965736
-12.75359169865936160     -6.60468438949171244
16.21769331379510604     -8.15911290030684633
-4.20514968552138058     -9.77721425541339073
14.48564250622476912      5.94974412136166819
15.85228920204488823     -17.94963914819585682
-4.56691637703326769     14.94974412136206610
16.21769331379294599     14.94974412136180675
-5.82538846838201962      9.39531561052608488
11.49511960730741045     -2.60468438947328318
-2.36128685324547494      5.39531561052350561
14.48564250622462346      7.94974412136167352
 7.75581211859642394     -17.94974412136149056
17.94974412136165398     17.94974412136216202
-12.75359169865828690     -8.60468438949298786
11.75393017311725430     -11.02045571171176519
-8.03101799217129120     14.94974412136178898
 2.94234776026207978     -11.83318114120893583
-11.49511960730851179     16.94974412136278374
-4.31864550572749284     -13.95206733258073939
 4.56691637703608411     -2.60468438948090020
-9.76306879973994413     15.94974412136223840
-9.40130210822350953     -10.77721425542259048
11.49511960730730387     -0.60468438947319791
14.48564250622509419      1.94974412136166775
14.48564250622620619     -7.15911290030688985
-12.75359169865751241     11.39531561052583264
-14.48564250621749849     -17.94974412135550779
 4.75488397500735260     -16.15705873116311508
17.94974412136119923     -17.94974412136213715
-9.28949008351963990      9.39531561052585040
-7.55743927595260612      0.39531561052066594
 4.09333766081068795     11.94974412136101805
 7.55743927594917420      5.94974412136123654
 5.75474976768758051     -14.42291233592497868
13.22717041487675083     -5.60468438947259706
-0.65224408258837030     -11.60455204265632467
-11.02154089108850066      8.39531561052566389
-9.51311413290064323     -16.94974412137996822
-11.02154089108809210     -9.60468438949082071
-2.38429489015484553     -12.60455204266063589
 0.62923604567225022      7.94974412135994069
16.21769331379392298      2.94974412136178676
 9.28949008351736971     12.94974412136135911
 4.09333766081069506      7.94974412136101449
14.48564250622419358     11.94974412136168773
-2.36128685324429854     -8.60468438947723868
-2.83486556946432966     17.94974412136268072
-16.32950533849356134     -14.77721425543206557
 4.09333766081072259      9.94974412136101449
-11.02154089108956825      0.39531561052181574
-14.48564250622598415      8.39531561052517361
 4.56691637703175690     -0.60468438947367609
 0.62923604567297520     11.94974412136110331
-7.55743927595078002      6.39531561052560882
-16.69127203001536941     17.94974412136273401
14.48564250622602501     -0.05025587863833217
 5.82538846837943236     14.94974412136162378
-17.94974412136198083     -3.60468438948471892
 9.28949008351833427      2.94974412136132624
-14.48564250622575855      4.39531561052475084
-4.09333766081485795      0.39531561052096614
 7.55743927594885623      7.94974412136123743
-0.62923604567621438      6.39531561052461672
 8.75393017312124044     -16.21660813441778970
 1.75395583168054903     -17.94974412136318165
 5.82538846838038005      4.94974412136109088
10.75393017311885835     -12.75250651928312529
-16.21769331379188017     -8.60468438950191228
-16.21769331379409707     -0.60468438947684389
12.75393017312134525     -16.21660813442209204
-4.56691637703369580     12.94974412136147990
 4.09333766081068706     17.94974412136258479
 4.56691637703149933      3.39531561052632957
-4.09333766081461903     -3.60468438947916781
-7.55743927595331400     -1.60468438948079117
16.21769331379371692      4.94974412136179076
-16.21769331379503853      9.39531561052507236
-2.36128685324474530     -2.60468438947721248
 4.56691637703639142     -6.60468438948106940
 4.56691637703288933     -8.60468438948107384
-9.28949008352470962     -6.60468438948397019
 5.75676474065413935     -17.88802232017201632
 0.62923604567311708     17.94974412136258834
-9.28949008352141981     -0.60468438947945047
-2.38429489015802076     -10.60455204265766582
 2.36128685324156873      8.94974412136072495
16.75390655453387012     -12.76222628174867779
12.75359169865596165      4.94974412136154562
12.75393017311889565     -12.75250651928339707
-16.21769331379146806     -16.94974412135972486
 2.75583659719693452     -16.21878053662538477
 9.28949008351799854      6.94974412136132980
10.75393017312130972     -16.21660813442254323
-9.28949008352201311     -4.60468438948382719
-6.29896718460262051     11.94974412136150121
-2.36128685324572496      3.39531561052288922
-16.21769331379685752     -2.60468438947815928
 8.03101799216942602      1.39531561052658715
-2.83486556946440293     15.94974412136212649
-17.94974412136387443     14.39531561052646857
-16.21769331379465129      5.39531561052473130
 4.75286855566827438     -12.69194900962281025
13.22717041487652700     -1.60468438947259773
 9.28949008351818328      4.94974412136132624
 9.28949008351746741     10.94974412136134490
 8.03101799218999979     -4.60468438950853098
13.22717041487668510     -3.60468438947259751
-14.48564250622572303      2.39531561052461406
 4.56691637703630704     -4.60468438948106495
12.75359169865510189     14.94974412136155451
-12.75359169866302622     -4.60468438948494896
-0.62923604567402958     -9.60468438947584779
12.75359169857628849     -8.15911290044000204
 9.75379926388389507     -14.48448174409070432
-14.48564250622622041     14.39531561052665865
17.94974412135569608     -14.36533966319982447
-0.62923604567613944      4.39531561052429964
-11.02154089109122559     -3.60468438948438585
-9.76306879973953734     17.94974412136270914
17.94974412136231834     11.94974412136180320
 5.82538846838004520      6.94974412136109621
-12.75359169865692621      1.39531561052444775
-16.21769331379391232     -4.60468438948615155
-14.48564250622592731      6.39531561052500042
 7.55743927594829579     17.94974412136239295
 2.36128685324178633     12.94974412136122766
-6.01368722504946529     -17.01359150549461319
-14.59745453092472722     -13.77721425543198031
-8.03101799217071743     16.94974412136260966
-7.55743927595322695     -3.60468438948079584
11.02154089103154710     -9.15911290048391891
 1.10281476189473482     -6.60468438947445069
14.48564250622444405      9.94974412136168773
 1.75570311864397266     -14.48680679979288222
11.02154089108715951      3.94974412136141595
16.21769331379496393     -1.05025587863822767
-7.66625150863600702     -13.78240971152626670
16.69127203001447057     -3.60468438947253844
-4.24631112477930373     -17.94974412136130937
-17.94974412136113529     -15.94974412135958275
-17.94974412136370034      0.39531561052488695
16.21769331379509183     -6.15911290030683123
 0.75382235312757828     -16.21777038453066666
 0.62923604567284352      9.94974412136109443
-17.94974412136387087     12.39531561052616659
-14.48564250622638916     12.39531561052587705
-12.75359169865738274      9.39531561052565323
-11.13335291576697372     -15.77721425545063028
-1.10281476189605532      8.94974412136111397
-14.48564250622222005     -11.60468438950172576
-2.42790910715415809     -14.60407643612913553
 2.83486556946268919      2.39531561052616082
-9.28949008351962924      7.39531561052565500
-12.75359169865698128      5.39531561052494624
 6.75444679074034493     -12.69039707228764868
 7.55743927594935538      3.94974412136123298
 1.10281476189356975      3.39531561052574071
17.94974412136397390     -11.15911290030684988
 9.76306879973848751     -1.60468438947333847
-17.94974412136386022      8.39531561052488584
-11.02154089108988799     -7.60468438949078784
 6.29896718460694682     -5.60468438948397729
16.21769331379359613      6.94974412136179787
-4.09333766081472028     -1.60468438947910719
 2.83486556946503798     -1.60468438947745518
 9.28949008351697358     16.94974412136200215
 2.83486556946565482     -5.60468438947799008
11.02154089108651647      9.94974412136143016
17.94974412136221886     13.94974412136180497
-5.82538846838381374      1.39531561052083086
11.75581211859648789     -17.94974412136356534
-12.75359169865690134      3.39531561052471620
 3.75475049685889672     -14.42508499409681022
11.49511960730669280     -4.60468438947464875
 2.36128685324181031     10.94974412136095765
-9.28949008351976779     11.39531561052614173
-17.94974412136359376      6.39531561052488584
-11.24516494048096860     -17.94974412136016184
 2.83486556946278734      0.39531561052615943
-1.24617764093331607     -16.21761625334578483
-17.94974412136048514     -9.60468438950244696
17.94974412136260966      5.94974412136179698
 1.10281476189331906      5.39531561052575270
-0.62923604567492963     -5.60468438947581493
-2.83486556946492385      9.94974412136125075
17.94974412136397035     -5.15911290030681347
 9.75581211859642217     -17.94974412136397390
17.94974412136279796      3.94974412136179387
-11.02154089108821466      6.39531561052514341
17.94974412136236452      9.94974412136179787
 4.62305915354849972     -10.69616607575406597
 1.10281476189424676     -0.60468438947442771
 9.28949008351768768      8.94974412136133601
 6.29896718460437821     -7.60468438948537617
-7.66925130065562755     -9.77721425542086209
-5.82538846838353574     -2.60468438947923664
-5.82536874558338535     -6.60471855111050399
-17.94974412136397390     16.39531561052667641
-17.94974412136361508      2.39531561052488629
-5.82538846838365920     -0.60468438947921355
-4.09333766114257358     -5.60468439004734886
16.11103303738231673     -10.32459309767879319
-6.29896718460239669     13.94974412136179964
12.75359169865633824      0.94974412136145536
 5.82538846837965618     10.94974412136112463
-7.55743927595403786     -7.60468438948085801
14.48564250622388627     15.94974412136172859
12.75359169865513742     12.94974412136155095
 9.76306879973836672      0.39531561052669872
-12.86540372334754778     -16.77721425543135325
 6.29896718460061944      0.39531561052646463
-2.24631112510164455     -17.94970821311989084
12.75359169865610909      2.94974412136153896
16.21769331379278967     16.94974412136181385
-14.48564250622251315     -9.60468438950117154
-4.09333766081503203      2.39531561052101560
-2.36128685324453391     -6.60468438947722092
11.02154089108629975     11.94974412136143016
-12.75359169865711451      7.39531561052513720
-4.09333766081311978      6.39531561052563990
 2.36128685324198662      6.94974412136068675
17.94974412136385311     -0.05025587863822762
 5.82538846837948832     12.94974412136115127
-7.55743927595141596     -5.60468438948085801
-0.62923604567505498     -3.60468438947580427
-7.78106332532024059     -17.94974412136020803
17.94974412136215847     15.94974412136182274
-14.48564250622628968     10.39531561052559994
-1.10281476189561789     16.94974412136230768
 6.29896718460046934      2.39531561052647524
-9.40130210820990797     -14.77721425543016842
-16.21769331379480761      7.39531561052504660
-6.29896718460195970     15.94974412136239650
 2.83486556946530177     -3.60468438947760417
 5.82538846837941904     16.94974412136226860
-11.13335291578767006     -11.77721425543076350
 7.75474983673188056     -14.42275876887033981
 8.15191658762917015     -8.83813341456803592
-14.95922122244669161     16.94974412136224728
 4.56691637703166364      1.39531561052632869
 0.62923604567313474     15.94974412136209097
-2.36128685324461562     -4.60468438947721648
11.02154089108730339      1.94974412136141595
-12.75359169865338771     -10.60468438950075054
-1.10281476189597427     10.94974412136122233
11.02154089108701207      5.94974412136142217
16.21769331379303836     12.94974412136180320
-5.93720049308634223     -10.77721425542021905
 9.28949008351717254     14.94974412136135911
 6.29896718460071270     -1.60468438947353564
12.75359169865562947      8.94974412136154740
 1.10281476189442240     -2.60468438947445069
13.75393017312017996     -14.48455732685253849
11.02154089108584145     17.94974412136205544
-9.28949008352308780     -2.60468438948249981
-4.09333766081459505      4.39531561052289721
-11.02154089108877599     12.39531561052607778
-14.59745453092389411     -15.77721425543224143
-5.93720049309064812     -8.77721425541406930
-9.76306879974036868     13.94974412136160069
-13.22717041487744183     17.94974412136273045
-0.24631112542399458     -17.94974412136397390
11.02154089108599422     15.94974412136148878
-11.02154089108812585      4.39531561052489828
12.75359169865538078     10.94974412136155095
17.94974412136251019      7.94974412136179698
-0.62923604567521585     -1.60468438947576875
-9.28949008352075012      1.39531561052193753
 8.75488279476382836     -12.69078473146150188
 2.36128685324188758     16.94974412136233610
-1.10281476189561967     14.94974412136187247
 7.55743927594864662      9.94974412136124009
11.02154089108682022      7.94974412136142750
 6.75488279517883239     -16.15488633323041512
17.06204418890496299     -16.15754189228272608
14.75393017312140564     -16.21660813442245441
-14.48564250622880145     -3.60468438947957859
-13.22717041487793388     15.94974412136203057
