394    37.93027213740000292
11.25675816427630949      0.34374669631999788
 5.84078041569518369     -12.96513606867736002
-16.14693403288106310     -15.96690354081756169
16.45291058698291664     -2.65625330368004731
-0.86759748870826692     -0.65625330367970147
11.03693283840112649      6.65262946132056232
 7.57283122326284719      4.65262946132145050
 2.59650412642948369     -10.65625330368020052
 6.06060574156714704     -8.65625330368004242
 7.57283122326400449     -17.96513606867891255
-2.19672633269654671     -14.15071525236921168
-6.06374991141640240     -3.65625330368184898
-17.96513606865999435     -8.96875991087772739
-14.50103445353941112     11.65625330365122103
-14.50103444869825076     -8.96875991914860293
11.25990233411325825     14.96513606863670809
12.98880897184324645     -4.65625330367995272
-12.76898364597010804     14.65625330365115175
-5.66082794827990288     -14.15071525508927763
-2.37667880055886505      8.65625330364476220
 4.10872960812610799     -11.96513606867766732
 2.59650412642930117     -6.65625330367978840
14.50103445353979659     -11.96513606867698520
 0.86445331886045396     -3.65625330367977197
-8.80349699652241924     -17.96513606814682262
-0.86445331888902954      9.96513606867324064
-9.30488203083302245      8.65625330365075207
-9.30488202952414234     -9.96875991263357619
-14.72400394922434508     -2.65625330361399792
-12.76898364057637281     -9.96875992009541534
 7.79580071897591154     14.96513606863817181
-14.50103445354348963     -0.34374669635282967
-7.39287875540393369     -11.15071525237049244
 2.59650412646672013      5.34374669638026223
-4.32855493402327074     13.96513606867774904
 2.59964829628858540     15.96513606867444679
-14.50103444869216140     -10.96875991914872372
-9.30488203083233678     12.65625330365075563
-4.10872960812920418      5.65625330364553491
-0.86759748867202635      3.34374669638198441
12.99195314168103366     15.96513606863862833
 2.37667880055766467     -14.96513606867832280
 6.06374991140697706     13.96513606863826951
-4.10872960812561150      9.65625330364901302
-6.06374991141637398     -1.65625330368183543
-17.96513606867702606     -16.96875991087780378
-3.92877714118286159     -13.15071525395823393
 4.32855493400105118      4.34374669632042743
-3.08742281710519872     -16.96513607229919529
 0.86445331889834798      6.34374669638113620
-17.96513606867684132     -12.96875991087779489
 9.30488203083297449     -14.96513606867738311
-7.79265654916169392     13.96513606867824109
-16.23308526111196315      0.65625330364828138
 6.06060574156730514     -2.65625330368002777
-7.79580071894762749      1.34374669638390110
-2.59650412645460049     12.96513606867733515
 7.57283122326413505     -15.96513606867789825
12.76898364597047575     -16.96513606867786450
16.23308526110846017     -16.96513606867718948
-2.59650412644955209     14.96513606868388102
-16.23308526110823991     12.65625330365143419
-16.23308526110928796      6.65625330365125389
 4.32855493399829605     -3.65625330367982571
11.03693283840184947     -13.96513606867707402
-9.30488203083337773      6.65625330365066059
-12.98880897186821137     16.96513606867855373
14.50103445354039877     -5.96513606867680846
16.45605475679439778     17.96513606868179380
17.96513606867744528      2.65262946132025901
-2.59964829657400021     -9.65625330419458905
-12.76898364597158064      4.65625330365104961
-12.76898364597100688      8.65625330365106649
12.99195314165723047     17.96513606868225565
14.50103445353924236      2.65262946132047572
-17.96513606868285606     -4.96875991087533020
 0.86445331886072085     -11.65625330368041368
-9.30488203083643128      2.65625330364651235
12.76898364600214286     13.65262946137362299
-16.23308526110954375      4.65625330365118018
16.23308526110887939     -8.96513606867697810
-1.35537200740464936     -17.96513606867731738
-9.52785152669581947     -5.65625330392772074
 0.86445331886056420     -9.65625330368017920
-11.25990233408615637     -2.65625330361650169
14.50103445353916953      4.65262946132050192
11.03693283840175532     -15.96513606867755186
-4.32855493399608093     17.96513606867778279
17.96513606867745239     -15.96513606867733159
14.50103445354005949     10.65262946132053123
11.03693283843299255     12.65262946137409905
-12.76898364477633763     -7.96875991283176432
17.96513606867907242     -5.96513606867711665
16.23308526110930572     11.65262946132033939
-7.79265654916070272     15.96513606867832102
-0.86759748870819264     -10.65625330368046519
-7.57283122326344849     11.65625330365053003
-6.06374991137851271      2.34374669638348720
-12.76898364597128932      6.65625330365105228
12.98880897184429450     -2.65625330367993850
-11.03693283840248185      5.65625330365089862
-11.25675816429850684     17.96513606867851820
11.25675816427536446     -1.65625330368000179
16.23308526110882255      9.65262946132033228
 5.84078041572413920      7.65262946137624134
 0.86445331886034116     -5.65625330367991186
 4.10872960813748112      8.65262946140875755
 7.79265654913853822      2.34374669631996690
-12.76898364597440327      0.65625330364685797
-2.59964829627832161     -5.65625330368140755
 2.59964829624999183     11.96513606867153001
 4.33169910383714196     12.96513606863991441
11.25990233411280173     16.96513606863975454
-0.86445331884934096     17.96513606867651092
 7.79265654913604511     -7.65625330368007706
-4.32855493402200775     15.96513606867774904
-14.50103445354281284      1.65625330364781642
16.23308526111432215     15.65262946141791645
-14.50103445353984988      9.65625330365121393
 7.57283122329487313     10.65262946137473854
 0.86445331886044130     -7.65625330367994295
-12.68283241047148557     -13.96690355341271683
-17.96513606867790358      9.65625330365141643
 7.57283122326402225     -11.96513606867718948
-6.81148531196440032     -17.78655989764341427
 0.86759748872026021     16.96513606867763002
17.96513606867750923     -13.96513606867717527
12.76898364597032653      7.65262946132055610
-14.50103445236199740     -6.96875991286055552
 9.30488203086328625      9.65262946137382727
 5.84078041569525652     -14.96513606867780766
 7.57283122326140212      6.65262946132146737
 9.52470735670741320      1.34374669631996402
 2.59964829628133565     13.96513606867153356
-4.33169910384683110     -8.65625330368157364
 4.33169910385335655     14.96513606866615653
 4.33169910383602463     10.96513606863960000
17.96513606867732094     -1.34737053867988665
 4.32855493399999780      2.34374669632027377
 9.30488203083288745     -16.96513606867817003
11.25675816427400200     -5.65625330368000245
17.96513606867749857      6.65262946132031452
 2.37667880056807412      7.65262946140967770
 2.59650412643010453      1.34374669632028243
-16.23308526105605409     -9.96875991087621216
-4.33169910380946899      3.34374669638319633
-4.81947362695916404     -17.96513606842066935
-5.66082794815687507     -12.15071525292789900
 6.06374991142648323     17.96513606867494772
-17.96513606867478074     -14.96875991087780378
-9.30488203083575272      4.65625330364711321
17.96513606867837964     10.65262946132037492
 2.59964829628993233     17.96513606867627644
-1.35537200701211691     -15.96513606867731738
 4.10872960812654853     -15.96513606867834589
-12.99195314165509174     -3.65625330361639955
 0.64462799298793738     -15.96513606867853241
-9.52470735673046498     14.96513606867842583
14.50103445353922815      6.65262946132050192
-0.86445331885498888     15.96513606867646473
-17.96513606867710067     13.65625330365148749
 2.59650412642934203     -4.65625330367976797
17.96513606868283119     16.65262946141855238
 6.06060574156967657      3.34374669631999266
16.23308526110834293      5.65262946132030830
 9.30488203083299581     -10.96513606867713975
-0.86759748870771136      1.34374669632083266
-17.96513606867733159     15.65625330365154078
 2.59650412642946327     -2.65625330367974444
-12.76898357385023175     -11.96875992062497041
 4.32855493399822588     -9.65625330367996604
 7.57283122326409863     -13.96513606867737423
-4.32855493402419356     11.96513606867772950
-17.96513606863865320     -10.96875991087776114
 6.06060574156871379      1.34374669631999266
-11.03693283840542172      1.65625330364670642
-0.64462799299049067      7.65625330364389090
-16.45605475679374763     -3.65625330361308665
 9.30488203083228171      5.65262946132048683
16.23308526110831451      3.65262946132029542
-4.33169910381009693      1.34374669638253597
14.50103445353970777      8.65262946132051702
-11.03693283840179973      9.65625330365093149
 9.30488203086398613     11.65262946137432643
-7.57283122326426827      7.65625330365046075
-17.96513606867760515     11.65625330365148393
-14.50103445354038278      5.65625330365118106
16.23308526111022942     -4.96513606867693724
 0.86759748871593667     14.96513606867761936
11.03693283840192230     -11.96513606867705626
-2.59650412642267936     16.96513606868393964
12.76898364600149094     11.65262946137306876
 9.52785152654415590     13.96513606863706869
-11.25990233408556129     -0.65625330361578393
 4.10872960812641885     -13.96513606867772594
-14.50103445353905229     15.65625330365129741
 9.52785152656043977     17.96513606867532076
 7.79580071899353300     16.96513606867167212
11.25675816427434128     -3.65625330368000157
12.76898364597066404     -14.96513606867720192
-7.57283122326377711      9.65625330365048740
16.23308526110917782     -6.96513606867697810
 0.86759748868035791     10.96513606867241641
14.50103445353970244     -13.96513606867703139
12.98880897184522354     -0.65625330367993828
-7.39287875520155158     -13.15071525393111607
 2.37667880055733916     -12.96513606867800661
-12.99195314184810002     -5.65625330395251869
-17.96513606868279922     -6.96875991087759683
 9.52470735670646640     -0.65625330368003587
-0.86445331888496346     13.96513606867642743
-0.86759748870798359     -12.65625330368071388
12.76898364597105484     -8.96513606867681823
-14.50103445354070963      3.65625330365107226
 6.06374991142402209     15.96513606866976609
 9.52785152654500855     15.96513606863787338
11.03693283840140538      2.65262946132048461
-7.79580071903243965     -8.65625330376462010
 0.64462799298856421     -13.96513606867839030
-6.06374991141556308     -9.65625330368187207
 9.30488203083252330      3.65262946132048327
 2.59650412642932293     -8.65625330367994295
11.03693283840138939      4.65262946132055877
 4.10872960813649524      6.65262946140874778
14.50103445354007725     -7.96513606867680934
-6.06374991141631181     -5.65625330368185519
-11.03693283840211592      7.65625330365091372
 4.10872960812580779     -17.96513606867845425
-17.96513606867869584      3.65625330365114865
 9.30488203083158005      7.65262946132053301
 6.06060574156720833     -4.65625330368003354
 7.79265654913607264     -5.65625330368006995
-16.23308526110784200     16.65625330365145018
 7.79265654913757100      0.34374669631994814
-12.68289920381623404     -15.96701922716128585
14.50103445357061283     12.65262946137264954
 9.52470735670506130     -4.65625330368005397
-12.99195314165455528     -1.65625330361557999
-17.96513606867851109      5.65625330365134893
-7.79265654915971684     17.96513606867833701
-17.96513606867918966      1.65625330365114642
-4.33169910416788007     -10.65625330423854145
-2.59650412645560369     10.96513606867723034
-7.79580071894802717     -0.65625330361715517
 5.84078041569541995     -16.96513606867836899
-9.21875793152213596     -11.96690471212718165
-0.86445331888623878     11.96513606867639723
 4.32855493399897195      0.34374669632026539
16.23308526110870886     -10.96513606867703494
-16.23099808334894334     -17.96513606868286317
-6.06060574157860721     16.96513606869901736
14.50103445357011189     14.65262946137519329
-5.66082795951518403     -16.15071525522327889
-0.86759748870853970     -4.65625330367991275
 7.57283122329390679      8.65262946137469768
 0.86445331886185106      2.34374669632136312
-5.84078041569504158      8.65625330364993495
16.23308526110851702      7.65262946132032251
 9.30488203083302778     -8.96513606867712909
-11.03553486185076515     -10.97117737790170544
-9.52785152651712863     -1.65625330361676437
 0.86445331889736032      4.34374669638109978
-6.06060574159190946     14.96513606867817359
-9.52785152670180224     -7.65625330393801473
-11.25990233427142684     -6.65625330393914538
-7.79580071903263150     -2.65625330376386026
-2.59964829718642854     -11.65625330525613101
-0.86759748867101816      5.34374669638198529
-11.03693283840116734     13.65625330365099721
-9.30488203083251442     10.65625330365075207
 5.84078041568382123      5.65262946133390631
 4.33169910385773704     16.96513606867441482
 0.86445331886083521      0.34374669632025806
 9.30488203083292298     -12.96513606867715929
14.72400394922564359     16.96513606868067114
-10.69981294206870892     -17.32953726800549887
 0.86759748867932474      8.96513606867233470
11.03693283843237083     10.65262946137347200
11.03693283840148887     -17.96513606867877755
-14.50103445353917131     13.65625330365128676
-4.33169910384731960     -4.65625330368157098
-2.37667880055986114      6.65625330364472845
 6.06374991140599295     11.96513606863771351
 2.59964829624872973      9.96513606867148738
11.03693283840143735      8.65262946132056499
 9.52470735670496538     -6.65625330368007351
-0.86759748870835829     -8.65625330368018098
-6.06060574159284293     12.96513606867817359
14.50103445353964560     -15.96513606867705981
-16.23308526110976402      2.65625330365117884
-17.96513606868188262     -0.34374669635080846
 7.79265654913653449     -1.65625330368006751
-9.52785152668034740     -3.65625330390057757
-12.59612888751730075     -17.96513606864214907
-2.59964829627816441     -1.65625330368116996
17.96513606867776502      8.65262946132035005
12.76898364597119517     -6.96513606867681112
 4.32855493399859093     -1.65625330367974488
-14.41488322000258293     -14.96690355001405770
-5.84078041569457884     10.65625330364994205
14.50103445353886045     -17.96513606867876689
-11.03693283720430074     -8.96875991282631624
-4.33169910384673607     -0.65625330368063606
-14.50103442680609866     -12.96875991914877879
 7.57283122326410307     -9.96513606867715040
12.76898364597031943      3.65262946132043576
 7.79265654913615791     -3.65625330368006995
-14.44142795659626088     -17.01153219454611332
14.72085977941405766     -1.65625330368001311
-16.23308526111448913     -5.96875991087621394
-17.96077754253997583     17.96240634973455386
-11.03693283840132899     11.65625330365093504
-7.57283122326666369      5.65625330364677126
-2.59964829627830962     -3.65625330368140000
12.76898364597028568      5.65262946132055077
-5.84078041569828965      4.65625330364589463
 9.52470735670543078     -2.65625330368003576
17.96513606867748436     -17.96513606867840451
-16.23308526105121530     -11.96875991087621216
-11.03693283840480177      3.65625330364739343
 0.64462799262641202     -17.96513606867855017
-7.39287876843169656     -15.15071525752282788
 2.59650412642971684     -0.65625330367973522
-11.25990233426252551     -4.65625330392372039
-16.23308526110677263     -13.96875991087621038
12.76898364597080793     -12.96513606867704205
-12.76898364597018798     12.65625330365109669
-16.23308526111343753     -1.34374669635171862
 6.06060574156767995     -0.65625330368002788
14.72085977941313573     -3.65625330368001311
-9.20121026258317087     -16.00507888466275119
-9.52470735672951641     16.96513606867846136
 5.84078041569506645     -10.96513606867725521
-17.96513606867825175      7.65625330365135515
-6.06374991141607023     -7.65625330368185608
-4.10872960812833021      7.65625330364578005
-2.59964829624039995      4.34374669638286193
17.96513606868276725     14.65262946141711708
-9.21571537927259321     -13.97367736848996600
-7.79580071903283844     -4.65625330376438473
-10.93129422589840516     -15.00167990788860983
 0.86445331886057053     -1.65625330367977064
16.23308526110825767     -0.34737053867972634
17.96513606867718948      0.65262946132018196
-16.23308526110873018     10.65625330365140933
-16.23308526107816263     -7.96875991087621305
17.96513606867757318     -11.96513606867714863
-7.57283122326737512      3.65625330364624057
-2.59964829627797789     -7.65625330368142887
-5.84078041569763329      6.65625330364651546
 5.84078041572508688      9.65262946137631594
 2.37667880042594648     -16.96513606890522041
-0.86759748870847386     -2.65625330367985280
17.96513606867726409      4.65262946132027011
 4.32855493399817259     -7.65625330367986123
-16.23308526110816530     14.65625330365144841
-6.06374991137905894      0.34374669638268518
-4.33169910384724322     -6.65625330368157098
-14.72400394922535050     -4.65625330361400458
16.23308526110855965     -14.96513606867709179
-11.25675816429934351     15.96513606867850932
-3.92877714065898687     -15.15071525500222016
-12.76898364597380109      2.65625330364759726
12.76898364597038871      1.65262946132041311
16.23308526110864136     -12.96513606867708468
-2.59964829624109273      2.34374669638231392
17.96513606867753055     12.65262946132166455
 6.06060574156716658     -6.65625330368003976
-2.59964829627768879      0.34374669631935534
-14.72085977943695490     17.96513606867879531
12.76898364597098023     -10.96513606867684665
14.50103445353990494     -9.96513606867687329
11.03693283840209638     -7.96513606867695678
 0.86759748868460185     12.96513606867758206
 4.32855493399820013     -5.65625330367982571
-16.23308526110892913      8.65625330365135248
-4.33169910384726720     -2.65625330368150614
16.23308526110834293      1.65262946132028898
-14.50103445354008791      7.65625330365119527
-10.94732528947386285     -12.97291410026617342
14.50103445353935072      0.65262946132044874
 7.79580071897524807     12.96513606863711310
-0.86759748870855891     -6.65625330367995627
-12.76898364597061786     10.65625330365107182
17.96513606867803858     -7.96513606867711665
12.76898364597071200      9.65262946132056143
 2.59650412643152873      3.34374669632098165
-17.96513606868283830     -2.34374669635081201
17.96513606868001034     -3.96513606867697188
-9.52785152651660461      0.34374669638407646
17.96513606867770463     -9.96513606867712909
-7.79580071903272120     -6.65625330376459701
11.03693283840197381     -9.96513606867702251
16.23308526113866535     13.65262946137420030
