51    14.07595478643984599
 1.20775185998933510     -6.03797739321796012
-4.03796571510067981     -0.84407169658212811
-2.96199891113228198      4.30592658560049646
-3.96198779032681259      2.57386935746523093
 4.03800108882344944      6.03797739321154303
 4.04231246011743472      2.57164873743852418
 3.20775185998933665     -6.03797739320947624
-2.96176634609409017      0.84169071792052674
-0.96199891113159275      4.30592658562452968
 2.20774157569064533     -4.30592064804665942
 3.20774157563451867     -2.57386984044071632
 3.04209103287299865      4.30357168506097754
 0.03801220970348845      2.57386935748668044
 1.08683323923668795     -2.64954976528253372
-1.96198779032302495      2.57386935750142332
 2.03800108882344766      6.03797739321992122
 6.00875152756442965     -5.91434417804241441
 0.08683379621963240     -4.38161309321786518
 6.03797739317011306      2.44003766059358940
-4.96199891113234504      4.30592658562253305
 0.03800108882317815      6.03797739321952420
-0.91316676072462288     -2.64956260720102232
-6.03689839267419082      6.03773215441307443
-6.03797739316926574     -0.84407779595171373
 3.03823363752036490      0.84195925142892847
 2.08683063343939024     -0.91748319521560517
 5.69168818595782788      0.47024483265857525
-1.91317788203682082     -0.91751822057232657
-2.03408482451190897     -4.30592690719014559
-6.03797739321732241      2.62002317614427360
 5.15412346259489773      4.23413972832268470
 1.03800108887052356      4.30592658562386443
 6.03797739321058113     -3.49954799704533981
-3.96199891117721581      6.03797739321736060
 4.20774157569089713     -4.30592064803877861
 0.08682211792334162     -0.91750537865451032
-5.03796627196275892     -2.57612218264641513
 6.03797739321032712     -1.49954799704516928
-3.03408538144886464     -6.03797739321215499
 6.03797739321992211      6.02824179602192256
 2.03801221027861335      2.57388219904972271
-0.96176634609408829      0.84169071792108074
-1.96199891117716718      6.03797739319631344
-5.03797683629360815      0.88797269011555546
-4.03409650277498866     -4.30593300656393652
-1.03408426756354155     -6.03797739321157145
-6.03797739321984306     -4.30816656930691710
-5.03410762403989231     -6.03797739321992299
-3.03409594592067267     -2.57388252049516586
 4.15894216085877844     -0.81454683238640013
 1.03823365386490618      0.84170355983974410
