52    14.09290461259999994
 0.00000000000001976      2.59133670269418603
-0.00000000000001642     -0.86377890090055909
 6.04645230628768893      6.04645230628865260
 5.03871025523819238      4.31889450449255641
 3.02322615314116572      4.31889450449200396
 2.01548410209943896     -4.31889450449248713
-1.00774205104686443      4.31889450449180945
 4.03096820418906532      6.04645230628903541
-6.04645230628917396     -4.31889450449169843
-6.04645230628909403     -0.86377890089659048
-3.02322615314674259     -2.59133670269511285
 3.02322615314677368     -2.59133670269511862
-1.00774205105047265     -6.04645230628890307
-2.01548410209627349     -0.86377890089958531
 1.00774205104896453     -2.59133670269695937
 5.03871025524228777     -6.04645230628934183
-5.03871025524225047     -6.04645230628934094
 2.01548410209416451      2.59133670269445338
-4.03096820419362611     -0.86377890089749043
 4.03096820419014357      2.59133670269560534
 0.00000000000000630     -4.31889450449336820
-5.03871025523820393      4.31889450449254220
-3.02322615314315701      0.86377890089803688
 5.03871025524205418     -2.59133670269419225
 6.04645230628881691      2.59133670269697713
 4.03096820419519553     -4.31889450449184231
-2.01548410209944961     -4.31889450449250134
 2.01548410209630102     -0.86377890089959297
 2.01548410209379236      6.04645230628943331
-4.03096820418909019      6.04645230628903718
-3.02322615314116305      4.31889450449202439
-5.03871025524209060     -2.59133670269419580
-4.03096820419011870      2.59133670269561112
-4.03096820419519108     -4.31889450449182100
-0.00000000000001966      6.04645230628945818
-6.04645230628768271      6.04645230628864816
-3.02322615314790033     -6.04645230628920682
 6.04645230628909491     -0.86377890089661846
 5.03871025524063754      0.86377890090008613
 1.00774205104686509      4.31889450449183254
 1.00774205105048709     -6.04645230628890218
-5.03871025524060911      0.86377890090009601
-1.00774205104731740      0.86377890089683007
-2.01548410209419782      2.59133670269445071
 4.03096820419361634     -0.86377890089747444
 6.04645230628917485     -4.31889450449167356
-2.01548410209375151      6.04645230628943331
-1.00774205104897385     -2.59133670269697047
 3.02322615314314413      0.86377890089805409
 3.02322615314786747     -6.04645230628920682
 1.00774205104732273      0.86377890089680953
-6.04645230628881958      2.59133670269696648
