58    15.09821758652991974
 2.54910879326224293      4.54910879325668116
 4.54910879325693518      2.54910879326341888
-1.18294201429475465      5.54910879324393402
-6.54910879326495898     -3.43049063576822988
-6.54910879326339224      0.56950936423177012
-6.54910879326382211      4.55634811554439434
-1.34505059753968936     -2.44431058241807175
-3.07710140512248698     -3.44431058239476950
-4.80915221267033299     -0.44431058238131887
-4.64704362943431626      5.54910879328476714
 3.71346516309624652     -4.73205080757154661
-1.18294201431761281      3.54910879324230555
 6.54910879326195960     -2.91499282187978936
-6.54910879325818929     -1.43049063576822988
-4.80915221268383863     -2.44431058238148324
 6.54910879326225626      4.54910879325582318
 6.54910879326330342      0.54910879325579076
 0.54118867036882923     -3.10921766179089509
 1.37269831371635198     -1.27350922536904898
-1.18294201432258728      1.54910879324157857
 5.54910879326032980     -1.18294201431183255
-1.43334881803405878     -6.54910879326495987
 3.54910879325897444     -1.18294201430296253
-2.91499282187526498      4.54910879326408057
 0.54910879323840045      0.54910879321876338
 5.71346516309624697     -4.73205080757083607
 6.54910879326495987     -6.54910879326108564
-4.64704362950533501      1.54910879328065509
 2.54910879326496032     -6.54910879326482043
 4.54910879326315065      6.54910879326345352
-2.91499282189905262      2.54910879326406414
 2.53065344750206567     -2.90420570958592972
-2.91499282185292641      6.54910879326408146
 0.54910879326224260      4.54910879322329276
 0.55787998761544411     -6.36200496232702051
 1.71346661763521713     -4.72963872262480489
 0.54910879325692441      2.54910879322318040
-2.91499282190445230      0.54910879326406370
-6.38700021003002405      2.56292873988809955
-4.64704362945603489      3.54910879328467876
-4.76748772236027385     -6.54910879326348638
-6.37909443701505907      6.54910879326495898
-4.88203934110019322     -4.53542477030253277
 0.54910879326295814      6.54910879326329010
-3.10041827019622973     -5.44417465872674278
 4.54910879326330342      0.54910879326341611
 4.54910879325240458     -2.91499282187613629
 4.54910879326495987     -6.54910879326206530
-3.07710140510713392     -1.44431058239476151
 6.54910879325700357      2.54910879325582052
-1.18294201434406321     -0.45089120675859640
 6.54910879326317108      6.54910879325604700
-6.54910879326443851     -5.64035890483772651
-1.02981868303972801     -4.55889576105172001
 2.54910879323848727      0.54910879325622886
 4.54910879326225359      4.54910879326342510
 2.54910879326295792      6.54910879325670159
 2.54910879325693118      2.54910879325660034
