60    15.37742049110000053
-1.48688372309895933      2.83160758480983343
-4.23949298473019809      6.68871024553088400
 1.49255782282828631      5.68871024551217275
-1.48881021287511195      4.83493696488300095
 6.68870788988927600     -6.68869956697492096
-6.68871024552905791     -0.17828527625163415
 0.35155881019545554      0.04412485371176070
 6.68871024553007576     -2.60046053809278188
 5.54578474312948355      1.04745423379822289
-1.48688372309798567      0.83160758480979191
 1.54660011603069081     -5.68871024552772653
-6.68871024553087690     -4.17828527625163382
-1.48688372309803429     -1.16839241519021830
 6.68871024552644489      6.68871024552537730
 6.68871024552971161     -4.60046053809556188
-3.21893453067608659     -0.16839241520609485
 3.81373393556432960      2.04745423380467262
 3.22653512016217681     -2.59713115800054961
 4.95665943796172659     -3.60046053809397959
-6.68871024552934923     -2.17828527625163426
-0.18352420176867193     -4.68538086543398524
 2.08360961776375175      1.04412485371288244
 3.22460863039673740      4.68871024551143378
 3.22460863038946455      6.68871024552551230
-4.95665943796076380     -3.17828527625264590
 2.08168312799580191      3.04745423380527791
-4.95665943796141928      4.82171472374735455
 6.68871024553046389      2.68871024550433901
-3.21893453067721191      3.83160758479393904
 2.08360961776047704     -0.95587514629492676
-6.61947369711007561      6.50941405078755864
 4.95665943795820141      5.68871024552427418
-1.48688372309328498     -3.16839241519025316
-6.68871024553088045      3.82171472374836574
-0.18545069153711116     -6.68871024552970006
-4.95665943795957720      0.82171472374735388
-4.95665943795961184      2.82171472374735455
-1.91557500933647540     -5.68538086543584509
-0.23949298473019756      6.68871024553017968
 0.34963232042734288      4.04745423380602354
-6.68871024552907301      1.82171472374836552
-3.21893453067135971     -2.16839241520610848
 0.35155881019525115      2.04412485371358299
-3.21893453067724034     -4.16839241520611381
-3.21893453067603152      1.83160758479391172
 1.49448431259385384     -3.59713115800150929
 3.81566042532876271      0.04412485370616549
-6.52035632974993273     -6.58761307651954642
 3.27865092359859700     -6.68871024552946114
-3.64569932713508704     -6.68871024553088223
-4.95665943796258279     -5.17828527625264545
 4.95858592773043583     -1.59713115799947913
 6.68871024552701243      4.68871024552375015
-4.95665943795742692     -1.17828527625264567
 4.95665943796202679     -5.60046053809830369
-2.23949298473019764      6.68871024552979510
 6.68871024553088045     -0.59380177790760336
 0.35155881019212282     -1.95587514629590453
 4.95665943796535569      3.68871024551096660
 3.22460863039381262     -4.60046053809599886
