63    15.62218600373976152
 6.81109300186988076     -5.81109300186989586
-3.42506487233594381      4.68665580112081148
-1.77108755036953336      1.56221860037515348
-5.15711567990485342      3.68665580112085500
-3.34699138673163565      6.81109300186931410
 3.42506487233576751     -5.68665580112243418
 0.03903674280104519     -5.81109300186919064
 1.69301406476683414     -2.68665580112251989
 3.42506487233490198      6.81109300186981148
-3.42506487233516044     -1.56221860037363869
 6.81094412990685960      6.81109107684527970
-3.42506487233599621      2.68665580112077507
-1.69301406476628791     -0.56221860037362170
 5.07904219430144099      5.68665580112421232
 3.34699138673262997      4.68665580112406843
-6.81109300186987277      2.56221860037308913
 3.42506487233660284      2.56221860037411897
-0.03903674280204193     -3.68665580112252700
-6.81109300186959477      4.81109300186901834
-3.42506487233469992      0.43778139962718432
 1.69301406476610694      5.81109300186965161
 3.42506487233576840     -3.68665580112242930
-6.81109300186988076      0.56221860037300875
 1.69301406476835115      3.56221860037520344
-1.69301406476785377     -4.81109300186910627
-5.07904219430101023     -2.68665580112017732
-5.15711567990360553     -0.56221860037288929
 6.81109300186972710     -1.56221860037473315
 5.07904219430087700      3.68665580112296309
-1.69301406476707106      3.68665580112075064
-0.03903674280121346      0.56221860037417182
 0.03903674280260594     -1.56221860037361182
-3.34699138673212060     -3.68665580112018398
 3.34699138673196295     -1.56221860037472871
-6.81109300186969602     -5.68665580112051483
 6.81109300186976352      4.68665580112296620
 6.81109300186977418      2.68665580112290892
-6.81109300186945621      6.81109300186925370
-5.07904219430061854      5.81109300186915423
 1.69301406476769678      1.56221860037411830
-5.15711567990533659     -6.81109300186960276
 6.81109300186976707     -3.56221860037473315
-1.69301406476703686      5.68665580112076530
 5.15711567990466513     -4.68665580112242175
 1.69301406476684035     -4.68665580112252034
-6.81109300186976974     -3.68665580112043534
 3.42506487233657309      0.56221860037411653
 5.07904219430099246     -6.81109300186987898
 5.15711567990547248      1.56221860037410409
-0.03903674280279203      6.81109300186968980
-0.03903674280059864      2.56221860037512794
 6.81109300186974931      0.43778139962526752
-3.42506487233659485     -5.81109300186935851
-1.69301406476627347     -2.56221860037362337
-6.81109300186950062     -1.68665580111936286
-5.07904219430086279     -4.68665580112042157
-1.69301406476764016     -6.81109300186952726
 0.03903674280184602      4.68665580112076707
 5.07904219430083526     -2.56221860037475357
-5.07904219430101289      1.56221860037302651
 1.77108755036978582     -6.81109300186949174
 1.69301406476766059     -0.43778139962590495
 5.07904219430085124     -0.56221860037472138
