64    15.75820936041592191
-4.91762697461945297     -6.87910468020796095
 3.51262315472294784      6.87910468020543142
 4.90089656505605387     -4.93193282856374360
 6.87910468020787036     -3.28217265357363530
-1.43143426817754404     -5.07966249136555525
 6.87910468020796095      2.71882614052396754
-1.78057242936758819     -0.28217251118115710
-3.46381302768245680     -3.36231163862043925
 3.41500306507001783     -1.28217265357374743
-6.87910468020796095     -6.48845751142358562
-5.14705387263890302      5.87910468020757815
-0.04878130056110146     -3.28262243782066010
-3.46381319210807792      0.79796661626901710
-5.19586391746849152     -2.36231178102474759
 0.00000000000032280      2.79846601331730582
 3.46381319210853400      4.79896541036591984
-5.14705395485203621      1.87810574371379602
 1.78057242936508930      5.87910453781148501
 1.68324076274083767      1.71832688586708771
-6.87910468020778332      6.87910468020761723
 6.87910468020784904     -5.28217265357365129
 1.68810286532601062     -2.29104117827071496
 0.67502490614517185     -5.14705387263759118
-1.78057226493498422     -2.28217251118115172
-0.04881004482803895      0.71832688586708393
-1.68324076274312917      3.87860514076285900
 3.67502490614388222     -6.87910468014141951
 5.14705395484902350      3.71882628291574946
 1.67502490614387978     -6.87910468020731969
-3.62130103423779648     -5.35610137873628833
 5.67502490614388932     -6.87910468020789256
-6.87910468020788279      2.87810588611093854
 1.73205080756916918      3.79846601331735911
 3.42015367288992111     -3.29104117827957277
-1.68324068053054643      5.87860528315933628
-5.19586391746261533     -0.20203352613038547
 6.87910468020796095      6.87910468020795918
 1.68324068053090792     -0.28167325652470770
-6.87910468020665355     -3.44245090847870872
 5.14705387263895364     -0.28217265357370547
-6.87910468020796095     -1.28217265357298804
-1.73205080756857610      1.79846601331734113
-0.04826173109718376     -1.28262250525118615
 2.67502490624934541     -5.14705387250469215
-3.41529157031211472      2.87860514076279372
-2.32497509385613466     -6.87910468020795651
 5.14705387263725367     -2.28217265357663335
-6.87910468020724775      0.87810560131337201
-5.14734229566836010      3.87860528315925146
 3.41529148809980221      0.71832674347526260
 0.04852170400882141      6.87910468020789345
 6.87910468020789345     -1.28217265357360333
 6.87910468020786503      0.71782734642639934
-6.87910468020786503      4.87910468020756927
 6.87910468020749910      4.71882642530842311
-0.32497509385613471     -6.87910468020576982
-3.41500306507004669      6.87910468020766519
 3.41529157030968999      2.71832688586713234
-3.51262315472123410     -1.28217265358355736
 5.14734229566866652      1.71832674347528491
-5.58277873982626982     -4.96545420995152043
 5.19586391746697274      5.79896555275856684
 0.04881004482571989      4.87860514076292873
-3.41529148809941008      4.87860528315923947
