65    15.82179417759999929
 6.91089708879097486     -3.96547344061727980
-6.91089708879396092     -3.44679547365647609
-6.91089708879407816      6.91089708879414832
-5.89605708135486850     -1.72339773682926722
-4.89605708135412065     -3.45544854439843752
-2.88121707391923287      3.46410161513776371
-0.88121707391910398      0.00000000000008183
 5.12489333188039442     -3.06536756889913686
 1.14846294095622681     -3.44679547365594541
 1.14846294095572143      6.91089708879412523
 6.91089708879085318      3.96547344061675311
-2.88121707391923199     -3.46410161513762871
-0.85153705904467680     -6.91089708879412523
-1.88121707391914006      1.73205080756893848
-1.86637706647484047     -5.18749935196168988
 6.91089708879415099     -5.96547344061727980
 1.14846294095544721     -6.91089708879414921
-1.86637706647425095      5.18749935196147494
 4.85951045889157651     -1.08305277787219167
 5.14846294095544632     -6.91089708879415010
 3.17814295583231887     -0.00000000000014429
-6.91089708879020836      0.00000000000045335
 6.91089708879312870      1.96547344061675311
 5.12489333188014307      3.06536756889875450
-5.89605708135408069      1.72339773682984454
-2.88121707390941939     -6.91089708879173514
-3.89605708135288831      5.18749935196814338
-4.91089708879399733      6.91089708879413145
 4.85951045889164401      1.08305277787176113
-2.88121707391920001      0.00000000000007310
 2.16330294840223214     -1.72339773683262854
 4.58637727278570662     -4.99150371520270664
-3.88121707391928661     -1.73205080756875640
-6.91089708879415010      3.44679547365644812
 5.14846294095572432      6.91089708879414566
 3.16330294840263360      3.45544854440072324
-5.91089708879404885      5.17884628122528134
 6.91089708879318998     -1.96547344061727980
 0.14846294095635537      5.17884628122487278
 6.54087796195090121     -0.00000000000026904
-3.88121707391929283      1.73205080756889984
 0.13362293352636825      1.72339773682349851
-2.88121707390800008      6.91089708879191456
 0.13362293352580371     -1.72339773682366704
-0.85153705904446664      6.91089708879414832
 1.14846294097161628     -0.00000000000026341
-4.88121707391940252      0.00000000000005743
 1.14846294095662405      3.44679547365587569
-0.86637706647393609      3.45544854439251337
-4.89605708135318718      3.45544854439913696
 2.14846294095646595      5.17884628122484436
-6.91089708879397868     -6.91089708879410480
-0.86637706647464396     -3.45544854439279847
-3.89605708135367923     -5.18749935196755541
 3.16330294840291470     -3.45544854440124194
 3.14846294095544721     -6.91089708879415010
 2.16330294840199366      1.72339773683219777
 2.14846294095616930     -5.17884628122485591
 0.14846294095607043     -5.17884628122491186
-5.91089708879381437     -5.17884628122527158
 6.91089708879414832      5.96547344061675311
-1.88121707391914161     -1.73205080756878749
-4.91089708879378772     -6.91089708879413678
 4.58638172589648718      4.99150496022080858
 3.14846294095572343      6.91089708879415010
