70    16.50255055312100794
 7.25127527656049420     -3.31587853732674676
-1.18651770373617227     -1.72973304807460626
 0.74872193472387161      7.25127527656050397
-2.25127527655565896     -5.51922446898770769
-5.18483314895161929     -1.73069559076649426
-6.25127527655569892     -5.51922446898325525
 0.74872472344174024     -7.25127527655803572
 2.74656518929628390      3.78593025296702157
-5.25127806527613217      7.25127527655465709
 1.74656518929903171      5.51798106053748505
-0.25127527655565840     -5.51922446898764996
-2.29997943035639896      1.97368419407609585
-7.25127527656028192      7.24793538794597492
-0.30070189070391018      2.02743658418151096
 4.56589800147531477     -0.55770657578905036
-3.25271235036207340      3.73217786287528330
 5.43150935153276837      3.20094153667632586
-5.25122290458769569     -3.75071833622584494
 4.60319802809127676     -2.61969517780132488
-0.25343481070097751      5.51798106052566162
 5.74656518929929128      5.51798106053465798
-5.25210517022399959      0.26817270866337822
-6.30158174837275453      1.97069992193142829
-3.18566145487408736     -1.78825024457468595
 5.51922446899269126      1.20046538574682149
-3.25127527655826443     -7.25127527655638371
-4.29927886942253590      2.02661578152702493
 1.74872472348605390     -5.51922446896237062
-3.25293347631449192      0.21061805402112746
 2.74872472344174046     -7.25127527655734738
 3.74788918030423401     -5.46141897891843708
 7.25127527655822046      4.20046538575077122
 6.74705363703649219     -7.25127527656048709
 7.25127527655930226      2.20046538575076589
 0.81262766901031602     -1.78819481872167541
 2.81179212580775717     -1.73038932868989992
-5.25201178943777514      3.78510945030135826
 7.25127527655963355     -5.31587853732674631
-3.25127527655421522     -3.78717366141799561
-1.25127806527612839      7.25127527654948345
-6.29864493186745023      5.48938614883601961
-7.18400325531197748     -1.78830536281197960
-3.25127806527612906      7.25127527655878978
 2.74452010436422178      0.26847896990584447
-1.25378972517802767      0.26913525057072107
 0.74872472344313568     -3.78717366141807599
 3.69784657188159249      2.02665093144170383
-7.25127527655762094      3.73083690595591522
 2.74872193472435233      7.25127527655742465
-1.25127527655826376     -7.25127527655809345
-2.25343481070102269      5.51798106053478321
 1.69856175520930419      1.97316988969873219
 0.74535564756678752      0.21067347987403290
 4.74872193472468673      7.25127527655808990
 5.45963455853988400     -4.42704585470766343
 4.74788918023916651     -7.19346978652492020
-5.25127527655828619     -7.25127527655500703
-1.25118456931550304     -3.75765137376144898
-7.25127527655833060     -7.25127527655073933
-7.25127527656050397      0.21056293579029289
 3.74656518929926952      5.51798106053419080
 2.74788918024058404     -3.72936817138630383
-1.25343481070890261      3.78593025296134700
-7.25127527655578863     -3.78717366141442424
 6.29794880904313459     -1.55770657579088145
-4.25127527655569537     -5.51922446898601926
-4.25343481070108798      5.51798106053024018
 7.10086534914106782      7.21084271014371669
 0.74705788031838605      3.73817591353246881
 7.25127527656050397      0.20046538574497844
