71    16.63989547330000107
-3.90750804020730813      3.25602338447611395
 5.28617389547439664      2.14351546812873339
 3.31994773662936860     -3.85584612149304862
-0.74759994568133525      5.58789692906177304
-5.53377384120828708      4.42017953572685141
 1.31994773662925557     -7.31994773663131149
-2.10196715380159915      4.11626876081799065
 7.31994773663190834      2.14380065654619889
-5.64055077333332022      0.08433788155879493
 1.31994773663009402      0.14380065648974111
 1.25240005431868084      5.58789692906164603
 7.31994773663067022     -7.31994773663123777
-3.95801638156016056     -3.16085783464198133
-3.58352834454045510     -7.31994773662988507
-5.45173804058532951     -6.60595016548258318
-7.31994773663071463     -1.00176793265437003
 6.31994773663018528      7.31994773663059384
 6.30281931975746179      3.86584879280328009
-5.69006718911122178     -4.16085783467285708
-0.46347030636284553     -0.87931745420078922
-7.31994773663009468     -7.31994773663032294
-2.19419499751039249     -1.94578758449965150
 7.31994773663034071      0.14380065654614321
 5.31994773662927312     -7.31994773663169696
 7.31994773663174758     -3.85584612149536765
-0.46584065606438535      1.12068114115929029
-3.90849996578300241     -0.91566211847337831
 1.25331527682273691      2.14269037713468435
 5.30281931975765630      5.59789960037235890
 4.28569090288754140      7.31994773663200249
-1.74759994576586175      7.31994773662024745
-3.99999999999870726     -5.23028426799370028
 3.29336931068910932     -1.85602273247225336
 7.31994773663039311      5.58789692906132895
 5.31994773663013465      0.14380065654844421
-5.63326220144439560      2.24519571618971225
 4.28617389547441352      3.87556627569774559
-7.31994773663103171      1.17044369577146545
-7.31994773660614673      7.31994773661352305
 2.31994773662957066     -5.58789692906261504
-2.11786127213174558     -3.94433034420724971
 3.28617389547439664      2.14351546812884575
 5.31994773662981491     -3.85584612149311790
-3.95386523814622182      1.15908990197588913
-5.53377384118751792      6.42017953572685407
 1.29336931068902072     -1.85602273253102301
 3.31994773662927178     -7.31994773663166587
 1.31994773652664454     -3.85584612155316186
-2.19907542198980588      2.11862765585206336
-3.74759994576586664      7.31994773660664944
-7.31994773663159304     -3.00176793271709608
 2.26904547860437944      3.86556360438868696
-7.31994773662793108      3.31994773661348486
-0.42523933436766975     -2.87895201901014630
-0.11024795219632900     -5.34177171933324768
 0.25240005431870682      7.31994773663069864
-0.68005226337076863     -7.31994773663123954
-2.13179030395245572     -5.94428183913721142
-3.74759767312202996      5.31994545415740472
 7.29336931068915817     -1.85602273247462213
 3.31994773663009424      0.14380065654854851
 5.29336931068915462     -1.85602273247234661
-2.19670507234926848      0.11862906045749254
 3.26904547860432926      5.59761441195759257
-7.31994773662668763      5.31994773661350440
 4.31994773662957066     -5.58789692906188851
-5.58789692908038305     -2.00176793268649478
 6.31994773662957066     -5.58789692906298807
-7.31994773663033982     -5.31994773663003961
-0.18770527314404201      3.52966345338675414
 2.25240005431878254      7.31994773663062936
