72    16.72212779779999892
 7.36106389889185397      1.39301102065906468
-1.36946638186689995      2.52605242701340282
 2.09463523327076473     -3.47394757298670598
-7.36106389889144186      7.36106389889179091
 3.16427229362278695     -6.36106389889199608
-1.36946638186693370      0.52605242701336374
-7.36106389889153512     -6.63893610110828369
-7.36106389889149781     -2.63893610110826282
 7.36106389889188861      3.39301102065906646
 3.82668604083972319      1.52605242701326183
 7.36106389889183177     -0.60698897934093743
-7.36106389889154222     -4.63893610110826948
 7.36106389889179802     -2.60698897934094065
-0.29982932151499836     -6.36106389889197033
 3.82668604083983466      5.52605242701332511
 0.36258442570202581      3.52605242701338017
-0.43286066861579242      7.36106389889190105
 3.82668604083965036     -4.47394757298674861
-5.62901309132258998      2.36106389889191659
-7.36106389889138590      1.36106389889174717
 5.55873684840856175     -1.47394757298674817
-3.89696228375368969      3.36106389889189971
 3.82668604083966191     -2.47394757298673929
-7.36106389889152979     -0.63893610110825760
-3.89696228375356934      7.36106389889193657
-5.49598174422162256     -5.36106389889189838
-1.36946638186700032     -1.47394757298665380
-2.03188012908386328     -5.36106389889194901
 3.03124094652195186      7.36106389889184420
-4.83356799700477335      0.52605242701338750
 5.55873684840863280      2.52605242701325272
-3.10151718943587484     -0.47394757298661611
 2.09463523327092993      4.52605242701334554
 5.55873684840869497      4.52605242701326649
-2.16491147618472857      4.36106389889191703
 1.43222148605391886     -5.36106389889195789
-3.89696228375360620      5.36106389889191970
 7.00501914260509917      7.36106389889194102
-3.76393093665276623     -6.36106389889193657
 2.09463523327087175      2.52605242701330690
 7.36106389889195434      5.39301102065907667
 7.36106389889192148     -4.60698897934094287
-5.49598174422158969     -1.36106389889187862
-2.03188012908389259     -7.36106389889194901
-3.10151718943580201      1.52605242701341126
 5.55873684840853510     -3.47394757298674817
-0.43286066861583178      5.36106389889188861
 7.35771903221767243     -7.05742324613502880
 3.82668604083968633     -0.47394757298673934
-5.49598174422163677     -7.36106389889195611
 0.36258442570197114      1.52605242701333266
-5.62901309132246652      6.36106389889195611
-0.29982932151496544     -4.36106389889197033
 3.82668604083976982      3.52605242701327848
-3.76393093665267653     -2.36106389889189572
-2.03188012908381710     -3.36106389889192636
-3.76393093665271117     -4.36106389889189749
 2.09463523327078693     -1.47394757298670576
 4.89632310119168679     -7.36106389889195700
-2.16491147618469171      6.36106389889192947
 1.29919013895306512      6.36106389889185664
-5.49598174422158348     -3.36106389889188861
 5.01813004456353084      7.13243382194759601
 0.36258442570192184     -0.47394757298668178
 2.09463523327082735      0.52605242701329380
 1.43222148605388666     -7.36106389889195789
-5.62901309132256067      4.36106389889193391
 5.55873684840859461      0.52605242701325183
-7.36106389889155910      3.36106389889176871
 0.36258442570189098     -2.47394757298669621
-7.36106389889154578      5.36106389889178381
 5.55873684840865945     -5.47394757298674861
