79    17.38873450601533932
 0.91503469747646027     -1.38894747973410970
-5.96231644543887640     -1.47226223827576819
-0.81701611009253750     -0.38894747973425853
 7.69436725300662250      0.38894750554881830
 2.64708550504525952     -0.38894747973389893
-6.11118712018077304     -7.69436725300681523
-2.54906691021264642     -1.38894749263592487
 4.23026564531880211     -5.61105250736685957
-0.81701611009225272      1.61105252026652535
-0.72549519045448618      7.69436714978020220
 7.69436725300766611     -5.61105249446542054
 4.28111772522976786     -7.69436725300760749
 2.64708550504062723      3.61105252027500079
 5.96231644543759742     -0.61105249445144227
-0.81701610264363678     -2.38894749263577832
-2.47739542970296611      6.72956377513679627
 2.49821483030257685     -2.61105249446270848
-4.23026563787013554     -4.47226223827653957
 5.96231644543891370     -4.61105249446519760
 4.37913631260916603      2.61105252027440748
 2.49821483011572409      5.83315753467906806
 4.23026563787162502     -3.61105249446244558
-2.54906691766105187      0.61105252026638845
-2.49796632336338309      4.69479778764802713
-4.22929561605920235      7.69436725300608160
 5.96231645288759182     -6.61105250736715444
-4.28111772522986733      1.61105252026652046
-5.96231630915714739      4.69436748905438872
-2.64708550504285878     -7.69436725300660562
-0.81702980051330176      3.61107623239684150
-4.23026550209661245      3.69436748817391436
 0.81701611009376107     -5.69436725300450153
-5.96213563709177485      6.69468035491241142
-4.37913631261194958     -6.69436725300672286
-5.96231644543909756     -3.47226223827668035
 0.81701611009233333     -7.69436725300756308
-6.01316852534999402      0.61105250736490668
-4.28111771778118921     -0.38894749263523015
-7.69436725300667934      1.69436725300699553
-2.49821483030138181     -3.47226223827621805
-0.91503469747529353     -4.69436725300480884
-4.23026549836842225      5.69436748817396943
 7.69436725300767055     -3.61105249446498888
 0.76616403018245482     -3.61105250736438288
-2.64708550504400497     -5.69436725300510727
-7.69436725300766966      3.69436725300736946
 4.23026563786975363      4.83315753499970402
 2.54906691766104343     -6.69436725300726376
 2.49821483775150854     -4.61105250736407779
-7.69436725300766700      5.69436725300763946
-2.54906691766105409      2.61105252026666301
 5.96231644544222306     -2.61105249445904608
-5.96231644543816142     -5.47226223827801661
-7.69436725300704261     -6.47226223827808678
 4.23026563787138254     -1.61105249446244558
-4.23026563787036292     -2.47226223827639746
 4.37913631260935876      0.61105252027437684
-5.96231630966548387      2.69436748817367500
 5.96231644543877426      5.83315753499950418
-7.69436725300763591     -2.47226223827597424
-7.69436725300720781     -4.47226223827801928
 7.69436725300729929      4.83315753499889311
 6.11118712017821153      1.61105252027441925
 5.96231644543830530      3.83315753499905654
 1.25238510637763811      7.39773685420310390
-0.91503469747497912     -6.69436725300484969
 0.91503469747627053      0.61105252026590773
-0.76590149948443476      5.69477465322549659
 2.64708550504028173      1.61105252027435375
 7.69436725300665536     -1.61105249445118548
-7.69436725300767055     -0.47226223827562441
 5.23026563736969230      7.69436725300696267
 7.69353894761686430     -7.69405096678571798
 0.91503469703907714      4.61105252027506207
 7.69436725300749025      2.83315753499887713
-7.69436718008578602      7.69436725300764568
 7.47876576703886542      7.59409428709193079
 3.23026563736962524      7.69436725300716962
 0.91503469747172617      2.61105252027504031
