80    17.43050505451860843
 0.83970003485114297      6.71525252725915056
 2.57175084241994778      5.71525252725901556
-2.57175084241937757      2.62915151635514999
-4.25115091212164398      1.54305050545237887
 0.83970003485055245     -5.62915151635549904
-7.71525252725930333     -2.62915151635515754
 2.57175084241937668     -2.62915151635514999
-0.83970003485115496     -2.54305050545149136
-0.83970003485051792      3.62915151635517974
 7.71525252725919231     -5.71525252725832189
 7.71525252725930422      6.62915151635545108
 2.57175084241999530      1.54305050545141453
 0.83970003485115718      2.54305050545149403
-2.57175084241996021     -3.54305050545161571
 7.71525252725930422      0.45694949454777978
 4.30380164998883075      0.54305050545134259
 0.83970003485051758     -3.62915151635518107
-2.57175084241936602      6.62915151635565625
-5.98320171969050207      0.54305050545234612
 0.89235077271827035      4.62915151635533384
 5.98320171969050207     -0.54305050545234879
-7.71525252725928645      3.54305050545263267
-6.03585245755763022     -1.54305050545146871
-5.98320171969045234      2.54305050545251632
-4.30380164998879078     -6.71525252725907684
 5.98320171969027825     -6.71525252725845245
 4.30380164998818238     -3.62915151635528366
 5.98320171969045589     -2.54305050545252342
-4.25115091212162355     -4.62915151635531963
 0.89235077271765750     -7.71525252725929533
-7.71525252725930510      1.54305050545247457
 5.98320171969046299      3.62915151635524724
 4.30380164998812909     -5.62915151635544575
 2.57175084241998375      7.71525252725921362
 2.57175084241936736     -6.62915151635565536
 6.03585245755763378      1.54305050545147160
 7.71525252725930422      4.62915151635531075
-2.57175084241998597     -7.71525252725921895
-2.57175084241999263     -1.54305050545141387
 2.57175084241996288      3.54305050545161748
-0.83970003485113243     -0.54305050545138445
 7.71525252725927047     -3.54305050545263356
-7.71525252725894273      7.71525252725881128
 2.57175084241932250     -4.62915151635531341
-2.57175084241996776      0.45694949454869066
-0.89235077271827268     -4.62915151635533118
-5.98320171969046566     -3.62915151635523703
-7.71525252725930422     -6.62915151635544664
 4.25115091212162532      4.62915151635532229
 7.71525252725930510     -1.54305050545247613
 7.71525252725930244      2.62915151635516864
-4.30380164998818504      3.62915151635528499
 0.89235077271770413     -1.54305050545146005
 4.25115091212139351     -7.71525252725882105
-7.71525252725930422     -0.45694949454778239
 2.57175084241996732     -0.45694949454868333
-7.71525252725919763      5.71525252725831479
 7.71525252725895161     -7.71525252725881838
 0.83970003485113220      0.54305050545138989
-0.83970003485055877      5.62915151635550615
-5.98320171969027381      6.71525252725844002
-4.30380164998879611     -2.54305050545154288
-2.57175084241995178     -5.71525252725901023
-4.25115091212138552      7.71525252725883259
 6.03585245755700672     -4.62915151635542177
-0.89235077271766239      7.71525252725929800
-4.30380164998813086      5.62915151635545552
 5.98320171969046743      5.62915151635538269
-0.89235077271770247      1.54305050545146383
 4.25115091212163954     -1.54305050545237377
-4.30380164998882719     -0.54305050545134004
-5.98320171969046566     -5.62915151635537914
-6.03585245755765154     -7.71525252725916832
-2.57175084241932206      4.62915151635530897
 4.30380164998879877      2.54305050545154421
 6.03585245755765598      7.71525252725917721
 4.30380164998879522      6.71525252725908040
-0.83970003485114897     -6.71525252725914434
-6.03585245755699518      4.62915151635543065
-7.71525252725930422     -4.62915151635530542
