84    17.90296617414260183
 7.90585730850586810      1.95310245699326934
 0.97672021953155985      7.95148308706731122
 0.97672014327888446     -0.04851691293285559
-4.48738147187000358     -2.04851691293762883
 7.95148308705748086      3.95258196134735940
 4.44082181650837438     -0.04851681232646842
 2.70877100889427647      2.95148318768004225
 7.95148308706733165     -4.04637704736097703
-3.34199402676788537     -7.95148308706955653
-4.45600157266258190     -6.04827072327315474
 2.70877100889264311      4.95148318768094775
-7.95148308703690709     -2.04851691292872529
 2.70877100893612033     -1.04851681232140237
 0.97672014327136969     -2.04851691293285665
-1.02327985672864585     -2.04851691294403571
 7.95148308705577378     -0.04637704736081991
 6.17287262405286707      2.95148318770264462
-2.75533066430002593      0.95148308705610285
-7.95148308705678808      5.95148308707129736
 6.21849840259851128     -5.04799631667566029
-2.75533066433423590      4.95148308705763895
 2.75439684403452389     -5.04799641467552540
-7.95148308705457207     -0.04851691292871187
-2.75533066433277396      2.95148308705751905
 0.97672014326842338      1.95148308706714491
 2.75439678745687244     -3.04799631667707427
-4.48738147190560355      7.95148308706237739
-1.02327978046855272      7.95148308705956808
-1.60994321920283223     -6.95148308706292983
-2.75533064392261284      6.95148312241652544
-2.75424218146604760     -3.05039985539687741
-1.01774175543448697     -4.04850924528785416
 6.19646957567086698      6.99235431259174423
 7.95148308705523110      7.95148308706871365
 4.44082181646647633      5.95148318767363627
-7.95148308707067830     -6.04851691292872662
-1.02327985676420452      3.95148308705808304
-6.21943227946585075      0.95148308704639684
-7.95148308705844897      1.95148308707129647
-6.21943227947826660      2.95148308705413109
-6.21943227947779409      4.95148308705756079
 6.21849840260202047     -1.04799631666892834
 2.70877100892742950      0.95148318768000262
 0.00273458965089898     -5.76857553157486436
 0.97672014323387535      5.95148308706730500
-7.95148308704708828      7.95148308707130003
 4.44082181650031771      1.95148318767355344
-4.48738147190612491      3.95148308706237383
-2.63041956428768353     -5.23141680077665416
 3.34746320607087489     -7.95148308706716733
 6.17287262405263881      4.95148318770281737
-6.20671901325286068     -5.07022273411793289
-4.48738147187252334     -0.04851691293762824
 6.21849840260023701     -3.04799631667554127
-6.21943227947681354      6.95148308705957252
-7.95148308702608020     -4.04851691292872662
 7.34273767437747171     -7.95148308706955831
 4.44082181646717800      3.95148318767358564
 1.02234603646469768     -4.04799641467082516
 4.48644765161151504     -6.04799641468024873
 7.90460615587036575      5.95203252420783269
-7.95148308705890017      3.95148308707129692
-6.21943227944836163     -1.04851691295391669
 0.97672014323605105      3.95148308706730456
 0.12210758836418782     -7.95148308706616724
 4.48644759502810775     -2.04799631668115678
 4.44145618712083934      7.95148308706721529
 1.73478539721799807     -6.76857553157794545
-2.75533066429747198     -1.04851691294394556
-1.02327985672114297     -0.04851691294403515
-4.48738147190453329      1.95148308706237184
 7.95148308706714158     -6.04637704736102499
 2.70895277829700731      6.95179795545888624
 4.48644759502634738     -4.04799631668119186
 6.17287262480449872      0.95148318770229545
-4.48738147190558312      5.95148308706237472
-6.21943227923654796     -3.04851691329092667
-1.02327985673205757      1.95148308705783036
 5.34510044022415975     -7.85429522401607461
-4.48738147146054978     -4.04851691293763416
-5.33903750879419992     -7.84277553951082407
-1.02327985676616451      5.95148308705913109
-7.33608099082044074     -7.95148308707130091
 7.95148308706533946     -2.04637704736093484
