85    17.95971148519999971
-6.24780493500659073     -1.98538477865867380
-1.05165251216785527      1.01461522125226211
 2.78370331987357833      6.97985574257166164
 1.05165251230444801      5.97985574257185881
 6.24780493500859091      6.97985574257588226
-0.68039829525846174      6.97985574258220076
 2.58344722747688937     -7.01862965256403193
 2.41244910867409557      1.01461521907386376
 7.97985574257842956      5.97985574257753871
 4.33731292514300115     -7.97985574257893315
 4.51575412742461069      1.97985574254136409
 0.82958165588837263     -7.97985574079114812
 7.97985574257978669      3.97985574257072283
 7.97985574257851127     -7.97985574257938968
 0.68039829980233357      0.01461522131040595
-6.24780493501122258      4.01461522134134352
 0.68039829536852658      2.01461522131040782
-4.51575412743886151     -2.98538477866073348
-2.41244910282749592      5.97985574258190322
-7.97985574257639563     -0.98538477866010765
 4.29311207125829686     -1.97985574424873056
-4.51575412737545445      1.01461522133928050
-0.90275490843425465     -6.98035030905488529
 6.04195554951004787     -1.00952255993711337
 4.51575412742506099      3.97985574254206442
-1.05165251220988032      3.01461522129390769
-6.09919277511771796     -7.97985574258188990
 2.56106122662440638     -4.97985580520244930
 2.78370331927535286      2.97985574153611577
-6.24780493495707479      0.01461522134133461
-7.97985574257937369     -2.98538477866011576
 7.97985574257938080      1.97985574257068264
 7.78492098276331390     -5.98937830251226977
 4.14449991683216812      0.01461522008162316
-7.97985574258082853      5.01461522134070847
 4.51575412744235027      5.97985574257131347
-4.51575412742937665     -4.98538477867323326
-6.24780493501101741      2.01461522134134219
-7.97983074760468813     -7.24804974876477903
 7.97985574257610697      7.97985574257831320
 2.41244913328426724     -0.98538482173228314
 1.05165251231061085      7.97985574258189789
-2.78370331986875863     -3.98538477865862051
-7.95252489736639756      7.34913180384364839
 4.29282628793736531     -5.98035056901469630
-6.24780493501229817      6.01461522134137727
 0.82901042256816981     -5.97985582236484614
-2.78370331978822483      0.01461522134138041
-4.36714196754033956     -6.97985574259653063
 2.56106128782572728     -2.97985578605404200
 6.24780493501045964      0.97985574257075903
-6.24780493500940892     -5.98538477865878260
-1.05165251212851141     -0.98538477875050368
 1.05165251230436962      3.97985574257169938
-2.78370331980710395      2.01461522134137994
 0.82901045518385386     -3.97985574262635655
 6.04139508107340539     -5.00952248141586853
-7.97985574257918184     -4.98538477866012641
-2.63509115997957277     -5.97985574258190411
-6.24780493500892753     -3.98538477865868179
-4.51575412735610193     -0.98538477866072882
 6.24780493501201306      4.97985574257264041
-1.05165250538472899     -2.98538479031273374
-7.97985574258041375      3.01461522134066451
-2.78370331987327813      4.01461522134137994
 7.97985574257875196     -3.99890086244526310
-2.63509115996144816     -7.97985574258190500
-4.51575412744225435      5.01461522134120852
-4.14449991039749044      6.97985574258192809
-0.68039829527350082      4.97985574255612296
-0.90304034567448055     -4.97985575424935867
 6.04195551391626839     -3.00952255993711315
-2.41244910282859015      7.97985574258190322
-4.51575412744098514      3.01461522133934423
-7.97985574257905750      1.01461522133989224
 0.68039829547555553     -1.98538477868959462
 6.24780493501059553      2.97985574257091379
 7.77400635707881360     -2.00952255993732543
 4.51575412743974258      7.97985574257636188
 6.15858433379022951     -7.15343547655985734
 2.78370331987326969      4.97985574257165986
-5.87655071796638584      7.97985574258189789
 7.97985574257923336     -0.02014425742943381
 4.29311206492249031     -3.97985585842485756
-2.78370331975115359     -1.98538477865861984
