86    17.99434996460000136
-2.53307336715487619     -5.99717498229189960
-0.66307905565112080      0.99806224414577305
-7.99717498228961965      0.00282501771207512
 2.74145528589401755      6.99717498230576052
-4.39514250425362629     -0.00193255668386400
-4.46112900573046911      7.99717498228523738
 4.47350609345631334      5.99717498229433943
 6.20555690104337909      6.99717498229727930
-2.53307336715576525     -7.99717498229198664
 7.85923147825898116     -7.99717498229441048
-0.72491900554301969      7.00112174409169441
-7.99717498228491674      3.99993901194186430
-7.99717498228300361      7.99717498229165979
 0.93102824798388228     -3.99717498229363244
 4.39512986312052334     -7.99717498229434298
 4.39512986312123299     -5.99717498229433410
-4.53307336715487796     -5.99717498228954238
 2.80102255958141333     -1.00193775587101563
 6.26512417472252903     -3.00193775587316081
-6.26512417472368188     -6.99717498228968982
 6.26512417472000838      0.99806224412864275
 7.99717498229250623      5.99806224412616906
-6.18916412414355221      1.00138201482935907
 2.80102255956913337      2.99806224413284861
 1.06897175193109373     -0.00193775587263033
 2.66307905555171187     -6.99717498229421508
-4.45469115697909857      5.99718534378620749
 4.53307336715208109     -0.00193775587348598
 4.53307336714480069      1.99806224412651723
 2.80102255957394952      0.99806224412921074
-0.66307905565411152     -1.00193775585422773
 1.00940447830765390      5.99717498229433765
 0.93102824798297290     -5.99717498229363688
-2.53307336714672848     -1.99717498227836043
-0.80102255957926105     -2.99717498228242363
-2.53307336714916209     -3.99717498228067392
 6.26512417472170302     -1.00193775587260525
 7.99717498229434209     -6.00193775587383982
 7.99717498229064727      1.99806224412616773
 4.53307336714879572      3.99806224412651767
-7.99717498228706258     -1.99717498228792656
 4.53307336715266196     -4.00193775587348721
-4.53307336714793241     -1.99717498228385781
 7.93760770861396203      7.99717498229440782
 7.99717498229132051     -0.00193775587383357
-2.39512986325285659     -0.00193775584746564
-7.92283690768082494      5.99855699711665924
-0.72264632930026551      2.99717498231490209
-7.92121493171393709      2.00138201482687927
-4.45469713684696877      1.99718534379463430
-6.18915814427541555      5.00138201482047240
 6.12718067069031758     -6.99717498229397528
-6.22915198794470104      7.06224464539377195
-7.99717498229160650     -7.99717498229136670
-2.45469115697909457      5.99718533967342893
 2.80102255958283797     -3.00193775587132006
-4.53307336714919007     -3.99717498228777934
 4.53307336715333342     -2.00193775587348677
 7.99717498229106294      3.99806224412616906
-2.46112898167437288      7.99717498067202293
-4.45469713683571644      3.99718534379465362
-0.80102255958644408     -6.99717498229271317
 4.47350609347139283      7.99717498229434121
 6.26512417471642902      4.99806224412887801
 0.93102824798262906     -7.99717498229388379
-2.45469713687380375      1.99717498232296653
 6.26512417472221017     -5.00193775587316569
 1.00940447831783708      7.99717498229433765
 6.26512417471995864      2.99806224412868350
-7.99717498229193335     -3.99717498228793211
-0.72264632927492811      4.99717498231539814
 2.74145528588160081      4.99717498230082313
-6.26512417471686334     -2.99717498228565127
-7.99717498229161716     -5.99717498228793300
-6.26512417471826488     -0.99717498228554491
-6.26512417472176875     -4.99717498228603052
-6.18916412413430272      3.00138201482941058
 1.00940447828199553      3.99717498229433765
 1.06897175201299932     -2.00193775587263056
-4.53307336715579368     -7.99717498229164914
 1.06897175200340033      1.99806224412737743
-0.80102255958637547     -4.99717498229124146
 2.66307905555346647     -4.99717498229240853
-2.45469713686255187      3.99717498232635560
 7.99717498229164114     -4.00193775587383627
 7.99717498229179746     -2.00193775587383538
