87    18.28312005660000139
 8.14156002826796055     -4.69742118325788294
-7.11914455127755463     -2.97601438547013064
 5.85843764227768737      4.18184200069258694
-8.14156002829594527     -1.25710002100821039
-6.10416513880286615     -4.69933002465347816
-8.14156002829765768      4.17878951082694083
-2.02684876625176491     -1.26299262806627333
-6.14156235772119086      8.14156002829645331
 4.14156002829770920      6.16170101446458585
 4.07959181974471630     -1.24952275068086061
-0.14156235772235734      4.18184200066519107
-7.85843764228869457      6.15864852518008465
-6.09936309804294030      2.18228724463093471
-8.14156002829709635      8.13850753899152224
 0.14156002829770023      6.16170101446836949
 0.01961054908594673     -4.69985175800024724
-6.14156235772258174      4.18184200069105927
 4.08322367270361131     -8.14156002829794900
-4.14156235772119086      8.14156002827197156
-1.00443328931011688     -2.98190699257471659
-7.11751619046630246      0.46084474475209330
-1.01418876523472612      0.46168697184448992
 6.11682422685300065     -1.24771909820376203
 0.00822671170411312     -1.25722739266466887
-7.12658061578963764     -6.41824438913415474
 8.14156002827696312      2.20198298684967009
 2.05790367073109870     -8.14156002828783798
-0.14156235772075845      8.14156002827161451
 5.09973184953053149     -2.96978852073751387
 7.12446765094452772     -6.41949060578969632
 1.02030251209898526      0.46779509248021700
 2.04434635077918747     -1.25014967277868405
-3.04698879599376671     -2.98325839814900373
 5.09668419705571374      0.47254667185002747
-2.14156235772119086      8.14156002829795256
 7.12890002734315154      0.47730338689122281
-3.04272641146284739     -6.42361526254357784
 6.10737527355579779     -8.14156002827714076
 1.03227055037815396     -2.97517215792161194
-0.00211296483764825      2.18670945699181374
-4.05680759126963597      2.18363865026191828
-8.14156002827463432     -4.69492874994743392
 4.07853110548724906      2.19398917223943624
-4.06196820855029639     -1.25994275901425667
 8.14156002829618153     -8.14156002829657410
 1.03776364095487517     -6.42129425822543531
 0.01762361119456583     -8.14156002829721359
 5.85843764227929409      8.14156002829752978
 3.06143872817655893      0.47191974970384859
-1.85843997170229991      6.16170101449546248
-2.02457331905283722     -4.70217276265693496
-3.85843997170284947      6.16170101446831175
-1.00052948066801828     -6.42011752808632785
 3.85843764227925456      8.14156002826949532
 3.06249944235148641     -2.97159217316319468
-2.01868257356713876     -8.14156002827632186
 7.85843764227977637      4.18184200065814604
-4.14156235772255865      4.18184200066550105
-3.04182817880840473      0.46032301106843959
-8.14156002829732550     -8.14156002829768788
 3.85843764227767050      4.18184200066115164
-4.06514188840558965     -4.70470089803597702
 6.11239185049845624     -4.69446812067478270
-5.08012130096094161     -2.98138525890052009
 6.10875999754403676      2.19756915693998511
-6.11160120323719624     -8.14156002828693914
 8.14156002829765413     -1.24737621305388768
 7.12948422781394608     -2.97239869814654911
 2.14156002829770431      6.16170101449410090
-5.08918572626203769     -6.42264566379750867
-8.14156002821659541      2.17878951082693817
-4.06677024930554243     -8.14156002829620107
-6.09510071344398163     -1.25806961970741993
 3.07056367173281730     -6.41688042836240413
 6.14156002829772074      6.16170101449491536
-5.07694762100952612      0.46337288017801259
-2.14156235772255865      4.18184200069316692
 5.09529947311058518     -6.41653754316026692
 7.85843764229556108      8.14156002826889846
-2.02916817779335590      2.18500261097800008
 1.85843764227766961      4.18184200069166234
 2.05042364194985582     -4.69661465830406311
 8.14156002829773406      6.16170101446175877
 2.03739488949881364      2.18986451495866685
-5.85843997170293651      6.16170101449352181
 4.08263947213982892     -4.69185794322155214
 1.85843764227925035      8.14156002829684766
