89    18.53669791874363781
 4.80424734423340816      4.15831798556810650
-3.42992588851900093      8.26834895936248060
 4.82385499823460240     -4.23529806440351386
-4.26834895937140057     -6.49672028586775063
 0.99014762702361103      4.64345524014060107
 3.07190503433359430      5.15781291868731895
-6.26834895937151781      0.96738132928422171
-8.26834895937181535      6.45257178298028133
-2.26834895937011805     -3.03261867073071389
-8.26834895937107817     -1.03261867071805180
-4.26834895936619763      2.96738132928600917
 6.53427543749573392     -7.27186061458190025
 8.26834895936389103     -4.26834895936315029
 8.26834895921621005     -8.26834895936336700
 4.92155861942516726     -0.02187944828893251
 1.46370184819774618     -0.03261867074088411
-5.28683896177975932      4.70997655613422417
 1.04270399534085501     -4.54296810482491420
-8.26834895936621450      2.96738132928248088
-4.26834895937151781      0.96738132928585441
 1.72134611740130761      6.63293684971640118
-2.26834895936619763      2.96738132926929143
-4.26834895937086056     -1.03261867071523539
 3.07248818624838682      3.15781300370385853
 4.80453899381767879      2.15781300370457663
-8.26834895937146541     -6.49672028586559414
-2.26834895937181269      6.45257178298448597
-6.26834895937101511     -1.03261867071586111
-7.34026930586399473     -8.26834895936266534
-3.34026930586310522     -8.26834895936155867
 0.65973069413784158     -8.26834895937109948
 2.87261812331147315      8.26834895937181891
 4.80020191570015520     -8.26834895922404733
 8.26834009283087568      8.26833188365140437
 6.53427543764937813     -5.27186061458189315
-0.26834895937080205     -1.03261867074153302
-7.42992588851936286      8.26834895936279501
-4.26834895937011805     -3.03261867071592528
 0.57007411148110254      8.26834895936913483
-7.26834895937574021     -4.76466947829322685
-0.26834895937113717     -6.49672028587507189
-7.28683896177980639      4.70997655613215205
 8.26834895937079750     -2.20207688214925357
-5.26834895937567538     -4.76466947829045040
-2.26834895937151737      0.96738132926928677
-6.26834895937181358      6.45257178298141731
-0.26846222560494126      2.98866635071742204
 3.19575265577784284     -3.03261867074035152
 6.53629815180268015      3.15831798556879040
-6.26834895936619940      2.96738132928424081
 8.26834895937130021      4.15831798556933308
-4.26834895937181358      6.45257178298231082
 3.19575265576694045     -1.03261867074035152
-3.26834895937566117     -4.76466947829639231
-1.26834895937439041     -4.76466947830796794
-1.42992588851890434      8.26834895936430314
-2.26834895937084724     -1.03261867073071345
 6.55585664530223422     -3.23521292075062084
 2.80020191569952503     -8.26834895928905489
-2.26834895937140057     -6.49672028587857220
 1.45745700428662461      1.97812055171003576
-8.26834895937013492     -3.03261867071805291
-3.28683896177972734      4.70997655613591171
 1.72996630470112422     -6.57879406595027394
-0.26846222561375654      6.43128676152487344
 4.94082546333382044     -2.05552046875189065
 4.72950569822927491     -6.23323605330140040
-0.26834895937011816     -3.03261867074155678
 3.18950781185589882      0.97812055171069212
 2.98485054816252582     -5.02146765972956555
 6.53629815180129103      5.15831798556990151
-6.26834895937012782     -3.03261867071590308
-5.34026930586361814     -8.26834895936144321
-1.34026930586216619     -8.26834895937149383
-5.42992588851915770      8.26834895936271508
-8.26834895937152758      0.96738132928207687
 1.46370184819900850     -2.03261867074198888
 8.26834895937148673      6.15831798556933308
 6.53658980138682377      1.15781300370503293
 8.26834895937025038      0.15730802183807183
-1.28683896177971269      4.70997655611854071
 8.26834895936488756     -6.26834895936331282
 6.65331777740856722     -1.02238443015599323
-0.26834895937151620      0.96738132925846831
 6.53629815180291551      7.15831798556990684
 4.75552411461830360      6.24757658195327092
 4.87261812331147670      8.26834895937141567
-6.26834895937140768     -6.49672028586359929
 8.26834895937181891      2.15831798556924115
