94    18.94105747840000120
-8.47052873917994731     -6.41745521853848988
-1.57351977942666044     -6.47052873917979632
-1.89058183571060079      2.02653676032105157
-0.17258233466251080     -2.99741524753804445
-8.47052873918029015      8.47052873918028837
 1.89058183571101779     -8.47052873918003435
-5.35468345084834674      0.02653676032100358
-3.62263264327949530      3.02653676032102448
 5.00642712404256418     -4.02653676032030461
 5.14913370614720467      4.25111750215652506
 6.73847793161142317     -5.02653676032034724
-7.08673425841725813      1.02653676032095964
-8.47052873917998816     -4.41745521853847656
-6.73847793161140185      5.47052873918025551
-8.47052873918002192     -2.41745521853846457
-3.30557058699548501     -7.47052873917989402
 6.73847793161142938     -3.02653676032027796
-6.75252923818304129     -7.44140722648370900
-8.47052873918028837      2.47052873918021065
 3.27437631647369676     -5.02653676032032237
 1.92177610623568862      8.47052873917765048
-5.00642712404253842      6.47052873918028393
-3.62263264327945445     -0.97346323967897597
 5.00642712404257573     -6.02653676032041030
 8.47052873918028482     -2.02653676032022956
 8.47052873916973503      2.03170626527131049
 3.27437631647372518     -3.02653676032023311
-5.35468345084837338      2.02653676032100494
-1.89058183571055394     -1.97346323967894821
-3.27437631647326821     -3.41745521853847434
 5.03762139456542712      2.02653676032206187
-1.89058183571057459      0.02653676032105171
 6.75252923809755856      3.05565827316300664
 3.30557058700281603      7.02653676032213514
-3.28842762302199221     -5.44140722644419661
 8.47052873917594695      8.47052873917555793
-6.73847793161108832     -5.41745521853845791
 5.02357008804597527      0.00258475246521320
 1.57351977942749111      2.02653676032168617
-0.15853102814169992      1.02653676032107422
 8.47052873918029192     -0.02653676032011833
-6.73847793161114517     -1.41745521853844259
 1.55946847290751722     -1.99741524753609911
-8.46997278662754205     -8.47003249061645036
 6.73847793161143827     -1.02653676032016117
-3.62263264327947843      1.02653676032102403
 8.47052873916822513      6.47052873916588744
-6.73847793161140451      3.47052873918022797
-1.89058183571063254      4.02653676032105157
 3.30557058701718187      5.02653676032207830
 8.47052873917809279      4.07961028096780609
 8.46631030762522307     -8.46717338540120856
 3.29151928047659759     -0.99741524753571165
 1.57351977942751309      0.02653676032164703
-5.03762139456421387     -8.47052873918016402
 6.57994690347348765      7.81807159689566777
 6.73847793161144448     -7.02653676032044405
-1.55637681544565210     -4.44140722643191044
-0.15853102814167713     -0.97346323967892590
-1.57351977942661758     -8.47052873918002192
 5.19615242270511857      6.37407961804140832
 3.30557058699645756      3.02653676032190111
 0.18972529866692611      7.47052873917718152
 1.89058183571114369     -6.47052873918000859
 5.35468345084876240     -8.47052873918028659
 6.86713320732123655      5.27506951006035241
 1.57351977942752286      4.02653676032180030
 5.00642712404258816     -2.02653676032020869
-5.02047843060142363     -6.44140722646196817
 8.47052873918028659     -4.02653676032032060
-3.27437631647367189      5.47052873918026616
-3.27437631647344585      7.47052873918070937
 6.75562089561556256      1.00258475246647660
-5.00642712404224532     -2.41745521853843437
-8.47052873918012494     -0.41745521853845952
-0.15853102814177081      5.02653676032107821
-5.00642712404222312     -4.41745521853843659
-1.54232550890155262      8.47052873918029192
-5.00642712404256596      8.47052873918028837
-8.47052873918029015      6.47052873918023597
-6.73847793161142850      7.47052873918026172
-0.15853102814173722      3.02653676032107821
 1.54232550890485620     -4.02653676032024777
-5.00642712404253398      4.47052873918023952
 0.15853102814220635     -7.47052873917991356
-8.47052873918028659      4.47052873918022531
-6.73847793161112207     -3.41745521853845302
 8.47052873918028837     -6.02653676032038366
 4.68936506777119533      8.47052873917624183
-1.54232550890480979      6.47052873918029192
 3.62263264327996382     -7.47052873918012050
 1.57351977943397237      6.02653676032180030
 0.15853102814228667     -5.47052873917991267
 3.30557058699641892      1.02653676032177055
