95    19.07658565519685112
 5.10380967268685914      3.38805106579699622
 8.53829282758873198     -2.67188775298038195
 6.17941713166815187      8.53829282759760844
-4.17943784797028339     -5.07419121246016758
-4.53829282758959351      1.61008959732376744
 8.53829282759767239      5.33877588992139884
 0.82056215204564087     -6.80624202002924772
-4.53829282758962282      5.07419121246125560
-3.17943784797084206     -6.80624202002936762
-3.25504530694170358      0.07605054933604470
-0.17943784796150578      1.85401201781038116
 6.49754229324369259     -1.65400284165260292
-5.17943784797084206     -6.80624202002903189
 6.62150608860033341      4.73852824733770284
-8.53829282759788910     -5.31811363294710837
-4.17943784797116269     -8.53829282759815200
 8.53829282757503094     -4.67188775298038284
-2.53829282758857877      5.07419121246097315
-5.53829282759032537      6.80624202002978507
 6.80933684981607712      0.33345359546336306
-3.53829282758882302      6.80624202002972023
-4.53829282758947095      8.53829282759822838
 8.53829282759842556      1.33879494390710629
 2.82056215213670214     -3.34214040494406728
 1.82056215204599603     -5.07419121246057525
 3.82056215204822847     -8.53829282759706842
 4.10380967268745689      5.12010187336622913
 0.74495469306177831      7.00425377960969886
 4.83246703184491544     -3.34906845876143988
 5.82007665239401017     -8.49422738867989402
 2.82056215231683272     -6.80624201987309529
-8.53829282759822128      1.61008959732769430
-4.25504530694270322     -1.65600025823226416
-2.25504530694141758      1.80810135690476459
-7.53829282759769725     -3.58606282537827914
-6.53829282759090979      1.61008959732423973
-6.53829282759736152     -1.85401201780957936
-0.17943784796307619     -5.07419121246533944
-8.53829282759792108     -1.85401201780952651
-1.25504530694064464      3.54015216447329761
-3.17943784796351547     -3.34214040489516995
 5.05881670762827351     -6.64477252399804552
 6.80624201987512656     -5.67188775275375434
-6.53829282759086805      5.07419121246120497
 2.02820221370869147      8.53829282759823727
 3.82056215240811170     -5.07419121235666992
-8.53829282759692099      5.07419121245881755
 3.83246703157386559     -1.61701765134904862
-5.25504530694943384     -3.38805106579725912
 8.53829282759842556     -0.67188775298038206
-2.17943784796403328     -5.07419121246441929
-5.53829282758986974      3.34214040489252051
-0.25504530694025290      5.27220297204199362
 4.82056214906202030      0.12185210765996624
-6.25504530694983885     -5.12010187336602396
-7.53829282759673092      6.80624202002760104
-2.53829282758840824      8.53829282759842556
 6.80624201988858069     -3.67188775275306023
-6.17943784797116713     -8.53829282759795660
-7.53829282759172425      3.34214040489282160
 7.17941713166806128      6.80624202002863221
-8.53362465916224977     -8.53289785615493024
 4.17941713166810302      8.53829282759792640
-0.53829282758603103      8.53829282759747876
-5.53829282759063179     -0.12196121024452017
 3.10380967268814567      6.85215268093550645
 1.82056215204122296      5.31811363294694583
-1.17943784796428885     -6.80624202003351630
 1.82056215212332773     -1.61008959737747048
 5.17941713166806039      6.80624202002821033
 8.53211966952036249      3.33878541691425124
-1.17943784796298035     -3.34214040489614961
 3.82056215204007588      1.85401201780835545
-1.53829282758816110      6.80624202002969003
 0.82056215203785965      0.12196121024112022
 1.82056215203849536      1.85401201780999125
-3.53829282758931329      3.34214040489248809
-0.17943784795565004     -8.53829282759745212
 1.82056215204813943     -8.53829282759672736
-8.53829282759653552      8.53829282759660302
 0.82056215203916527      3.58606282537925525
 8.53829282759707020     -6.67188775298038284
-2.17943784796251805     -1.61008959732686074
-6.53829282759602570      8.53829282759632235
 6.80316369148006306      2.33344406846984453
 2.82056215203786387      0.12196121024074934
-0.17943784796251563     -1.61008959732754064
 0.82056215203720284     -3.34214040489662345
 7.81959115273977812     -8.53829282759771324
-7.53829282759755248     -0.12196121024081219
 2.82056215204059768      3.58606282537765475
 8.53458285560951246      8.53220994184566450
-1.17943784796224116      0.12196121024186536
-7.25504530695008043     -6.85215268093489271
-2.17943784797115869     -8.53829282759842734
