96    19.12944736481081520
 1.73205080756886587      4.41502771835163976
-0.00000000000000061     -4.88436420976208296
-5.19615242270661959      4.41502771835162022
-3.98827375858236399     -8.56472368240512871
-5.10062206726664336     -1.73466824570404654
 3.36857125969879689     -0.73466824570226308
 6.83267287483718899      5.56472368240402826
 6.92820323027372797      3.41502771834858621
-8.56472368240540760      2.26533175429775646
 1.73205080756886676      2.41502771835161578
 3.46410161513607617     -4.88436420975924346
 1.63652045213048569      8.56472368240464377
 8.56472368240540760     -5.73466824570229861
-1.73205080756711838      0.41502771834854985
 6.82161645329682020     -4.75374797512701441
 0.00000000000000721     -0.58497228165661819
 6.84648184067300036     -6.75821354187634871
 3.36857125969929960      7.56472368240427340
 8.56472368240540760      8.56472368240518200
-6.84648184067299859     -6.75821354187634515
-1.73205080756887031      4.41502771835164953
-0.00000000000000275     -8.34846582489984002
-1.63652045213234398     -1.73466824570647304
 6.83267287483588159     -0.73466824570339706
-8.56472368240540760     -3.73466824570229772
-8.56472368240461002      4.56472368240074289
-0.00000000000000481      3.41502771835162777
 5.10062206726662470     -1.73466824570408051
 5.98827375858235911     -8.56472368240540760
 5.19615242270484945      2.41502771834857155
-5.10062206727981238     -3.73466824572559597
-8.50524653381775941     -8.55466698434338824
-3.46410161513775217      5.41502771835164420
-8.56472368240540760     -5.73466824570229772
 2.98827375858236088     -6.83267287483625019
-5.10062206726765499      8.56472368240517490
 6.83267287483652996      7.56472368240517401
-6.82686088110056044     -4.74476773363247339
-6.83267287483718011      5.56472368240402648
 0.99999999999999978     -6.61641501733096238
-6.92820323027376617      3.41502771834862040
 8.56472368240540405     -1.73466824570228484
-1.73205080756887231      2.41502771835160779
 8.52129906155524175     -8.20177982608579192
 3.46410161513597892      1.41502771834855712
-0.00000000000000823      7.41502771835212560
 8.56472368240540760      2.26533175429777156
 5.10062206727975553     -3.73466824572551293
-1.73205080756884966      6.41502771835170726
-1.98827375858236310     -8.56472368240513759
 8.56472368240540760      6.56472368240517490
-5.19615242270486810      2.41502771834860130
 0.00000000000000304     -2.88436420975633290
 8.56472368240540227      0.26533175429773376
-8.56472368240540405     -1.73466824570228484
 1.73205080756722718     -3.88436420975919505
-5.10062206726766387      0.26533175429774142
 5.10062206726766387      0.26533175429775413
-8.56472368240539872      0.26533175429773270
 0.00000000000000100      5.41502771835166108
-2.98827375858236133     -6.83267287483624930
-1.00000000000000044     -6.61641501733096149
 4.90721936103987044     -6.26907037767269326
-1.73205080756721874     -3.88436420975919949
-8.56472368240540760      8.56472368240519444
-3.36857125969931070      7.56472368240425208
 1.73205080756710350      0.41502771834852736
 1.98827375858235711     -8.56472368240512871
 6.83267287483653796      1.26533175429775913
 1.73205080756885188      6.41502771835170726
-6.83267287483588426     -2.73466824570341682
 8.56472368240540760     -3.73466824570229861
 5.19615242270661515      4.41502771835164332
 5.10062206726765854      8.56472368240518378
-3.36857125970615323     -2.73466824571870593
-0.00000000000000079      1.41502771835159802
-1.63652045213051145      8.56472368240464199
 3.36857125970608307     -2.73466824571859890
-4.90721936103986955     -6.26907037767268793
-3.46410161513607262     -4.88436420975923991
-8.56472368240540760      6.56472368240517223
-6.83267287483652819      1.26533175429776290
-3.46410161513773662      3.41502771835162999
 3.98827375858235866     -8.56472368240513227
-6.83267287483589669     -0.73466824570337630
 6.83267287483588159     -2.73466824570342260
 3.46410161513773796      3.41502771835163088
 1.63652045213235420     -1.73466824570647882
-3.36857125969879290     -0.73466824570226819
-3.46410161513599801      1.41502771834857133
 3.46410161513773840      5.41502771835164864
-5.98827375858236444     -8.56472368240540760
 5.10062206726828737      6.56472368240407178
-5.10062206726829093      6.56472368240407977
 8.56472368240449988      4.56472368240079351
-6.83267287483653618      7.56472368240518200
