99    19.23868430319999945
 6.89547372125971059     -4.56318113906678846
-0.00000000000000567     -8.61934215157856798
-5.17160529095005472      8.61934215157807593
 6.89547372126720770      3.54914088594343013
-6.89547372125967239     -4.56318113906679290
 0.00000000000000570     -2.53510063282502207
 5.17160529094283916     -3.54914088594218846
-3.44773686063462081     -8.61934215157701189
-8.61934215157793560     -7.60530189845865756
-6.89547372126671476     -6.59126164532451320
 3.44773686062859008     -6.59126164532062386
 3.44773686062975981     -0.50702012656919349
-3.44773686062831342      3.54914088594503774
-5.17160529094882637     -5.57722139220170554
 8.61934215157828376      0.50702012657033324
-1.72386843031990433      6.59126164532283365
 8.61934215157841166      6.59126164531952963
-6.89547372126275260      7.60530189844643090
 5.17160529094320776      6.59126164532636150
 6.89547372125891656      5.57722139219945845
-3.44773686062858919     -6.59126164532059811
-3.44773686063052986      7.60530189845803672
 0.00000000000000512     -0.50702012655531947
-6.89547372125806746      1.52106037968914487
-0.00000000000000208     -6.59126164532910686
 3.44773686063200646     -4.56318113907703182
-1.72386843032021364     -3.54914088594385335
 5.17160529094543708      0.50702012655736028
-8.61934215157839034      6.59126164531952163
 6.89547372126276059      7.60530189844644067
-1.72386843031677306     -7.60530189845381432
 5.17160529094881127     -5.57722139220171620
 6.89547372125805147      1.52106037968915597
-5.17160529094727917      2.53510063282407083
 5.17160529094822685      4.56318113906442502
 1.72386843031989145      6.59126164532280967
-8.61934215157794270      4.56318113907847422
 6.89547372126569691     -0.50702012656148654
-6.89547372125891744      5.57722139219941848
-6.89547372126721481      3.54914088594342259
 8.61934215157798356      2.53510063280850773
 8.61934215157871542     -3.54914088594575050
-5.17160529094822241      4.56318113906439660
 8.61934215157757855     -5.57722139218970714
 1.72386843031270831      4.56318113907176226
-1.72386843031057935      8.61934215157770645
 5.17160529095004229      8.61934215157807060
-1.72386843031569814      2.53510063281327946
 6.89547372126190972     -2.53510063282110787
-3.44773686063103835     -2.53510063280901177
-3.44773686063258777      5.57722139219115753
-5.17160529094285160     -3.54914088594218446
 3.44773686063050988      7.60530189845801630
 8.61934215157757677     -1.52106037969452301
 1.72386843031676951     -7.60530189845380722
-1.72386843031271231      4.56318113907172940
 6.89547372126672187     -6.59126164532453807
-6.89547372125760649     -8.61934215157769934
 8.61934215157694972      8.61934215157576489
-3.44773686062973361     -0.50702012656916973
 5.17160529095000765     -1.52106037968801977
-1.72386843031079384     -1.52106037969017671
 0.00000000000001641      3.54914088593998178
-8.61934215157752703     -5.57722139218966184
-8.61934215157758032     -1.52106037969450680
 1.72386843032023407     -3.54914088594383781
-5.17160529094322108      6.59126164532636238
 3.44773686062831741      3.54914088594506616
 5.17160529094727650      2.53510063282408593
-5.17160529094543087      0.50702012655736817
 3.44773686063105522     -2.53510063280900511
-3.44773686063463813      1.52106037969226127
 1.72386843031177839     -5.57722139219589952
 0.00000000000000930      1.52106037968677765
 0.00000000000001347      7.60530189844238702
 8.61934215157796757     -7.60530189845866822
-5.17160529095000410     -1.52106037968801888
 1.72386843031570591      2.53510063281329767
-8.61934215157797645      2.53510063280850506
 5.17160529094645849     -7.60530189844348214
-8.61934215157829264      0.50702012657032214
-1.72386843031176840     -5.57722139219586310
-5.17160529094645049     -7.60530189844345994
 3.44773686063462437     -8.61934215157703854
 3.44773686063259266      5.57722139219117441
 1.72386843031080805     -1.52106037969018026
 0.00000000000000254      5.57722139220339042
 6.89547372125761537     -8.61934215157771888
-8.61934215157871009     -3.54914088594575894
 0.00000000000001229     -4.56318113906268152
-6.89547372126569691     -0.50702012656148621
-3.44773686063203089     -4.56318113907701584
 8.61934215157794270      4.56318113907849643
-8.61934215157695682      8.61934215157575956
 1.72386843031056158      8.61934215157769934
-6.89547372126190616     -2.53510063282109588
-1.72386843031892312      0.50702012656574114
 3.44773686063465545      1.52106037969225194
 1.72386843031893955      0.50702012656573769
