103    9.07106781186548261
 2.12132034355964727     3.53553390593273731    -3.53553390593273420
 0.70710678118655035     3.53553390593273775    -2.12132034355963972
 2.12132034355964549    -0.70710678118654413     3.53553390593273775
 0.70710678118654835     0.70710678118654891     3.53553390593274042
-0.70710678118654491    -3.53553390593273642     3.53553390593273908
 3.53553390593274175     2.12132034355964105    -3.53553390593272976
-2.12132034355964194     0.70710678118654813     0.70710678118654813
-3.53553390593273686    -0.70710678118654713    -2.12132034355964239
-0.70710678118654557    -2.12132034355964194     2.12132034355964327
-2.12132034355964150     0.70710678118654791    -2.12132034355964194
-3.53553390593273686    -0.70710678118654757     0.70710678118654791
 3.53553390593274175     3.53553390176780891     0.70710678118655013
 3.53553390593274131    -2.12132034355964105    -2.12132034355964061
-2.12132034355964105    -2.12132034355964239    -2.12132034355964194
-3.53553390593273731     2.12132034355964239     3.53553390593273864
-2.12132034355964327     3.53553390593273820     3.53553390593273997
 2.12132034355964594    -0.70710678118654513    -2.12132034355963972
 3.53553347820799990     1.73977947784400011    -0.40822160248700001
 3.53553390593274131     3.53553390593273642     3.53553390593273553
 0.70710678925827242    -0.70710677311482317     2.12132033548791954
-0.70710678118654535    -3.53553390593273775     0.70710678118654846
-3.53553390593273553    -2.12132034355964194    -3.53553390593273775
 0.70710678118654657     3.53553390593274042     0.70710678118654968
 0.70710678118654846     3.53553390593273908     3.53553390593273864
-3.53553390593273820     3.53553390593273820     2.12132034355964283
 3.53553390593274131    -3.53553390593273553     2.12132034355964194
-0.70710678118654824     3.53553390593273908     2.12132034355964461
-3.53553390593273642    -0.70710678118654735     3.53553390593273864
 2.12136051666337577     0.42960147837836704     0.13532115340444287
 2.11503953138222300     0.71334613654589929     2.11508099092729118
-2.12132034355964016    -3.53553390593273775     2.12132034355964372
-2.12132034355964194     3.53553390593273864     0.70710678118654846
 2.12132034355964549    -3.53553390593273598     3.53553390593273820
-2.12132034355964150     0.70710678118654779     3.53553390593273908
 0.70710678118654913    -2.12132034355964194     0.70710678118654779
-3.53553390593273598     0.70710678118654791    -3.53553390593273775
-3.53553390593273598    -3.53553390593273775     3.53553390593273864
 3.53553390593274131    -2.12132034355963928     3.53553390593273686
-2.12132034355964239     2.12132034355964327     2.12132034355964327
-2.12132034355964105    -0.70710678118654713     2.12132034355964327
-0.70710678118654680     2.12132034355964372     0.70710678118654835
-0.70710678118654546    -2.12132034355964194    -3.53553390593273731
-0.70710678118654702     2.12132034355964372     3.53553390593273953
 0.70710678118654968    -0.70710678118654691    -3.53553390593273686
 3.53553379876285545    -0.70668313267119698    -0.70668313513888326
 3.53553390593273864     0.70710678118654691    -2.12132021962117978
-2.12132034355964150     3.53553390593273864    -2.12132034355964239
-0.70710678118654646     0.70710678118654846     2.12132034355964327
-0.70710678118654513    -3.53553390593273775    -2.12132034355964239
 0.70738737365843118    -0.70682617461753194    -0.70682618607300984
 2.12132034355964549    -3.53553390593273642    -2.12132034355964105
-3.53553390593273686    -2.12132034355964283    -0.70710678118654724
 3.53553390593274175     0.70710678118655113     3.53553390073253926
 0.70710678118654968     2.12132034355964372    -3.53553390593273642
-0.70710678118654591     2.12132034355964372    -2.12132034355964150
-3.53553390593273642    -2.12132034355964283     2.12132034355964327
-0.70710678118654557     3.53553390593273864    -3.53553390593273642
-3.53553390593273553    -3.53553390593273820    -2.12132034355964239
-2.12132034355964061    -2.12132034355964239     0.70710678118654813
-0.70710678118654580    -0.70710678118654702    -2.12132034355964194
-2.12132034355964061     2.12132034355964327    -3.53553390593273731
 0.70710678118655013    -3.53553390593273642     2.12132034355964327
 2.12132034355964505    -3.53553390593273731     0.70710678118654824
 2.12132034355964327     3.53553390593273820     2.12132034355964327
 3.53553390593274042     3.53553390593273686    -2.12132034355963572
-3.53553390593273686     2.12132034355964283    -2.12132034355964239
-3.53553390593273731     0.70710678118654768     2.12132034355964327
-3.53553390593273686     3.53553390593273864    -0.70710678118654757
-2.12132034355964194     2.12132034355964327    -0.70710678118654724
-2.12132034355963972    -3.53553390593273775    -3.53553390593273820
 0.70710678118654946    -3.53553390593273775    -0.70710678118654691
 3.53553375256199987    -0.69518918641100003     2.10950217827600017
-0.70710678118654680     3.53553390593273997    -0.70710678118654680
 2.12132034355964461     0.70710678118654846    -3.53553390593273642
-2.12132034355964061    -0.70710678118654691    -3.53553390593273775
-2.12132034355964105    -2.12132034355964194     3.53553390593273864
 3.53553390593274086    -0.70710678118654546    -3.53553390593273509
 2.12132034355964416     3.53553390593273820    -0.70710678118654235
-2.12132034355964061    -3.53553390593273775    -0.70710678118654702
 2.12132034355964638    -2.12132034355964061    -0.70710678118654502
-2.12132034355964194    -0.70710678118654724    -0.70710678118654724
 0.70710678118654902     0.70710678118654813    -2.12132034355964150
 2.12132034355964683     2.12132034355964016    -2.12132034355963439
-3.53553390593273731     0.70710678118654768    -0.70710678118654713
-3.53553390593273598    -3.53553390593273775     0.70710678118654791
-0.70710678118654591    -0.70710678118654691     3.53553390593273864
-3.53553390593273731     2.12132034355964327     0.70710678118654768
 3.53553388839361427     2.12123742587704234     2.12123742526750858
 3.53553390593274131    -3.53553390593273642    -0.70710678118654591
 2.12132034355964416     2.12132034355964327     3.53553390593273820
 0.70710678118655079    -3.53553390593273686    -3.53553390593273686
 0.70710678118655035    -2.12132034355964105    -2.12132034355964105
-3.53553390593273598     3.53553390593273820    -3.53553390593273775
 0.93560769588173498     1.92662536108378890    -0.45874091866733441
 2.12132034355964638    -2.12132034355963928     2.12132034355964061
-0.70710678118654646     0.70710678118654846    -0.70710678118654680
 3.53553390593273820    -2.12132021670341375     0.70710678118654779
 2.12132034355964549    -2.12132034355964150    -3.53553390593273686
-0.70710678118654591    -2.12132034355964194    -0.70710678118654713
-0.70710678118654546     0.70710678118654824    -3.53553390593273775
 0.70710678118655124    -2.12132034355964016     3.53553390593273686
-0.70710678118654624    -0.70710678118654680     0.70710678118654813
 3.53553390593274042    -3.53553390593273731    -3.53553390593273686
