108    9.07106781186549505
 0.70710678118654813    -0.70710678118654813    -2.12132034355964905
-3.53553390593274663     2.12132034355964416     2.12132034355964416
 0.70710678118654846     0.70710678118654846    -3.53553390593274619
-2.12132034355964416    -3.53553390593274663     0.70710678118654791
 0.70710678118655046     0.70710678118655046    -0.70710678118655046
 2.12132034355964993     3.53553390593274575     3.53553390593274575
 0.70710678118654791     3.53553390593274663     2.12132034355964416
 0.70710678118655046    -0.70710678118655046     0.70710678118655046
 0.70710678118654791    -3.53553390593274663    -2.12132034355964416
-3.53553390593274575     3.53553390593274575    -2.12132034355964993
 2.12132034355964993    -3.53553390593274575    -3.53553390593274575
-3.53553390593274663    -3.53553390593274663    -0.70710678118654957
-0.70710678118654813     2.12132034355964905    -0.70710678118654813
-3.53553390593274575    -3.53553390593274575     2.12132034355964993
-3.53553390593274663    -0.70710678118654791     2.12132034355964416
-2.12132034355964905    -0.70710678118654813     0.70710678118654813
-3.53553390593274663     3.53553390593274663     0.70710678118654957
-3.53553390593274530     3.53553390593274530     3.53553390593274530
-3.53553390593274663     0.70710678118654957     3.53553390593274663
-0.70710678118654469    -2.12132034355964949    -2.12132034355964949
-0.70710678118654791    -3.53553390593274663     2.12132034355964416
 3.53553390593274530     3.53553390593274530    -3.53553390593274530
-3.53553390593274619    -0.70710678118654846    -0.70710678118654846
 2.12132034355964949     0.70710678118654469    -2.12132034355964949
 0.70710678118654813     2.12132034355964905     0.70710678118654813
-2.12132034355964949     2.12132034355964949     0.70710678118654469
 2.12132034355964416     3.53553390593274663    -2.12132034355964416
 2.12132034355964905    -0.70710678118654813    -0.70710678118654813
 3.53553390593274663     0.70710678118654957    -3.53553390593274663
 3.53553390593274530    -3.53553390593274530     3.53553390593274530
-3.53553390593274663     2.12132034355964416    -0.70710678118654791
 3.53553390593274663     2.12132034355964416    -2.12132034355964416
-3.53553390593274575    -2.12132034355964993     3.53553390593274575
 2.12132034355964327     2.12132034355964327     2.12132034355964327
 3.53553390593274663     0.70710678118654791     2.12132034355964416
-2.12132034355964993     3.53553390593274575    -3.53553390593274575
-0.70710678118654791     2.12132034355964416    -3.53553390593274663
-3.53553390593274663    -0.70710678118654957    -3.53553390593274663
-3.53553390593274575     2.12132034355964993    -3.53553390593274575
-0.70710678118654846     3.53553390593274619     0.70710678118654846
 0.70710678118654846    -0.70710678118654846     3.53553390593274619
 2.12132034355964416    -0.70710678118654791    -3.53553390593274663
-3.53553390593274663    -2.12132034355964416    -2.12132034355964416
-0.70710678118654957     3.53553390593274663     3.53553390593274663
-2.12132034355964949    -0.70710678118654469    -2.12132034355964949
-3.53553390593274663    -2.12132034355964416     0.70710678118654791
 3.53553390593274619     0.70710678118654846    -0.70710678118654846
 2.12132034355964905     0.70710678118654813     0.70710678118654813
-2.12132034355964416     2.12132034355964416     3.53553390593274663
 2.12132034355964416    -3.53553390593274663    -0.70710678118654791
 3.53553390593274663     3.53553390593274663    -0.70710678118654957
-0.70710678118654846     0.70710678118654846     3.53553390593274619
 0.70710678118654813     0.70710678118654813     2.12132034355964905
 0.70710678118654846     3.53553390593274619    -0.70710678118654846
-0.70710678118654791     3.53553390593274663    -2.12132034355964416
-3.53553390593274663     0.70710678118654791    -2.12132034355964416
 3.53553390593274575    -3.53553390593274575    -2.12132034355964993
 2.12132034355964416    -2.12132034355964416     3.53553390593274663
-2.12132034355964416    -3.53553390593274663    -2.12132034355964416
-2.12132034355964416    -2.12132034355964416    -3.53553390593274663
 3.53553390593274663    -2.12132034355964416    -0.70710678118654791
-0.70710678118654813    -0.70710678118654813     2.12132034355964905
 0.70710678118654846    -3.53553390593274619     0.70710678118654846
 2.12132034355964949     2.12132034355964949    -0.70710678118654469
 3.53553390593274663    -0.70710678118654957     3.53553390593274663
-2.12132034355964416     3.53553390593274663    -0.70710678118654791
 2.12132034355964416     3.53553390593274663     0.70710678118654791
-3.53553390593274619     0.70710678118654846     0.70710678118654846
-0.70710678118654846    -3.53553390593274619    -0.70710678118654846
-0.70710678118654791    -2.12132034355964416     3.53553390593274663
-2.12132034355964416    -0.70710678118654791     3.53553390593274663
 0.70710678118654813    -2.12132034355964905    -0.70710678118654813
 0.70710678118654957     3.53553390593274663    -3.53553390593274663
-2.12132034355964949    -2.12132034355964949    -0.70710678118654469
-2.12132034355964327     2.12132034355964327    -2.12132034355964327
-0.70710678118654957    -3.53553390593274663    -3.53553390593274663
 2.12132034355964949    -2.12132034355964949     0.70710678118654469
 2.12132034355964416     0.70710678118654791     3.53553390593274663
 2.12132034355964416    -3.53553390593274663     2.12132034355964416
-0.70710678118654813     0.70710678118654813    -2.12132034355964905
-0.70710678118655046     0.70710678118655046     0.70710678118655046
-2.12132034355964416     0.70710678118654791    -3.53553390593274663
 0.70710678118654791     2.12132034355964416     3.53553390593274663
 3.53553390593274663    -0.70710678118654791    -2.12132034355964416
 0.70710678118654957    -3.53553390593274663     3.53553390593274663
-0.70710678118654469     2.12132034355964949     2.12132034355964949
 2.12132034355964327    -2.12132034355964327    -2.12132034355964327
 3.53553390593274663     2.12132034355964416     0.70710678118654791
-0.70710678118654813    -2.12132034355964905     0.70710678118654813
 0.70710678118654469     2.12132034355964949    -2.12132034355964949
 3.53553390593274663    -3.53553390593274663     0.70710678118654957
 3.53553390593274575    -2.12132034355964993    -3.53553390593274575
-2.12132034355964949     0.70710678118654469     2.12132034355964949
-0.70710678118654846    -0.70710678118654846    -3.53553390593274619
 3.53553390593274619    -0.70710678118654846     0.70710678118654846
 3.53553390593274575     3.53553390593274575     2.12132034355964993
-0.70710678118655046    -0.70710678118655046    -0.70710678118655046
-2.12132034355964327    -2.12132034355964327     2.12132034355964327
 3.53553390593274663    -2.12132034355964416     2.12132034355964416
-2.12132034355964993    -3.53553390593274575     3.53553390593274575
 3.53553390593274575     2.12132034355964993     3.53553390593274575
-3.53553390593274530    -3.53553390593274530    -3.53553390593274530
 0.70710678118654469    -2.12132034355964949     2.12132034355964949
-2.12132034355964416     3.53553390593274663     2.12132034355964416
 2.12132034355964416     2.12132034355964416    -3.53553390593274663
 2.12132034355964949    -0.70710678118654469     2.12132034355964949
 0.70710678118654791    -2.12132034355964416    -3.53553390593274663
-2.12132034355964905     0.70710678118654813    -0.70710678118654813
