111    9.35077710665800055
 3.67538855332776437    -3.67538855332777459    -0.94742673189086568
-0.95374364643860043    -3.67538855332776659    -2.25408779827958305
 1.70046216617360701     0.73687441578248702    -3.67538855332778125
-2.28647294825724856     0.74730903396346826     3.67538855332777636
 1.78472316713882928    -2.22355348871273639    -0.76028868808573136
 0.54027423001536290     3.67538855332776349     0.58307039615428924
-3.67538855332778258     3.62582541466541919    -3.67538855332778525
-2.31791447810261086     2.18601196075085324    -0.72437375499264389
 3.67538855332776926     3.67538855332776349    -1.77483570733194851
-0.87473119021608836     2.19017292129269325     0.66025785087865752
-0.95727855042283549    -0.69371512178516426     0.72049845507408194
-1.01152790936007020    -3.67538855332784298     3.67538855332784964
 3.67538855332761694     3.05257326804870477    -3.67538855332775771
-3.67302741256599985     3.67538298798600005     2.27489761601100016
-2.32620611961089407     2.14944241538988301    -3.67538855332770931
 0.45143139068100802    -2.11339876582456121     0.72638510796213607
 1.81658597962635016    -3.67538855332775016    -2.21197488711756973
 3.67538855332776748    -0.32428125433126442    -1.73849481659531291
 3.67538855332776748    -0.94742673195129545    -3.67538855332778347
-2.29678926557187379     0.78982937300820621     0.78982937147705201
 3.67538855332766357    -1.77483570731210372     1.67538855332776637
 0.51930669268264351     2.09213209474150963     2.09213209473016892
-0.95727855046954347     0.72049842596073477    -0.69371512192634721
 1.94545547940299990    -0.73814063861599999     0.64970181845099995
-3.67538855332760983     0.67382141453660649    -3.62796047734924132
 1.77483814550164354    -3.67234424560511341     3.67538855332787007
-0.95502905230265256    -0.74492018429308426     3.65282504029339350
-2.31791486591867812    -0.72437413047709820     2.18601162189999476
-3.67538855332764403    -2.22029421468297361    -0.74690927503787519
-2.32620612340379074    -3.67538855332759473     2.14944241870226538
 3.67538855332777414     1.05257326804870455    -3.67538855332778436
-0.79126752309371551     3.60277843204979087     2.07361537367659388
 3.67538855332782699     3.67538855332777681     1.68926590780561159
-3.67538855332774395    -2.16887679761333008    -3.62671106771399865
 1.87284841426671522     3.67538855332720615    -0.90832024464604932
 0.44835712930063881    -0.73576175514329911    -0.73576175523417808
 0.43141863350757093    -2.23286470994090669    -2.23286471003241749
-3.67538855332695613    -3.67538855332427117     3.62582542144551079
 3.62399754090200021    -3.66860938219600019    -3.65585688030700018
 0.46965023967925418    -0.81924324793943715     2.25112428863162517
 3.67281889729100008     0.22723355561200001     0.29170304048000001
-2.24001884226399994     3.67534411048800003     3.67536082901299999
-3.67538855332774794     3.65440916083076894    -0.69160489950409121
 1.73778384790692275     3.67538855332776171     2.18493515794200333
-3.67538855332755832     0.71750982443998701    -0.69670408309880272
 3.16989215954654302    -2.20281310698413124    -2.20281310695632726
-2.28759830362106120    -2.18666882306127963    -2.18666882296872345
 2.01863908137999992     0.80130372356699997    -0.86687409540299998
-0.95502905068043487     3.65282503978321049    -0.74492018611537458
 0.49963216639111635     0.67798696152492999     0.67798696242759438
 3.48806968878664980     1.68418644353800584     1.68418644352642510
-2.26916763949782885    -3.67538855332778214    -0.74754881156728614
 3.67538855332776393     2.67538855332758585    -0.04278489976315764
 3.67538855332776082     1.68926590782566355     3.67538855332774483
-0.92624294391040096    -0.72150383206209168    -2.18843905950984352
-2.26124936690299982     2.25882774390999996     2.25772481886300014
-2.34391931101990059    -2.18383461438263948     3.67538855332775416
 1.87284841418287673    -0.90832024480067286     3.67538855332721015
-3.67538529624499999     2.24672832251799992     3.67538429006699996
-3.67538855332762138    -0.74690927512844763    -2.22029421450206854
 3.67538855332763337     1.67538855332711201    -1.77483570733176266
 3.67538855332785941    -3.67538855332776482     3.05257326810913421
 0.40949530605844026    -0.79067413208262705    -3.67538855332775993
 1.77483814552056618     3.67538855332774306    -3.67234424597728859
 1.78472316719758539    -0.76028868804856231    -2.22355348874999770
-3.67538855332775816    -2.19938907926656224     2.18309243143686116
 0.38165678112757023     2.24045426281096471    -3.67538855332761383
-2.31741202614299979    -0.75093644889599998    -0.75102157158000005
-3.67538855332716841    -3.62796047777932973     0.67382141436679244
-3.67538855332784475    -0.69160489937494385     3.65440917211753113
-0.90597583487178368     0.71293633734700579    -3.58216176746999171
 3.67538855332676517    -0.04278489974302878     2.67538855332742420
 1.81658597965324975    -2.21197488713256885    -3.67538855332755343
 0.45334702714982256    -3.67538855332617809    -3.67538855332775727
-2.36083432002689619    -3.67538855332776082    -3.67538855332787140
 0.37736569934887465     3.67538855307416856    -2.23630045887439666
-0.97243883016786636    -2.20407113303868085     2.19983254193325228
 3.67538855332777592    -1.77483570731215501     3.67538855332776837
 1.73778384790017637     2.18493515793594462     3.67538855332658043
-0.97243883937157394     2.19983255413298640    -2.20407112161187158
-0.87473159906048159     0.66025749514962229     2.19017330122596077
-2.31471866846625574    -2.16250673160319851     0.71775385047276730
-2.28647294664827117     3.67538855332770220     0.74730903211703836
-3.67538855332775594     2.18309243133919084    -2.19938908280525069
-0.95374364653394517    -2.25408779818505955    -3.67538855332776215
-1.01152790939257087     3.67538855332760139    -3.67538855332767378
 3.08710891418300015     3.67531395233900016     3.67497859197399990
 0.54027423005716846     0.58307039611193401     3.67538855332777636
-0.90597583488942002    -3.58216176731197145     0.71293633735331507
-2.31471866849927466     0.71775385042827511    -2.16250673181136133
 1.86283629744919788     0.61137388445479002     2.13991623399152209
-0.79126752303820314     2.07361537364057202     3.60277843194062219
 0.40949530603792000    -3.67538855332776793    -0.79067413206940396
-2.34391931116950269     3.67538855332776171    -2.18383461448668559
 0.46965024096246671     2.25112428762776284    -0.81924324694425454
 0.40416145900409839     3.67538855332783543     3.67538855332782521
 1.86283629815851537     2.13991623240730355     0.61137388509654189
-3.67538855332778436     0.82416173449441399     2.23837529506859578
-3.67538855332775594     2.23837529661252654     0.82416173244049407
-3.67538855332770442    -0.69670408303652165     0.71750913417080664
 1.70046216618567958    -3.67538855332770265     0.73687441576802359
 1.82442405603840618     2.23052143518142421    -2.29035283920985089
 1.82442405593742230    -2.29035283909865228     2.23052143492951949
-2.26916763959628520    -0.74754881147547902    -3.67538855332752368
 0.45143139059437726     0.72638510787064026    -2.11339876588502085
 0.37736569760605315    -2.23630045716078341     3.67538855329329728
 3.67538855332777059    -1.73849481681713947    -0.32428125433499705
 0.38165678113468182    -3.67538855332777592     2.24045426278662729
-0.92624294386955364    -2.18843905945618733    -0.72150383200730939
-3.67538855332787096    -3.62671106780706864    -2.16887679761075436
 3.67538855332787007    -3.67538855332776082     1.05257326810913421
