119    9.54132528653000023
 3.38996354808192990     3.77066264326485401     1.79234541605437392
 1.88770319494199801     0.95811975458667742     0.47347953575478519
-3.32791605003599988    -3.77062057407899998     3.77044473367900013
 3.76263766026599988     3.62274900959500012     3.77066209937499996
 3.48207235573567164     3.77066264326408440    -1.03443913643126439
-3.77066264326483491    -3.68299252037612934    -3.77066264326483314
-3.77066264326432377    -3.48170858374356174    -1.03435644167735785
-0.47523918410162230    -2.35589401639546603     2.35700447512523681
 1.88775218826786317    -0.45794665699536524    -0.93958250832624324
-2.35108802864231814     0.93799266950229943     2.08700923814761774
-2.37241217464310505    -1.88592313810290402     1.88760705804777795
 2.35508834818581292    -2.35510314476561922     2.35779572015355088
 0.94033504736837714    -0.94033502517478829     2.35724773835212975
-0.47470627653775971    -3.77066264326499345     0.94334629563655870
-2.32761899997474053    -3.77066264326471767    -2.38865721884971149
 3.77066264326494149    -0.93951466623894120     2.35755242677106880
-2.35800532810975927    -0.26801876456572782     3.77066264326409684
 0.47639242162396539     3.77066264326498057    -0.94662569299064969
 2.35645648151183407     1.89002260305213454     3.77066264326492862
 3.42714136990770646     0.96583629088869516    -0.96474870339563834
 1.88589679264354393     2.37241180083568226     1.88761345615537413
 2.32510262998828043     2.30224950473542611    -3.77066264326478251
-2.35559909565698034    -0.47864339572384867    -2.35999045278494535
-3.77066264326497347     0.94228654106732312     0.67818367187401307
 2.35531696209754848    -3.77066264326479539     0.94492939457819880
-0.93905626710471524     3.77066264326499478    -2.35960304934727905
-3.77066264326479494    -2.05831929563013816    -2.43933435413151045
-3.77066170549999979     3.77066221800700019    -2.16409082685200005
 0.47004492058437730    -0.47002986580624312     0.47107694711374964
-2.36644692914727939    -0.46764198439831067     0.47748543744421063
 0.46501839542049461    -3.31484120094352130    -2.35755105205803162
 0.47867086727861857     2.35560844025402494    -2.35999627823233871
 0.94109539775797779    -3.77066264326496459    -0.46927736941418219
 2.35644168025551082    -3.77066264326496725    -1.88235730367848775
 2.02789692650758591     2.39467084780873130    -0.98813238499308687
-2.36259346251100011     2.36259442441900003    -2.35034267385000017
-0.96586496527186594    -3.42709869701589032    -0.96472261227243594
 2.35589401069230275    -2.35587920930695827    -0.46871394870665001
 3.77066264326498768     0.47580138187331350     3.77066264326498857
 3.68295492482538567     3.77066264326485401    -3.77066264326482781
-0.93785481511883395    -0.47637932689893520    -3.77066264326497880
-1.14758650589747724     3.77066264326437217     3.68741806276611594
-1.89000781667632478    -2.35644168013673916     3.77066264326479761
 3.77065371180100017    -3.77051431433199991    -3.29718350331899979
-0.93674985897096930     2.35208052318716776     2.08876533373291640
 0.94031971567062311    -2.35565110336557382     0.94413755206813177
-3.77066264326411149    -0.47082449314355107     2.09349890354202905
 2.35534659546306768    -0.93954424776199941     3.77066264326496192
-3.77066264326498368    -0.47633140455539896    -0.94662927780952855
 1.88523226836598123    -1.88523228014395050    -2.35470678866649186
 3.77066264326498946     0.47469149559548185     0.94333146389802136
-2.36567508442138807     0.94705678891683931    -0.93624253675677571
-2.35588314260975151     3.77066264326482736     2.09367428232023656
-3.65874920184299990     3.43947135925599978     3.77066210007399993
-1.89002235497200521    -3.77066264326477407     2.35645648176007283
 3.77066264326478562     1.89000754370801705     2.35644168039055746
 1.89891350542471771     0.94745201534830459    -2.36251258277613507
-0.95810472647754108    -1.88769700610437563     0.47348850026850781
-0.47467650095695579    -0.94112538971496584     3.77066264326499301
 3.77066225170199987    -2.35484741435899991     3.77066219624299981
-2.39660096165303127    -3.77066264326450540     0.38988372297678003
 3.77063914991500004     0.87801235541000000    -3.77063495864900000
-2.35330497173514530     0.93910083649918874    -3.77066264326499256
 1.67587361429126513     3.77066264326430955     3.77066264326406131
 1.90043578665506985     3.77066264326491352     0.45768926260554926
-2.35646109292480110     3.77066264326482958    -0.73715201980184486
-3.77066264326482825     2.35643706986577373    -0.73710142305220427
 0.47279130748456460    -1.89415135257302025    -3.77066264326490730
 3.77066264326496903    -0.94112498006159473    -0.46927736633700678
 3.31490924514563634    -1.88038118985119684    -3.77066264326497391
 3.77066264326481271     2.32754416989065049    -2.38873774373798620
-0.94744873521959883    -1.89889204213956431    -2.36250933237781746
 0.47633450166420577     0.93785848064855115    -3.77066264326497569
 0.93952944855486331    -2.35534656490893912     3.77066264326496325
 0.47295579956700001     3.77066208512799994     2.10790031782299980
-3.77066264326429934    -1.68123160497761726     3.68564042477107057
 0.45794728609920626    -1.88774294534816711    -0.93957654376757271
 2.05850706832217778     3.77066264326480205    -2.43923872088157401
 0.46762606715246613     2.36643965304774140     0.47748137628983151
-3.77066264326452760     2.35648138290872433    -3.77066264326474254
-3.77066264326499256     0.93912371119360427    -2.35960019587570757
 0.26537820137857776     2.35520135044840728     3.68716402835135781
 3.31480887303170846    -0.46506901683493418    -2.35754854920257095
 3.77066264326494727    -3.77066264326495215    -0.46815114198042473
 2.35565109500853564    -0.94030488644749932     0.94413752170804122
 0.47015751765688557     0.94531525625670720     1.88474788999775944
-2.30221124867059279    -2.32518159770841182    -3.77066264326444722
 0.93951468666588789    -3.77066264326494727     2.35755245714037143
-3.77066264326480693    -1.90037873812951741     0.45768165348043932
 0.46636458948712456    -0.46636126663269234    -2.34656029364377083
 2.35590142936375946     0.47526139498098574     2.35699704771034035
-2.35642378277420983     2.35647437952380612     0.67708684025868593
-3.77066264326489442     1.14502117612258902     3.68281370497364691
-1.93499411086504436     1.93407352115322784     3.77066264326493839
 3.77066264326497347    -2.35645648164440313    -1.88237210506734143
-0.47580139176837200    -3.77066264326499301     3.77066264326499256
-3.77066264326495659    -0.56581636881447794    -3.77066264326495526
-0.87512164981100005    -3.77065585398699987    -3.77064778748900009
-2.39471691126137154    -2.02787325923657091    -0.98818088828115169
 2.35483859363768033    -3.77066248805251591     3.77066252270157687
-3.77066264326455958     3.77066264326467815     0.67710012819331866
 1.88033306143539836    -3.31500539535328187    -3.77066264326495659
-0.94531440856664206    -0.47015832072719399     1.88474377442417151
-0.93907914153921590     2.35330213094304641    -3.77066264326499523
-0.94940651575908686     0.94940980418826693     0.47591106846411829
-0.94218614207639639     3.77066264326497258     0.67894434672016069
 0.56608945287212697     3.77066264326488065    -3.77066264326488865
 1.89410317033866216    -0.47279101590438782    -3.77066264326493394
 0.46868205804374152     0.95138877513730780    -0.93589398001441382
-0.95138684684832375    -0.46867154382606735    -0.93588072300093694
-0.94832158359941809     0.94831890294666465    -2.34730860919138173
 3.77066264326492862    -2.35533176346747997     0.94494421951919216
-3.77066264326482781     2.35701638347271958     2.09188076567017855
 3.77066264326455247     2.39658284387455156     0.38985730422073939
 3.77065920068300020    -3.77066229285600008     2.35805149918400003
 0.94114023330970475     0.47467651479433287     3.77066264326499212
-3.77066264326478384    -3.38988034351741474     1.79236699750293305
-2.35641677961176299     3.77066264326453116    -3.77066264326474698
-0.94707376471170912     2.36567540909270946    -0.93624554276468019
