123    9.64728169494700083
-2.07748533276049940    -0.75100567936555285    -0.07761333259785956
-0.66431054187754313     0.66431142449596303     2.75167856021613799
 0.75109693114700005    -2.16533986877499984     1.33885356300500002
 0.42028238074301433     0.99557689733051125    -3.82364084744101485
 1.84688731823768837     3.82364084459605991    -2.40831212811323292
-0.66323093262035837     0.66316703078682648    -0.07741956850395001
 3.82364084744098998     0.99999999999999623     0.99044322682755237
 0.41399178281108584    -3.82364084744098731     2.40487747231879201
-3.82364084744099575    -3.24854176736894118    -3.82364084744097044
-0.99466367833116021     2.40899911991237525    -0.99564101654793313
-2.40964906462986761    -2.40920554028031697     3.82364084744098243
 3.81113291073000005     3.81953357004800020    -1.85632217142300004
-2.40953138274323875     3.82364084744101174     1.83205209076431363
-3.82364084744089006     0.99496187325559549     0.41817007424199759
-3.81575691875700018     1.85404034655999994     3.82237844236800006
-3.82363146073400006     3.82364040186900001    -2.41008377295599985
-1.96711319604633217    -3.82364084744097532    -3.35187170081592889
-3.82364084744085142    -2.40920554028023126     2.40920554026722611
-2.41101848642444416    -2.40784098029357008     0.99180352766092117
 3.50986011468476322    -3.82364084744097577    -0.12802568161394737
-2.40890519939152226     2.40902811929302718    -2.40982661938369436
 3.82364084743921762     2.41415908130935586    -0.42382481451270421
 3.82361125050300021     1.90232194233699992    -3.66073876683500021
 3.82364084744101351    -3.82364084744099930     3.82364084744100863
 0.99252923920900005     2.41177673680200000     2.40697237611500015
 1.84911953120362149     2.41054426145809808    -3.82364035055700269
-0.86403379971911642    -3.74418399206952168    -1.68546765211319216
-2.40935243066887095    -1.83440306335710779    -3.82364084744092247
-0.99782864346012079    -2.40703984217521638     2.40703984217528033
 2.18525835372895560     0.64220500141497716    -2.95186787353971747
 0.75092243999519126     2.07744077851648523    -0.07749169875831652
 3.29225864892700004     3.82363789693599987    -3.82364020452000020
-3.82364040594399990     2.40876966389099989    -3.82364044177599993
 2.39547951758600020    -2.38621308476799987     2.52195526582999996
-2.40871970840895067     0.99462805051861936    -0.99578906168214165
-3.82364084744093757     2.40908358120959187    -0.99613533658457543
 2.16830750380042536     2.07436047040174865    -1.49359508212300085
-3.82364084744100996    -3.82364084744100863     0.99477023311945689
-0.99343713175027148     3.82364084744084032    -2.40942575204297649
-0.99839611747553847    -3.82364084744096466     0.98884060163919574
 2.23053543315852165    -2.27006502539109301    -0.14871884502766819
 3.82364084743644739     1.01600896475459601    -1.86744480051430295
-2.07844045236170638     2.07860861056503898     2.75142214035410193
-0.99429247225447193     2.40942907675645035    -3.82364084744073418
-0.02355103540091501    -3.82364084744099531    -3.82364084744096777
 1.82904000394299993    -3.82269759953900001    -1.95064042635200008
-2.41182042627121085    -0.99260453501440260     2.40703984217503741
 2.40704010669593282     0.99766134559761799     2.40704010669630319
 0.43378979228831360     3.82364084743824728    -3.82364084743814869
-2.40939932157148462     2.40921559574041799     0.41805025557753761
 3.82340066692121905    -1.80543778580797820     0.96792892253216867
 2.40937280610171811     3.82364084744099308     2.40937280610322002
 0.75180069941363192     0.66244640181571524    -1.49092374260251703
 3.82364084744099131    -1.82364084744098909     3.82364084744096955
 0.94761580327100003     3.82305149143300005     0.97584933081900005
-0.99543852517934261    -0.41988990758109740    -3.82364084744100996
 2.16347993204370237    -0.78196220517624904    -1.49095969762625691
-0.99999999999995948    -0.99044216515815164     3.82364084744097310
-0.99565728181878199    -3.82364084744100019     3.82364084744099308
-2.40956024938418167     0.99441548699672699    -3.82364084744099264
 1.96162818120967963    -3.82364084744083987     1.13806194575155373
-2.07850358598153573     0.66415907590653434     1.33744448807726890
 3.82364084744064892    -0.41415908130972467     2.40471126816527780
 3.82364084744100907    -0.39127872505938571    -0.44633911897056483
 2.40704010669645685     2.41182042690744680     0.99277206535868523
 0.99044322682756214     0.99999999999998423     3.82364084744098820
-0.47025521008299997     3.81936781690700000     2.39416771604600020
-3.82364084744100818    -0.99477023311969059     3.82364084744080523
-0.66332249864233928    -2.16526996482237832    -0.07771070310188756
-2.40964906462981032    -3.82364084744097577     2.40920554028004696
-1.87054088585599998     3.81825584477300017     3.82258513482199991
-2.07765867058046672    -2.16633482458631299    -1.49180124434079797
 2.80369872401987008    -3.82364084744100952    -3.82364084744101085
-3.81453516310700014    -2.36755260919000010    -0.45208719665300001
 3.82364084744015553     2.40948176613165010     2.40937280610286075
 0.42041699227462942     3.82364084744101618    -0.99485284264604135
-3.82364084744101262    -0.42030534232376854    -0.99498904931990251
-0.66324599403762297    -0.75093326606369204    -1.49180111629739143
 3.82364084744098598     0.99532268482162400     3.82364084744088739
-3.82137717442900016    -0.94351897415700003     0.95451011118200002
-3.82364084744097976    -3.82364084744097310     3.82364084744064625
 3.82364084744100907    -3.82364084744097665    -2.10325773171615094
 2.16508381573527853     0.66317606663250239    -0.07578053405100324
 0.41399178281112281    -2.40487747231883553     3.82364084744101485
-2.40942113525918211    -0.42039104351192857    -2.40919645926076642
-2.40850782650590034     3.82364084744087052    -3.82364084744087052
-2.40896065166397655     3.82364084744098154    -0.99601233657040644
 1.39007384430948489    -2.40883884734919507    -3.82364084744101085
-0.66339315948856159    -2.16570863660469604    -2.90611000844170331
 0.75050917496355096    -2.19741714166121982    -1.49194072602253014
-0.99485118696622576     3.82364084744097488     0.41830531581615776
 0.75071173433235050    -0.75063270282844630    -2.90627043446748390
-3.82364084744091004    -0.42026435934521150    -3.82364084744096733
-3.82364084744098953     0.99381636563024967    -2.40929446014651250
 3.82364084744020305    -2.10325773171494657    -3.82364084744090293
 2.16512355546008006    -0.75065727915123093     1.33881314217642533
-3.82364084744097621     2.40932320699212488     1.83223584980939647
 0.74981937069805149    -0.74998575946364299     2.75193508094665917
 3.82364084744099353    -3.60754239942961696     1.83534975688935797
-3.82035826247000010     0.45123333880700001     2.38793405609099985
-0.99435950592263356     0.99478697113338521    -2.40985595980510636
-3.80942921778399990     3.80972862248699995     3.33186364648600009
 3.82364084744099264     3.82364084744099308     0.99510476476352538
 0.99510476896243638     3.82364084744097887     3.82353189161842577
-0.42382481030626751     2.41415908551393121     3.82364084744097799
 1.82364084744101351    -3.82364084744101351     3.82364084744093846
 0.61014793766513786    -3.82364084744096244    -0.33621792974996983
 2.39595963591199990     3.82191743839499987    -0.42821456055300000
 0.75093027635411647    -0.75109747039248087    -0.07542063481027080
 0.42213122292010841     2.40963229901413722    -2.40927035045234961
 2.40471126816533864    -0.41415908130968554     3.82364084744098953
 3.82364084744098953    -1.84092067801350856    -1.84092067801324299
-2.41398996060441728    -3.82364084744082966    -0.42399133149983881
 3.82364084742233112    -0.10325773165397312    -3.82364084742350308
 2.40937280610320492     2.40948176613129794     3.82364084744097932
-0.66420635443216225     2.07828894773496797     1.33722900193549843
-3.82364051107199998    -1.83460179330000006    -2.40914447397100018
 3.82364084744096822     3.82364084744098154     3.82364084744097577
 0.75013883337465470     0.66420710177147713     1.33770085382046600
-3.82216363135299986    -3.81514461370300006    -1.85004646993700006
-0.66437385549728190    -0.75013829008988953     1.33770119091372020
-2.41399178281110149     0.42399314200247251     3.82364084744100996
-3.82364084744099397     3.82364084744096555     0.41773443837775398
