125    9.65680410899799924
 0.41439340167134703    -2.41415532055517534     2.41418848940046349
 0.41454199750905413    -3.82840205171946257     1.00000810035324394
 0.70749202519152588    -2.12095172598183090     0.00061144763550442
 3.82840205192478233     2.41408969558194020     1.00206694553049980
-0.70701388366765727     0.70714309192633495    -1.41404103229809119
 0.99985874070151981    -3.82840205188651028    -0.99989470345592568
-2.41416148181079260    -3.82840205192484051     1.00012970618785690
 3.82840205191835414    -3.82840205192474903     1.82840205192471261
 0.70716954179902736     2.12138678915538126    -1.41397791916556437
 3.82840205192495553    -0.99989470472441300    -3.82840205192493777
 0.70730013324268548    -0.70696999360273227    -1.41383389371766488
-3.82840205192418015     3.82825479586322670     1.82861934003876714
 3.81007502994026215    -0.48343519469866375     3.82840205192356065
 0.70761043039476101    -0.70644269358965639     1.41510095913357548
-2.41405725844744667     2.41409686186257844    -3.82840205192502170
 3.82840205191592231    -3.82840205191582861    -3.82824301631177466
-0.99980031176105977     0.99992668513159655    -3.82840205192493555
 3.82840205192493732    -3.82840205192493732    -0.99932912960548759
-0.99979107324460226     3.82840205192480809    -3.82840205192481209
 2.41440134797346451     2.41397569759689912    -0.41309768666973240
 3.82840205192365657    -3.82840205192370409     3.82840205192471750
-2.41410068952924517    -2.41427630071505339    -0.41417166059005650
 2.41422860623538593    -2.41414838264308962    -3.82840205192497418
 2.41465702056550313     3.82840205192469574    -1.82809172629764460
-3.82840002031000015    -1.82852371618900000    -3.82839683763099980
-0.70688278371224011    -2.12121419729619554    -1.41393244477692681
-0.70695095547732023     0.70743413483371187     1.41466809959307183
 0.32102451817470157    -0.49449103164918395     3.82840136142411636
 2.41335114036429577     2.41451486430237772     2.41544259889772928
 3.82840098463899992     0.99747967560399997    -0.41264706783100003
 0.99971951655301883     2.41454329213113628     1.00064733761340885
-2.36267750388400000     2.38270189915599984     3.82840143717500014
 3.81691732940700001     3.82550068508000018    -3.41478055235200006
-3.82838105865999978    -0.41432522912500003    -2.41416320810599982
 0.70736712272964020     0.70741284606771215     0.00052948558336356
 3.82840205192491378     3.82840205192487071    -0.41340978808430068
-3.82756615539500000    -3.82786939293999984    -3.24523137877199996
 3.82840128769325450     2.41341474666437072    -1.82771806569736772
 2.41425142188767339     0.41438178718414354    -3.82840205192493555
 2.41509374762782736     0.96509645105393160     3.82840205192467531
-3.82840205192462335    -2.41421549819712000     1.00009653213659666
 2.12167439873390551    -0.70670698111402708     0.00073784324091984
 0.70722569743211261     0.70715506624702318    -2.82822857541511485
 3.82840205192498573     2.38021469240521100     3.82840205192498662
-3.82840205192501815    -1.00015054693720806    -0.41426562575172882
-0.41451520102631512    -3.82840205042497672    -2.41394786828490204
 3.82840205192492133    -2.41384060254396715     0.41453646215822298
 3.82840205192497951    -2.41406815269008890    -2.41414837628199042
-0.99989754447065715    -2.41410494222805649     1.00005231592801347
-0.70708043863481718     2.12139233215572043     0.00019922419807821
-0.50763505006169196     3.82839564625762252     1.02336859442810613
-3.82833022697869874     2.41420829735438103    -2.41416868385034888
 0.99924146327106078     1.00019766355875994     2.41626529729981998
 3.82840205192492400    -0.99971727854004311    -0.99987481080429474
 2.41397633899190067     1.00008845367789778     1.00144205503123263
-2.12018251012246317     2.12262811769899207     1.41626929202038743
-0.87469000308900002     1.08041563517300010     3.52849245186899996
 2.12140666470803119     2.12140122166536260    -2.82816792053658483
-3.82840205192479788    -2.41425985512799324    -1.82858343462220274
 3.82840205192494754     1.82865827909270529    -3.82840205192486849
 0.41465469165399998    -3.82840144792000014     3.82840135009500004
-3.82840205192394301     0.41462076788287977     1.00020849895190889
-1.82848810119064842    -3.82840205192314098    -3.82840205191996530
-3.82840205192494754    -3.82840205192494754    -0.41429850976082355
-1.92478853727634291     3.82840205192374405     2.44201608372633006
-3.74468839687200017     3.82840153146600004     3.82815268744300008
 2.06372045496248191    -0.76254370446691244     2.88405238033398437
 2.41431736664047802    -2.41405970458196295    -0.99980594858901006
 3.82840205192372363    -1.92487661878594518     2.44207209798384284
-0.70686209123687749    -0.70678506272552188     0.00045787206412332
-2.41420836336776201     0.41464680246654784     2.41444193462307766
-3.82840205192494087     1.00001454277252289    -3.82840205191840210
 1.00005516304502184    -3.82840205192471794    -3.82822457188990439
 1.00014392094946869    -2.41413987811565978    -2.41405962423374110
-2.41410092653051667     0.99998081835344677    -2.41409097808617323
-3.82840205190825733     3.82840205192480143    -3.82840205192480143
-3.82840121447671367     2.41410345857136788     0.41434355079077950
 2.12255399478418827    -2.11992529565149423     1.41638285673363851
-0.41409546698632355    -2.41412557114636472    -3.82840205192473437
 2.41423855229433615    -0.99980452938162934    -2.41413843145635232
-2.41418232906397412    -0.99982015932652835     3.82840205192476946
 3.82827348910800014     3.82839666683699997     2.41621581239499994
-3.82840205192498262    -2.41403989207043956     3.82840205192498173
-2.41414510523962145    -0.41415563395739236    -3.82840205192492622
-0.99982016000338869    -2.41419465779487386     3.82840205192485827
-2.12130987151265904     0.70719464467575632     0.00009009885907422
-0.99977990444336751     3.82840205192501370    -1.00002317073644242
 2.12148355966555391     0.70727370309634296    -1.41378118871252934
-0.48328447998565144     3.82840205192395233     3.82840205192368410
-0.99981957645292074     2.41416436860614514    -2.41421261119591835
 2.34650351678238023     3.82840205192482763     3.82840205192481653
 0.93024897362847914     3.82840205192403449     2.41350870768110060
 0.41447739400383088     3.82840205192466598    -2.41419299568280721
-2.41425226177983543     3.82840205192477345     0.41434201597862458
 2.32835570134110759    -2.50557895486797255     3.82840205192467176
 1.00040084913678262     3.82840205192495509    -0.41392077426395762
-2.12121248902179804    -2.12126098388474782    -2.82841114866370136
-0.99978699091392176    -3.82840205192468330     2.41418232172247071
 3.82792461571872034    -0.50938783308564539     1.02532380703920922
 2.41096430415790053    -3.82840204818874152     0.41742004238665925
 2.41430886012810753    -3.82840205192494132    -2.41389071559964696
 1.82869546249368886     3.82840205192418725    -3.82840205192479122
-0.99988521841030065    -0.99989754652028096     2.41427204488584612
 1.82910112910505274    -3.82840205192467131     2.41387600904149746
-3.82840205192501726     3.82840205192501815    -0.99993531577088879
-2.41411110562691089    -2.41411110562707876     2.41426587950453042
 1.00007505125643670    -0.99986896595299246    -3.82840205192481786
-2.41411713188611987    -3.82840205192497018    -1.82847302857873117
 2.41428776940156808     3.82840205192493332     1.00090304716946399
 0.93160951839875050     2.41486925310539080     3.82840205192467398
-3.82833929745099999     0.47725425006500000     3.82839237062399995
-2.41420507492944658    -0.99998535680268863     0.99996451215681126
-2.41409686122573319     3.82840205192502347    -2.41428012373281264
-3.82840205192498440     0.99998487418903692    -0.99996498416218327
 3.82840205192488936     0.41445909390336155    -2.41412556212914575
-3.82210320738199982     1.92736559735499990     2.45061376168400002
-2.12119680738818284    -0.70710110839503215    -1.41405174267680045
-2.41409097786757387     2.41428600836262719    -0.99996904928532004
-0.70695483269505965    -0.70709152757625193    -2.82823689212664631
-3.82840205045965032    -3.82840205192307748     2.41433710264583201
-0.99979932456680842    -3.82840205192499017    -0.41407769077426204
-2.41403989059293833    -3.82840205192502347     3.82840205192502347
-3.82840205192490668    -0.99982016920679062     2.41419465006624812
 0.41441810701680609     2.41418398467761275    -3.82840205192492311
 3.82840205192292693     0.93018542675623950     2.41371450378319974
