127    9.73469883175400064
 2.43978496961635560    -3.86734941127578091    -2.46004383051349373
 3.84610510927800009     3.85785461427099996    -3.67715635555199993
-2.13204961788804459    -2.12971275365459523    -2.93049021076947325
-3.85433504644099978     0.58966581381000005     1.20754088272099991
 2.45234916269519054     0.39580814817189247    -3.86734941587661618
-1.42554680519853783    -3.86734941587674275    -0.73907726840443166
 2.44864747386139125    -1.02289521985895537    -2.45764481879334395
 0.70658559259400000    -0.70673606545900003    -1.52737308939299998
-1.96962030657999998     3.86482031471800003     2.50863629503399999
 2.45237689682383797    -3.86734941587670855     0.35414580012542390
-2.45656894863021869     3.86734941587672765     0.38505844481549945
 0.29821073435071793    -3.86734941587670145     3.86734941587674097
-2.39196453177900015    -3.86703950546199993     3.86734902785600010
-1.04198268080833900     2.45040404902889719    -2.45325386510846100
 1.03140986867797202     3.86734941587671122     2.45936263614987549
 2.44693636745913912     3.86734941587671699     1.04646323023014309
 3.86554081522500015     2.43352321598199994     0.98372833595499998
 3.86734941587672187    -1.02916056848192139    -1.04794784953769526
 2.31643265011955668     1.07304524896467424     1.01190281219361844
 1.02481245056284132    -3.86734941587671655    -1.04658963234265578
 2.44341436096598663    -2.44626608350253028    -3.86734941509183860
-2.44739760503442794    -2.38575912850331529     2.45895662769541667
-3.86734941587672898     3.86734941587667569    -3.86734941587673386
-3.86734941587659087     1.03234747560449391    -1.03677755566612739
-2.28262128309743195     0.66785363800946707     2.66739065843669287
 1.78600433515850954     3.86734941587658954    -3.86734941587655356
 3.86734941587676362     1.26006508357674751    -0.65005471654420099
-2.29032463177700008     2.42475255949599999     3.86731256777999999
 3.86734941587603220     1.81131838900539766    -3.86734941587674408
-3.86734941587667835    -2.39866684266298513     3.86734941587667791
 2.13692598386544841    -0.69014584368208975    -0.09836590678781731
 3.86734941587658554     2.45182291709505362     3.86734941587658065
-1.04527893749595435     3.86734941587671388    -3.86734941587671788
-3.86734941587674275     2.44972757984141509     0.37821715607641565
-3.86734941587654468    -0.97547545134496583     2.46153932692107036
 3.86734903280899989    -3.86734908319599979    -3.86734890841099999
 3.86734941587654824    -1.01868230109501323    -3.86734941587676095
 2.45182291709543021     3.86734941587664549     3.86734941587666947
-2.28792412624365449    -0.74886266158592485     1.25569422990989787
-3.86734941587667036    -0.38130637825779634    -2.45280864389460262
-3.86734941587676762    -3.79650194814713959    -3.86734941587676806
-0.71036214994494284     0.70825669864921048    -1.52861856777501148
-3.79435257633199985     2.01599046061200005     2.60827425853800010
-2.29313086887064488    -2.16055145138234295    -0.16103003775630595
-0.00445884542837991    -3.86734941587672099     0.66822831695941798
 2.11793483705200014    -2.13339319488399992     1.35300283039900004
 1.03140560634326062     2.44693636746554111     3.86734941587662684
-0.71225584303152423    -0.70934120040606741    -2.93943840408316248
 0.67441775544720850    -0.30732276504346823     3.86734941587664105
-3.86734941587675429    -3.79768890016187433    -0.43766488999076281
-0.39627550920733895    -3.86734941587659886    -2.45389521770651786
-3.86734889016599981     3.86734835847900005     1.85517807328899997
-3.77746804977100004    -0.82069653898999995    -0.20843030798600001
 3.86734941587676717    -3.86734941587675873    -1.05930839804479193
-1.02747643375048581    -2.36983362887030946     3.86734941587671877
-0.38900317973943066     3.86734941587674097     3.86734941587674230
-3.83967163785999999     3.83411881776099994     3.86722634055099990
 0.70535834468490499     0.71143830843494715    -2.94132000772771862
-2.12645125089172327     0.70489624523429995    -0.10831147072577012
-2.84051932425171927    -3.86734941587672765    -2.15253146657439398
 2.27595289777055898     3.86734941587674363    -1.84920083075532049
 0.70144143939054582     2.12607468243975362    -1.52753480933460706
-0.39475800293333657    -2.45237771055876808    -3.86734941587668768
-1.03958957291279575     1.03259436333161192    -3.86734140229253320
 3.86734941587672099    -0.16332729026906675     0.75492006973403580
 3.86734941587676895    -2.62726724193069794     3.86734941587676762
 2.31881956083380025    -0.35170184057799447     2.42958077628628155
 0.90513285385726328     1.06303825714524702     2.42898881705879077
-3.86734941587670678     3.86734941587670011    -1.03257989878156375
 1.02996411136877031    -1.03128961969347466    -3.86734941587673742
-2.45301730960305298     2.44644219549284658    -1.03587403596641447
-3.86734941587673653     0.44709194382143169     3.86734941587673431
-1.03703045469301025    -3.80159757109999275     2.37979852196098607
-3.86734941587673386    -2.39287872527213263     1.05052268667172277
 0.69157511885500000    -2.14382128561500007    -0.08822804932900000
-0.55063293014400005     3.86734890177599988     0.99125925530100001
 3.86734941587662329    -1.58806275585372236     2.15853285576345666
 2.12948410529280352     2.13355722706359519    -2.93140802160041014
 3.86734941587673742     2.67506542862696062    -2.06348105827827855
-3.86734941587673786     1.03257989878158596    -3.86734941587672720
-1.81124802826029074    -3.86734941587663350    -3.86734941587671166
 2.12690095393177225     0.71498752174739266    -1.52156642819772436
-0.74307048392686181     1.10360852004315801     3.86734941587674141
-1.04553370944001656     3.86734941587673076    -1.03232631373224537
 0.86039403204230058     3.86734941587675873    -0.42615847868314466
 0.70476953291844890     0.70986447470134084    -0.11532463684188760
-0.86107319023336493    -0.74873484580300531     2.66426050366210854
 2.31135049779182644     2.49113889315133985    -0.39841083663053062
-2.45631417668628993     2.44996465732910007    -3.86734941587671521
-2.51616379550243252    -3.86734941587668457     1.03523864787042608
-0.87158300166736946    -2.16092484782019367     1.24806526921406014
-3.86734941587671477     2.44996465732817414    -2.44996465732918267
 2.07972244426595276    -1.73038942953394526     3.86734941587670056
 1.42310560083261861    -3.86734941587659087     2.06896374942749395
-2.45631417668635477     3.86734941587578351    -2.44996465732916002
-2.12595099519954189    -0.70713053705737361    -1.52470834866474192
-0.71377826801290434    -2.12732589943848405    -1.52034813244744416
 0.37234721003145649     2.45257963510554244    -3.86734941587662906
 3.86734941587668812    -2.45389603406657786     0.35566493649172576
 2.45933379370257343     1.03143845938147649     3.86734941587657888
-0.70836676097914719    -0.70542479329172569    -0.11387454224723731
 2.43255091168324178    -2.43103230245427326    -1.03747199223102959
 3.86413873674900010    -3.85597293077099978     2.02064758196299987
 0.54998560110123729    -2.16606508872843051     2.65487594785774972
 3.86734941587664638     3.86734941587627068     2.45445000995688689
-3.86734941587213754    -3.86734941587454983     2.50978855199375861
 3.86535807997500003     3.85559142003299993    -0.42932388991499998
-2.12467866854764065     2.12181653953306837     1.30318905621572734
 3.86734132877517167    -2.44261395029221751    -2.46292118405103277
 1.01869700984558675    -3.86734941587666636    -3.86734941587673786
 3.86387063781700002     1.01773990258500002     2.39727994201200012
-2.44487956222663660    -0.95881684250984889     3.86734941587652203
-0.70938566257448965     0.70868325325239434     1.30303922168823894
 0.36949372091358712     3.86734941587673209    -2.45369517066086429
 3.86734941587662862     0.39631804395518200    -2.45392307414266542
 3.86734901129799979    -0.38871119171599999     3.84124014443100004
-3.86734941587663306    -2.22088712677665168    -1.66798849272695127
 0.70664967925275546    -0.70370183183655322     1.29953463604378894
-0.70970227883403614     2.12381066950426334    -0.11025986044122779
-2.45421011589498761     1.03420764519054442    -2.45206334257256398
 2.44937751477595311     2.44937751477609522     2.45690632673878895
 0.90063817705756011     2.48565684365854933     1.01928472140084692
-0.51369077521708240     2.47877283021062844     2.43336612822174159
-3.86734941587670944    -1.79650194814713915    -3.86734941587654957
 1.02376418229771304    -2.44931726767602376    -2.45697388062500810
-2.45346329038972755    -0.38196102468277376    -3.86734941587670544
 2.29821073435075629    -3.86734941587676717     3.86734941587676895
