128    9.79067067234099930
 0.53450382642101391     2.46713249363914233     3.89533533617013505
-0.51374537295044331    -2.46100263360067917    -3.71121887338328316
 2.03106813748150605    -1.17110622056327474     3.89533533617029759
 3.89533533617032868    -1.57541999699691671    -3.89533533617032823
 0.97939093569829816     1.16018083071143163    -3.89533533617030603
-0.86049680360925107    -1.11333548125901372    -2.27471036598230869
 0.70691136993299997     1.54355475338399994    -0.70701266479100000
 3.89533533617029981    -1.17110622056328273     2.03106813748150428
 2.12720120615558184     0.12529647608727890    -0.71298764378260060
 0.71298764378252144     0.12529647608730732    -2.12720120615573061
-3.89533533617013683     2.46713249363912945    -0.53450382642043082
 1.89533533617034822    -3.89533533617034822     3.89533533617031980
-2.48112177379723375    -0.16120643462381695     3.89533533617032290
-3.89533533617032868    -1.57541999699691204     3.89533533617032957
-3.89533533617031980    -3.89533533617034822    -1.89533533617034844
 3.89533533617031802     1.16018083071174938    -0.97939093569798896
-1.93458833836452837     3.89533533617035443    -3.89533533617035488
 2.20870366359060011     2.85604019544882792     2.20870366359059789
 2.16531730981027115     1.48727428824074814     0.75110374743716668
 3.89533533617029226    -3.89533533617034999    -0.86784459026969396
 3.89533533617034733     0.50034200127105899     0.93276906995626119
-0.52159982582571029     3.89533533617032202    -2.47989778423295837
-2.20836846463372094    -1.20031586422258396     2.20836846463362191
 2.20836846463361702    -1.20031586422258552    -2.20836846463371916
-3.89533533617033756    -0.80077684201746058     0.58614164356200626
-3.89533533617032379    -1.89533533617026517    -3.89533533617032468
-3.89533533617032557     0.50034200127091999    -0.93276906995604592
 2.39995451531895965     1.16440590568574986    -2.39995451531896586
 2.27882956484635413    -3.89533533617026073     0.71766429072662097
 2.27471036598229714    -1.11333548126012905     0.86049680360923531
-3.89533533617035577     3.89533533617034866    -1.93458833836452948
 3.86367036131199981     3.26526471356199988     3.89459047599999986
 0.58614164356200305    -0.80077684201745769    -3.89533533617033134
 2.43560810643924608     2.52668011928368585    -0.93607686045625427
-2.12720120615575592     0.12529647608733796     0.71298764378255086
-3.89533533617034822    -2.25709723487458236     2.01509169680880307
 2.29649942222353864    -2.69385822853683266    -0.88112917184854367
 3.89533533617032024    -3.89533533617034999     1.89533533617034866
-2.27882956484636745    -3.89533533617027805    -0.71766429072661508
-2.20870366359078218     2.85604019544874443    -2.20870366359078218
 0.89138873525409656     3.89459866193060922    -3.89533509600931938
 3.89136126951600003     0.30660792142600002     3.87602299183000021
 2.35414089739500021    -2.50457125340600006     2.34283666837999993
-2.40158855766900015    -2.63517361221000002    -2.34728310034899978
 0.84249745562966749    -2.50920159335414139     0.84249745562970879
 0.75566719055700005     2.90659450774600003     0.75580896648399998
 2.46777753025900015    -3.89528394020900004    -2.49429542621499989
-3.89494434475400020    -3.86119129936299998     3.89495828417999990
-2.39995451531902670     1.16440590568582203     2.39995451531901383
-3.89533533617030558     1.16018083071142963     0.97939093569829694
 2.36110909714600004     0.28569446528800002     2.43714195477999995
-1.89533533617034844    -3.89533533617034822    -3.89533533617031891
 1.93458833836512634     3.89533533617034822     3.89533533617034955
-0.70861211228300003     1.54339391774899992     0.70649467437400004
-2.39382762398713300     2.57417123195980446     3.89533533617031669
 0.71766429072655746    -3.89533533617025851     2.27882956484639498
-0.79911087798394831    -1.36760635690187793     0.79911087798375890
 0.79911087798376179    -1.36760635690191812    -0.79911087798393587
-0.71298764378261725     0.12529647608729827     2.12720120615560226
-0.75527498018399997     2.90826647830099994    -0.75523339508800003
 3.89533533617031846     2.57417123195980269    -2.39382762398713567
-0.97939093569798330     1.16018083071175360     3.89533533617032113
-0.70710678118640602    -3.89533533616993255     0.70710678118646908
-3.89533533617032601     1.25300712774928091     3.89533533617033090
 2.39382762398713567     2.57417123195979425    -3.89533533617034378
-2.27471036598235044    -1.11333548125896886    -0.86049680360920855
-3.89533533617028693    -3.89533533617034822     0.86784459026947458
 3.89533533617033179     1.25300712774927425    -3.89533533617032557
-2.39382762398717297     3.89533533617034999     2.39382762398714188
 2.47112909055499985     1.77879254920399998     3.89502881052999994
 0.86784459026946692    -3.89533533617034822    -3.89533533617028249
-3.89533533617033667    -0.16120643462381473     2.48112177379723553
-0.89171726086699998     3.89500176200500015     3.89500727911799993
-0.93607686045624761     2.52668011928368852     2.43560810643924963
-2.03106813748148385    -1.17110622056328784    -3.89533533617029715
 0.97341043694399998     3.89446178591399983    -0.96993675993899997
-3.89533509423238922     3.89474211893651878     0.89138880454430447
 3.89439116242400019     1.77992017936999991     2.48656999802999978
-2.47393534525099978     1.78861297893700000    -3.89425986538600011
 3.89533533617032024    -1.89533533617031869     3.89533533617032202
 0.51374537295033185    -2.46100263360065252     3.71121887338432588
-3.88826456321999991     0.32383332654399999    -3.88895458683000017
-2.44264749435199979     0.32557348846500000    -2.40936734652099993
 3.89533533617032335     3.89533533617033356    -3.89533533617033090
-3.89533533617031225    -1.17110622056329428    -2.03106813748148207
-0.86784459026968841    -3.89533533617034999     3.89533533617028471
 3.89527440788900003     3.89485892455099991    -0.89145534354199996
-0.71766429072665783    -3.89533533617029226    -2.27882956484632748
-2.47989778423297791     3.89533533617032646    -0.52159982582571585
 2.39382762398714588     3.89533533617034955    -2.39382762398717786
 0.52159982582566922     3.89533533617032734     2.47989778423394913
 0.70710678118675130    -3.89533533616993610    -0.70710678118656367
 3.89533533617034822    -3.89533533617031846     3.89533533617034955
-3.89533533617033934     2.57417123195979602     2.39382762398713078
-0.75110374743720276     1.48727428824082542    -2.16531730981034087
-0.84249745563022338    -2.50920159335363913    -0.84249745563019796
 3.89511450235400014    -3.87288682590599986    -3.89508361122700020
-3.88906810248799983     3.23271397027400020    -3.89297479751899989
-2.01509169680872935    -2.25709723487438696     3.89533533617035399
 2.48112177379723464    -0.16120643462381964    -3.89533533617033711
 0.75110374743717001     1.48727428824074681     2.16531730981026849
 3.89533533617035044    -2.25709723487438252    -2.01509169680872802
-0.97001552482499998     3.89494776754799998     0.97166494226500000
 0.93607686045623828     2.52668011928367564    -2.43560810643952896
 3.71121887338431433    -2.46100263360065830     0.51374537295032940
 3.89533533617012706     2.46713249363911613     0.53450382642102645
-0.70710678118635995     0.11917841397948931    -0.70710678118635761
-0.53450382642044114     2.46713249363911835    -3.89533533617013994
 2.47989778423392870     3.89533533617032868     0.52159982582566167
-2.49399473017900020    -3.89505200813700014     2.46799287681099999
-0.88112917184875783    -2.69385822853702939     2.29649942222336989
 3.89533533617032512    -0.16120643462382256    -2.48112177379723242
 3.89533533617034955     3.89533533617034999     1.93458833836511124
 2.01509169680880174    -2.25709723487458813    -3.89533533617034378
-3.89533533617034822    -3.89533533617026562    -3.89533533617034822
 3.89533533617032823    -0.80077684201718291    -0.58614164356190701
 0.88112917184859096    -2.69385822853697654    -2.29649942222347114
 0.93276906995625708     0.50034200127106276     3.89533533617034822
-3.89428281457100001     1.77255169168299997    -2.48615525448099994
-2.16531730981034398     1.48727428824082297    -0.75110374743720487
-2.29649942222337655    -2.69385822853712087     0.88112917184875417
 0.86049680360919389    -1.11333548126009263     2.27471036598232734
-0.93276906995604814     0.50034200127092743    -3.89533533617032601
-0.58614164356190945    -0.80077684201718047     3.89533533617034022
 0.70710678118673775     0.11917841397892068     0.70710678118673453
-3.71121887338329026    -2.46100263360068228    -0.51374537295043954
-2.43560810643953651     2.52668011928367831     0.93607686045623284
-3.89533533617032468     3.89533533617032957     3.89533533617031447
