129    9.83189560911027982
-1.05083691849185445     2.17271447021640896    -1.01882690123453590
-1.02688160985724664    -3.91594780455507907     1.02731273729842520
-3.91594780455511149     0.77878754237596937     0.49870739425043897
-3.91594780455509239     1.83010668017265044     3.80194392840222717
 3.91594780455508307    -3.91594780455510572    -3.91594780455510749
 1.01037811237189090    -1.16912143491971410    -3.91594780455503999
 0.26475638700698495     3.91594780455508351     0.37344478677972637
 3.87600795724373137     2.12961233986259746     1.01738761392862487
-0.52959609798300000     3.91516597709500003     3.90265464032099985
-2.26048643657644055     3.91594780455509994     2.79723868309212209
 1.02202259336525292    -2.54329083888475571    -2.46283980606738107
-0.69226443036840735     1.26436348340283300     0.75522701268705372
-1.89354030878050206    -3.91594780455509106    -3.84578699177556205
 0.69640597190908160    -2.94727549746797512     0.71555464377203237
 2.41852944013051196    -3.91594780455510572     0.40577291144507960
-3.91594780455507374    -1.15004597924568963     1.02748073498216819
-3.91594780455507063    -3.91594780455504932     1.08343370189048716
-2.45514014529553481     2.14159306399694982     0.40488792458688794
-3.91594780455513991    -3.91594780455513991     3.91594780455506308
-1.45161572189466925     3.91594780455508262    -3.15069707286631129
-3.91594780455499158     0.35352997225236571     2.45297349666662745
-0.42014390126505063     2.26809456823065281     2.46358128712516677
 0.99259753509553883     2.14235346366625601     3.87367022354474733
-0.40383545000109050    -2.58333499729293115    -3.91594780455508173
-0.93868937593549706    -0.65617879575278448    -3.91544503432330426
-3.91594780455508973    -0.63337957399181510    -0.91754965708222636
-3.91594780455489921    -2.01421883648241185    -2.48020006113483937
 1.91594780455507907     3.91594780455509683     3.91594780455496005
 2.14876736016944658    -1.57294025623751654     0.67255414839758998
-2.45449740803370542     0.74806761117787823    -1.02971529555247177
-3.91594780455508040     3.82685481557234164     3.91594780455507463
-2.45138439651790163    -0.65240374716304506    -2.45753541154258937
 3.87365231395400000     3.72198288927700016    -0.25226607553899999
-2.18424376086188854    -2.94776323642082083    -2.12006681023550358
 0.39413924871651701    -2.56808130714138017     3.91594780455510483
-0.71942008048210748    -2.95050905124522700    -0.69704088697990729
-2.44373790954229486    -3.91594780455506086    -0.38937867286711492
 0.68873662801754931     1.23060373755537911    -0.72503914844420436
 3.91594780455508928    -1.05646925526930535    -1.11926937188540609
 0.65483592738011787    -1.57483634269786466     2.16974950617937568
-3.91499382629924408    -3.91594780455495073    -1.86098602550638104
 3.91594780455507196     0.65269941784393548     2.36539838145648673
 2.43813514038041168     0.73946429619352749     1.02057810145993555
 0.40137317494500002     2.20952043410700005    -2.46883751659599993
 2.46247187466093953    -2.54267937204996652    -1.04825831228804356
 0.39314645691299999     3.76923930770399984    -3.91543526689700006
-2.14233329408541406     1.28952480533316227     2.18705838680807307
-2.16618694130108747     3.83257226615494773    -1.04826198033309792
 3.91594780455514035     1.91594780455514080     3.91594780455513058
 0.39048336985787263    -3.91594780455511815     2.43836784404555829
-1.13609832753443163    -1.04069637872110010     3.91594780455508662
-0.71598254428400887    -0.19304004830006682    -0.72659412870112783
 3.60298406471500021     2.87657005359500006    -2.04484578708400022
 0.73080997421219973    -1.57385990064214543    -0.73790535327676166
-2.39465844984853060     0.71500820937486298    -3.91594780455484637
 3.91471994629799980    -3.42660860409900003     3.91548588708899992
 2.42459167474530712     0.24509212745306175    -3.91594780455509417
 2.14146869372299831     1.27838659692990975    -2.14460858882139549
-3.91134088880700004     2.17698459793300003    -1.00915466311700008
 0.47552406514639772     0.75803479854101952    -3.91594780455508618
-0.70848775824611676    -1.58731181759552054    -2.16045258110444172
 1.04104870737777255     2.21042025188544233     1.07240544405454696
-3.91569446987100012    -3.54343433187200008    -3.85694925181000015
 3.91594780455472868    -1.99794888828210460     2.47541961541440214
-1.08761098131686773    -2.49953750806273556     2.49960950706869545
-1.08343959041642113    -3.91594780455511104     3.91186377514769212
 3.91594780455509861    -2.59015702879051712     0.40990338133671822
 3.91594780455508484    -1.08752067980897382    -3.91594780455507818
 2.13547362796428652    -0.15017769780908913    -0.74490572214452777
 1.00424033930471279    -3.91594780455504576    -1.00836510844030758
 1.87026102964952767    -3.91594780455507774     3.85021810803299580
 2.19063223621197656     3.83867299733731127     0.90732756194522046
-3.91594780455508618    -0.58332868806625593    -3.91594780455507907
 2.50173424218166440    -2.50173424218177187    -3.91594780455505553
 3.91594780455463365     0.41605955644475606    -2.47265730543290640
-2.49969075322315959    -2.50378068818666577     3.91594780455499469
-3.91594780455461366    -2.50378068818675592     2.49969075322293444
-3.91594780455509195    -1.09161357181813279     3.91594780455491964
 0.81773488064666244    -0.61345429908851401     3.91594780455507419
 2.41927792866940061     2.17062751911601870    -0.37635290432402940
-1.03358227829290161     0.76814571362693274    -2.45148610793530564
 2.18369222734759649    -2.93757344893639605     2.13425059535178896
 3.91594780455506530    -3.91594780455509150    -1.08752067980881106
-0.74887812732731540    -1.56514736339978233     0.74514676285148185
 3.91594780455507063    -0.61054896886737864     3.91594780455506619
-3.91594780455504488     3.91594780455449643    -2.01334510681565693
-1.96778709941268271     2.28413378341805373     3.91594780455508973
-0.75894593087901274    -0.15465747093130117     2.16303847330609367
-3.91594780455509150     2.01334510681577949    -3.91594780455509106
-0.55153004808074613     0.87196666704953762     3.91594780455499913
 2.41921892398047778    -0.67191560828070829     2.43749339250954566
 3.91594780455509328     0.85186348221482933    -0.52071597990911744
-2.48743616561699987     2.20312389496399996    -2.48976960016800009
 2.43623615573833030    -1.12907727651163925    -2.46283980606712838
 2.49377926551158113    -2.01676255383765746     3.91594780455508218
 3.90819863356782937    -0.63609737647202858     0.83603813177366437
-3.82032767697400022     2.85462077408699999     1.94992115627399998
-3.83492562778900004     3.84318365947199991     0.15462952524699999
-2.51653832780883224    -1.07524260589895060     2.46916103248734542
 3.91594780455508440     3.79828800918306841    -3.91594780455506974
-2.16586881402233855    -1.56953049632253028    -0.67088190986905238
 2.15596957409699863     3.91594780455510216    -2.97327458393901845
-1.66819728503519493     3.91594780455511504     0.88695243203796370
 3.91594780455508085     3.91594780455514035     3.91594780455508396
-3.29942288652247973     3.91594780455509328    -3.91594780455503821
 1.69172021797866079     3.91594780455509195    -1.02790250247395543
-2.49969075322211953    -3.91594780455506619     2.49969075322285894
 3.85464364213204469     1.79922778005798945    -3.91594780455506042
 2.50173424218182516    -3.91594780455509772    -2.50173424218215601
-0.98044501012676832     2.12922189439928067    -3.91594780455499514
 3.91594780455508262     3.91594780455507996     1.91594780455507618
 1.88973762751982410     2.17224836091378481    -3.91594780455509639
 1.00350543660676239     0.74982146682667139     2.43814395925599570
-0.43206485352211965    -3.91594780455509417    -2.42485887135970479
-3.91594780455509373     0.71500820937476761    -2.39465844984861231
-2.47141881480381942    -2.53300286882323311     1.05516176347160817
 3.91594780455505020    -2.50173424218205609    -2.50173424218196683
-2.55235537886635866     0.37147073764742772     3.91594780455507463
 0.70467855507471566     3.91594780455496094     2.32446208194745552
 2.55785322459799991     2.48887621411400017     2.54640587006199981
-2.15859254814448587    -0.14648940628426901     0.73442983918082716
-0.23536404952535525     3.91594780455499603    -1.56301578575014233
 0.71072481245328600    -0.16507207644348351    -2.15738182460931593
 2.34894929481409553     0.67316235626998222     3.91594780455510971
-2.52360993576640125    -2.01908467678335457    -3.91594780455508440
 1.08752067980857325    -3.91594780455509461    -3.91594780455509417
-3.91594780455506042    -2.56221309561347921    -0.38877631635049342
 0.69142453218442856    -0.17844453937102567     0.69431835707189993
 3.91322678274539859    -3.91594748473559751     1.90732667030386671
