132    9.90016804745200041
 3.95008402372589495     1.85511640951742240     3.95008402372589318
-2.43968142808782451     2.43968142808781385     3.95008402372583545
-3.84035041520013687    -1.04044197700614727     0.62971129272786708
-2.46025256846742257    -1.16057732094212196    -0.81646772083087682
 3.95008402372576439     3.95008402372583189     0.65572185429871310
-3.95008402372571599    -2.48094608144110396     2.01278990953386749
-3.95008402372571288    -0.54260657112944066     2.56364987598627492
 0.75077830575316162     0.72835377119583278     3.07789748537827812
-0.43862706413096536     3.95008402372585588    -0.71204625120821674
 2.11935416782908792     3.95008402372584744    -3.76990877205450259
-2.48791546483829373     0.97625992647152404     2.58770706182949883
-0.56480668400559231     2.14765942477760374     0.14547591680525646
-1.27154826227579587    -3.30673711473563836    -3.95008402372586653
-3.95008402372586476     1.86505025688032888    -3.95008402372589318
-2.24459577413047739     2.24459577413047251    -2.97681374737538418
-2.45287635389130676    -2.47976880277019562     0.68675529180922379
-2.31027463004130640     2.31027463004132283     1.10823130857356289
-0.65366746640592244    -0.76054609596716816     0.25237791369583906
-2.21849454077910879     2.21849454077911146    -0.97715441357998134
-1.05288401585527924    -3.95008402372583900     0.64502914441997550
 1.90967246260568357    -3.95008402372574219    -2.05064303586516550
 3.95008402372570799     3.95008402372583101    -2.11050936457581972
-3.95008402372581058    -3.95008402372578304     0.65572185429878138
 3.95008402372584699    -2.53587046135272720    -3.95008402372585410
 2.18423521174851132     0.72805595107859866     1.65508089542571457
-3.95008402372558010    -2.50544178046940358    -0.72739375516364135
 1.04691849777926405    -1.04691849777926915     3.95008402372585943
-2.12841766231976415    -0.75315032091825274     1.64967639804095145
 3.94929967566200002    -3.94965443286500006    -1.65677180444999994
 0.72329290103687449    -0.72329290103688082     1.70240975678042861
 2.49850126075253520    -1.02005008814385123     2.57451666048894801
-0.72805595107860843    -2.18423521174850199     1.65508089542570791
 3.95008402372572842    -2.47163285111724607     2.60316823934571806
 1.98406428954563063     3.95008402372586476     3.95008402372585143
 0.48780670944385246     2.50884150826673658     3.95008402372584433
-3.94723166469400022     3.94448818753900010     3.94911514025200017
-0.44134553063856491     2.43150949158739449    -2.01355460703247635
-0.89885114728689497     3.95008402372584255     3.95008402372583811
 3.95008402372585810     0.43096736550439024     2.54587623980045352
 2.08660755405299980    -2.09631412813899987    -3.33813475905200008
 3.95008402372583500    -0.57780731350244119    -3.54266690450940391
-0.97625992647152160     2.48791546483828130     2.58770706182951571
-0.61135197169817335     0.61135197169815714    -1.20230593197105762
-3.95008402372584833    -2.11935416782910080    -3.76990877205439467
 2.47163285111724651    -3.95008402372576040     2.60316823934572072
-3.95008402372586609     2.50888544532357738    -0.01941176280889299
 3.95008402372584388     1.05288401585530722     0.64502914442000059
-2.00547623170010381     3.95008402372589673    -1.95501997823864926
 0.75039522152944582    -2.18423521174891988     0.30816511104472155
-3.16524959952323703    -3.95008402372584699    -3.95008402372581546
-1.86505025688034687     3.95008402372586387    -3.95008402372589273
 3.95008402372576484    -2.52593497971278458    -0.14795532895977523
 1.47151701926826850     2.06651190999359446    -3.95008402372578926
-0.70138728676499995     0.70555422432100001     1.63291345203999994
 0.57780731350246972    -3.95008402372583722    -3.54266690450945720
-3.95008402372585188     3.95008402372585410     1.36729175907718803
 0.96534757549803241     3.95008402372582967    -2.13642513734723538
 3.95008402372574086    -0.43122128999709114    -0.70372725148505488
 2.52593508775224906     0.43152209895049981     3.95008402372582923
 0.76054609596717859     0.65366746640592110     0.25237791369584345
 1.20052238206635176     1.05951658954524186    -2.24347266456891425
-1.85511640951738643    -3.95008402372589451     3.95008402372589273
 3.95008402372584744     3.16524959952325124    -3.95008402372581902
-3.95008370881195559     3.95008378704599172    -1.48757630871676638
 3.94985762954499986     3.94160565830599996     3.46525010543500001
-0.52438856130532052     1.93860212367837548    -3.95008402372584833
-2.50656895934537793    -3.89302729898964373    -0.72739375513853011
-2.20451244095581478    -2.22319999481080766     3.00362009736996116
 2.48094608144119144     3.95008402372571421     2.01278990953391590
 3.95008402372584477    -1.04748380710418076     1.19896045542032148
 2.21618311389500011    -2.21609008322799994    -1.09551370736799991
 2.47163285111712794    -2.47163285111714925     3.95008402372583056
-3.95008402372583234    -3.95008402372571288    -2.11050936457581972
 2.59701108369799982     2.49176867953300007    -2.32330911357299996
 3.89302729898952649     2.50656895934535884    -0.72739375513855131
 0.75315032091824707     2.12841766231974994     1.64967639804095323
 0.54260657112946864     3.95008402372541312     2.56364987598622651
-0.94203627775451604     3.95008402372472256     1.22356196422161134
-3.95008402372465683     0.94203627775452825     1.22356196422164221
 3.30673711473563170     1.27154826227581119    -3.95008402372586520
 2.52613907782360636    -0.50635428959641926    -2.10613083940511192
 1.86069207448791785    -0.11010065896913257    -3.95008402372575862
-2.38324791356373256     3.92324780702025633     2.60999221428149708
-2.50792797963187830    -3.95008402372582079     2.04142959566588678
 3.95008402372580392     2.50792797963176772     2.04142959566580595
-3.92324780702028519     2.38324791356375787     2.60999221428152817
 3.95008402372582745    -0.99318167850867056     3.95008402372585588
 1.04044197700630869     3.84035041520039844     0.62971129272781667
 3.95008402372583234    -3.95008402372583012     3.95008402372583545
 0.11010065896900029    -1.86069207448794427    -3.95008402372573952
-0.96464745019369669    -2.48437259516959852    -0.71287523979854295
-3.95008402372583189    -0.96534757549795669    -2.13642513734718964
-2.43150949158740826     0.44134553063849891    -2.01355460703247235
 0.80209554140076933    -0.80209554140072348    -1.13648606089090642
-3.95008402372589895     2.00547623170019085    -1.95501997823865681
 1.02005008814383791    -2.49850126075253787     2.57451666048893690
 1.16057732094210930     2.46025256846738660    -0.81646772083094843
 3.95008402372587142     1.02729896624069084    -2.07220036490164139
 2.47976880277010014     2.45287635389130187     0.68675529180922512
-3.95008402372586387     0.43862706413107211    -0.71204625120820253
-0.06302342190035190     0.06302342190033150    -3.43109776034416525
 2.22319999481080544     2.20451244095582144     3.00362009736995805
-3.82809144689411385    -0.13122572884858552    -3.95008402372582745
-2.50888544532358271     3.95008402372587142    -0.01941176280890152
-0.43152209895036003    -2.52593508775229036     3.95008402372578526
-1.05951658954530847    -1.20052238206629425    -2.24347266456886496
 0.13122572884856462     3.82809144689405123    -3.95008402372582479
 2.53587046135276895    -3.95008402372584699    -3.95008402372584788
 0.50635428959643869    -2.52613907782357661    -2.10613083940509282
 2.48437259516961539     0.96464745019369258    -0.71287523979852896
 1.04748380710420319    -3.95008402372583101     1.19896045542030083
-3.93276626325100009     3.89854178590000000    -3.67542725346199983
-2.06651190999360379    -1.47151701926828626    -3.95008402372577105
 2.49850126075195567    -2.49850126075195877     1.22760087610830637
 2.18423521174894830    -0.75039522152946214     0.30816511104475186
-3.95008402372584033     0.89885114728689552     3.95008402372584033
-1.02729896624071393    -3.95008402372587319    -2.07220036490163473
 2.50544178047671684     3.95008402372534162    -0.72739375515601323
 0.99318167850866745    -3.95008402372582346     3.95008402372585499
 0.43122128999708320    -3.95008402372573020    -0.70372725148506499
-1.93860212367844253     0.52438856130530653    -3.95008402372585010
 3.95008402372585410    -3.95008402372585588     1.25625245496561799
-2.14765942477760508     0.56480668400560452     0.14547591680527019
 2.52593497971280323    -3.95008402372578038    -0.14795532895979799
-0.72835377119584399    -0.75077830575320648     3.07789748537827368
-1.02449396322196296     1.02449396322191078     3.95008402372582168
-2.53304706193699980    -2.55262365522199985    -2.31207041821099990
-3.95008402372586387    -1.98406428954564817     3.95008402372584833
 3.95008402372574086    -1.90967246260569667    -2.05064303586515084
-0.43096736550436932    -3.95008402372585232     2.54587623980042954
-3.92288827540500007    -3.95008364582399984     3.47494487269299990
-2.50884150826673569    -0.48780670944385351     3.95008402372583589
