134    9.96839886419899912
-3.98419943209940719    -1.53461700391279376    -0.82677219525259427
-3.98419943209941874     3.98419943209941341     1.80927011706746854
-0.71126531708734897    -2.73023166925487182     0.71368207724227883
-3.98042977698433376    -1.89955485612116726     2.26325547248844261
-3.98419915487300003     3.15299098563400015    -3.98419848757000006
 0.84154382246061776    -3.98419943209856386     0.84154382245975390
 3.98382914187999981     0.90109308629200002     3.98388091632999997
-2.24036516251400020     0.99447293301999995    -2.23518617829099986
 0.57605017697444316    -3.98419943209944050    -2.26323899913725057
-2.58708795635508615     2.10720633907103183     2.55414259440202551
 0.57083408708781858    -2.96524507562172790    -3.98419943209943428
-0.02510377516681970     3.98419943209941252     2.35414415320186210
 2.26473644116976525    -3.98419943209941918    -0.56363330874179296
-0.56369068130697053    -2.96270688707955099     3.98419943209942673
 3.98419943012352995    -3.96465000094901976     3.98419943012352995
 3.98419943209881744     2.05227943035642690    -3.98419943209879968
-3.98419943209944849    -3.98419943209944760    -1.15013425062738439
-2.01619513638845138     3.98419943209928640     2.16558331084960276
 2.58297694730007832    -2.53756547972144686     3.98161111033140847
 0.70834351439532584    -1.71126982693380492    -2.43222094220990082
 3.98419943209911942     0.58585656517717133    -2.62419796864785315
 2.27086676587797509     1.96256153851584569     3.98419943209883343
 0.39980140159365268     3.98419943209942806     0.39980140159400912
 2.42786460595592013    -0.27136409137957951     0.69287377414042584
-1.19431613272217740     1.98422630715887238     3.98419943209945338
 3.97506918796999997     3.97706185650199995    -3.32340736166199990
-3.98419943209930016    -1.16217536908983243    -3.98419943209930105
-3.98419943209942806     0.97006845345614012    -0.52333740966969200
 1.12303218858203779     2.10561552247395989    -3.98419943209940630
-0.52333740966885245     0.97006845345603332    -3.98419943209942984
 1.22467066663770741     2.45559875538414651    -1.13411613362916208
-3.98419943209935123     3.75639724593046775    -0.17771407108719933
-2.27084406240417147    -2.93735552558103485     2.28018045321451002
 0.82227135913368388    -1.52079523151272777     3.98419943209922023
 1.00317373421270606    -2.75058141727677929     2.41738729658472185
 2.24323072298211512     0.97855737032505885     2.24323072298421433
 0.57078068068361121     2.07441103528088133     2.19833527757349545
-2.43222094220984575    -1.71126982693399099     0.70834351439499377
-3.44154507941200016     3.97887412779500016     3.98302312466400021
-3.96692697012007622    -2.55358377290154914    -2.54764650378119484
 0.69287377413881346    -0.27136409138044815     2.42786460595632070
-2.25785376375751534    -1.89038342865510312     3.98419943209930771
 3.98419943209942273     2.99430335450400742     3.98419943209942229
-0.83912706230396605    -3.98419943209925620    -0.83912706230409195
 0.86038339232890326    -0.48343060166585600    -0.86082197555266704
-3.98419943209942362     0.83782463091020132    -3.98419943209942140
 2.57005342798623770    -3.98419915831784444     2.57005342798649083
 3.98419943209927618    -3.98419943209901684    -2.29175231403983215
 3.98419943209942939     2.97437694731097180     0.54338398807312216
-2.42392595904200014    -0.65223097685400000     2.40994085441400019
 3.98419943209940497    -0.88056629996427760    -3.98419943209939831
-3.98419943209876415     2.05227943034276450     3.98419943209876148
-3.98419943209924954    -0.46071608089784166     0.87410869528519364
-0.89785230030583130    -0.42396056351375139     3.98419943209927485
-2.54764650378118196    -2.55358377290153449    -3.96692697012028228
-2.16259577497251732     3.98419943209934324    -3.89281679948264259
 3.98419943209936900    -3.98419943209935301     1.15577231058059238
-3.97495184716062688    -3.98419943209865890     2.29177757877834853
-2.43229189069442908    -0.28056281488572049    -0.68918195608567945
-2.29175231403847857    -3.98419943209914917     3.98419943209929261
-2.39347748886432221    -1.32644530310372311    -2.39347748886444966
-3.98419943209939831    -0.88056629996420555     3.98419943209940675
-0.71351046556689313     0.74178670277591841    -0.71351046556675490
 3.98419943209941030     3.98419943209944716    -1.18394793541265897
-0.99719600487998605    -2.75825410949134930    -2.41140956725321987
-3.98419870902400008    -3.96927481460200005    -3.98419831483999998
-3.95983677151686120    -0.09564535545754711    -2.21557277694577959
 3.98419943209944938     1.98422630715887638    -1.19431613272223269
 2.36986923893919998     0.82318425955689656    -0.98002802957277335
-2.44018589202699987     0.83905742395600003     0.98622926100899999
 2.52047829353735509     0.67483098812014397    -3.98419943209905814
 3.78333655844630634     3.98419943209940675     2.25800133757228094
-0.68918195608545962    -0.28056281488563084    -2.43229189069433893
 3.97675713631900019    -0.09001309851800000     2.24646628641899992
-0.71543762750677353    -1.69131541076955028     2.44779565109480091
-2.26323899913715110    -3.98419943209944671     0.57605017697437777
-1.18394793541367926     3.98419943209944982     3.98419943209941341
 1.86805887650225078     3.56034063709562076     1.86805887650277547
 2.26325547248876324    -1.89955485612178077    -3.98042977698236111
-2.21557277694542698    -0.09564535545687004    -3.95983677151637981
 0.53202953561972910     0.97440917846814834     3.98419943209944671
-2.56947850982893256    -3.98419943209933392    -2.56947850982914838
-3.98419943209943783    -2.96524507562190509     0.57083408708799077
 3.98418599982800004    -2.54178201847500018     2.55226240635000012
-1.13411613363012465     2.45559875538413186     1.22467066663708168
-0.98002802957377799     0.82318425955711039     2.36986923893890600
 3.98419943209928906    -1.52079523151150076     0.82227135913313387
 2.25800133757223076     3.98419943209941296     3.78333655844673356
 3.97960423795700002    -1.10143580331199997     3.98090552546099996
-3.98419943209940586     2.10561552247276440     1.12303218858209641
 1.15577231058003016    -3.98419943209933924     3.98419943209935212
 3.98419943209884231    -2.91854341228033265    -3.98419943209861893
 3.98419943209926730    -0.42396056351381550    -0.89785230030555818
 1.80927011707068153     3.98419943209940985    -3.98419943209942096
 2.40147733202599989    -1.31339608954599996     2.40193588985999984
 2.24767964097800022    -0.09467080991200000     3.98318007167500010
-3.98419943209739724    -2.91854341227955194     3.98419943209867045
 2.35414415320155612     3.98419943209941341    -0.02510377516622900
-1.90896422509428887     3.98419943209939875    -1.90896422509451624
 3.98419943209933924    -1.89038342865499742    -2.25785376375742874
 2.16558331084982170     3.98419943209929084    -2.01619513638791004
 2.19833527757378189     2.07441103528058690     0.57078068068468002
 0.97156490968400000     0.84800985186800004    -2.43553311244100001
-0.82677219525270707    -1.53461700391255862    -3.98419943209940586
 0.71368207724233246    -2.73023166925482119    -0.71126531708748320
 0.86088377482547851    -1.50276317962822370     0.86088377482537959
 0.70740348618498172     0.74834293656011863     0.70740348618508875
-0.85950079954747038    -1.50421295899170526    -0.85950079954747394
-2.35324676720925696     1.99540547253108369    -3.98419943209940630
-3.89281679948199066     3.98419943209934990    -2.16259577497603672
-2.67439486973898433     2.43217288134201937    -0.90630300913820172
 2.28018045321451579    -2.93735552558092072    -2.27084406240185688
 3.98419943209942673    -2.96270688707928942    -0.56369068130624489
 2.41738729658518681    -2.75058141727653238     1.00317373421076272
-0.17771407108381559     3.75639724592900270    -3.98419943209935212
-2.00937728331794130     3.98419943209940808     0.16559493166348541
-0.90630300913804640     2.43217288134201670    -2.67439486973930096
-3.98419943209940453     1.99540547253076483    -2.35324676720902959
 3.98419943209944671     0.97440917846831221     0.53202953561976074
-0.86082197555271700    -0.48343060166596535     0.86038339232896477
 2.29177757877807542    -3.98419943209874283    -3.97495184715780514
-2.62419796864804589     0.58585656517742168     3.98419943209913452
-2.41140956725313282    -2.75825410949143857    -0.99719600488011806
 2.44779565109470321    -1.69131541076923764    -0.71543762750463802
 0.16559493166370184     3.98419943209940941    -2.00937728331835963
-1.15013425062738950    -3.98419943209945115    -3.98419943209945249
 3.98419943209879124     1.96256153851220572     2.27086676588016800
 2.40784531568700011    -0.64450319144299995    -2.42034727756399981
-0.56363330874021045    -3.98419943209942362     2.26473644116961070
 0.54338398807312083     2.97437694731080793     3.98419943209942673
-0.70843562464084620     2.74177382572925277    -0.70843562464118071
 2.55414259440183233     2.10720633907107358    -2.58708795635494671
-3.98419943209914473     0.67483098811853781     2.52047829353715436
 0.87410869528636359    -0.46071608089763783    -3.98419943209920069
