135    9.99276709887799974
 0.70836772386559399    -0.76883631070707115    -0.70836772384472468
-2.38978443527014006     0.89184051970608103    -2.30752663191028295
 3.99638024658397661    -3.66047400290957459    -3.99638024658404278
 3.57790822753118309     0.69081497566274785     0.74392486948492764
-3.95339880565899993     3.81526824894900018    -3.78106136198200016
 0.51485710895084869    -1.94513838371226733    -2.38751216590182169
 2.47647208266570162    -2.69937708918269648     0.88801548505380656
 3.99638024658414404     3.99638024658406854    -3.99638024658414359
-0.67028869288832971    -0.72339858671024349     3.57790822753102056
 2.15813843185867382     2.10502853803584999     3.57790822753135096
 2.12257796056243064    -0.77317908495806331    -2.12257794397987043
-2.53326540989361648     2.19687054672292925    -3.99638024658355873
-2.12132034355994170     2.06085007179670310    -0.70710678118650938
 0.74291127374018284    -0.73037680884786360     2.15712483611288253
-2.58216668421099271     1.16795312183787114     2.58216668421100115
-3.99638024658245206    -3.99638024658417468    -3.99638024658404367
 0.95565412558974661    -3.99638024658413826     0.95798370016621803
-1.66047400290922131     3.99638024658405389    -3.99638024658410362
-0.62472689749824462    -3.99638024658399660    -0.62195259888616639
 0.94148390171544838    -2.75267801723387118    -0.60822317297193251
-0.70710678118655124     0.64663650942461359     2.12132034355943677
 3.99638024658412894    -3.99638024658413071     0.97554823860827500
-3.99638024658400681     0.83331087635406276    -3.99638024658403834
-2.38865878415359090    -1.94478157192705114     0.51450665448072330
-3.99638024658390778    -1.99638024658417490    -3.99638024658417512
 2.58216668421099715     2.58216668421087947    -1.16795312183816891
-3.87578787419864446    -0.62606214167750840     0.29218676372846553
 1.16795312183700672     2.58216668421028661    -2.58216668421170192
 2.58216668420940731    -1.39104235390704956     2.58216668420718420
 1.66047400290848879     3.99638024658405877     3.99638024658409385
-3.99638024658410806    -0.24626044053520410     2.58216668421097451
 3.99638024658411339     0.02317120846449910     2.58216668420664996
 0.70710678117127146     0.64663650940709017    -2.12132034355339849
 2.58216668421093409     3.99638024658410496    -2.58216668421115880
-3.99638024658411251     3.99638024658408186     3.99638024658411561
 1.16795312183787359     3.99638024658413871    -1.16795312183802880
-3.99638024658411206     2.58216668421094298     2.58216668421105666
-0.74159439044802689     0.61214890018313350    -0.74288807457574235
 2.58216668420841744     0.02317120846621405     3.99638024658412760
 0.97554823860787943    -3.99638024658412583     3.99638024658399660
-1.03533931866662710    -0.68605507135060573    -2.49521661501396208
-2.02479028022202590    -3.99638024658411251     3.99638024658401880
 3.99638024658411295     2.58216668421074624    -2.58216668421124318
-1.12015469128699685     0.78920314173962991    -3.84944293373662605
-0.24626044053679927     2.58216668421025775    -3.99638024658408630
 0.74392486948563219     0.69081497566269112     3.57790822753103832
-3.99638023608440296    -1.66047400290832137     3.99638024658404722
 3.99638024658387891    -3.99638024658406410    -2.02479028022173679
 2.12132034355969301     3.47506363417075415     2.12132034355957533
-2.12135115965287691    -0.76770572015937566     2.12119484198267472
 0.00361975341867029    -3.99638000468162113    -3.99638024658150304
 1.69908809041514841    -2.04074426529669983    -3.99638024658396729
 0.28487452804221697    -0.62653070292343793    -3.99638024658353697
 2.45632092119255585    -2.74085028877423387    -2.25252281656487829
-3.99638001761713069    -1.99590283296443483    -1.16005463449097745
-0.70710678118654891     2.06085007179780044     0.70710678118640891
-3.99638024658407076     3.99638024658404012    -1.66047400290846325
 3.99638024658410984     3.99638024658410007    -1.16795312183813804
-2.57646230550300004    -0.57669575557499997    -3.99632302734599998
 3.99638024658328561     1.43738477084507954     3.99638024658377100
-0.52462102080706685    -2.67369653794232986     3.99638024658409918
 1.16795312183768840     3.99638024658406765    -3.99638024658411384
 3.99638024658404634    -2.67369653794235962    -0.52462102080670781
 0.83313972189691410    -2.70239768406759273     2.47804927401196329
-1.01312832928215046    -3.23488633018628313    -2.43006524556442161
 3.99638024658401347    -1.66047400290957414    -3.99638024658360314
 2.58216668418357997    -0.24626044056381316    -3.99638024658410096
-2.58187551773755208    -0.24655165238188545     3.99637944274952783
-2.12132034355987642     3.47506363416964525    -2.12132034355975785
 3.99638024658410540     1.16795312180820154    -3.99638024658410629
 2.50553372134179630    -3.99638024658400370    -0.69160738272625577
-0.24626044053576124     3.99638024658409652    -2.58216668421137330
 0.70710678118657644     3.47506363417087760     0.70710678118648529
-3.99638024658411029     1.16795312183790645     1.16795312183789535
-3.99638024658411117    -3.66047400290832137     3.99638024658411295
 0.81779665868011087    -3.99638024658370528    -2.16960276507036776
-2.58216668421095008     3.99638024658411206     2.58216668421108775
-1.99638024658237123    -3.99638024658264568    -3.99638024658350499
-1.16795312183782229     1.16795312183790578     3.99638024658412183
 3.57790822753074789    -0.72339858671035373    -0.67028869288839577
 2.35641739595870447    -3.99638024658403612     2.40570111847427759
-0.70710678118615944    -0.76757480136894884     0.70458320741323877
-0.60914175406108062    -2.75091467429216952     0.94283895641687854
-3.99638024658354185    -0.58153468511512429    -2.58279896586794866
 2.15712483611863393    -0.73037680884203882     0.74291127373926025
 3.99638024658413249     3.99638024658410362     1.66047400290809266
-3.99638024658411872    -2.04130076160867269     1.70021983449696745
 3.57790822753213389     2.10502853803577272     2.15813843185846821
-2.42985304149813253    -3.23097522171356033    -1.01650899808808526
-3.99638024658414803     3.99638024658417246     1.16795312183809563
 0.70710678118656201     2.06085007179769386     2.12132034355949317
-2.58221763872669152    -1.99579903519035851    -2.58211585095932428
-3.99638024658417557     2.58216668421113971    -0.24626044053506191
 0.24626044053524385     3.99638024658410274     2.58216668421100692
 3.99638024658411606     2.58216668421097317     0.24626044053492921
-0.70710678118692682     2.06085007179556357    -2.12132034355968724
 0.70710678118647241     2.06085007179773916    -0.70710678118681036
-3.99638024658406810     0.78374272350846819    -1.12128687303325503
 2.58216668421104378     3.99638024658410540     0.24626044053499097
-3.74768805676741623    -3.99638024658415825     2.04053792416040247
-2.12132034355989374     0.64663650942360973     0.70710678118658798
 2.58216668420995044    -2.80525591627632576     3.99638024658410096
-3.99638024658409119    -3.94286723383862858     0.00290371460479575
-1.16795312183789313     3.99638024658412538     1.16795312183795308
 2.58216668421077511     2.58216668421087991    -3.99638024658412450
 3.99638024658410762    -1.39104235391286601     1.16795312183159972
-3.95464253900365481     2.19814322948877328    -2.53489079654815619
 3.96537664445100013     3.95768005804099987     3.82593469999800018
-3.99638024658407165     1.16795312183782740     3.99638024658413515
 1.16795312183426225    -1.39104235390582121     3.99638024658401525
-2.16862499043956181    -3.99638024658409829     0.81311793387211539
 2.12132034355963262     2.06085007179774360     0.70710678118635606
 0.70710678118651327     0.64663650942467077     0.70710678118631098
-2.32290796369483576    -0.59155229224681338    -0.96772317505653382
 1.16795312180929534     1.16795312181014554    -3.99638024658402635
 2.58216668419674589     1.16795312182354483    -2.58216668422526885
-1.16795312183781408     3.99638024658408719     3.99638024658414315
 2.15712483611572159     0.68383675352794449     2.15712483611546757
 2.12132034355816002     0.64663650942323680    -0.70710678119403692
-0.87999740462802245    -1.97390435860448776    -0.88339119316146475
-1.16795312183787625     2.58216668421099582     2.58216668421102025
-2.58216668421100515     2.58216668421101980     1.16795312183795863
 3.99638024658410940     1.16795312183775057    -1.16795312183804501
 3.99638024658412272    -1.39104235390428466     3.99638024658405744
-2.24308174562561202    -2.73509661200045739     2.45965575475644416
-2.58216668421102113     3.99638024658417557    -0.24626044053510909
 3.99638024657884650    -0.24626047858250918    -2.58216664616445790
-0.69160738272680022    -3.99638024658409341     2.50553372134198016
-0.70710678118662673     3.47506363417082964    -0.70710678118676262
-1.16806421389937443    -2.00092839361024799    -3.99638024658398106
-2.58216668421097051     2.58216668421094786     3.99638024658411828
 3.99638024658409652    -2.80525591627860615     2.58216668421204965
 2.03989632410538579    -3.99638024658402591    -3.75278702717238399
 0.24626044053536555     2.58216668421094209     3.99638024658405655
-3.99638024658398905    -3.99638024658398106    -1.99638024658403879
