13    4.82842712474620051
-1.41421356237309759    -1.41421356237309404     1.41421356237309781
 1.41421356237309381     0.00000000000000199     0.00000000000000239
-1.41421356237309848    -1.41421356237309270    -1.41421356237309293
-0.00000000000000243     0.00000000000000243     1.41421356237309914
-0.00000000000000199    -1.41421356237309381     0.00000000000000239
 1.41421356237309315    -1.41421356237309315     1.41421356237309825
-0.00000000000000217     1.41421356237309936     0.00000000000000236
 1.41421356237309381    -1.41421356237309381    -1.41421356237309404
-1.41421356237309737     1.41421356237309737    -1.41421356237309381
-1.41421356237309936     0.00000000000000217     0.00000000000000236
 1.41421356237309270     1.41421356237309848    -1.41421356237309293
 1.41421356237309404     1.41421356237309759     1.41421356237309781
-0.00000000000000203     0.00000000000000203    -1.41421356237309404
