141   10.01387685344800005
 3.53553390593273908     2.12132034355963972    -2.12132034355964061
 0.70710678118654868     2.12132034355964016     0.70710678118654990
-2.12132034355964105     3.53553390593273509     2.12132034355964549
 4.00693842672376999     4.00693842672375933     4.00693842672377176
-2.12132034355964150    -0.70710678118655079    -2.12132034355964061
-1.17851130197757770     4.00693842672376732    -1.17851130197757659
-0.70710678118654624    -2.12132034355964860     0.70710678118655301
 4.00693842672377443     1.17851130197755682     4.00693842672376999
 2.12132034355963750    -0.70710678118655867     2.12132034355965260
 2.12132034355964372     0.70710678118654524    -2.12132034355964105
 0.70710678118654990    -3.53553390593275596     0.70710678118656456
 0.70710678118654946    -0.70710678118656467     3.53553390593275463
 2.12132034355964283     2.12132034355964105    -3.53553390593273686
 1.17851130197758214    -4.00693842672377531    -1.17851130197756504
 0.70710678118654857    -0.70710678118655002    -2.12132034355964105
 0.70710678118654902     3.53553390593273509    -0.70710678118654546
 2.59272486435067551    -2.59272486435067639    -4.00693842672376555
 0.91070546611100001    -2.75833747084499992     4.00633337911599963
-2.59272486435067329     2.59272486435067151    -1.17851130197757703
-2.59272486435067639    -2.59272486435067995     4.00693842672377531
 2.12132034355964194    -0.70710678118655146    -0.70710678118654435
-0.70710678118654668     0.70710678118654491     0.70710678118654990
 4.00693842672377176     1.17851130197756837     1.17851130197758280
 4.00630927723099983    -4.00635870561599994     1.65097830968600001
-2.12132034355964194     0.70710678118654491    -0.70710678118654491
-2.59272486435067417    -2.59272486435067773     1.17851130197758214
 0.23881389617907195    -4.00693842286719626     2.59581616121425673
-2.12132034355964105     2.12132034355964016     3.53553390593274086
-1.17851130197757281     4.00693842672376199    -4.00693842672377176
-0.70710678118654502    -0.70710678118655468     2.12132034355964905
-0.70710678118654635     3.53553390593273509     0.70710678118655002
-3.53553390593273686    -2.12132034355964549    -2.12132034355964016
 1.17851130197758258     1.17851130197756526     4.00693842672377443
-1.17851130183108732    -2.59272486439717476     2.59272486439717520
-1.17851130197757814     1.17851130197757592    -4.00693842672376999
 3.53279721979800021    -2.12408525663800019     2.13360553515899998
-0.70710678118654668    -0.70710678118655024    -3.53553390593273598
 2.59272486435067639    -1.17851130197758169    -2.59272486435067062
-0.70710678118654624     2.12132034355963972     2.12132034355964549
 0.23570226039551737     4.00693842672376821    -2.59272486435067151
 4.00693842672377087     4.00693842672376732    -1.64991582276860904
-4.00693842672376910    -0.23570226039551889    -2.59272486435067195
 0.70710678118654746     0.70710678118654313     2.12132034355964594
 2.59272486435067595     1.17851130197756815     2.59272486435067817
 0.70710678118654846     0.70710678118654546    -3.53553390593273598
-1.17851130197758280    -4.00693842672377620     1.17851130197758303
 2.59272486435067639     4.00693842672376643    -0.23570226039551340
 4.00693842672376999    -4.00693842672377265    -4.00693842672376022
-0.23570226039551387    -2.59272486435067684    -4.00693842672376732
 4.00693842672377087     2.59272486435066352     2.59272486435067728
 2.59272486435067595     0.23570226039551334    -4.00693842672376732
 2.12132034355963750    -2.12132034355965349     0.70710678118655756
-4.00693842672376910    -2.59272486435067773     2.59272486435067728
-1.17848422301862388    -4.00693842665216238     4.00693842665216238
-4.00693842672376821     2.59272486435067151    -2.59272486435067240
 2.59272486435067639     2.59272486435066973     1.17851130197758169
 2.12132034355964194     0.70710678118654358     0.70710678118655035
 2.59272486435067862    -4.00693842672378242     0.23570226039553602
-1.64991582276860815    -4.00693842672377265    -4.00693842672376732
 3.77924624255500019     3.96792036876699994    -3.70588516296500003
-0.23570226039551334     2.59272486435066929     4.00693842672377265
-2.59272486435067284     4.00693842672376732     0.23570226039551873
-2.59272486435067329    -0.23570226039551914    -4.00693842672376821
-4.00693842672377354    -4.00693842672377354     4.00693842672377354
-2.12132034355964194     0.70710678118654469     2.12132034355964594
-4.00693842672376821     4.00693842672376732     1.64991582276861415
 4.00693842672377176     0.23570226039551306    -2.59272486435067151
-1.17851130197758280    -1.17851130197758347     4.00693842672377620
-2.12132034355964194    -3.53553390593274131    -2.12132034355964061
-2.59272486435067595    -4.00693842672377531     2.59272486435067950
-2.59272486435067551    -4.00693842672377354    -0.23570226039551445
-4.00693842672376910    -1.17851130197758214     1.17851130197758169
 2.59272486435067595     2.59272486435066307     4.00693842672377265
 1.17851130197758081    -2.59272486435067728    -2.59272486435067018
 4.00693842672377176    -1.17851130197758369    -1.17851130197756881
 1.64991582276860993     4.00693842672376732    -4.00693842672376910
-4.00693842672376910     1.17851130197757614    -1.17851130197757659
-0.70710678118654746    -3.53553390593274264    -0.70710678118654324
-2.12132034355964194    -2.12132034355964638    -0.70710678118654480
 4.00693842672377265     2.59272486435066973    -0.23570226039551340
-4.00693842672376910    -2.59272486435067728    -0.23570226039551331
 3.53553390593273775     0.70710678118654402    -0.70710678118654502
 2.59272486435067595    -2.59272486435067906    -1.17851130197756881
-2.59272486435067240     4.00693842672376732    -2.59272486435067240
-2.12132034355964194    -0.70710678118655101     0.70710678118655035
-3.69559646483399984     4.00513772340400021     4.00466865342299982
 0.70710679009438815    -2.12132035551316456     2.12132035551316367
-2.59272486435067506     0.23570226039551423     4.00693842672377265
 4.00693842672377176     4.00693842672376466     1.17851130197758169
-4.00693842672376732     4.00693842672376732    -4.00693842672376732
 2.12132034355964416     3.53553390593273509    -2.12132034355964105
 2.83717628243900011    -2.22101731930000001     4.00624162003400031
-2.59272486435067373     1.17851130197757636    -2.59272486435067195
 3.53553390593273198    -0.70710678118655779     0.70710678118655701
-0.23570226039551409    -4.00693842672377354    -2.59272486435066973
 2.59272486435067506    -4.00693842672377443    -2.59272486435066352
-3.53553390593273686    -0.70710678118655068    -0.70710678118654502
-3.53553390593273686     0.70710678118654469     0.70710678118655024
 2.12132034355964372     2.12132034355963972    -0.70710678118654535
-1.64991582276860882     4.00693842672376732     4.00693842672377176
-0.23570226039551370     4.00693842672376643     2.59272486435067684
 2.59272486435067551     4.00693842672376555     2.59272486435067595
-2.59272486435067373    -1.17851130197758258     2.59272486435067728
-4.00693842672376910     1.64991582276861037     4.00693842672377176
-2.59272486435067284     2.59272486435067107    -4.00693842672376821
-4.00693842672376821     2.59272486435067151     0.23570226039551800
 1.17851130197758058     4.00693842672376821     1.17851130197758103
-4.00693842672376910    -1.17851130197758214     4.00693842672377176
 1.17851130197758147    -4.00693842672377265    -4.00693842672376466
 0.70710678118654724    -0.70710678118655179     0.70710678118655113
-0.70710678118654691    -0.70710678118655079    -0.70710678118654502
 2.23898757840199991    -4.00460858894899996     2.58732820107299988
-1.17851130197757836     2.59272486435067151    -2.59272486435067240
 0.70710678118654824     0.70710678118654469    -0.70710678118654569
-4.00693842672376910    -4.00693842672377265    -1.64991582276861082
-4.00693842672376821     1.17851130197757614    -4.00693842672376821
-4.00693842672376732     4.00693842672376732    -1.17851130197757681
 1.17851130197758147     4.00693842672376466     4.00693842672377176
-2.12132034355964150    -2.12132034355964594    -3.53553390593273553
-3.53553390593273686     2.12132034355964016     2.12132034355964505
 4.00693842672377176    -1.17851130197758258    -4.00693842672376643
-0.70710678118654680    -2.12132034355964638    -2.12132034355964016
-3.68026458407799995    -4.00528911394899989    -3.80502920613100004
 1.17851130197758147     2.59272486435066929     2.59272486435067684
 4.00693842672377087    -2.59272486435067817    -2.59272486435066396
 1.17851130197758058    -1.17851130197758125    -4.00693842672376821
-0.70710678118654691     0.70710678118654469    -2.12132034355964061
-4.00693842672376910    -4.00693842672377265     1.17851130197758192
-0.70710678118654646     2.12132034355964016    -0.70710678118654513
 0.70710678118654713    -2.12132034355964683    -0.70710678118654380
 4.00693842672377620    -0.23570226039556461     2.59272486435069016
 0.70710678118654857     2.12132034355964016    -2.12132034355964061
-2.12132034355964150     2.12132034355964016     0.70710678118655024
 2.59272486435067817    -0.23570226039553735     4.00693842672378153
 4.00693842672376999     1.64991582276860926    -4.00693842672376821
 4.00534727494300036    -3.97697933144600002     3.75674153792100007
-4.00693842672376821    -1.64991582276861459    -4.00693842672376821
-4.00693842672376910     0.23570226039551317     2.59272486435067684
-0.70710678118654713     0.70710678118654280     3.53553390593274175
 4.00693842672377798    -2.59272486435069105     0.23570226039556558
 4.00693842672377531    -4.00693842672376999    -1.17851130197755749
