153   10.37901229440799966
 0.19103959896781905     4.18950614720379022     2.45745533963459861
-4.18950614720376624    -2.41568334836309617    -0.98949265527014185
 1.26718805861624495    -4.18950614720371117     2.77157442201460835
-2.17539756900530046    -2.46592490320013535     2.46601382041764960
 0.06345886390800000     0.89108840649800003    -0.88512074530399998
 4.18950614720373693    -1.60639917149224187     1.62436475360031185
-0.96558791297793078     0.88035666484741426    -2.61442399805224124
 1.29537483146106536    -1.04615112250599629     2.46802871139968349
-4.18950614720379821     2.45714782859117786    -2.45723499402743206
 4.18950614720369874    -0.93997140904059773     3.51006728513430089
 2.33779874360206552    -4.18950614720363479     1.08225717496055096
 1.26382771265784499    -2.41755083441052454    -2.41755083441052365
 4.18950614720375736    -2.46077899270718037    -4.12555553918801721
 3.18580661794178566    -4.18950614720373959    -4.18950614720372982
 2.49096724522736990    -0.86215037417037255     0.87532581859234571
 4.18950614720367831     3.51006728513419253    -0.93997140904057586
-4.18950614720373427     4.18950614720376091    -4.18950614720373338
-4.18950614720374404    -0.68804146368204744     0.72617209869113519
-4.18950614720373782    -0.72487136661099161     4.17266516945108723
-4.18950614720374759     2.74240786348985255     4.18950614720372894
 2.68808140288123587    -4.18950614720373338     4.18950614720363568
 1.27014659118760842     4.18950614720365166    -2.77902365181879185
-0.96119142261409984     2.61957178076225938    -0.88411474174565574
 1.27014659118760997    -2.77902365181878030     4.18950614720370496
-3.19003896498331452     4.18950614720375825    -2.45714782639813478
-2.80896040103220201     4.18950614720374404     4.18950614720372183
 0.05393763697582189     2.60862982694685019    -2.60790174871221403
-2.18841312711377345    -4.18950614720372805     0.72603648114495090
-1.98243656629997633    -0.86402847978470432    -2.60029010405884575
-4.18950614720373249    -4.18950614720373515     4.18950614720375647
-3.17475699984323656     0.73377384208074159    -2.44091719545577934
-4.18950614720373693     4.18950614720372805     2.74240786348983212
-3.00040650908371864    -2.58831710941393656    -2.58831710941394100
 2.57330746725699999    -2.63612772955399999     2.66323815818499998
 1.25650693022418203     2.42163577585262990     2.42163577585262946
-2.17581571576699995     4.18924402633999993    -4.18939364373899981
-4.18950614720372894     0.72617209869109922    -0.68804146368190833
 3.50800065821833895    -2.25639106212478335    -2.25639106212479712
-0.78014103783266242    -0.69409369688676525    -4.18950614720368897
 2.19103959896782419     2.45745533963487084     4.18950614720380266
 1.18580661794178566    -4.18950614720353975    -4.18950614720349801
-4.18950614720377068     2.42013878940160421     0.98962289387159807
 4.18950614720373604    -3.46188681684150490     0.87792949320846247
 2.19053797408231521    -4.18950614720373427    -2.45473229261917325
 2.60224866803400001     2.67279431667600020    -2.66713153564700001
 1.31652927864583069    -2.47001092272294720     1.06368695858790763
 4.06244823951364342    -4.18950614720372805     2.73653821969627531
 1.31652927864580649     1.06368695858791029    -2.47001092272293521
-3.17494204107800515    -0.73369348014724189     2.44912757343618637
 3.53608025834998951     2.23428608606790524     2.23428608606789458
 4.06244823951369138     2.73653821969630728    -4.18950614720367032
-4.18950614720376979     0.98962289387159363     2.42013878940160643
 3.21981186441641043    -4.18950614720373160    -0.71275058399524693
-1.80895569755373242     4.18950614720376269     2.45311784131295907
 0.19053797408231082    -2.45473229261894854    -4.18950614720373427
 0.05393763697584275    -2.60790174871222735     2.60862982694684042
 4.18950614720374048     1.62436475360021659    -1.60639917149225697
-2.17539756900530001     2.46601382041764872    -2.46592490320013091
-3.19003896498331274    -2.45714782639814144     4.18950614720376269
 1.21982291953045352    -0.70610074684790980    -4.18950614720374492
-3.18834769883230118    -1.00605209981226418    -4.18950614720366410
 2.31312758891895598    -1.07250947421238974     4.18950614720364545
-3.18988789793281846     2.45723499183443295    -4.18950614720380177
 1.25436355163771318     0.69035659243423997     4.18950614720354153
 3.25436273395016018     4.18950614720373604     0.69216511385149004
 4.18950614720373249    -0.40505035374045811    -1.92762389533071388
-1.98243656629994480    -2.60029010405887995    -0.86402847978468267
-1.80946202591768923    -2.45473229261908976    -4.18950614720376002
 1.21982291953048483    -4.18950614720374848    -0.70610074684788537
-4.18950614720373249     4.17266516945164145    -0.72487136661097629
-4.18950614720372894    -2.73743356016540185    -4.18950614720372716
-0.78014103783262800    -4.18950614720371295    -0.69409369688670630
 1.29537483146109866     2.46802871139972568    -1.04615112250602249
-0.73617228734215501    -2.41755083441052010    -2.41755083441052010
 1.19103959896779910     4.18950614720374048     4.18950614720374581
 0.27229983840346378     0.68075084486038284     2.44724939437720090
-1.80895569755373131     2.45311784131291200     4.18950614720376358
-0.15126048946900000     4.18779980902199966    -4.18865587988099985
 2.68808140288129449     4.18950614720367920    -4.18950614720368630
 2.19053797408231166    -2.45473229261919101    -4.18950614720373515
 2.49096724522731927     0.87532581859235359    -0.86215037417040730
-4.18950614720376091    -4.16434683944775408     0.72514655155264485
-1.96763915696444558     0.85203537487270886     2.61611183727022656
 4.06896788083488126     0.02243439084608560     0.02243439084602738
-0.96558791297792590    -2.61442399805224301     0.88035666484741448
-3.18834769883230118    -4.18950614720367209    -1.00605209981227151
-3.17494204107800693     2.44912757343615750    -0.73369348014724056
-2.96091437246645350    -0.84423134386044452    -0.84423134386041232
-4.18950614720372982    -4.18950614720372361    -2.73743356016539741
 1.25436355163774294     4.18950614720187620     0.69035659243422531
 4.18950614720373515     0.87792949320844949    -3.46188681684155286
 4.18950614720380177     2.45834067842354731     4.11120754084962936
-1.94473802205624446     0.87817842823837566    -0.87050303677641483
-0.96119142261408108    -0.88411474174567239     2.61957178076223363
 1.27205447603645627     0.71540360129903491     0.71540360129903890
 2.27423976044927478    -2.42727879729789420    -0.69158071288002898
-0.74558442671922853     4.18950614720372894     0.67593148009971282
-0.93625578557900002     0.86429044328700000     0.86425060906300000
 0.25572919863909832     1.04619012436554604    -4.18950614720373693
 3.21981186441637801    -0.71275058399526381    -4.18950614720372894
-1.16085239268080698    -2.44942385152198439     4.18950614720372716
 4.18950614720373249    -1.92762389533066680    -0.40505035374047182
 0.26688207619339271     4.18950614720374404    -1.04886171923750093
-3.19233420907609844     1.00872734914738826     4.18950614720373604
-0.15406768835099999    -4.18924488189299993     4.18950498310899988
 3.19103959896787481     4.18950614720373427     4.18950614720372982
-2.18233673573200004    -4.18906396654400037     4.18852468762499974
-1.94473802205630086    -0.87050303677645058     0.87817842823836045
 2.31312758891901060     4.18950614720367742    -1.07250947421240439
-2.93625709237078114     0.86637653548240079     0.86637653548240434
-2.18957952004625644     4.18950614720374848    -0.72173011453923896
-0.96109424590002679    -0.86319791154994341    -0.86319791154992664
-1.16090104404926420     2.45798286960149781    -4.18950614720376535
 2.33779874360204154     1.08225717496054741    -4.18950614720362147
-1.80946202591768457    -4.18950614720375203    -2.45473229261909554
 0.27229983840345756     2.44724939437719469     0.68075084486038595
-3.17475699984324189    -2.44091719545588015     0.73377384208074314
 2.19103959896782374     4.18950614720380354     2.45745533963487661
-0.74349306977581797     2.42163577585260903     2.42163577585260859
-0.80896040103220157     4.18950614720360281     4.18950614720346781
 2.27221711017117789     2.44728226595489051     0.69894163936249909
-3.00031939268037995     2.58880589478989442     2.58880589478989842
 1.26809182682471477    -0.69880718521959462    -0.69880718521957341
-2.18841312711382274     0.72603648114494690    -4.18950614720372894
-3.18988789793282601    -4.18950614720380266     2.45723499183442584
 0.25572919863912086    -4.18950614720371828     1.04619012436558445
-2.81419338205822411    -4.18950614720362768    -4.18950614720364278
 0.26794153368616397    -0.68318126623975617    -2.43070072172547169
 0.19053797408231535    -4.18950614720373338    -2.45473229261882198
-3.19233420907605581     4.18950614720373427     1.00872734914738715
 0.19103959896781894     2.45745533963472962     4.18950614720378756
 0.26688207619338133    -1.04886171923749827     4.18950614720374404
 0.05723570267200000    -0.87707060161999995     0.88644205905200002
-1.16085239268084583     4.18950614720372538    -2.44942385152199238
-0.81419338205821423    -4.18950614720364989    -4.18950614720364367
 1.26718805861621009     2.77157442201456661    -4.18950614720373249
 0.26794153368616130    -2.43070072172549301    -0.68318126623976028
 4.18950614720380177     4.11120754084963824     2.45834067842354109
 2.27221711017118411     0.69894163936250353     2.44728226595488518
-4.18950614720380177    -2.45723499402742984     2.45714782859118230
-4.18950614720375469     0.72514655155265662    -4.16434683944766348
 4.18950614720359482    -2.82102505865028075     4.18950614720366055
 2.27423976044926057    -0.69158071288002121    -2.42727879729788487
 4.18950614720376180     0.35988100602276807     1.99007264729627908
 4.18950614720359216     4.18950614720366321    -2.82102505865021547
-0.74558442671925840     0.67593148009970538     4.18950614720373515
-4.18950614720376535    -0.98949265527014174    -2.41568334836306509
-2.18957952004619472    -0.72173011453918801     4.18950614720374936
 4.18950614720375469    -4.12555553918800477    -2.46077899270717770
 4.18950614720376358     1.99007264729633415     0.35988100602272521
-1.96763915696441694     2.61611183727021723     0.85203537487268488
-1.16090104404925976    -4.18950614720376713     2.45798286960150403
 3.25436273395015707     0.69216511385150004     4.18950614720373604
