154   10.39287624978699931
 2.67625080683699013     4.19643812489306356     2.70039901881013344
-0.96025406139852287     4.19643812489311685    -0.77127403820011986
 0.75429747259423019     2.16078559020859373    -2.48279764914569245
 2.46429287643361761    -4.19643812489318524     2.46438731989949211
 4.19643812489316659     3.19181543977855764    -0.73395615563370109
-0.99541750571400311     4.19643812489317902    -4.19643812489318524
-2.46394182587576704     3.19622070712127559     2.46394182587259758
 1.06173661350234871    -1.31189148328624072    -4.19643812489299606
 0.77127403820015383     4.19643812489307599     0.96025406139857583
 0.73218636693499872    -3.19670286123485026     2.44604495498885344
-0.84545449956643293     2.02692867383711661     2.57907181982643596
-1.38842504263500000    -4.19629424873200030     1.25423413386800009
-4.17824856377077580    -4.19643812489317458    -0.73243202348251246
 2.46332981697847542     4.19643812489317458    -4.19643812489317636
-4.09896449901300031    -4.14977666712000026     4.19629866189699996
 2.45340216329715455    -3.21205932098089475     0.72344511443173121
 4.19643812489319146     4.19643812489318080     0.99541750571464993
-0.79832337879830217     1.90810677871580392    -4.13154203969820788
-4.19643812489318790    -0.13901142170040240     2.71648985795840492
 2.53467576399501082    -0.19984371191412803    -1.01819800891898615
-4.19643812489315593    -1.48428207372429455     4.19643812489316925
-4.19643812489318435     2.19644734991365764     2.45270730180939989
 4.19643812489318702    -1.19643812429137264     2.46438731767152763
-4.19643812489302181     4.19643812489317281    -1.01150957875000436
-2.46438731975842407     0.80356187570863391    -4.19643812489317192
-2.46436944828502291    -1.19678682287743676    -0.73241542233068080
 2.49633807452272194     2.85673632112725118     4.17445142145330550
 2.66291673996600009    -0.09466756334000000    -4.16259320967300006
 0.73231986345338962     0.80321317452029584     2.46440518941819020
-2.57907181982642397     2.02692867383712860     0.84545449956644003
 2.45533361724955679     3.21231864319749105    -2.45533361724955945
 4.17377807857200001    -0.09458524263400001    -2.66286530375400021
-0.71401560453759649    -2.19666737356420194    -0.73035536257832834
-4.19643812489294188    -2.74650679937183595     2.64505527660458872
 1.18939284084407415    -2.75855876638795383    -2.82135352399601702
 0.73035536257831890    -2.19666737356420949     0.71401560453764168
 2.63600371116700005    -2.62923679180399983    -4.19643774700400041
 1.39346461929734233    -4.19643812489299073    -4.19643812489317636
 0.71425102690402598     4.19643812489308754    -2.46717673098678736
 2.48513875596932587     1.15869628730533680    -2.48513875596933698
-1.05505181652031443    -1.25239528832610669     4.19643812489133694
 4.19643737003300021     1.18902030635800005    -4.19643780300299962
-0.73201658517937651     4.19643812489327406     2.46422139176018984
-2.46422139176017208     4.19643812489327228     0.73201658517938484
-2.46438669623632745     1.80340104003662471    -2.46429446876198188
-2.49759642530868353    -0.19812958652908763     1.00009134310689229
-0.73233792537553677    -0.19675576573650883    -0.73458069512884683
 2.46438731732346472    -3.19643812489192491     4.19643812489298007
 0.90018535275941380     0.94667890389643150    -0.90018535275942346
-4.19643812489235657     0.80340211816065532    -2.46422563209865908
 0.73230180070150186    -0.19681778005242831     4.19643812489317813
 2.46452751988624685    -2.19651907659293411     2.44639439939524017
-4.19643812489327139     3.19678912922969838     0.72074383385134067
-0.60652641041129429    -4.19643812489327228    -4.19044804267431115
-2.44639439939525705    -2.19651907659293499    -2.46452751988624730
-2.84669549661473242    -2.72383295291331073     1.16935858212585253
 4.19643812489320833    -2.20027018208535896     0.73012925431439823
-4.19643812489317991     0.85680419812887154     0.96766311866995025
 4.19643812489316659     0.80356187570863169     2.46438731975838454
-1.14868569352943006    -1.66726523605681898     1.14868569352941186
-0.72344511443180393    -3.21205932098059854    -2.45340216329709770
-2.61954446521676720    -1.36539145125831807     2.61954446521676676
-2.64505527660472683    -2.74650679937202824     4.19643812489290191
 0.75364234491534110     3.16578385123180128    -0.75364234491531301
 0.93350497631674179     0.90982873801475939    -4.19643812489300494
 4.19044804267390081    -4.19643812489325096     0.60652641041056998
-4.19643812489286994    -3.19643812489204571    -2.46438731732361482
 2.82135352399598371    -2.75855876638810438    -1.18939284084412367
-0.84649935630233453     3.02602404811951908     0.84649935630235340
-0.71218330217604986    -1.20027017794770785    -2.46448029211362529
 4.19643812489231038    -4.19643812489317458     4.19643812489317725
-4.19643812489317813    -4.19643812489317636    -4.19643812489228907
 4.19643812489317369    -4.19643812489299428    -1.39346461929806509
 0.70007456169007953    -4.19643812489321100     0.71413900068246627
 2.46651564521097910     0.80328309349637628     0.71434879787663674
 4.19643778901400033    -2.62917901843099999    -2.63597834502499984
 2.48364428374331814     3.16380655352389306     0.99846636295285651
 4.13154203969804534     1.90810677871586853     0.79832337879836157
 2.63460333606899999    -1.37977723894500004    -2.63018912621200007
-2.44651255198149586    -0.19651908232531137    -2.46443281246910795
 0.73458069512884472    -0.19675576573651593     0.73233792537552111
 4.19643812489327228    -0.20027018208541214     0.73012971543327887
 4.19643812489303780    -2.19643812489305024     4.19643812489314527
-0.99846636295280411     3.16380655352393170    -2.48364428374328927
-2.46438731767150410    -1.19643812429136842    -4.19643812489318613
-4.19585931979161142     4.19643812489318169     2.45875420030984193
-4.19643812488799206     1.20625923033231475     4.19643812488648660
-4.19643812489231927    -2.19667010733365808    -0.70799811646188560
-2.46440518941818132     0.80321317452033147    -0.73231986345340216
 4.19643812489316748    -3.19660172361597894     2.46429287385876528
-1.26748525977345694    -4.19643812489317813     4.19643812489317813
-2.57811485763466086     1.02798564853374841     2.57811485763466175
 2.46448029211361463    -1.20027017794772939     0.71218330217602588
 0.73241542233065948    -1.19678682287747251     2.46436944828494564
-4.19643812489317281    -4.19643812489317725     1.26748525977352444
-4.19643812489285928    -0.19643812609867436    -4.19636866671043940
 4.18270084012300014    -4.12653852693799994    -4.13425086451900015
 2.46443343222023481    -1.19651799823360649     4.17856398545145780
 2.46443281246911239    -0.19651908232531434     2.44651255198146211
-2.52913599167388714     2.90814487661260923    -4.19643812489170465
 2.48279764914570400     2.16078559020856575    -0.75429747259425040
-4.19643812489245516     3.20625923033234317     4.19643812489200752
-2.71648985795839204    -0.13901142170040165     4.19643812489319057
-4.19643812489318258    -0.19681778005237027    -0.73230180070146056
-1.16935858212589139    -2.72383295291336269     2.84669549661466759
-2.74154128831000010    -4.16341741811300015     2.72706211916500019
-4.19643812488935719     1.85707161709241708    -0.76423326696094829
 4.19643812489303958     2.19364932482674035    -2.46706446354826081
-0.71434879787664773     0.80328309349639415    -2.46651564521097466
 0.86680091177624907     1.99436763447364696     0.86344738229920648
 1.20362196549949685    -3.93445933050849428    -1.20362196549907319
-2.57870990465231120     3.02711107600440510    -0.88649094744215984
-2.44604495498882946    -3.19670286123481473    -0.73218636693501415
-2.46429287385876039    -3.19660172361599093    -4.19643812489317014
 2.46422563279566775     0.80340211816074503     4.19643812489236989
 2.46429446876197966     1.80340104003662360     2.46438669623633944
-0.73012971543327332    -0.20027018208538461    -4.19643812489327317
-0.96766311866989263     0.85680419812884001     4.19643812489318169
 4.19603418032699960     4.09382396510600000     4.16485102466999990
 4.19643812489213719     2.90814487661334775     2.52913599167438896
 0.70799811646177713    -2.19667010733371537     4.19643812489120638
-2.45270730180935947     2.19644734991365409     4.19643812489318613
 4.19643812489301915     3.19827200994140792    -4.19643812489302537
 2.46717673098679491     4.19643812489312573    -0.71425102690396403
-4.19643812489216739    -1.25239528832545965     1.05505181651989233
-4.19643812489306622     1.80356187992485917    -4.19643812489315415
 4.19643812489305112     0.90982873801482611    -0.93350497631667984
 0.76423326668741032     1.85707161756603201     4.19643812488732948
-0.73012925431441644    -2.20027018208533143    -4.19643812489322521
 0.73243202348251280    -4.19643812489317902     4.17824856376403808
 4.19643812489317813     1.80356187992473505     4.19643812489309997
-0.86578892858961265     0.99530459230765389     0.86578892858961731
 2.60565033741120411    -4.19643812489298096    -2.60565033741151852
 2.46706446354821729     2.19364932482679498    -4.19643812489301737
 4.19643763762500033    -1.37819193697900011    -4.19643760015299971
-0.72074383385115881     3.19678912922967884     4.19643812489327495
 4.19643812489303691    -1.31189148328608041    -1.06173661350638349
 1.01150957875017355     4.19643812489318169     4.19643812489302181
-2.70039901881016453     4.19643812489289925    -2.67625080683732719
-4.19643812489307333    -2.19643812489297119    -4.19643812489306001
 1.15993884589502572    -1.64552968789449916    -1.15993884589496266
 4.19643812489317369     4.19643812489317103    -2.46332981697849940
-2.45875420031023495     4.19643812489317369     4.19585931979095239
-4.17856398545398822    -1.19651799823369065    -2.46443343222014244
-2.46438731989930027    -4.19643812489318790    -2.46429287643361228
-4.17445142145355685     2.85673632112744658    -2.49633807452274059
 0.88649094744216139     3.02711107600440066     2.57870990465234051
-0.71413900068244340    -4.19643812489321988    -0.70007456169120241
-1.00009134310689296    -0.19812958652908855     2.49759642530867021
 4.19636866738337222    -0.19643812609867298     4.19643812489287793
-4.19438605689599964     4.19490508063200007    -4.10049923483400036
 0.73395615563367256     3.19181543977855942    -4.19643812489317369
 1.01819800891900236    -0.19984371191416733    -2.53467576399498062
-0.86344738229917828     1.99436763447365917    -0.86680091177623730
