157   10.45037945089499942
 4.22518971475818095    -1.05629847786064923    -4.22518971475817118
-2.52688651470243508    -1.05629604021016443    -0.82858240169992070
 2.26335866895996451     0.00000068966904439     2.54745613535479132
 2.52688653044781253     2.11259686174663086    -4.22518971475810989
 4.22518971475792515     4.22518971475808325     0.86972228385299344
-4.22518971475813032    -4.22518971475812144    -4.22518971411192368
 3.96166264506760823     3.16889285138221855     2.54745599930451005
 0.84903897292981745     0.00015453579119806     1.13334872297319889
-2.52688652450656148     1.05629927547451508    -4.22518969028844449
-2.52688505982776146     3.16889368662891080    -4.22518971475809391
 0.84913068835094530     2.11263147446770105     3.96165522090197753
-3.85542719252101307     4.22518971475678740     2.56720222982117052
 2.52688530760517116     3.16889328825146777    -2.52688530760593233
 4.22518962851118918    -4.22518971475373295    -2.52688703849451812
-4.22518969918020204    -4.22518967691394032    -0.82858218534875916
-0.82858222113666713    -4.22518971475811345    -0.82858242465356602
 4.22518971475814897     0.00000309189160932     0.86972171360472461
 2.26336499187588558    -2.11259422340226388     2.54745534920274608
-2.52688633375175709     1.05630043152156405    -0.82858115054696180
 4.22518971475815963    -0.00000085361297660     4.22518971475817917
 0.84915282093740596     1.05629838872175430    -3.96166905929109259
-0.56541246081510099     2.11346784174144275     2.54777156952230133
-2.52688637058268251     0.00000322297981963     0.86972277020071165
 4.22518971475710448     4.22518971475725458     4.22518971475731053
-0.82858308526375957    -1.05629500725050662     0.86972286523287556
 4.22518971475790739    -2.11259522749528639     0.86972075935517124
 0.84915133627024075    -2.11259526896190097     3.96166881834289963
-4.22518971475296112    -2.11259440748094995    -0.82858242236905166
-0.56506263092320475    -4.22518971475812055     2.54745473469975980
 4.22518970775038571     3.16889132218115233    -0.82858090045759436
-0.82858321355316600    -3.16889148455465852     0.86972086064858078
 4.22518971473732208    -1.05629601802559181    -0.82858191687004068
 2.52688488613542450    -1.05629660248102741     4.22518971475815341
 2.52688408476801118     4.22518971475813121    -4.22518971475810012
-0.82858113723548210     3.16889250918159870    -2.52688579216498299
 4.22518971475752636     1.05629917142423446    -0.82858290935430290
-4.22518971475742333     3.16956043468458182     4.22518971475704586
-4.22518971475670568    -1.05629602783575338    -2.52688561472279982
-0.82858214703978583     0.00000044978619443    -0.82858214490009419
-0.82858333462007516    -4.22518971475810901    -4.22518971475794469
 4.22518971475815963     1.05629846916935510    -4.22518971475798466
 2.52688517547602753     4.22518971473886129    -0.82858089890366915
 4.22518971475813299    -4.22518971475818095     0.86972228925972961
 0.84915128780624627    -3.16889278561300403    -3.96166868297748698
-2.52688424533259104     4.22518963389546798    -2.52491969858443843
-0.82858147208540789     2.11259612726238855    -0.82858135728168592
-2.52688652468910879    -3.16889133143956725    -4.22518971475642946
-3.96167046313062343    -4.22518956150412972     2.54745580882902622
 2.52688654799537282     1.05629756721538937     4.22518971475795446
-2.52688625477214623    -4.22518971475397809    -2.52688647840297742
-2.53709346511730960     2.12877030777695353     0.88161545795393315
-0.82858272688208834    -3.16889312018138414     4.22518971475812766
-0.83028307743956731     3.17121409323348313     0.87116296167497353
-4.22518971475814720    -3.16889051981382552     4.22518971475814720
 0.84915148184853306    -2.11259413576982169    -2.26336565867584349
 0.84914998604714143     4.22518971475795269     3.96167460044475694
 2.52688659723732956    -1.05629585085092037     0.86972160794619824
-0.82858260971793152    -3.16889206295273951    -2.52688606970362262
-2.52688606970288854    -2.11259367963719313    -2.52688606970431451
 0.84915233702273341     2.11259482563383028    -2.26335496774038303
 0.84915133538023435    -1.05629602812751555    -3.96166902020795320
 2.26335850963645457     4.22518971475796601     2.54745599930581212
-0.82858040489731777     4.22518971475815164    -4.22518971475810989
 3.96166902193283121    -3.16889125619744849     2.54745600200889344
-4.22518971475814897    -3.16889137297479806     0.86972164954754949
 2.52688557932488989     3.16889285138214305     4.22518971475775373
-2.26347759931697823     1.05649919956921856     2.54755934311083232
-2.52688649885557970    -4.22518971475815075     0.86972076541692611
-0.82880780618926730     1.05666264686874145     0.86994872303972459
-3.96166312867988735     0.00001167077276106     2.54746239009897701
-2.52688546782238754     3.16889456455604979    -0.82661432451337991
-4.22518971475257121    -3.16889176539546735    -2.52688625021474556
 0.84915183993533772     3.16889134599510047    -3.96165931651666314
 3.96166279558783163     1.05629756719831325     2.54745695622237189
 4.22518971475121941    -3.16889370100950218    -0.82858237461499773
-4.22518971475764538     1.05629927547555824    -2.52688652450595042
-2.52688859402590715     0.00000624657871131     4.22518971462188997
 2.52688504784066525    -2.11259448671724082    -4.22518971475804239
 0.84881582092500296     2.11311014987572721     1.13357277190154404
 4.22518971475813832    -2.11259279763691366     4.22518971475818095
 0.84915147705678151    -3.16889106491795181    -0.56506156415324293
 2.52688644804656182    -3.16889145466444599     4.22518971475813743
-0.82858188602953198    -1.05629608220457727     4.22518971475804417
-2.26336413072925913    -1.05629345253897400     2.54745736255749433
 2.52688603418692326     0.00000157672243556    -0.82858240883627310
-0.82858242455918263    -1.05629602798141842    -2.52688652459178664
-0.82858186957619007     2.11259530360386094    -4.22518971475815697
 0.84915238488487543    -4.22518971475803795     3.96167045733995504
-2.52708711067460223     2.11293962000831259     4.22518971475173810
 4.22518971475811078     2.11259598800971382     4.22518971475812055
-3.96120775714375251     2.11371825601863961     2.54713730514288628
 0.84915206318418246     0.00000121172500938    -2.26336511892348735
 2.52688658078889006    -0.00000000434566522    -4.22518971475815430
-4.22518971475679361     3.20127661969149768     0.88944251791250384
-4.22518971475774752     0.00000235518964867    -0.82858242447130048
 2.52688504633450606     2.11259517785979778    -0.82858194777600580
-0.82858242447146491     0.00000235518930443    -4.22518971475802729
-1.16304253430869187     4.22177805185068333     2.54892519706629894
 4.22518971475810456    -4.22518971475811256     4.22518971475811256
-0.82858281215767782    -2.11259364576095665    -0.82858284025168782
-4.22518971474915705     3.16889387134101064    -2.52688494494195348
 0.84915087920745258    -2.11259382507402860     1.13324233712525912
-4.22518963316079432     2.11259876316202488    -0.82857971782959805
 0.84915231906046540    -1.05629688700752289    -0.56506175184975471
-0.82858220442323161     1.05629892168602901    -2.52688527987396316
-4.22518971475791805     1.05630135852779539     0.86972408095405573
 2.52688453819710146     1.05629831270239327     0.86972221337924605
-0.83567015062766181     3.18022995879415671     4.22518971475735583
-3.96166903822782768    -2.11259299180060012     2.54745541357868088
-0.56506277639821212    -2.11259478732698014     2.54745580626545465
 2.52688593559436780     3.16889205783207784     0.86972274992281762
-4.22518962919374630     4.22518971475236604    -0.82858017511725024
-2.53373604804899299     4.22518971475716132     4.06824604195452988
 4.22518971179940195    -3.16889050533928041    -4.22518971475552974
 2.52688582200222855    -3.16889202737801678    -2.52688599902490152
 2.52688674774184063    -2.11259478441008364    -0.82858209902720492
-2.51747530808786912     4.22518971475192906     1.07736132758496139
-2.52688561472297124    -1.05629602783585086    -4.22518971475725191
-2.52688584960054774     2.11259657339524143    -2.52688573473159828
 2.26335906922702490     2.11259508830198417     2.54745647765487782
 0.84914109306970842     0.00001859187411908     3.96166568409886510
-0.82858242465396870    -2.11259441115444258    -4.22518971475811789
 4.22518971475772709     2.11259686174686268    -2.52688653044773970
-2.52688702949853283    -4.22518971475814986     4.22518971475792604
 0.84915160954516578     1.05629642745443375    -0.56505178691455860
 0.84913480419729215     4.22518971475758853     1.13325258007152585
 4.22518971475694727     0.00000077884609713    -2.52688609366485295
 0.84915173526580190    -4.22518971475810190    -2.26336458845303357
 4.22518971475813476     3.16889525432398456    -4.22518971475818272
 4.22518971475812410     2.11259446812286145     0.86972324076875140
 2.52688605938777133    -1.05629685636841519    -2.52688557226583876
-2.52688606961266382     0.00000162381849295    -2.52688604512931159
-4.22518971475815075     2.11259765849958780    -4.22518971475815608
-2.26336646569733313    -3.16889236798913565     2.54745528176123992
-2.52688602486333513    -3.16889202375074053    -0.82858285525084652
 2.52688505083728021    -4.22518971471806903    -0.82858237604606988
-4.22518971475791538    -1.05629546378723949     4.22518971475809924
-4.22518971475793226     1.05631880533285982     4.22518971475803884
 0.84915180187850692     4.22518971475773242    -2.26335515162291623
 0.84915213237135267     3.16889241801861710    -0.56505128573155883
-4.22518971475808858     0.00000089244939287    -4.22518971475794736
-4.22518971475818006     4.22518971475818095    -4.22518971475794913
-4.22518971475810989    -1.05629491256764596     0.86972145944596635
 4.22518971475637350     4.22518971475818184    -2.52688408476809423
-4.22518971475810989    -2.11259294812098153    -4.22518971475789051
 3.96166879492412249    -1.05629682562494742     2.54745447214058363
 0.84915121926970338    -4.22518971475811789     1.13324146014653637
 2.26336504145599804    -4.22518971475811433     2.54745598916528504
 2.52688594672817457    -4.22518966879668589    -4.22518966673381868
-0.82878936437613704     1.05663248431451606     4.22518971475779548
 2.52688581583529848    -3.16889247112690331     0.86972152430868976
 2.52688626917560377     1.05629875135603202    -2.52688635492883051
-2.52688642945576625    -2.11259314277125831     0.86972158727567861
-2.52688541214168172    -2.11259392523704692     4.22518971475810190
-0.56517860147497412     0.00019407604282769     2.54755827275051772
-0.82858076058765751     4.22518971475703253    -0.82858186957222946
 4.22518971475393190    -2.11259449159006696    -2.52688505087146398
