158   10.45037987901899967
-4.22518993950928490     3.16889245463198543    -4.22518993950927868
 3.96166918568512383    -0.00000000000000000     2.54745562331205466
 2.52688619063458342    -4.22518993950927690     0.86972130711479745
 0.82858244175988749    -2.11259496975462913    -0.82858244175988705
-2.52688619063457764    -3.16889245463197300    -2.52688619063457542
-2.52688619063457764     3.16889245463197300    -2.52688619063457542
 2.52688619063458786     1.05629748487731279    -0.82858244175987550
-3.96166918568512427    -1.05629748487729591     2.54745562331204134
 2.52688619063459186    -2.11259496975465888     4.22518993950927690
-3.96166918568511806    -3.16889245463192371     2.54745562331204400
-3.96166918568512427     1.05629748487729591     2.54745562331204134
-2.52688619063458697    -2.11259496975466821    -4.22518993950928223
 2.52688619063458697     4.22518993950927424    -2.52688619063458830
-2.52688619063458209    -1.05629748487730524     0.86972130711480322
 2.26336543681041613     3.16889245463196856     2.54745562331204045
-4.22518993950927246     4.22518993950927157     4.22518993950925914
 2.52688619063458075     1.05629748487729924    -4.22518993950928667
-0.84915187443736018     4.22518993950927602     3.96166918568516957
 4.22518993950928845     0.00000000000000000    -0.82858244175986639
 2.52688619063459763    -0.00000000000000000     0.86972130711482520
 2.52688619063457631     4.22518993950928312     4.22518993950927690
 0.82858244175990547    -4.22518993950927868    -4.22518993950927602
 2.52688619063459186     2.11259496975465888     4.22518993950927690
-4.22518993950928667    -2.11259496975461314     0.86972130711480733
 0.82858244175988793    -3.16889245463195568     0.86972130711480589
 0.82858244175988749    -4.22518993950927335    -0.82858244175989226
-4.22518993950928934     2.11259496975460825     4.22518993950927779
 0.82858244175988238    -3.16889245463195790     4.22518993950928312
-2.26336543681043212     4.22518993950926181     2.54745562331205111
 4.22518993950928134     3.16889245463193525    -2.52688619063458519
 0.82858244175988160    -1.05629748487730613    -2.52688619063458475
-0.84915187443733653     3.16889245463196589    -3.96166918568514959
-0.84915187443736584     1.05629748487732145    -3.96166918568515936
-0.84915187443734896     2.11259496975463668    -2.26336543681045921
-4.22518993950929111    -1.05629748487731656    -0.82858244175990348
-0.84915187443734830     3.16889245463195168    -0.56506168793575973
 2.52688619063458342    -3.16889245463194991    -0.82858244175989471
 2.52688619063458608     0.00000000000000000    -2.52688619063457631
 0.82858244175989648     3.16889245463194413    -2.52688619063458653
-2.52688619063458697     2.11259496975466821    -4.22518993950928223
 0.82858244175988693    -0.00000000000000000    -0.82858244175987972
 2.52688619063458653     2.11259496975461269    -2.52688619063458431
 4.22518993950929111     0.00000000000000000    -4.22518993950928312
 2.52688619063460473     0.00000000000000000     4.22518993950927424
-4.22518993950927779     4.22518993950928667    -2.52688619063456477
 2.52688619063457631    -4.22518993950928312     4.22518993950927690
-2.52688619063457409    -4.22518993950928579    -4.22518993950927602
 0.82858244175988749     2.11259496975462913    -0.82858244175988705
 4.22518993950928667    -2.11259496975462913    -0.82858244175988016
-2.52688619063459496     1.05629748487733188    -2.52688619063459585
-4.22518993950928934    -2.11259496975460825     4.22518993950927779
 4.22518993950927690     4.22518993950927602    -0.82858244175990081
-0.84915187443733398    -0.00000000000000000     3.96166918568516602
 0.82858244175988749     4.22518993950927335    -0.82858244175989226
-2.52688619063459230    -2.11259496975463623    -0.82858244175988849
 0.56506168793572809     2.11259496975463534     2.54745562331205155
 0.82858244175988793     3.16889245463195568     0.86972130711480589
 0.82858244175990170    -1.05629748487732056     0.86972130711481643
-2.52688619063458431    -1.05629748487730035     4.22518993950929200
 2.52688619063459452     2.11259496975464689     0.86972130711481221
 4.22518993950928845    -3.16889245463197877     4.22518993950928046
 2.26336543681041613    -3.16889245463196856     2.54745562331204045
-2.52688619063459186     3.16889245463193880     0.86972130711481921
 3.96166918568511583     4.22518993950928312     2.54745562331203779
-2.26336543681042057    -2.11259496975460470     2.54745562331205022
 2.52688619063458342     4.22518993950927690     0.86972130711479745
-2.52688619063459186    -3.16889245463193880     0.86972130711481921
-2.52688619063457409     4.22518993950928579    -4.22518993950927602
 4.22518993950927690    -4.22518993950927602    -0.82858244175990081
 2.52688619063458564     3.16889245463193303    -4.22518993950928046
-0.84915187443735474     1.05629748487731545    -0.56506168793576372
-0.84915187443734541    -2.11259496975463001     1.13324206093893554
-0.84915187443736584    -1.05629748487732145    -3.96166918568515936
-0.84915187443733653    -3.16889245463196589    -3.96166918568514959
-2.52688619063459230     0.00000000000000000    -0.82858244175990559
-4.22518993950928490    -3.16889245463196323    -0.82858244175987039
 3.96166918568512161     2.11259496975466332     2.54745562331204622
-0.84915187443736073     4.22518993950927868     1.13324206093893243
 0.82858244175990747     1.05629748487731900     4.22518993950928667
-4.22518993950929111     1.05629748487731656    -0.82858244175990348
-0.84915187443734830    -3.16889245463195168    -0.56506168793575973
 4.22518993950929023    -1.05629748487732567     0.86972130711482643
-0.84915187443736018    -4.22518993950927602     3.96166918568516957
-2.52688619063460251    -0.00000000000000000    -4.22518993950928667
 0.82858244175990170     1.05629748487732056     0.86972130711481643
 4.22518993950928845     3.16889245463197877     4.22518993950928046
-2.52688619063459230     2.11259496975463623    -0.82858244175988849
 4.22518993950928934    -3.16889245463196900     0.86972130711480389
 0.82858244175988160     1.05629748487730613    -2.52688619063458475
 0.82858244175990747    -1.05629748487731900     4.22518993950928667
-4.22518993950928490    -3.16889245463198543    -4.22518993950927868
 0.56506168793571099     4.22518993950927424     2.54745562331205067
-4.22518993950929289     0.00000000000000000     4.22518993950928756
-4.22518993950927957     4.22518993950927957     0.86972130711482931
-4.22518993950928490    -0.00000000000000000    -2.52688619063460207
 0.82858244175988460    -2.11259496975462069    -4.22518993950928756
-2.26336543681042057     2.11259496975460470     2.54745562331205022
 4.22518993950929023     1.05629748487733810     4.22518993950927513
-0.84915187443736073    -4.22518993950927868     1.13324206093893243
 4.22518993950928756     2.11259496975460470    -4.22518993950928223
 4.22518993950929289     1.05629748487730235    -2.52688619063457498
 2.52688619063458653    -2.11259496975461269    -2.52688619063458431
 3.96166918568512161    -2.11259496975466332     2.54745562331204622
 0.56506168793571099    -4.22518993950927424     2.54745562331205067
-4.22518993950928401    -2.11259496975466599    -2.52688619063458164
-2.52688619063458431    -4.22518993950927868    -0.82858244175986862
-0.84915187443734452    -2.11259496975461802     3.96166918568516913
-4.22518993950928934    -0.00000000000000000     0.86972130711479489
-2.52688619063458964     3.16889245463193037     4.22518993950927690
 0.82858244175988460     2.11259496975462069    -4.22518993950928756
 2.26336543681043345    -1.05629748487733011     2.54745562331205022
-2.52688619063458964    -3.16889245463193037     4.22518993950927690
 0.82858244175990547     4.22518993950927868    -4.22518993950927602
-0.84915187443735474    -1.05629748487731545    -0.56506168793576372
-4.22518993950928667     2.11259496975461314     0.86972130711480733
-3.96166918568511806     3.16889245463192371     2.54745562331204400
 2.52688619063458075    -1.05629748487729924    -4.22518993950928667
 2.52688619063458786    -1.05629748487731279    -0.82858244175987550
-4.22518993950928490     3.16889245463196323    -0.82858244175987039
 2.52688619063458697    -4.22518993950927424    -2.52688619063458830
 4.22518993950928934     3.16889245463196900     0.86972130711480389
 2.52688619063458564    -3.16889245463193303    -4.22518993950928046
 0.82858244175987039     0.00000000000000000    -4.22518993950929023
 2.52688619063458342     3.16889245463194991    -0.82858244175989471
 4.22518993950926713    -4.22518993950927690    -4.22518993950926802
 0.82858244175989648    -3.16889245463194413    -2.52688619063458653
-2.52688619063458431     4.22518993950927868    -0.82858244175986862
-0.84915187443736573     0.00000000000000000    -2.26336543681046320
 4.22518993950929023     1.05629748487732567     0.86972130711482643
 0.56506168793572809    -2.11259496975463534     2.54745562331205155
 2.52688619063459452    -2.11259496975464689     0.86972130711481221
-0.84915187443733642    -0.00000000000000000     1.13324206093893554
-0.84915187443734896    -2.11259496975463668    -2.26336543681045921
-0.84915187443732987    -4.22518993950928223    -2.26336543681044944
 4.22518993950928134    -3.16889245463193525    -2.52688619063458519
-2.52688619063458209     1.05629748487730524     0.86972130711480322
 0.82858244175988238     3.16889245463195790     4.22518993950928312
 4.22518993950929289    -1.05629748487730235    -2.52688619063457498
-4.22518993950928401    -1.05629748487734720    -4.22518993950928667
 4.22518993950928667     2.11259496975462913    -0.82858244175988016
-2.26336543681041213    -0.00000000000000000     2.54745562331204933
-0.84915187443734541     2.11259496975463001     1.13324206093893554
 4.22518993950928756    -2.11259496975460470    -4.22518993950928223
-4.22518993950928401     2.11259496975466599    -2.52688619063458164
-2.52688619063459496    -1.05629748487733188    -2.52688619063459585
 2.26336543681043345     1.05629748487733011     2.54745562331205022
-2.26336543681043212    -4.22518993950926181     2.54745562331205111
 4.22518993950926713     4.22518993950927690    -4.22518993950926802
-4.22518993950927957    -4.22518993950927957     0.86972130711482931
-0.84915187443732987     4.22518993950928223    -2.26336543681044944
 4.22518993950929023    -1.05629748487733810     4.22518993950927513
 0.56506168793574096     0.00000000000000000     2.54745562331204978
-4.22518993950928401     1.05629748487734720    -4.22518993950928667
-0.84915187443734452     2.11259496975461802     3.96166918568516913
-4.22518993950927779    -4.22518993950928667    -2.52688619063456477
-2.52688619063458431     1.05629748487730035     4.22518993950929200
-4.22518993950927246    -4.22518993950927157     4.22518993950925914
 3.96166918568511583    -4.22518993950928312     2.54745562331203779
