15    5.20000000000000906
 0.39999999999999869    -1.60000000000000009     1.60000000000000009
-0.00000000000000003    -1.59999999999999809    -1.59999999999999809
 0.00000000000000003     1.59999999999999809     1.59999999999999809
 1.60000000000000009    -0.39999999999999869    -1.60000000000000009
 1.59999999999999809    -1.59999999999999809     0.00000000000000000
 1.59999999999999809     0.00000000000000003     1.59999999999999809
-1.60000000000000209    -1.60000000000000209     1.60000000000000209
-0.39999999999999869     1.60000000000000009    -1.60000000000000009
 1.60000000000000209     1.60000000000000209    -1.60000000000000209
 1.60000000000000009     1.60000000000000009     0.39999999999999869
-1.59999999999999809     1.59999999999999809     0.00000000000000000
-1.60000000000000009    -1.60000000000000009    -0.39999999999999869
-0.05172584583600000     0.01107611138100000    -0.00305926689700000
-1.60000000000000009     0.39999999999999869     1.60000000000000009
-1.59999999999999809    -0.00000000000000003    -1.59999999999999809
