160   10.47518210608999922
-4.23759105303960126    -1.06923833331572760    -2.57002095515732609
-0.85582123731323467    -1.06856285790793226     4.23747020698231580
 0.84588131366453057     3.15176755649854812    -0.84588131370144104
-4.23759105303939076     2.09985089485909837     2.52450316638788941
 0.84483063895861810     3.18711859746329162     2.53552807693641924
-4.23759105303926820    -0.03647570475214628    -0.85730342063996390
-2.53597510434146356     2.11897847584945564    -2.53571102526078640
 4.23759105303933925    -3.20697247640292238     2.52358249136525759
 0.84535223556919625     0.01688125872431847     0.84511879318677940
 4.23759105303959949     4.23759105303959593    -2.57010328361986762
 2.54719878848744408     3.16892395050252373    -2.54719878848741965
-2.52446996381713618    -1.06923241346487297    -0.85704568612091048
-4.23711412019999578     4.23759105303932238    -4.23759105303933659
-0.83357986804725637    -3.17010532775187892     4.23759105303950445
-2.52450316638735384     2.09985089485873244     4.23759105303898753
 4.23759105303505734     2.13579741954786861     0.83394186920375446
-2.53552807699591698     3.18711859746813841    -0.84483063896297861
-0.83365272099280807     4.23759105303925931    -0.83352167018926149
-0.84482583951615531    -0.01874755025660202     2.53518735121152172
-4.23747020701119226    -1.06856285790834105     0.85582123731312498
-4.23759105303960304    -2.13734269224165940     2.54629739837532432
 0.85730342064006759    -0.03647570475241362     4.23759105303949202
-2.54629739837539049    -2.13734269224132278     4.23759105303945027
-2.57095779798276469     4.23759105303781336     4.23759105303814465
-4.23759105303926731    -4.23759105303954708     2.52487352271138255
-4.23759105303939698     3.16987714837656265    -2.54644150603735486
-0.56305330246222496    -2.12258105683234843    -0.85113374526200314
 4.23759105303924688    -4.23759105303928241    -2.48239566543189305
-2.53518735123887584    -0.01874755025514292     0.84482583951611223
-4.23759105303936856     1.06770270171622750     4.23759105303933570
 2.54613422163896308    -0.00155716303301827    -4.23759105303930994
-2.54641650899550775    -4.23759105303930994     0.81350780074803208
-2.54670601921245821    -1.06920991238309471     2.54670601921207052
-2.52524826248867651     4.23759105303933392     0.85705124457078086
-2.53567709750432968    -2.11969484820312060     0.84483652876892656
 2.54719866106145876    -2.13830098278469638     2.54627169300605072
-4.23759105303805050     3.13199908800553617     4.23759105303823169
-0.83394186919638080     2.13579741952963165    -4.23759105303649974
 0.83352167000850164     4.23759105303929218     0.83365272095484133
-2.54623163162745891     3.16945416557272974    -4.23759105303909855
-0.85705087926337542     3.20420720971606476     4.23759105303942718
-2.52358249136633406    -3.20697247640119976    -4.23759105303938366
 4.23759105303937744    -1.06964655028105171     2.56975072691925011
-0.85599383697721410     2.10128421127110210    -0.85616299784397831
-4.23758999946400028     1.03189425852199990     0.83346643139900001
 0.85704568612151055    -1.06923241346557907     2.52446996381683153
-2.55847914930608278     1.05000670941025964    -0.84550602866536861
-2.54627169300646283    -2.13830098278416880    -2.54719866106073800
-2.55820411160311911     2.11814867842627086     0.84537322733752684
 2.25412163017003264    -4.23759063749292597    -0.83305121770908241
 4.23759105303929040    -2.17378984374009798    -2.57056892515918456
-0.85534914321102362     4.23759105303926109    -4.23759105303927353
 4.23759105303929751     1.03226910803742622    -0.83405851033278045
-0.85627381780055434    -2.10239935204388750    -4.23759105303938277
 2.52446639082345037    -3.20550389988436146     4.23759105303950001
-2.54644145987417847     4.23759105303927353    -2.54670857764149661
-4.23759105303953465    -3.20482841752905179     4.23759105303960215
 2.57002095515737095    -1.06923833331578266     4.23759105303957906
-4.23759105303960304    -0.00107713261922890     2.54711488765898242
-2.53571046861546101     1.04938582036217087     2.53571046861471139
 2.52314179644189140    -3.20259218026822312    -2.52314200090121377
 0.84794950250815815    -2.08298591561474256    -2.26799764456839048
 2.52230051757487761    -4.23606770535771293     2.52117610693626659
-2.52535837749722658     1.06850636476827621    -4.23759105303941030
-0.84511879317437555     0.01688125870554230    -0.84535223558279138
 4.23759105303934636    -0.00155716303307389    -2.54613422163894176
-4.23759105303929573     3.20420720971233086     0.85705087926126122
 2.55824534108886903    -1.08767469835751562    -2.55824534108886414
 2.54744824101685508    -0.00057765612345549     2.54719026340442056
 0.84558083860548627     2.11802934748961480    -2.55801017127898689
-0.83082311014570387    -1.07409621302473068     0.83082311014447485
 0.85689629294123326    -2.10132548647042050     4.23759105303901151
 2.53571102525930847     2.11897847584951515     2.53597510434085649
-0.84482552454769222     3.18669240275755472    -2.53597379869376160
 2.54462475704950952    -3.16693422190549700     0.83107101377296144
-3.95760170237592623    -4.23759105303957551    -0.83437702282939241
-2.52243714258599994    -4.23755431792100001    -2.52141615952199993
-4.23759105303837735     4.23759105303841466     2.57095779798253954
-4.23759105303951689     1.06808158367290695    -2.52480757854191973
 2.57056892515919344    -2.17378984374008910    -4.23759105303928951
 4.23759062816900034    -1.10586396554999999    -0.87777328735100002
-2.52548550725787990    -3.20381437232952759     2.52548550725798293
-4.23759105303811801     2.13649328925289606    -0.83409872501933291
 3.96985544542112967    -3.13348431426369833    -0.83641086787035357
-2.27584948622440120    -3.15520230221717934    -0.84638017085827066
 2.26251936458681469    -2.09200068581004972    -0.85416921082078889
-2.54733157987082404     3.16872964237999710     2.54733157986930081
-0.84585975891331822     3.15152981871239923     0.84585975891108245
 4.23759105303926731    -1.06878431200804225    -4.23759105303925576
-2.54719026340417720    -0.00057765612381810    -2.54744824101693546
-4.23759105303954708    -1.06985696695373877     4.23759105303958261
 2.54644150603824126     3.16987714837580592     4.23759105303934991
-2.52487352271135590    -4.23759105303955419     4.23759105303930905
 0.85679157629687042     4.23759105303947603    -2.52542538889839374
-4.23759105303950445    -3.20550389988450135    -2.52446639082365376
-0.85705124457232185     4.23759105303938810     2.52524826248645429
-4.23759105303855055    -2.10132548647071893    -0.85689629294140146
 0.87777391182060172    -1.10586348435399318    -4.23759063805099956
-4.23759105303803452    -2.17341674672950580    -4.23759105303958350
-0.84537322734085674     2.11814867842997590     2.55820411160326788
 0.85697703147875082     3.20391170479530274    -4.23759045856097671
-0.83351355587599996     1.03187647279000005     4.23758851222199961
 0.83409872501722482     2.13649328925714022     4.23759105303876016
-2.54711488765886385    -0.00107713261845033     4.23759105303934014
-0.85735799800409529    -0.03502194660881404    -4.23759105303952222
 0.83641086786927921    -3.13348431426367924    -3.96985544542799529
 0.83462179087300004    -4.23759063293100002    -2.24443029601999999
 4.23759105303960393     3.16945416558750193     2.54623162968040795
-4.23759105303926020     2.10207264786363091    -4.23753400368978905
-0.84483652876903426    -2.11969484820282483     2.53567709750331227
 2.52504520453431480     2.10024101779487804    -4.23759105303947514
 4.23759105303957373    -2.17341674672963903     4.23759105303922379
 4.23759061876281606     3.20391193917556594    -0.85695760014688016
 4.23759105303935879    -4.23759105303940231     4.23759105303928063
 2.55770053681684217     1.05025588836245731     0.84553114589174927
 2.52543240471320019    -1.06871045666221254     0.85644852577412867
 2.52542538886173418     4.23759105303939698    -0.85679157629734792
 4.23759025606281714     1.06718822124421808    -4.23759028337570332
-0.80957392969331232    -4.23759105303936412    -4.23759105303923711
 2.48239566543191614    -4.23759105303931527    -4.23759105303926464
-2.56975072691666329    -1.06964655028162214    -4.23759105303939521
 0.85142339158846658    -2.12297517925358958     0.56281658153697900
-0.84147272642000004    -3.18255257021100002     0.84147253793499999
 4.23759105303947514     2.10024101779481898    -2.52504520453505865
 4.23759105303935790     0.03494008009851012     4.23759105303930195
-0.83083769021800002    -3.17073619499499992    -2.54119103811200020
 4.23759105303927086     3.13328831427777654    -4.23759105303934369
 2.54670857763351366     4.23759105303960393     2.54644145987479353
 4.23758931189938615     2.10207264944057748     4.23759105303933836
-4.23759105303928152    -4.23759105303953110    -4.23759105303955774
-0.85618344142702252     1.06790643133980856     0.85618344140084579
 0.84638017085839057    -3.15520230221691156     2.27584948622490257
 4.23759105303951689    -0.03502194660627201     0.85735799800499302
-0.84553114589202860     1.05025588836292383    -2.55770053681879084
 0.84550602866183866     1.05000670941364205     2.55847914930870957
 0.85529190159807511     4.23759105303846262     4.23740886653769788
 4.23759105303925310     4.23759105303924333     4.23711411834742613
 4.23759105303935790     1.06850636477030658     2.52535837749846248
 2.54743492132303206    -0.03677853013445388    -0.85662835174061125
 2.53597379867743955     3.18669240275859122     0.84482552454771120
 2.57010328361984453     4.23759105303957995    -4.23759105303958084
-0.85644852577391339    -1.06871045666260667    -2.52543240471191099
 4.23759105303935701    -2.10239935204568162     0.85627381779947620
 0.83405851033242817     1.03226910803686578    -4.23759105303928951
 4.23759105303920425    -4.23759105303930017     0.80957392969118380
 4.23759105303674666     4.23759105303887296     0.85534914122127548
 2.55801017127904373     2.11802934749031468    -0.84558083860502919
 2.52480757853755655     1.06808158367358041     4.23759105303950800
 0.86785102702901629     1.04898018780873636    -0.86785102702771399
 4.23759105303929839    -3.27879537547199140    -4.23759105303929129
 0.83437702282919546    -4.23759105303956130     3.95760170237626152
 0.85662835174058816    -0.03677853013449824    -2.54743492132269145
 0.85616299782980554     2.10128421125120513     0.85599383692762632
-0.59157141971100002    -4.23687079871300032    -0.84229849859000006
 0.83711912602100003    -4.23759069214199968     0.57836802659800002
-4.23740886582793763     4.23759105303936856    -0.85529190159733182
 2.53597424328803323     1.04934578567923054    -2.53597424328805277
-4.23759105303929129     0.03494008009850687    -4.23759105303944228
-4.23759105303951245    -3.17010532775211074     0.83357986804713080
-0.81350780074787510    -4.23759105303926109     2.54641650899520222
