170   10.48528137423899942
 1.41421356237309670     2.82842712474619029     2.82842712474619074
 0.00000000000000194     4.24264068711928566    -2.82842712474619074
-4.24264068711928832    -1.41421356237309026     4.24264068711928921
 4.24264068711928388    -2.82842712474619296     0.00000000000000275
-0.00000000000000071    -1.41421356237309603     0.00000000000000256
-4.24264068711928832    -2.82842712474618629     2.82842712474619207
-2.82842712474618763     4.24264068711928388    -2.82842712474619074
-4.24264068711928921    -1.41421356237309293     1.41421356237309581
 2.82842712474618896    -4.24264068711928832    -2.82842712474618674
-1.41421356237309581    -1.41421356237309626    -1.41421356237309248
-4.24264068711928388     2.82842712474618985    -2.82842712474618985
-1.41421356237309492    -0.00000000000000173    -2.82842712474618807
 2.82842712474619118     4.24264068711928655     2.82842712474618940
 1.41421356237309337    -4.24264068711928655     4.24264068711928832
-1.41421356237309293     4.24264068711928655    -1.41421356237309559
 0.00000000000000054     0.00000000000000117     4.24264068711928921
 4.24264068711928743    -0.00000000000000245     0.00000000000000168
-1.41421356237309648    -4.24264068711928921    -1.41421356237309115
 1.41421356237309692     4.24264068711928388    -1.41421356237309559
 1.41421356237309581     1.41421356237309226    -4.24264068711928477
-1.41421356237310269    -4.24264068711928921     4.24264068711928299
-2.82842712474618807     4.24264068711928832     2.82842712474618985
-0.00000000000000187    -4.24264068711928832    -2.82842712474618629
 1.41421356237309426    -2.82842712474619118     2.82842712474619340
 2.82842712474618940    -2.82842712474619118     1.41421356237309825
-4.24264068711928566     1.41421356237309581    -1.41421356237309404
-4.24264068711928299     4.24264068711928921     1.41421356237309448
 2.82842712474619162     2.82842712474618985     4.24264068711928743
-2.82842712474619074     0.00000000000000097     1.41421356237309692
 4.24264068711928655    -1.41421356237309892    -4.24264068711928299
-1.41421356237309714    -4.24264068711928655     1.41421356237309870
 4.24264068711928655    -0.00000000000000349    -2.82842712474618851
-4.24264068711928743    -2.82842712474619029     0.00000000000000257
 4.24264068711928655    -1.41421356237309670     1.41421356237309714
-1.41421356237309337     4.24264068711928743     1.41421356237309470
-2.82842712474618896     2.82842712474619118     1.41421356237309515
-4.24264068711928477     1.41421356237309803     4.24264068711928655
 1.41421356237309648     4.24264068711928832     1.41421356237309448
 1.41421356237309581     1.41421356237309404     1.41421356237309648
-1.41421356237309337     4.24264068711928299    -4.24264068711928655
-2.82842712474618807     4.24264068711928655    -0.00000000000000069
-2.82842712474619162    -1.41421356237309515     0.00000000000000213
 4.24264068711928655     4.24264068711928477     4.24264068711928477
-2.82842712474619118    -2.82842712474619118    -1.41421356237309181
-4.24264068711928299     4.24264068711928566    -1.41421356237309581
 1.41421356237309559    -0.00000000000000258    -2.82842712474618851
-4.24264068711928299     4.24264068711928388    -4.24264068711928566
 0.00000000000000189     4.24264068711928566    -0.00000000000000061
 1.41421356237309448    -1.41421356237309492     4.24264068711928921
-1.41421356237309670    -2.82842712474618896     2.82842712474619340
-0.00000000000000108    -4.24264068711928832     0.00000000000000326
-2.82842712474618851     2.82842712474618807    -4.24264068711928566
 1.41421356237309315    -4.24264068711928921    -4.24264068711928122
-0.00000000000000097    -2.82842712474619074     1.41421356237309803
 1.41421356237309470    -1.41421356237309581     1.41421356237309781
 2.82842712474618940     0.00000000000000020     4.24264068711928921
 4.24264068711928743     2.82842712474618763     0.00000000000000051
-4.24264068711928921    -4.24264068711928655    -1.41421356237309159
 2.82842712474619118    -0.00000000000000231    -1.41421356237309315
 4.24264068711928743     2.82842712474618896     2.82842712474619029
-2.82842712474618940     1.41421356237309359    -2.82842712474618940
 2.82842712474618896    -2.82842712474619340    -4.24264068711928299
-2.82842712474619162    -2.82842712474618896     1.41421356237309825
-2.82842712474619162    -1.41421356237309293     2.82842712474619296
-4.24264068711928566     1.41421356237309648     1.41421356237309559
 1.41421356237309426    -2.82842712474619162     0.00000000000000307
-2.82842712474619207    -4.24264068711928655     0.00000000000000314
 2.82842712474618985    -1.41421356237309714     0.00000000000000228
 0.00000000000000109     2.82842712474618763    -4.24264068711928566
 2.82842712474618940    -2.82842712474619074     4.24264068711928921
 0.00000000000000002    -0.00000000000000171    -1.41421356237309293
 2.82842712474619118     1.41421356237309337     0.00000000000000143
-4.24264068711928566    -4.24264068711928566    -4.24264068711928388
 4.24264068711928832     4.24264068711927944    -4.24264068711928832
 2.82842712474618940    -2.82842712474619251    -1.41421356237309248
 0.00000000000000128     2.82842712474618851    -1.41421356237309470
 2.82842712474619207     4.24264068711928211    -2.82842712474619074
-4.24264068711928743     0.00000000000000113     0.00000000000000093
-4.24264068711928388     2.82842712474619296     2.82842712474619029
-0.00000000000000029    -1.41421356237309492     2.82842712474619296
-2.82842712474618985     0.00000000000000251     4.24264068711928832
 4.24264068711928566    -4.24264068711928832     1.41421356237309848
 2.82842712474618985    -1.41421356237309803    -2.82842712474618807
 1.41421356237309581     1.41421356237309293    -1.41421356237309381
 4.24264068711928388    -4.24264068711928921    -4.24264068711928211
 0.00000000000000161     2.82842712474619029     1.41421356237309559
-1.41421356237309448     1.41421356237309515     1.41421356237309626
 4.24264068711928921     1.41421356237309093    -4.24264068711928477
 4.24264068711928299    -4.24264068711928921    -1.41421356237309137
-2.82842712474619251    -4.24264068711928921    -2.82842712474618496
-4.24264068711928477     1.41421356237309381    -4.24264068711928566
-2.82842712474618940     1.41421356237309670     2.82842712474619118
-1.41421356237309537    -0.00000000000000050     0.00000000000000183
 4.24264068711928921     4.24264068711928477     1.41421356237309426
 1.41421356237309626     2.82842712474618763    -2.82842712474618985
 0.00000000000000091     1.41421356237309270    -2.82842712474618940
 2.82842712474619162     1.41421356237309159    -2.82842712474618940
-4.24264068711928743    -0.00000000000000044    -2.82842712474618807
 2.82842712474618851    -4.24264068711928832     2.82842712474619340
-0.00000000000000205    -4.24264068711928477     2.82842712474619384
-1.41421356237309359     2.82842712474618807    -2.82842712474618985
 2.82842712474618985    -1.41421356237309559     2.82842712474619340
-1.41421356237309359     2.82842712474619162     2.82842712474619029
 4.24264068711928743    -0.00000000000000110     2.82842712474619340
-2.82842712474619074    -1.41421356237309603    -2.82842712474618763
-4.24264068711928921    -1.41421356237309515    -1.41421356237309270
 1.41421356237309404    -4.24264068711928921    -1.41421356237309181
 2.82842712474619162     4.24264068711928388    -0.00000000000000027
 0.00000000000000040     1.41421356237309515     2.82842712474619162
-4.24264068711928388     4.24264068711928921     4.24264068711928477
-1.41421356237309359     2.82842712474619029     0.00000000000000056
-1.41421356237309537     0.00000000000000077     2.82842712474619207
 1.41421356237309426    -1.41421356237309825    -4.24264068711928299
 1.41421356237309537    -0.00000000000000151     0.00000000000000190
-2.82842712474619029    -2.82842712474619118    -4.24264068711928388
 0.00000000000000144     4.24264068711928921     2.82842712474618985
-1.41421356237309581    -1.41421356237309492     1.41421356237309759
-1.41421356237309626    -2.82842712474619118     0.00000000000000326
-2.82842712474618985    -0.00000000000000150    -4.24264068711928477
-1.41421356237309515    -1.41421356237309670    -4.24264068711928299
-4.24264068711928921     0.00000000000000195     2.82842712474619118
 4.24264068711928743     1.41421356237309204    -1.41421356237309381
 4.24264068711928832     1.41421356237309315     1.41421356237309603
 1.41421356237309515     1.41421356237309581     4.24264068711928832
-4.24264068711928211    -4.24264068711928921     1.41421356237310314
 2.82842712474619162     2.82842712474618629    -4.24264068711928477
 1.41421356237309448    -1.41421356237309714    -1.41421356237309248
-1.41421356237309448     1.41421356237309381    -1.41421356237309359
 1.41421356237309670     4.24264068711928655     4.24264068711928566
 2.82842712474619118     1.41421356237309426     2.82842712474619118
-4.24264068711928477     2.82842712474619162     0.00000000000000057
-1.41421356237309404     1.41421356237309670     4.24264068711928832
-1.41421356237309692    -4.24264068711928832    -4.24264068711928122
-0.00000000000000047    -1.41421356237309714    -2.82842712474618763
-2.82842712474618807     2.82842712474619296     4.24264068711928743
 0.00000000000000106     2.82842712474619162     4.24264068711928743
-1.41421356237309492    -1.41421356237309293     4.24264068711928832
 2.82842712474619118    -0.00000000000000164     1.41421356237309670
 4.24264068711928655     4.24264068711928299    -1.41421356237309537
-2.82842712474619074    -0.00000000000000057    -1.41421356237309315
-2.82842712474619118    -2.82842712474618674     4.24264068711928921
 0.00000000000000036    -0.00000000000000214    -4.24264068711928477
 2.82842712474619118     2.82842712474618763    -1.41421356237309492
-2.82842712474618985     1.41421356237309515     0.00000000000000134
 1.41421356237309670     4.24264068711928211    -4.24264068711928655
 0.00000000000000081     1.41421356237309404     0.00000000000000152
-0.00000000000000111    -2.82842712474619296    -4.24264068711928211
-1.41421356237309404     1.41421356237309293    -4.24264068711928566
-1.41421356237309603    -2.82842712474619162    -2.82842712474618718
 4.24264068711928655    -2.82842712474619074     2.82842712474619296
-4.24264068711928743    -2.82842712474619118    -2.82842712474618718
 4.24264068711928655     1.41421356237309337     4.24264068711928921
-4.24264068711928655    -1.41421356237309581    -4.24264068711928388
 2.82842712474618985    -0.00000000000000354    -4.24264068711928477
-0.00000000000000008    -0.00000000000000041     1.41421356237309714
 4.24264068711928566    -1.41421356237309803    -1.41421356237309270
 1.41421356237309648     2.82842712474618896     0.00000000000000038
-0.00000000000000140    -2.82842712474618940     4.24264068711928921
 4.24264068711928743     2.82842712474618629    -2.82842712474618940
 1.41421356237309315    -4.24264068711928832     1.41421356237309892
-0.00000000000000103    -2.82842712474619162    -1.41421356237309204
 1.41421356237309426    -2.82842712474619251    -2.82842712474618763
 2.82842712474619162     2.82842712474618940     1.41421356237309537
 1.41421356237309515    -0.00000000000000030     2.82842712474619251
-2.82842712474618896     2.82842712474618985    -1.41421356237309404
-4.24264068711927855    -4.24264068711928921     4.24264068711927944
-1.41421356237309270     4.24264068711928921     4.24264068711928566
 2.82842712474618851    -4.24264068711928832     0.00000000000000410
 4.24264068711928566    -2.82842712474619340    -2.82842712474618718
 4.24264068711928477    -1.41421356237309559     4.24264068711928921
