171   10.48528137423899942
-2.82842712474618896    -0.00000000000000103     1.41421356237309626
-4.24264068711928566    -4.24264068711928477    -4.24264068711928388
 4.24264068711927678    -4.24264068711927766     4.24264068711929188
-4.24264068711928566    -1.41421356237309515    -1.41421356237309359
-1.41421356237309581    -2.82842712474618985    -2.82842712474619029
-0.00000000000000101     2.82842712474619074    -4.24264068711928477
 1.41421356237309648     2.82842712474618851     2.82842712474619074
 1.41421356237309470     2.82842712474619029    -2.82842712474618985
-2.82842712474618807     2.82842712474618851     4.24264068711928655
-1.41421356237309515     1.41421356237309492    -1.41421356237309381
-4.24264068711928566     2.82842712474619029    -2.82842712474618718
 0.00000000000000122    -2.82842712474619118     1.41421356237309426
-1.41421356237309337     4.24264068711928477     1.41421356237309692
-2.82842712474618940    -4.24264068711928655     0.00000000000000033
 4.24264068711928566    -2.82842712474618896    -2.82842712474619251
-1.41421356237309448     2.82842712474618940     0.00000000000000167
-2.82842712474619029    -4.24264068711928655    -2.82842712474618985
 1.41421356237309559     2.82842712474618940     0.00000000000000054
-2.82842712474618940     4.24264068711928477     0.00000000000000300
 2.82842712474618940    -4.24264068711928566    -2.82842712474619207
 0.00000000000000076     4.24264068711928477     0.00000000000000120
-1.41421356237309270    -4.24264068711928655     4.24264068711928477
 0.00000000000000210     2.82842712474618807     4.24264068711928655
 4.24264068711928566    -1.41421356237309470    -1.41421356237309692
 2.82842712474618985    -1.41421356237309470    -2.82842712474619162
 2.82842712474619118    -0.00000000000000097     1.41421356237309404
 4.24264068711928566    -4.24264068711928566    -4.24264068711928566
 1.41421356237309559    -2.82842712474619074    -0.00000000000000168
 4.24264068711928388    -1.41421356237310114     4.24264068711928566
 1.41421356237309603    -4.24264068711928655     1.41421356237309293
 2.82842712474619029    -2.82842712474619029    -1.41421356237309714
 1.41421356237309515    -1.41421356237309492    -1.41421356237309603
 4.24264068711928655    -1.41421356237309581     1.41421356237309293
-2.82842712474618851    -1.41421356237309648     2.82842712474619074
 2.82842712474618896     0.00000000000000056    -4.24264068711928655
 0.00000000000000234    -0.00000000000000273     4.24264068711928566
 0.00000000000000169     1.41421356237309337     2.82842712474619074
-4.24264068711928477     2.82842712474618940     0.00000000000000280
-4.24264068711928477    -1.41421356237309603     1.41421356237309603
-2.82842712474618807    -2.82842712474619207     4.24264068711928566
-0.00000000000000123    -4.24264068711928566    -2.82842712474619162
-1.41421356237309248     1.41421356237309248     4.24264068711928655
-2.82842712474618985    -1.41421356237309559     0.00000000000000079
-2.82842712474619162     2.82842712474619074    -4.24264068711928299
-2.82842712474618985    -2.82842712474619029    -1.41421356237309448
-1.41421356237309559     2.82842712474619029    -2.82842712474618851
-1.41421356237309315    -0.00000000000000187     2.82842712474619074
-4.24264068711928388    -4.24264068711928655     4.24264068711928477
 2.82842712474619029     2.82842712474618985    -1.41421356237309492
-4.24264068711928655     4.24264068711928655    -4.24264068711928211
-1.41421356237309381     1.41421356237309381     1.41421356237309626
-2.82842712474619162    -2.82842712474618896    -4.24264068711928477
-4.24264068711928388     4.24264068711928477     4.24264068711928566
 0.00000000000000056     1.41421356237309448     0.00000000000000056
 0.00000000000000002     2.82842712474618985    -1.41421356237309404
 2.82842712474619074     1.41421356237309448    -0.00000000000000036
 1.41421356237309692     1.41421356237309248     4.24264068711928566
-4.24264068711928388    -2.82842712474619118     2.82842712474619074
 2.82842712474619029    -4.24264068711928655    -0.00000000000000278
-1.41421356237309648    -4.24264068711928388    -4.24264068711928655
 4.24264068711928477     4.24264068711928566    -1.41421356237309492
 0.00000000000000102     2.82842712474618896     1.41421356237309603
-4.24264068711928477     4.24264068711928388     1.41421356237309825
-0.00000000000000033    -2.82842712474619029    -1.41421356237309581
-1.41421356237309404    -1.41421356237309626     1.41421356237309515
-1.41421356237309626     1.41421356237309581    -4.24264068711928388
 2.82842712474619118     2.82842712474618896     1.41421356237309515
 4.24264068711928566     2.82842712474618985    -0.00000000000000034
 2.82842712474618985     1.41421356237309559    -2.82842712474619074
 2.82842712474619074     4.24264068711928477     0.00000000000000099
 4.24264068711928655     2.82842712474618851     2.82842712474619029
 1.41421356237309515     4.24264068711928477    -1.41421356237309426
-4.24264068711928388    -0.00000000000000167     2.82842712474619162
 4.24264068711928655     4.24264068711928388     1.41421356237309559
 1.41421356237309648    -0.00000000000000169     2.82842712474618985
 2.82842712474618940     4.24264068711928566    -2.82842712474618940
 1.41421356237309714     4.24264068711928299     4.24264068711928655
-4.24264068711928299     1.41421356237309270     4.24264068711928743
 1.41421356237309381     1.41421356237309559    -4.24264068711928566
 4.24264068711928566     1.41421356237309515    -1.41421356237309581
-2.82842712474619074     4.24264068711928566    -2.82842712474618763
 1.41421356237309559    -0.00000000000000054    -0.00000000000000055
-1.41421356237309448    -2.82842712474619074    -0.00000000000000011
-4.24264068711928388     1.41421356237309381     1.41421356237309714
-4.24264068711928655     1.41421356237309581    -4.24264068711928299
 4.24264068711928477    -1.41421356237309381    -4.24264068711928743
 0.00000000000000277    -2.82842712474619207     4.24264068711928477
 0.00000000000000121    -0.00000000000000121     1.41421356237309515
-0.00000000000000058    -1.41421356237309470    -2.82842712474619029
 2.82842712474619162     1.41421356237309337     2.82842712474618985
 2.82842712474619207    -4.24264068711928832     2.82842712474618629
 0.00000000000000050    -4.24264068711928566    -0.00000000000000120
-0.00000000000000119     0.00000000000000056    -4.24264068711928566
 2.82842712474619074    -1.41421356237309537    -0.00000000000000167
-1.41421356237309293     4.24264068711928299     4.24264068711928743
-4.24264068711928566     0.00000000000000033    -2.82842712474618807
 1.41421356237309381    -4.24264068711928477    -4.24264068711928655
-4.24264068711928655    -1.41421356237309381    -4.24264068711928388
-2.82842712474618940     1.41421356237309448     0.00000000000000187
 4.24264068711928655     1.41421356237309448     1.41421356237309426
-2.82842712474619074    -1.41421356237309470    -2.82842712474618896
-1.41421356237309515     4.24264068711928477    -1.41421356237309293
 2.82842712474619162     2.82842712474618763     4.24264068711928566
 4.24264068711928566     4.24264068711928299     4.24264068711928566
 4.24264068711928477     2.82842712474619074    -2.82842712474619029
 0.00000000000000166     4.24264068711928388     2.82842712474619207
 4.24264068711928477     0.00000000000000055    -2.82842712474619162
-2.82842712474618807     1.41421356237309315     2.82842712474619207
-1.41421356237309559     0.00000000000000033    -2.82842712474618940
 1.41421356237309404     4.24264068711928655    -4.24264068711928388
 2.82842712474619118    -2.82842712474619162     1.41421356237309270
 1.41421356237309470     0.00000000000000037    -2.82842712474619074
 0.00000000000000169    -4.24264068711928655     2.82842712474618896
 1.41421356237309714    -2.82842712474619207     2.82842712474618851
 0.00000000000000190    -1.41421356237309692     2.82842712474618985
 4.24264068711928566    -2.82842712474619029    -0.00000000000000271
-4.24264068711928477     4.24264068711928477    -1.41421356237309181
 4.24264068711928655    -4.24264068711928655     1.41421356237309093
-2.82842712474618896    -2.82842712474619118     1.41421356237309537
-4.24264068711928388     2.82842712474618807     2.82842712474619251
-4.24264068711928477    -2.82842712474619074     0.00000000000000080
-1.41421356237309515    -4.24264068711928566    -1.41421356237309537
 2.82842712474618896    -2.82842712474618985    -4.24264068711928655
 2.82842712474619251    -0.00000000000000189     4.24264068711928477
-2.82842712474619029    -0.00000000000000010    -1.41421356237309359
-1.41421356237309381    -4.24264068711928655     1.41421356237309470
 4.24264068711928655    -0.00000000000000167     2.82842712474618896
-2.82842712474618763     4.24264068711928477     2.82842712474619207
-2.82842712474618851    -4.24264068711928655     2.82842712474618985
 1.41421356237309448    -4.24264068711928566    -1.41421356237309692
 1.41421356237309515     1.41421356237309492    -1.41421356237309515
-0.00000000000000007    -0.00000000000000010    -1.41421356237309492
-1.41421356237309626     4.24264068711928566    -4.24264068711928299
 4.24264068711928388     4.24264068711928566    -4.24264068711928477
 4.24264068711928743     1.41421356237309315     4.24264068711928477
-4.24264068711928477    -4.24264068711928655     1.41421356237309537
-1.41421356237309626    -1.41421356237309426    -4.24264068711928477
 1.41421356237309426    -2.82842712474618985    -2.82842712474619118
 1.41421356237309848    -1.41421356237309781     4.24264068711928477
-2.82842712474619029     2.82842712474618985    -1.41421356237309270
 2.82842712474618896     2.82842712474619074    -4.24264068711928566
 4.24264068711928566    -4.24264068711928477    -1.41421356237309825
 4.24264068711928477     1.41421356237309648    -4.24264068711928566
 1.41421356237309581     4.24264068711928388     1.41421356237309603
-1.41421356237309515    -1.41421356237309515    -1.41421356237309470
-4.24264068711928477    -0.00000000000000056     0.00000000000000169
-2.82842712474618763    -0.00000000000000234     4.24264068711928655
-4.24264068711928477    -4.24264068711928566    -1.41421356237309426
 0.00000000000000057    -1.41421356237309559    -0.00000000000000050
-0.00000000000000077     4.24264068711928566    -2.82842712474618851
 1.41421356237309404    -1.41421356237309448    -4.24264068711928566
-0.00000000000000099    -2.82842712474618940    -4.24264068711928655
-4.24264068711928566    -2.82842712474618985    -2.82842712474618896
 2.82842712474619029     0.00000000000000011    -1.41421356237309626
 2.82842712474619118     4.24264068711928388     2.82842712474619029
-1.41421356237309337    -2.82842712474619162     2.82842712474618985
 1.41421356237309626    -1.41421356237309626     1.41421356237309381
-2.82842712474619118     0.00000000000000077    -4.24264068711928388
-4.24264068711928566     1.41421356237309492    -1.41421356237309270
 1.41421356237309603     1.41421356237309404     1.41421356237309515
-1.41421356237309448    -0.00000000000000058     0.00000000000000074
-4.24264068711928299    -1.41421356237309692     4.24264068711928655
-2.82842712474619074     1.41421356237309537    -2.82842712474618851
-1.41421356237309270    -1.41421356237309737     4.24264068711928566
-2.82842712474618896     2.82842712474618896     1.41421356237309737
 4.24264068711928655    -0.00000000000000010    -0.00000000000000123
 2.82842712474619162    -1.41421356237309692     2.82842712474618807
-0.00000000000000036     1.41421356237309515    -2.82842712474618985
 1.41421356237310136    -4.24264068711928477     4.24264068711928566
-1.41421356237309315     2.82842712474618851     2.82842712474619162
 4.24264068711928743    -2.82842712474619207     2.82842712474618674
