17    5.29983164553723451
 0.23570226039551270    -0.23570226039551270     0.23570226039551273
-1.64991582276861171     1.64991582276861171    -1.64991582276861193
-1.17851130197759990    -1.64991582276861570     0.23570226039551995
-1.64991582276861126    -1.17851130197758147    -1.64991582276861148
-1.64991582276861126     1.64991582276861126     1.17851130197758103
 1.64991582276860771    -0.23570226039550757     1.64991582276860815
 1.64991582276861570     1.17851130197759990     0.23570226039551995
 1.17851130197758147     1.64991582276861126    -1.64991582276861148
 0.23570226039551981    -1.64991582276861593    -1.17851130197759990
-0.23570226039551662     0.23570226039551662    -1.64991582276861548
 0.23570226039552009     1.17851130197760057     1.64991582276861570
 0.23570226039550757    -1.64991582276860771     1.64991582276860815
-1.64991582276861526     0.23570226039551664    -0.23570226039551656
-1.17851130197760057    -0.23570226039552009     1.64991582276861570
-0.23570226039551664     1.64991582276861526    -0.23570226039551656
 1.64991582276860815    -1.64991582276860815     0.23570226039550776
 1.64991582276861593    -0.23570226039551981    -1.17851130197759990
