181   10.92507199302099963
-0.00000065816732841     4.30158134023838734     2.76691957183378223
-1.41421253653279400     0.00000017277293283     2.82842588974095088
 0.00000088425676125    -1.41421327908745997    -0.00000062629043711
 0.00000156270644881     0.00000035513390951     1.41421286423421799
-1.11311751363508304    -4.46253599530877487    -1.11311757106836540
 4.46253599530871714    -1.04832421034764511     4.46253599530872958
-0.00001655198544959     2.82841011361811434    -1.41423162646291534
-0.00000455825192986    -2.82842111101076688    -1.41421991907962830
 1.11311594144481085     4.46253599530873402     1.11311636870497455
 4.46253596539678732     2.53086721926211533    -2.52999806168321983
-2.84694156645100005    -1.39582637881099991     2.84655982690799991
-4.46253599530873668     1.04832293137894506    -4.46253599530877221
 2.76691911070046492    -4.30158334642330242    -0.00000068139758533
 2.76691922359365305     4.30158342142054018    -0.00000041443706487
-2.52924063656299980    -2.53077784350799995     4.46252104211999967
 4.30158393472011014     2.76691917486997019    -0.00000041443703273
 4.46253599530873579     4.46253502671784474    -3.04832194547456492
-0.00000065816720353     2.76691937293820089     4.30158343556758549
-1.11311748662678300     4.46253599530873757    -1.11311764616926756
 4.46253599530824019     1.11311710526147944    -1.11311907332053117
 2.84629104287009316     1.39609104150596219    -2.84628206701149278
-1.41648127640957888    -1.41647597444715823    -1.41647581310145942
-4.46253599530877487    -1.11311691689849512    -1.11311727256211435
-2.52996746158000008     4.46250672585699970     2.53062066238500005
 4.46253597242767430    -4.46253599530863543     3.04832065552566833
 4.46253599530862033    -4.46253599530858658     1.04832065552566633
 1.11689270231900006    -1.11529550894500007    -4.46250025632599989
-1.41329682665173850    -2.83080102639919140    -2.83057429217286316
 2.82826232988767545    -0.00009416878412299    -1.41438059549603490
 2.84469738665598459    -1.39785536067447858    -2.84476290081414840
-4.46252309097299982     2.53074457342199999     2.53010372562100017
-2.76691996147642527    -4.30158092845168927     0.00000009116102155
-4.46253599530875267    -4.46253599530869849     3.04832243293560934
 2.85090773726200020     1.39119885813900002     2.85108722199900022
 0.00000049295255242     4.30158162561916058    -2.76691994826436671
 4.46253599530834855    -1.11311657981044299    -1.11311867062746850
-0.00000088870180200    -2.76691926330045534     4.30158308906444908
-3.04832193449232181     4.46253599530864076    -4.46253592104433583
-2.76691982118307989     4.30158137693235076     0.00000024922163099
-4.46253599530875888    -1.04832243293559757     4.46253599530874201
-2.83752054095200013     1.40575071429299991    -2.83742682075300001
 0.00000070507894431    -1.41421371036064047     2.82842739904276996
-4.46253599530871625     4.46253599530873224     1.04832243293566041
-2.53060582804400003     2.53065487302100012    -4.46249807501100015
-4.46253599530877487     1.11311613406488608     1.11311652718983134
-2.83701804044800010     2.83741649590200007     1.40586481094700000
-4.46253599530873668     1.11311675441915758    -1.11311695043261749
 2.76692086990785224    -0.00000023053804032     4.30158202714402460
 1.41997199748999781     1.42000691322022909    -1.41997135430616361
-2.53067943737599998     2.53023953004999980     4.46252573960200039
-1.11311667768394273     1.11311652712039333    -4.46253599530874911
-1.41492566295941824    -1.41492566021731148     1.41492508321424348
 4.46253599530870293    -3.04832421034764556     4.46253599530863543
 2.53069397572800003     4.46253500656199975     2.53064300287699995
 2.82842706523689635     0.00000003572937201     1.41421336314079782
-4.46252717335899973     2.53070444499799985    -2.53050357652000013
 1.42820983522999989    -1.42839018024900000     1.42830292067600007
-4.30158298737498779    -2.76691976603602630     0.00000009116090423
-4.46253599530867540    -4.46253599530873757    -1.04832225061384343
 3.04832111660110527     4.46253599530876777     4.46253594578580515
-1.42311631566600005     1.42309104679399989    -1.42305337134999998
-1.04832193449231958     4.46253599530862211    -4.46253599530862832
-1.11311588787863047    -1.11311481277460733     4.46253599530872958
-2.76692013424045591    -0.00000000000006337     4.30157970218007879
-4.30158100258446829    -0.00000000000005265     2.76692001080009575
 2.82842814109454688    -1.41421338058661461    -0.00000042113232008
 4.46253599530876865    -4.46253599073997087    -3.04832201832055771
 1.11311408299768511    -4.46253599530814249    -1.11311486025161832
 1.40336900515289420    -2.83977067723098431    -2.83914585392994256
-3.04832225061365403    -4.46253599530864609    -4.46253597823212456
 2.82842837908684874     1.41421347557434895    -0.00000035800224478
 0.00000049295256266     2.76691966456215033    -4.30158461438276252
 2.83510110045925368     2.83471104099609095    -1.40788615017127472
-4.46253594633722006     4.46253599530875800    -3.04832193449255762
-2.52910352481000000    -4.46236497009299971     2.53057331500800009
-4.46253599530874645    -3.04832243293559735     4.46253599530869849
-4.46253599530864609    -3.04832261525744652    -4.46253599530872869
-1.41421285049183321    -2.82842666908496110    -0.00000108656574503
-1.40593030433100008     2.83687904796600021     2.83727843682199987
 1.11311847737339753     1.11311767273163298     4.46253599530873313
-4.46253599530873668    -1.04832261525744541    -4.46253599530873224
 1.40986462529300005     2.83389523357900019     2.83275978069000001
 2.52887703692399990     2.53116850547299999     4.46253557687199987
-4.46253599530872869     1.04832243293552607     4.46253599530872336
 2.83559931030000012     2.83636059868900015     1.40699229000599990
-2.53024684172879510    -4.46253599520609701    -2.53080155782724514
 2.53052594608500003    -2.53072517210499992     4.46253571358499990
-1.11311549090312356     4.46253599530859635     1.11311517948411143
-0.00000088870190258    -4.30158167836610694     2.76691939720859414
 4.46253599530808032     1.04832194547305102    -4.46253599530842937
 4.46253599530876777     3.04832374927146654     4.46253599530863188
-3.04832243293558935     4.46253599530865497     4.46253599530872069
-4.46253599530875533    -4.46253599530875622     1.04832243293560934
 4.46253576136829722    -2.53068549207899984     2.53067275060399988
 2.53103632785913391     4.46253599521068001    -2.52937200999963530
-4.30158274980767086     2.76691969086497691     0.00000024922151888
-1.42295446378699997     1.42292445779699994     1.42287927204500009
-1.41391756516600009    -2.82920023027100020     2.82913832661499987
 0.00000001694860407    -2.82842660680324354     1.41421317073966457
-2.76692011354688105     0.00000015806074710    -4.30158213713989568
 3.04832284755091099    -4.46253599530819844    -4.46253599530876865
 2.52995293840913904    -2.53088058134024196    -4.46253599497169695
 0.00005365022681962     1.41419647982647501    -2.82844511567502765
 1.42526572170321142    -1.42539486216839673    -1.42526410936830472
 4.46253599493833786    -2.53082555532850684    -2.53015714988600626
 2.53058863463904737    -4.46253575823028470     2.53070599284736186
-2.83947410741399997     2.83968570061299985    -1.40322274110800005
 1.41421446192600775    -2.82842682616396290     0.00000049097138447
 2.76854928465599981    -0.00110275895200000    -4.27821055420299956
 0.00013780113747465    -1.41420792464869916    -2.82843385029847072
 2.84370502252158985    -2.84374056300627709     1.39868998387231702
-2.82842670881679492    -0.00000011845865538     1.41421293727905550
-4.46253599530865497     3.04832243293552763     4.46253599530868961
-4.46253596835090871    -2.52945697722579288    -2.53101348786272506
-1.11311617222129278     1.11311523523480926     4.46253599530877576
 2.83945675468393555    -2.83945654747597720    -1.40305436339888101
 0.00000081395214091     1.41421354176307590    -0.00000107388250850
 0.00000074329352549    -0.00000009245827872    -1.41421456440733895
 1.04832292039721420     4.46253599530875533    -4.46253599530873135
 4.46253599530877576     1.04832374927146654     4.46253599530873490
 1.11311439717477412     4.46253599530815048    -1.11311490319170447
-1.04832243293558891     4.46253599530873046     4.46253599530871625
 4.46253553685052662     4.46253599530863188     3.04832111660090010
-2.82902368902899992    -2.83052147584800018     1.41370188173899991
 1.40981253914190185     2.83459373514485469    -2.83377505744839508
 1.11311601245280145    -4.46253599530877487     1.11311636412960380
-4.46253599530864076     3.04832293137894483    -4.46253599530875800
 4.46253528491099960     2.53102094608800021     2.52942474144300000
 4.46253599530877487    -4.46253599530874112    -1.04832201832055794
 2.53002850783876054     2.53086031142557477    -4.46253599516333299
 1.11732037649400007     1.11415403013499992    -4.46237174023899996
 4.30156983619540423    -0.00000003642302599    -2.76692079193998719
 4.46253599530818690     3.04832194547313140    -4.46253599475021012
 1.04832111660110616     4.46253599530877487     4.46253599530872780
 1.04832284755091121    -4.46253599530874823    -4.46253599530877487
-1.04832243293570593    -4.46253599530876865     4.46253599530875888
-3.04832243293570571    -4.46253599530874645     4.46253599530875267
 4.46253599530857414     4.46253599530863454     1.04832111660095118
 0.00000082290540603     1.41421393807981444     2.82842763711910150
 4.46253599530819844    -3.04832201831927474    -4.46253593104001745
 4.46253599530873046     4.46253599530875089    -1.04832194547479918
 4.46253599530874734     1.11311719814140342     1.11311838243999284
-4.46253599530872069     4.46253599530868961     3.04832243293566085
 4.30158085939701262    -0.00000023053809708     2.76692098075503656
 1.11311800753366841    -1.11311743574824451     4.46253599530877487
 0.00000029846872994    -2.76691982614242171    -4.30158370440370152
-1.11311557538023265    -4.46253599530859457     1.11311487364426398
-1.40526395636399992     2.83799720896399998    -2.83786159005599981
-1.41421301343338501     2.82842683912369175    -0.00000096342246240
 2.53082565697429196    -4.46253599500918874    -2.53015682226622207
-4.46253596365093053    -4.46253599530872869    -3.04832225061384321
 0.00000006442998440     2.82842650916615890     1.41421308346015429
-2.83976873918299999     1.40332699422199991     2.83940092996799986
 1.40003531710392815    -2.84244496198796881     2.84240522348765179
-1.41421380396609453    -0.00000016745103316    -2.82842714189322120
-1.11311721339908432    -1.11311700693282023    -4.46253599530874556
 1.41421456342527962     0.00000016649006074    -0.00000125979297368
 1.41911208003900002     1.41911425497499999     1.41912268345100001
 2.84385093989800009    -1.39854020004800006     2.84389788014500011
-1.04832225061365403    -4.46253599530862566    -4.46253599530861944
 4.46253599530795864    -1.04832201831926985    -4.46253599530828993
-2.82842740357132749    -1.41421409741923276    -0.00000020850626320
-1.41421286521634570     0.00000009618557040    -0.00000034386661722
 3.04832292039721420     4.46253599530818779    -4.46253599530873579
 1.41421406451808140     0.00000005494638058     2.82842748716795001
-2.53042247321378966    -2.53033429010462330    -4.46253588721773831
 1.41421462961353406     2.82842685084692569     0.00000052389285607
-2.82842706032393121    -0.00000003767193574    -1.41421327350494019
 0.00000029846876691    -4.30158182110597398    -2.76692000491100298
 4.46253599530874645    -1.11311700814727921     1.11311794422722632
-4.46253599530874112    -1.11311642371717467     1.11311672214441582
-2.53068738550999983     4.46252925602699957    -2.53064524086599985
 3.04832065552954523    -4.46253599530870293     4.46253274178481174
-4.46249072451399975    -2.53114290283100019     2.52856380796600000
 4.30158369917582561    -2.76691907721621755    -0.00000068139757461
-2.82842724034401627     1.41421394128869204    -0.00000012771951211
 1.04832065553218889    -4.46253599530872780     4.46253599530864076
-2.83039074281344583    -1.41316112069849598    -2.83098953948738341
-2.84678204059788698    -2.84652811632544411    -1.39575794484350846
-4.46253599530870826     4.46253599530877132    -1.04832193449255828
-4.30158151418246426     0.00000015806078298    -2.76692017268034185
