185   10.95376699448200064
-1.64983692403473059    -1.64693164579031137     0.23869034632644479
-1.65854302819386823     1.17849385301586418    -2.59270741538909544
 1.64845360121691309     1.64845360121358309    -4.47688072596186792
-4.47589773447000017    -4.47686633826600033    -2.81153603356600001
-2.63892840396323258     4.47688072596203135     1.22276809265582154
-3.06258362093812053    -3.06260684943773853     0.23545180243474945
 4.47688072596129327    -4.47688072596189190     3.09226205472592364
-1.64405729749818774     2.79669150357844654     1.65542922854289531
-3.06657276117192490    -0.02758330486442252     3.06105945732028939
 2.59463568928830712    -0.23379143545872838     0.25371504206418433
 3.06266716359002089     3.06266716358707969    -4.47688072596197895
-4.47688072596193276     2.87464654101844763    -1.19077065107336932
 3.06266716358983748     3.06266716358811575    -1.64845360121357243
-3.04713282963664644    -1.61846893576413575    -4.47688072596205533
 4.47688072596187325    -4.47688072596187503    -0.12779415032375480
-0.34824378196727468    -4.47688072596207398    -4.47688072596204378
-1.17997352352771023     3.06266716358899949    -3.06266716358835156
 3.06266716358883828    -2.59418708590641289    -4.47688072596211217
 3.06266716358906743     3.06266716358879476     1.17997352353356244
-4.47688072596216013     2.51252567810445981    -4.08597280378756977
-0.23407144406106806     1.18077256426241339     1.66637981710431360
-4.47688072596206421     0.05292495378706902     4.47688072596206244
-0.22537125463605198     1.46050613588064593     4.47688072596195230
-1.65061488500629561    -1.64525684431365971     3.08090550766093196
-4.07148389634699992     4.47469764537000003    -4.47096481177000005
 0.23424003884358835     0.23424003884071798    -4.47688072596183506
-1.65900897420129545    -0.24479541182779113    -4.04544914203754935
 1.64845360121729589     1.64845360121446527    -1.64845360121438711
 1.20066761311539905    -0.25402206749186773     4.47688072594322506
 0.23424003884590874     3.06266716358876812    -4.47688072596204467
-0.23440977352685843    -0.23398948243032777     0.25135622985198453
-3.06373045846108605     2.88357661937289045     3.06148011407122489
 4.47688072596188302    -0.53741481299068872     4.47688072596170805
 4.47668251365100023    -4.47688034927512746    -2.24829755042400015
-3.07979485046049239     2.59414962148997796    -2.59414962149067563
 4.47456261409799971    -4.10263210699799963    -4.39265997946000031
-1.65070497825047102     2.88389306154023428     4.47688072596171516
 4.47688072596208109     4.47688072596207220    -1.64845360121291629
 2.82381739324377978    -3.06284283691156345     3.06244817509968037
-0.02109212185094394    -3.06462318802428646     3.06126788091860291
 4.27778673357313277    -0.27527998844611251     1.68949355081922103
 1.64845360121636109     0.23424003884051869    -3.06266716358830715
 0.23424003884400213     1.64845360121437046    -3.06266716358728397
-1.64908972810323817    -0.23263524119804185     1.66510259753978973
-1.64262664394542646    -1.65939625191527118    -2.60404011242485334
-0.29764359574200000    -1.69191923055100002    -4.30496866457999960
 4.47688072596209796     0.23424003883968716    -3.06266716358887647
-4.47688072596193187    -1.64158156112721398     3.06849054865922177
 3.06266716359042501     4.47688072596199227    -3.06266716358747226
-0.23685890605776738    -0.23685890605896165    -2.58973742881521085
-3.16565983585100019    -4.47687233712099975    -4.47688037588121368
-4.47688072596187059    -4.47688072596186704     3.06374051377015055
 4.47474285728699961     4.47502057483000026     4.02281730863400000
 0.23424003884474914     3.06266716358871927    -1.64845360121462070
 2.83262210648743906    -4.47688025947685908     4.47688044923056871
-4.47688072596201092     1.16309905796258484    -2.60981298965751529
 4.47688072596204645     4.47688072596145403    -4.47688072596204467
-4.47688072593107655     2.88201606458421145     1.64620491593786555
-4.47688072596188036     1.37523364752506638     0.23298364740634411
 2.77246329700620464    -4.47688072596192832    -1.17419810094327959
-1.63283331247567309    -3.07736612979701052     4.47688072596200826
-0.06436459810987837    -4.47688072596182618     1.64576226830621253
 1.17996751323133808    -0.23424604914359301    -1.16269356590347406
 2.59463568928645127     1.18042212691496928     1.66792860443669255
 1.18021113061198712    -1.64779395429450481     0.25350399852115413
 4.47688072596205178    -1.17997352353358642    -1.64845360121572848
-1.64814184213546988    -4.47688072596196474     0.23524275751768925
-0.21640058561124090    -1.66537521967334134     4.47688072596142295
 3.06266716358934010     4.47688072596207487    -0.23424003883945463
 2.59470316058039785     2.59470316058015760     3.08246703047023374
-0.44064113119231679     4.47655810696059131     1.64845359057583796
-0.06070171016632165    -4.47688072596196562     4.47688072596196474
-4.47688072596205267    -4.47688072596200559     0.23546967052823270
 1.10746420669781176    -3.10541645310016357    -4.47688072596204023
-0.23092864797768928     2.88027619652171429     3.06825654248114521
 1.18001767465943908     1.18001749420868207     0.25176282197817629
-3.06899171183827058     1.18517786259300806    -1.17475472406899217
 2.82588458238725204    -1.65010864733395013     1.64675829508489491
-1.64941041141298306     1.18083698030341488     0.25014811904721768
 1.18884610643197308     2.87608615424976177     4.47688072596187236
-1.48249186025459623    -4.47688072596197983     3.05605127002252130
-4.47688072596199049     1.46830064174886843     3.06195825893427243
 2.82285041725145325    -0.23614481350519118     3.06121828761431036
 3.06266716358858204    -1.17997352353349516    -3.06266716358846125
-0.44064117862872976     4.47687929146375208     4.47688072596188125
 1.64845360121676876     3.06266716358844926    -0.23424003884044403
 2.90951460821233798    -3.06406213763990332     0.23475916405393935
-3.06193843177004554     4.39250594740898848    -0.97682201999487595
 4.47688072596209530     0.23424003884137129    -0.23424003884118519
 4.47688072596204467     3.06266716358840130     2.59418708590678060
 2.59414120539800086    -3.07975409900378505    -2.59414120539819137
-1.65401203579810296    -0.03864370237195316     4.47688072596204911
 0.23424003884419139     4.47688072596208908    -0.23424003884132380
-0.23022211383181809    -3.06569586757310164     0.23826499302152968
 1.64845360121592432     4.47688072596206066     1.17997352353333618
-4.43560302507176463     4.47687737008787767     2.85232026096583668
-3.06935925884867800     2.79609880210937334     0.22793071719538829
 4.36688168774349172    -1.69513925933814447     0.28092569696407538
-4.47688028947829597    -3.00005394231600020    -4.16030185508200034
-4.47688072596185815     4.47688072596118580     0.43414190613912623
 4.47688072596187059     1.00953860568370746     3.20923127897267602
-3.06337649641165877     1.46784749337824705     4.47688072596204556
-3.06620880021286357    -0.23073263846352601     0.23775711956304660
 4.47688072596137498    -1.86561157348803874     2.88582420403055373
-3.05985877086853808    -0.24827677170474657    -2.61800116494319735
-4.47688072596207398    -3.06270962734883279    -1.17890418308201772
-3.06236927085052812    -4.47688072596091580     1.64960503184033347
 3.06266716358955593     1.64845360121354423    -3.06266716358832092
 3.06266716358950175     1.64845360121499040    -0.23424003884040284
 1.41234548725369025    -3.06499579582415915     1.64549989680229292
-3.10603731380242110     1.10967880986845757    -4.47688072596205444
-2.59418708590021074     3.06266716358929925    -4.47688072596211573
-0.23435539815381040     1.17985816421825573    -1.16322315254745967
-0.23361332043472408    -1.64905072083792059    -1.17350872396366168
 4.23778187356366409    -3.05362288774466206     4.47688072596192832
 1.16314157099628845    -4.47688072596191944    -2.61079156836210835
 2.51050005877350113    -4.47688072596215303    -4.08883930284658881
-1.64793216499140915    -3.06314651231055812    -1.17944997561808385
-1.75417860093189137    -3.10101250577356291    -4.11586282405380199
-4.47688072596200559     2.88277002945522165     4.47678100242084298
-3.06410246736554148     1.38835039770262680     1.64857029007570488
-4.47688072596211217    -0.23532247234534151    -1.17998180256890040
-2.59418708590100611     4.47688072596194520    -3.06266716358851721
-3.06506204062563192    -1.64502606762339720     1.65189034566929371
 1.18045678579532809     2.59467034816844278     1.66809551082973573
 0.23424003884549643     4.47688072596199937    -3.06266716358820812
 2.81415937510063774    -1.64888128094649589     4.47688072596203490
-4.47688072596207931    -3.06159462743267330     4.47688072596207931
 2.59463568928700683    -1.64800499783445709    -1.16049852031592349
 4.47688072596119024    -3.29036923883658572     1.48223395220108811
 4.47688072596199405     3.06266716358737012    -3.06266716358770497
-1.64904054833498015     2.59360013878264883    -1.16551431290649710
 4.47688072596216280    -1.17997352353354668    -4.47688072596204023
 2.38778594611517736     4.47688072596155351     4.47688072596185549
 1.40221847819529555    -1.65150596170628017     3.06040057619040784
-4.47688072596205888    -1.65960832032477001    -2.60414336379077627
-1.17997352352688512     4.47688072596216458    -4.47688072596204201
-1.62190791766400011    -4.47688036300632142    -2.62304452489000006
-4.47688072596172404    -0.04312865743238552     1.64303626059007524
-4.47688072596204378    -3.06258902715382186     1.64960509214890294
 1.34869174143200188    -4.47688072596192654     0.23039242926042167
 4.09246728451264197     2.50796817879709177     4.47688072596203934
-3.06209173978643179    -3.06209173978646243     3.06324290902473173
-3.06219026470087075    -1.64902024368576150    -1.19044651104962540
-1.65060874897658816    -0.23226298903010065    -1.17506776447851657
 4.47688072596189901     1.64845360121509876     1.17997352353339813
 1.17704908042399925    -1.65137804432339452    -2.59126264279771990
-0.23459625623650721    -0.23285072111492150     3.08133693281095855
-1.85485469356390231     4.47688072596120890     3.06266711615158105
-1.64458471423859076     1.38267126505825200     3.06983599001106544
 1.18338425439553196    -3.06508352956167807    -1.17655537039895552
-0.23323949856030884    -4.47688072596211128    -1.17896758875289165
-3.06262471563603933    -4.47688072596209885    -1.17870144261782128
 4.47688072596208020     1.64845360121416329    -1.64845360121462203
-0.22777953866539349    -3.05570544953177770    -2.82433149521710902
-3.06159462743388922    -4.47688072596209530     4.47688072596209530
 3.06266716358974600     0.23424003884030123    -1.64845360121503348
 1.64845360121577600    -1.17997352353328444    -4.47688072596191233
 3.06266716358910074     0.23424003883958086    -4.47688072596207043
 4.47688072596198694    -2.59418708590663272    -3.06266716358889157
 2.61397936833294686     1.16109272735006552     4.47688072596198872
 1.64845360121759299     4.47688072596207220    -1.64845360121411311
-4.47688072596208464    -0.28462938340382171    -4.05653205936222783
 1.64845360121880291     4.47688072596206954    -4.47688072596204201
 1.40942823964022224    -4.47688072596204822     3.06203525947981570
 3.06266716358871616     4.47688072596186970     2.59418708590738767
-3.05964820039800900    -3.07079294064448316    -2.60099124442956953
-0.23491209224696427    -1.64688360230140018     1.66688791572470074
-3.06965751268581633    -1.45142389892326662     4.47688072596165654
 1.18055573416382797     1.18042347827696736     3.08227576143833693
 1.18010668164916166    -0.23347589618946046     1.66761305358496159
-3.26906820849979241     4.47688072596188036     4.47688072596188036
 1.64845360121784812     3.06266716358810331    -3.06266716358778224
 2.82888152589035569    -4.47688072596189990     1.64806802715789158
 4.47688072596208819     3.06266716358860513    -0.23424003883962491
-0.23428725140369613     2.59413987334227070     0.25132052398209309
 4.47688072596203135     4.47688072596202158     1.17997352353417639
-1.64649553635040569    -3.06362662634810690     1.65041417455591710
-4.47688072596205622    -1.64847684388468285     0.23529015793877830
-1.17997352352813500     4.47688072596204290    -1.64845360121519469
 0.97357238374284338     4.47688072596183417     3.06266716358798785
 4.47688072596203757     1.64845360121290563    -4.47688072596203934
-1.17997352352741647     1.64845360121590345    -4.47688072596206066
-4.47688072596186792     4.47688072596173381    -2.38778594612985362
 1.39172025131655963    -3.06341026885152434     4.47688072596205888
