186   10.95499262076200075
-4.47749561760197157     4.47749561760428971     0.09547680478258903
-3.06651935869912151     1.64829608367159919     1.64909863924849920
 1.10883516809695615    -4.08182661376431888     3.06307025157892010
-4.47749151388199973    -1.16690337400400002    -2.72104574438100011
-1.64861865790174167    -2.79444677847811240     1.65213132834299992
 2.59354110288216910     3.08160467155463502    -2.59547488360038736
 1.29589913231315568     3.06291024046046756     1.64835488431913335
 1.17328603903514694     3.07551413387824413    -1.18734191438769465
 3.06306817274218002    -3.06306817274214449    -1.64971026960235534
-4.47749561760368842     4.47749334096081864    -2.87534222428460406
-4.47749561760466896    -2.61008789145595710    -1.16317983642475764
 0.23399948151875039    -4.47749561760490344    -3.06328207140970310
 2.60995722771492922     4.47749561760465120    -1.16326715509831491
 2.60739118119602864     0.24143907767084660     3.06085407933091380
-3.07537331439090167    -1.17366666351318316    -1.18714205140628004
 0.97523230999885013     3.06328204997368791    -4.47749561759979642
 1.64864073708454262    -4.47749561760479864    -1.64949633160649500
 4.47749561760469295     1.18021409702797508    -4.47749561760477643
-4.47749561760473735     1.64537307372776143     3.06653909754568899
 4.47749561760472847     2.59442767557031662    -3.06328207140083730
 1.18385765909127505     4.47749561760466985     0.23895965265123748
-4.47749561760465120     0.39139984750901124    -4.47749561760456505
 2.79886023353747460     3.06269021228141280     0.23767585568429653
-3.08164587283734992    -2.59376842694172360    -2.59542882494281368
-4.47749561760469561    -2.70915612486317547     1.64843007780134299
-0.44019610891390187     4.47627971130749458    -4.47749561760449399
-0.24867981279376655    -4.47749561760461479     4.47749561760474712
-0.24104332778793677     3.07382091637628729     0.22799191686710363
 4.47749561760486969    -3.06328203905758789    -0.23571063824441071
 4.47749561760376213     1.18021408085035362    -1.64906850903240509
-0.43808379658439528     1.64870997503688743    -4.43846450239593970
-1.65280954821877701    -1.18939044373622438     3.06282784733207158
-0.23485600814123420     0.23485759885216145     3.05974774047757458
-2.59442769174584864    -3.06328203906924124    -4.47749561760477288
 4.08217469529887378    -2.52353310027474054     4.47749561760487058
 1.17034430754817675    -2.60977607140556422     4.47749561760462544
-1.86929089130577886     3.04517795679130554    -4.47749561760275583
-1.65178289701120207    -1.17769682390659458    -2.59191038866049306
-0.22768471056785952     3.06319446144733121     3.06675257439913507
 4.47749070689700002    -4.47749547406880755     4.01247867891799981
 4.47749561757830428    -4.47749561756602787    -4.47749561758675885
 4.47749561760471604    -4.47749561760470804    -1.64992418444359878
-4.47749561760464498    -4.12373877563762381     3.07441809196360438
-1.64833854758500475     3.06652025950480267     1.64907138851730251
 1.18151932482280531     0.23952564393620146     1.64770697423670365
 2.59511493207813260     1.66770332916475672    -1.18095004569552775
 4.47749561760488035    -3.06328205523193420     2.59271647032799413
-4.47749561760465120    -1.18396483612505699     0.23902308435872219
 3.06328204714477215    -3.06328204714478858     1.17850291604168933
-3.05794004437061817    -0.99902300981479242    -4.25036954615578200
 4.47749561760460324     3.10796969626059427    -1.11637883647026293
 4.21028517387619150     4.47749561760468762     0.31644960040878328
 4.47749561760461479     3.06326268322056405     1.70516979759244514
-4.47749561760484394     3.06320116799526110     1.56430713519515940
-0.24277798846729917     1.65735990854559057    -1.18396955719923325
 4.47749561760472048    -4.47749561760475423     1.17850290795461365
 2.79459785371498448     1.64866330635692515     1.65206962739000263
-0.23146453822255295     1.64552391475841775     4.47749561760497983
-4.47749561760478354    -2.69841858823757619     4.47749561760478532
-3.06003280503642561     1.64630768008088579     4.47749561760477377
-0.24148369934625274    -2.60648452968393674     3.06090434108835741
-4.47749561760464143     0.13023089858505779     4.47749561760464143
 2.70966946586820168     3.06359459966173686     3.06301137110748112
 2.69879620183287061     4.47749561760474801     4.47749561760474801
-3.06288010044433712     4.47747587320505414     4.47749561760476134
 1.19038288965590855     1.65285106257608927     3.06278036393959274
-2.59442767556900744    -4.47749561760468318    -3.06328207139386155
-0.12992835149359280     4.47749561760462456     4.47749561760462633
 4.16532601330571595     1.67263329120239557     3.10827351158051179
-3.05717829204713221     3.07072411660771794     0.15624389088937166
 4.08235749989881214    -1.10928973224661465     3.06331187333008437
-4.07851573852799998    -4.46815850409899973    -4.46997808312400036
 4.47749561760464143     0.24863154874332272     4.47749561760472492
-3.06578136715611560     4.47749561760483417     1.64697565933669265
 0.23442717471210514    -4.47749561760496118    -0.23528276923267269
-3.06291704588757963    -1.29530766696658994     1.64848051133518991
-3.10793601984110479    -4.47749561760460768    -1.11625697956448566
 1.64885459070742924    -3.06306816925324643    -0.23549670373651885
 2.59530014093503203     0.25335466829683539     0.23312839314681583
 1.18930062716963780     4.47749561760472048    -2.87760455787455172
 1.64885460236331349    -0.23421331445836388    -3.06349597807453833
 1.17768304340451424     1.65171401498440207    -2.59189660815742684
-3.05784781459522481     4.47749561760467252    -1.46658386480343994
 4.47749561760379322     0.29362266134834114     1.69374891974349451
-1.64552153860264627     0.23115380772276048     4.47749561760499937
-0.21984588124139587     3.05823812681185547    -2.87382399420145296
 4.24982481844425308     1.68664433121095092     0.27230974855646972
-4.47749561760310311     1.64945344528643911    -2.73318618391545654
-0.25335041841826733    -2.59529924954278846     0.23312928408525999
 1.19053494628915280     0.23913937771015886     4.47749561760469028
-0.23089864647764469     4.47749561760499226     1.65263026345602748
-1.65733234502000193     0.24272312251003961    -1.18394150425683442
 3.06306817282313038    -1.64842689395284059    -3.06349598616104490
-1.64970831489559822    -2.70734377546180660     4.47749561760466985
-3.09683289492301794    -4.47749561760461212     4.47749561760466630
 0.23421331194057962    -3.06306819246386119    -1.64928242031871397
 1.28443392516943100     3.06343078516126655     4.47749561760399661
-1.63515273198599886     1.64561805383289328    -2.83626007996775797
-1.64535682812564898     3.06005867666820563     4.47749561760475245
-4.47749561760492387     1.66278012846818957     0.13643427246316533
-1.64076722608100600     4.47749560835006655    -2.87792457691265824
-3.06321636475067338     0.22861415365212892     3.06677419575363519
 0.23421330290705661    -1.64885461391461385    -3.06349596651565692
 1.64864072804496775    -1.64864075114990061    -4.47749561760492210
 3.06328205523163488    -4.47749561760488302     2.59271647032795327
-1.67275635385836963    -4.16510016790528859     3.10840282009366309
-3.06324135909238571    -4.47749561760467607     1.70520627889687870
 3.06328204714398566     1.18021412128485759    -3.06328206331929076
-1.65090034918860495     1.65087402467024291     0.23629427411768747
-4.47749424166839560    -1.28428976194309996     3.06310451764027425
-4.47749561760500203     0.23085700572824219     1.65262810550680328
-1.64189989426968452     3.06555096359964052    -1.42780525017641802
 0.23399944917721649    -3.06328203905388641    -4.47749561760489545
 3.06285433880518765    -4.47749561758574188    -3.06370990099210294
-3.06098168174108753     1.66447918983601273    -1.27547414621721544
-0.22589312279584434     4.47749561760423465    -1.46437186292848054
 4.47749561760484305    -1.64906847668477297     1.17850292412896462
 2.60946609504399607    -1.17034080841991295     4.47749561760465475
 1.64906847668329992     1.18021412223374345    -4.47749561760479509
-1.18021412223125499    -1.64906847668156997    -4.47749561760475334
-0.23754543329250144    -1.17757800119304035    -1.17772073302428937
-4.47749561760464942     0.24958735057688938    -1.27879933811712720
-3.06328836962942352     3.06327580189866433     3.06326862322283633
 3.06328203905757945    -4.47749561760486081    -0.23571063824443664
-1.18021408085040336    -4.47749561760381098    -1.64906850903246416
-1.65362588251755827     0.23276412519427903     1.64795868620424546
-0.29404940912112271    -4.47749561760454906     1.69363208123144626
-3.06262724203902659    -2.79884201385358189     0.23771964644408886
 4.47749561760458459     3.09663503366161619     4.47749561760458548
 1.64858524301122822    -1.64858524300845222    -1.64944082526926761
-0.23669358331538790     0.23665367730820958     0.23647445643048784
-0.23950314664497263    -1.18154023927374063     1.64772947988176899
-0.23279181470024007     1.65364160886716727     1.64790280318495430
-4.47749561760467873    -4.08066015318534081    -2.51869347450924153
 4.47749561758953263    -3.06285433880197955    -3.06370990098890150
 4.47749561760486969    -1.64821306006978818    -4.47749561760486969
 1.17811771554888423    -2.59233128330027363     1.65217033197073926
-1.64905635434300191     1.64908434388289415     3.06005505598433114
-3.05747577724865005     3.05130077629096252    -2.86871372191325502
-4.47749561760463255     4.47749561760426129     3.06368412443478322
 1.64821306006978108    -4.47749561760486436    -4.47749561760486348
 2.70974077611642583     4.47749561760470449     1.64848533515946016
-1.66113744484190873    -1.17470123594051090     0.22704882501066156
 1.17753994102700488    -1.17753991791822599     0.23635678455631981
 2.70769000322277620     1.64965315881669117     4.47749561760468229
-4.17513518146899987     2.60267124018200002    -4.47749538173510153
-0.23905100363816428    -1.19076061806970812     4.47749561760467341
 0.23442716567186436    -0.23442718877680288    -4.47749561760500203
-3.06339324500997723    -1.28409384482637057     4.47749561758768078
 4.47749561760471959    -1.64864076018687933    -1.64949635472184686
-4.47749561760466808    -4.21020213392780107     0.31652377887613281
 3.06306818080578891    -1.64885460225970859    -0.23549671529403052
 2.38944586712859408     4.47749561760422043    -4.47749561760457304
-1.66769268104671564    -2.59508171665425280    -1.18095554958720683
 4.47749561760497894    -0.23442719781390217    -0.23528279234810703
 1.28428784367613891     4.47749556944936433     3.06306898684138318
-1.68664873090272915    -4.24987142771746029     0.27231411121916144
-2.56743172680182807     0.98440569322326377    -4.47749561760466719
-3.28046705856213139     4.46242240464957085    -4.47749561760296100
-1.64547271833684849     4.47749561760492298    -0.01133091968034643
 1.17467398740206264     1.66111306052970464     0.22699316730989658
-3.06362200958563147    -2.70923155723878928     3.06298351081731246
 4.46527949147500003     4.03168461235800013    -4.47220718492900016
-4.47748845404138329     3.06284295656074423     4.47749559719768353
 1.64842688240215285    -3.06306818437559114    -3.06349597460333101
-0.23678717494408080     0.23678716724710314    -2.59178246978138160
 4.12414877096801913     4.47749561760460768     3.07450949732945578
 4.08050723250891245     4.47749561760467074    -2.51880493893196356
-1.18021409703251523    -4.47749561760471870    -4.47749561760479509
 2.59230970743668898    -1.17809613968474070     1.65206299622575248
 1.64906847668460932    -4.47749561760483772     1.17850292412878632
-4.47749561760463877     3.07530960956467592    -1.33066287942064831
 2.52283629637273021    -4.08312783529815615     4.47749561760486969
 1.17755822245745745     0.23744657917766362    -1.17770090813297856
 2.59355532916485654    -2.59355532916481746     3.07243075238661234
-4.47749561760465031    -2.38944586713865359    -4.47749561760439807
 3.06285431702320210    -3.06285433874854895    -4.47749561759234904
-1.18021412128426006    -3.06328204714317298    -3.06328206332014297
 1.17938889404275304    -1.17930300244076891     3.06756761245296294
 4.47749561760490433    -0.23399948152092148    -3.06328207140740760
 3.06306818091024002    -0.23421332349242077    -1.64928243187527435
 3.06328203906070673     2.59442769174589261    -4.47749561760481019
-1.64544315701637900     4.47749561760472403     3.06651280019839501
-3.07401007235092560     0.24085179048883459     0.22780235175988864
-3.05457310120075309     0.24485528891128369    -2.68424201567582266
 3.06328203905620056    -0.23399944917575527    -4.47749561760491410
