190   10.95668589503000057
 1.17851130197758791     1.64991582276860038     1.64991582276860416
 0.23570225997236627    -3.06412938556486614    -3.06412938556487013
-1.17851130197756881     1.17851130197757858    -3.06412938514171618
-3.06412938514169841     1.64991582276860371    -2.59272486435068172
-0.23570226039551509    -2.59272486435069593     4.47834294751480222
 4.47834292653814536    -4.47834289553924503    -0.23463224555608014
-1.17851130197756504     2.59272486435067684    -4.47834294751480844
-2.59773424633800021    -3.06773071667499986    -3.06774369138299985
 0.23570226080584755    -0.23570226080583001    -0.23570226080583367
 3.06412955069970128    -3.06412955069972348    -0.23570209483752766
-4.47834294751479511     3.06412938514169664     0.23570226039550496
 3.09926370566200005    -1.68723070426599997     4.25048183112799993
-4.47573109054400042     4.47572765437400033    -4.47828200952300026
-1.64991582276860305    -2.59272486435068172     3.06412938514170019
-2.59272486435066618     1.17851130197757703    -4.47834294751480932
-1.17851130197757192    -0.23570226039551909    -4.47834294751480844
 1.17851130197759213     3.06412938514170730     0.23570226039550338
 1.64991569614931821    -4.47834278409099973     2.59379562292312160
-4.06934672192400004    -0.29892872320300001    -4.47834250461299987
 3.06412938514171262    -4.47834294751480577    -4.47834294751480666
-3.09071259226745543    -4.10130803468654115     3.08824887750581434
 4.47834291992367639     2.59303137962220598    -1.64991582423205707
 0.31296899680599999     4.08455570729200002    -4.47834032258800008
 4.47834294751480844    -1.64991582276861748    -3.06412938514170818
-0.23570226039550926     3.06412938514169575     4.47834294751479511
 3.06412938514171174    -3.06412938514171085    -3.06412938514171040
 3.12225191802399982     4.06588399428200020    -4.47441775977899958
 1.64991768877069434     1.17851316797766592    -3.06413125114331697
-1.64991582276859705     3.06412938514170152     0.23570226039550363
-1.64991582276859905     1.64991582276859883     1.64991582276859927
-1.17851130197757659    -4.47834294751480844    -0.23570226039552625
-1.64991582276860060     4.47834294751480044    -1.17851130197758835
 3.06412938702138860     1.17851130385724745    -1.64991582464828834
 4.47834280996617284    -1.64991556558897057     2.59391019112111998
-4.47830140974246760    -4.47826412011210095    -2.99272926920322790
 4.47834294751480844     2.59272486435066796     1.17851130197757881
-3.06412938514169975     0.23570226039550338     1.64991582276859772
-4.47834294751480577    -1.17851130197759701    -1.17851130197760190
-3.06412938514169664     3.06412938514169886    -1.17851130197758680
 1.69615000192899990    -3.11036295679600006     4.47834280692899966
-1.64991582276860060     1.64991582276859616     4.47834294751479511
 3.06412916223700016    -3.06412901035800012     2.59423595794699979
 1.17851130197760079     4.47834294751480666    -1.17851130197759479
 2.59272486581519646     4.47834294734326921     3.06412938531322343
-1.64991582276860260     4.47834294751479245     4.47834294751479156
 4.47834291982146837     4.01750433085657477    -0.24603662315587785
 3.07972556518167950     4.05727307692607120    -1.67512303284731123
 0.23570226039552700    -1.64991582276862725     1.17851130197758236
 1.64991582276862103    -0.23570226039551886    -4.47834294751480577
 4.47834294751478623    -1.64991582276864746    -0.23570226039549030
 4.47834293902694114    -0.23539578790021543    -4.47834293902731684
 3.06412938675669055    -0.23570225878054540    -3.06412938675668522
 3.06414353291209718     2.61853714209095489    -3.06429405008004974
-3.09137924720265644     3.09218001133272224    -4.05442158277707509
 4.47834280306000032    -3.11769261427900002     4.47834269437599986
 0.23570226039552403    -4.47834294751480932     1.17851130197757503
-3.06412938514169397     1.64991582276859661     3.06412938514169442
 0.23570226039553785    -3.06412938514172373     2.59272486435067995
-4.47834294751479245     4.47834294751479245    -1.17851130614588917
-0.23570226039549960     3.06412938514171040    -1.17851130197759479
 2.59275620851314859     3.06412938496696619     4.47834294734218208
 4.47834294751480844    -0.23570226039552272    -1.64991582276861282
-2.59377619064999987    -1.64991707040900004    -4.47834279835100002
-1.17851130197756726    -4.47834294751480932     2.59272486435067373
-4.47834291590749078    -4.00799171318891734     1.65096875551676336
-1.64991582276860216     3.06412938514170419    -2.59272486435068217
-4.47834294751478890     3.06412938514169264     3.06412938514169308
 3.06412938514172151    -0.23570226039552769     2.59272486435068261
 3.06412938514171618     1.17851130197757015     1.17851130197757903
-2.59272486435067595    -1.64991582276862347    -1.64991582276862836
 0.28727947432899997    -4.47834272066099981     4.05777071705800019
 0.23570226039553890     2.59272486435068217    -3.06412938514172239
 3.06412902994594738    -4.47834292088819552     1.17958182633479347
-4.47834294751480311     0.23570226039550168     0.23570226039550188
 4.47834294751480844     1.17851130197757326    -0.23570226039551845
 4.47834294751480755    -4.47834294751480666    -3.06412938514171085
 4.47834294751480844    -3.06412938514171085    -4.47834294751480488
 2.59272486435068039     3.06412938514169797     1.64991582276860482
 1.64991582276862903     2.59272486435067773    -1.64991582276862259
-3.06412938514169486     4.47834294751479511     0.23570226039550740
-1.64991582276859972     1.64991582276860305    -1.17851130197758791
-1.17860322965547670    -4.47834294164972668    -3.06412985030453422
 3.06412938514171174    -4.47834294751480755    -1.64991582276861681
-4.47834291972491627    -4.47834284936798177     4.47833046955175629
 1.64991582276861504    -4.47834294751480844    -0.23570226039552397
-1.64991582276859639     4.47834294751479600     1.64991582276859905
-0.23570226039550293     1.64991582276859972     0.23570226039550529
 1.64991582276862547    -0.23570226039553055     1.17851130197758436
-2.59281664635556730    -4.47834280276203778    -1.64991614220714400
 1.64991582276861881    -3.06412938514170863    -4.47834294751480755
-3.06412938514169353     3.06412938514169442     1.64991582276859750
 1.64991582968577766    -3.06412939205885460     1.17851130889471234
-3.06412938514170197    -2.59272486435068261     1.64991582276860171
 0.23570226039552850     1.17851130197757858    -4.47834294751480932
 0.23570226039552458    -1.64991582276861259    -4.47834294751480844
-4.47823879174999995    -1.69978541347799994    -3.11069663688800002
 1.17851130288903150     4.47834294751479334     4.47834294751479334
-1.17851130197758058    -0.23570226039552619    -1.64991582276862703
 4.47834294215113893     1.17881779076153048    -3.06412936236212996
-1.17851130197758236    -1.64991582276862547    -0.23570226039553130
 0.23570225998520419    -1.64991582317893148    -1.64991582317893504
-4.47834294647913467    -2.59272487137816787     3.06412938617735886
 1.17851130197760123    -1.17851130197759879     4.47834294751480400
 1.71669262089800001     4.47833781671200004    -3.10895829696100012
 0.23570226039552414    -0.23570226039551831    -3.06412938514171262
 1.64991582276863258    -1.64991582276862858     2.59272486435067639
 3.06412974193690246    -1.64991617956379222     1.17851165877274444
-0.23570226039550485     1.64991582276859794     3.06412938514170108
 4.47834294751480844    -0.23570226039552755     1.17851130197757969
-4.47834294751478801     4.47834294751478890     4.47834294751478712
 1.64991582276861681    -4.47834294751480577    -3.06412938514171262
-4.47834294751480488    -2.59272486435069593     0.23570226039551065
 4.47825563995235854     4.47834285749551064     4.47834284462194177
 4.47834294751481021     1.17851130197757437     2.59272486435067595
-2.59272486435067817    -0.23570226039552877    -3.06412938514172417
-0.23570226039550585     4.47834294751479511     3.06412938514169841
-3.06412938514169753     0.23570226039550293     4.47834294751479600
 1.64991582956314109    -1.64991582956314353    -0.23570225360099381
-1.65552214240815165    -4.01261220598982860     4.47834294205745476
-4.01267179557709674    -4.47834294187068327    -0.24136676224551773
-3.06412938514169308     4.47834294751478978     3.06412938514169220
 0.23561079898127452    -4.47834294655895260    -4.47834294655895349
-2.79246119923899982    -4.47239250613399975    -4.47826504435900041
-4.47834294751479156     4.47834294751479067     1.64991582276860083
 4.47834277226800026    -4.47834278638467254     2.59379576856262029
-4.47834294751479511     0.23570226039550601     3.06412938514169486
 3.06412938514172328     2.59272486435067817    -0.23570226039552686
 1.17851130197758702     1.64991582276860149     4.47834294751480133
-3.06412938336717122    -2.59281445783508602     4.47834294645135511
-4.47834294268245880     1.65115301595780251    -4.00817885608039148
-4.47834294751479067     1.64991582276860016     4.47834294751479067
 4.47834280768045634    -0.25590773594474570     4.02804876288987046
 4.01028331669036575     1.65323714991346793     4.47834294640141550
 4.07005481475963915     3.09464820963824394     3.09314919941275424
 2.59272486435069105     0.23570226039551487     4.47834294751480666
-0.23570226039550263     3.06412938514169975     1.64991582276859883
-3.06412938514170774     0.23570226039550232    -1.17851130197759324
 3.06412938514171485    -1.64991582276861459    -4.47834294751480577
 1.64991582420757421    -0.23570225895656599    -1.64991582420756799
 1.17851130197758969     4.47834294751479778     1.64991582276860327
 2.59272486435069149     4.47834294751480222     0.23570226039551512
 1.17851130197758591     3.06412938514169708     3.06412938514170019
 0.23570226039553333     1.17851130197758325    -1.64991582276862414
-0.23570226039550374     0.23570226039550188     4.47834294751480400
-3.06412938514170996    -1.17851130197759546     0.23570226039549896
-4.47834294751480222     0.23570226039551181    -2.59272486435069105
 4.00744264738204503     4.47834292087157682     1.65041961115651059
-3.06412938514169353     3.06412938514169308     4.47834294751478801
-1.64991582276859927     0.23570226039550432     0.23570226039550363
 0.23570226039551975    -4.47834294751480666    -1.64991582276861970
-3.06412938514169841     1.64991582276859883     0.23570226039550321
-1.17851153302452505    -3.06412961618864221    -1.64991605381556794
-1.64991582276860105    -1.17851130197759080     4.47834294751479955
-1.17851130197757525    -3.06412938514171795     1.17851130197757326
-1.64991582276860238    -1.17851130197758924     1.64991582276860038
 3.06412938514171262    -1.64991582276861837    -1.64991582276861259
 4.47834294751480755    -3.06412938514171351    -1.64991582276861415
 3.06413101334554838     1.18095381155440515    -4.47834294550697365
-0.23570226039550221     4.47834294751480311     0.23570226039550318
-4.47834294751479955    -1.17851130197759013     1.64991582276860060
 1.64991582276861881    -1.64991582276861370    -3.06412938514171040
-2.59272486435067417    -4.47834294751480932     1.17851130197756637
-1.17851130887420252    -1.64991582966524497    -3.06412939203834478
-0.23570226039551290     4.47834294751480488    -2.59272486435069549
 4.47834293776705294    -3.06412970385269157     1.17958171605144591
 1.64994681842972324     2.59586626223470640    -4.47834291727678924
-4.47834294751479867     1.64991582276860149    -1.17851130197758991
-0.23570226039549913    -1.17851130197759568     3.06412938514171040
-1.64991582276859794     3.06412938514169486     3.06412938514169353
 4.47834270688126423     2.59582162156009622    -4.47833955908391967
 3.06412938514171396    -0.23570226039552367    -0.23570226039551712
-4.47834294751479423     1.64991582276859861     1.64991582276859727
 3.08365180823799978    -4.47834277147600002     4.02726616774800039
-3.06412938514169886    -1.17851130197758769     3.06412938514169664
 1.17851130197759324     0.23570226039550182     3.06412938514171085
-2.59272486435068128    -3.06412938514172328    -0.23570226039553815
-4.01493898451998366    -3.06457545053974600    -1.65602449404108998
-0.23570226039550463     0.23570226039550302     1.64991582276860060
-3.06412938514458855     4.47834294751190765    -2.59272486888666531
 4.47793885705099992     4.47831994826599988    -3.04908889842999997
 2.59272486435068172     1.64991582276860327     3.06412938514170508
 1.64991582276862769     1.17851130197758014    -0.23570226039552361
-1.64991582276859861     0.23570226039550191     3.06412938514169930
-4.47834294751195561     3.06412938513795163    -2.59272918134974661
 1.64991582276861504    -3.06412938514171129    -1.64991582276861704
 0.23570226039552000    -3.06412938514171307    -0.23570226039552195
-4.47834294751479245    -1.17851130561023232     4.47834294751479245
-1.65042599139900337     4.47834281339935814    -4.00744861102913852
-4.31160800045500014    -3.14954759875899981    -4.47834269739999957
-1.17956098005726440    -3.06412906791272421    -4.47834291344411639
