197   11.14883791470134433
-2.23150580546252808    -1.41950194148857745     0.00185367620002179
-0.32595563251104942    -4.57441895735059845    -1.74283780317691495
-3.16306308383649082     3.15042748894617919     3.15502532623133058
-1.74332574357759040    -4.57441895735041015    -0.32275359877884580
-0.35081831963095989     4.57441895735067217     4.57441895735066684
-4.57441895735060822     0.31881535621349844     1.74433495773861624
-3.15996329741722537    -4.57441895735063575     1.09290740595437041
-4.57441895735063397     1.73704487761607984     0.32421152259649455
 1.95887584270696902    -2.99167238159988225     0.04253806300461167
 4.57441895735033111    -1.66219327236735315     4.57441895734622417
-4.57441895734772785     3.14558271155780034     4.57441895734787263
 1.72420450879567499     0.19431260176475296    -3.19157108161623082
 3.13982921305743101    -1.21848038183059182    -3.18680849958744838
 3.16123072984061082     4.57441895735046611    -3.15918110383356154
-3.16294095977014234     4.57389324567548528    -1.10411965525836164
-1.73818848491766254    -3.16214562185573467    -4.57441895733533954
 0.62052738276099995     1.40111292712199997     2.85199399841900014
-2.22151494411899275     2.83912977873580319    -1.42709453172268819
-3.16656582924598906     4.57334937101470285     1.73336920876240930
 4.57441895735060911     2.79009103631934696     2.42746716651360162
 4.57441895735046877    -4.57441895735050874     4.57441895734602699
-4.57441895735019788     3.15280817534936686     1.73687364950135836
 3.16234807359342041     3.15806610832308765    -1.74329003477541922
-3.16103907928264416     0.31369634080567971     3.15937245404541001
-1.75404907930062914     3.14930723011069658     4.57441895734716919
 2.57881567936200007    -4.57441734827400026    -4.57441845350799969
-2.23577113701534103     1.40702550600681509    -2.83244303099294292
 4.57441895735059578     0.32739816022956475    -3.15741290715049461
 3.16300348303286905     0.32693712555642684    -4.57441895735059045
-2.56053617808537615     2.98014836056928578    -4.57441895735064108
 0.26824138979372425    -3.16210661191641762     4.57441895735055670
-1.74089500142479481    -4.57441895735053361    -3.15827041261916408
-2.22836573378496050    -2.83461557734984027     1.41726859101261216
 4.57441895735067305     3.00800994842372793     4.57441895735067305
-0.32604919028563112    -3.16083804827287063    -3.15768373285901705
 2.54984064108700004     4.55270934179599962     4.50262673803799984
 0.54623257654523660    -2.99907598478171478     1.45830082181268383
-4.57441895735060555    -1.10135040393157602     3.15954704239316531
 0.30743458308032517     1.60596068925579250    -3.19512842211362980
-1.74210816562379223    -3.16215248688972306    -1.73891105256588507
-4.57441895735060378     1.07604915188895633    -3.16093820769866207
 3.35453257979999986    -4.47424966059699969    -2.73370316109099987
-1.14649928698415615    -4.57441895735067217     4.51210799199085066
-1.14031571767157303     1.56625318267983760    -4.57441895735066151
-1.74283336056606331    -0.34083163189996346    -4.57441895735063841
 1.71983408406624738     1.61026940965908194    -1.77910967769560169
-0.82061881125206693     1.41351503848691706     1.41297846067220156
-3.16299879039896492     1.73581336686696419     1.74121243851129992
 1.71562129668225460    -1.78185612554253159     4.57441895735058068
-3.15765509881529693    -3.16276043053753542    -3.15494925043440944
 4.57441895735053539     1.38156797355891969     1.00758591032631561
-0.86984810657300005    -4.48239547057900012     1.51915897311700010
-4.57441895735062332    -4.57441895735061888    -3.15433865726056917
 1.06386100589263566     3.16067131157505354     4.57441895735054516
-1.10885325580860328     3.01809100580295020    -3.19921822696883629
-3.15826830701148653    -1.75382275444144864    -4.57441895735058246
 4.57441728501200018     4.57431835317600033     1.25391669008700002
 0.59734523823423835    -1.41686536361912085     0.00116803203689944
-4.57441895734960102     3.15619994059684572    -1.11086667233100322
-0.81954226955938014    -0.00516517596344632    -2.82879985370015596
 3.36631753847484338     1.25959518875183041     2.87252157025429522
-4.57441895735064552     4.57441895734981063    -2.52106340360314851
 0.53247868377899998    -4.46058098388099999     0.09306742811000000
-2.86055816364974325    -3.54576959487586185     4.57441895735064996
-0.32203735391144983    -4.57441895735061888    -4.57441895735061532
-4.57441895735060022    -3.16214749642273052    -1.73818565682288884
 2.01199057771198442    -0.00308389826342366     0.00043884715193406
-3.63101580738669050     2.84109721845157326    -2.84600377675162219
-2.23475820117536594    -0.00607740312532957    -1.41338088508985815
-0.32275353845944521    -1.74915449932706579    -4.57441895735046611
 4.57441895735061443    -4.57441895735062065    -1.15193290487284838
 0.34365396185326386    -4.57441895735061532     3.16031613827748714
 1.37439294506218546     0.70453222675752003     4.57441895735062065
 2.01176281517979172    -2.83071072776671961    -2.82878683317316693
-0.81382264325548459    -0.00544287250692843     2.83512459030052577
 1.69605055567899998    -1.25430716498600003    -4.57439941061699962
-4.57441895735058690     1.73336558315687572     3.15821177537676423
 0.26837421453499999     4.57432102030299959    -3.14894026202299981
-2.22414551419298512    -1.42353579726687829     2.83648710885019550
-3.15947893491744258     1.07193779198981076    -4.57441895735063930
-0.03379894089288502    -0.71567748040910040     4.57441895735059134
 1.75731624263631847    -4.53115034307610287     4.57441895735042436
 3.15491057769700012     4.57416321956100003    -0.28946092833600001
-1.75364208758513751     3.15477669714673681     1.72518896962723645
-1.74765973459348012     0.31518680736894483     4.57441895735040394
-1.75869595717836025     4.57441895735057980     3.15389772988028838
 3.37805357724154254    -1.57427437528776193     0.03973406504219058
-0.33007073491598576     3.13943648830318933     3.14036756906389813
 3.15915086073292350    -4.57441895735049187     0.27546113625535451
 4.57441895735060022     3.16299466218366643    -0.32694561034960784
 2.01275959418649153    -1.41771862815229466    -1.41335321309100315
 0.27976410441562138     0.15793031525887030    -4.57441895735057802
 4.57441895735067217     4.57441895735067305     3.33089058342730215
 3.16314463988701089    -3.15728167868933252     1.68673927438378057
 3.16328585415329977    -4.57441895735053095     3.15266747466803476
 3.16188562440914867     1.74328951956300293    -3.15852731037825585
-3.15826129191363103    -1.74988123773948034    -1.73940270611176806
 0.59407542258253887    -0.00021672055213847     1.41463322336190944
 4.57441895735052206    -4.57441895735052118     1.69190979627916094
 3.16076849365228352     3.15871968768868383    -4.57441895735051407
 1.45723766141965827     4.57441895735061621     0.87196625338243117
-4.57441895735060378    -4.57441895735044834     2.50687882931569206
-1.74280928900846166    -1.74917951955497752    -3.15436394899419126
-0.82000912644269308    -0.00257756515432242     0.00029262979157804
-1.44600952169283437    -2.13189119149816664     4.57441895735063131
 1.75208197287950340    -4.57441895735048654     1.71172093178520379
 4.57441895735063841    -1.45430712940105589    -1.81336828949489015
 1.06292963293475062     4.57441895735060999     3.15973993841515188
 3.17092731257999993    -2.66325176763800009    -4.57379550986400041
-4.44997631490400014     4.57417398438899969    -4.57175043268000003
-4.57441895735066684     4.57441895734975290     0.31282409308640691
-4.57441895735067305    -4.57441895735067305     4.50687882931569206
 4.57441895735035686     4.57349613502078789    -4.57441895735035686
-1.35928670039348010     4.57441895735066772    -1.96831352023291650
-4.57441895735052206     4.57441895734603765     3.15391432443865316
-0.81673790145261993    -1.41782209336793108     1.41551168148054773
 0.33662672670977689     3.15741283214784518    -4.57441895735061976
 4.57441895735035065     1.74394325076034029    -4.57441895735041903
 2.06127981002400018     2.82501495751400000     2.84086140739699999
 4.57441895735063841    -1.09006899964431114    -4.57441895735063841
-3.16220837655070808     1.72906521074632558     4.57441895735050608
 0.59791741526419662    -2.83130304325597626    -1.41419589832520187
 1.96337331143016369    -1.57420264444799307     1.45348076808999527
 4.57436422412899990    -2.94730092247500020    -3.16631725393499996
 3.13072605910924917     3.02930169491297718     1.05068895878324864
 1.74869739669911484     3.15852759862386812    -3.15806618340918410
 1.71861459337691036     3.02520361465881393    -0.36561765141309227
 0.04856651093038803     4.57441895735057891    -0.54776808436503444
 1.09339759254685220    -3.16142783482187539    -4.57441895735043147
-2.37081146996613734    -4.57441895735061177     2.93063409761192162
 3.08663136117576409    -0.32709166197151684     4.51123859182108422
-4.57441895735063042    -0.34154893695984301    -4.57441895734724735
 3.37471844953992939    -0.15440298773833119     1.45648667620967953
 1.75337624686303006    -3.15624682073545415     3.12196421426742976
 0.59629500141391256    -0.00350995876428463    -1.41390277770076822
-1.75078802434302405     1.73185999557542614     3.15742044692359647
 3.37272575415026532    -2.99091435784133886    -1.37203885371351619
 4.57441895735050164     1.74171325963253154    -1.74263638988533787
-4.57441895735058868    -3.16044761693463627     1.09242308646516517
 4.57441895735050963    -3.15797138860591442     3.10388581767727123
-4.57441895735054782    -4.57441895735060111    -0.32203265638518608
 4.57441895735063131     1.00800994842365577     4.57441895735057713
 1.73190334857400008     4.57411116529700035    -1.72092919117499998
-4.57441895735063131     0.31285149965720838     4.57441895735051673
-0.34494800461260572     4.57441895735060289     1.73921871094472946
-2.77076467774271107     4.57441895735064907    -3.38525738625518180
 0.30310482953189127     3.02195821159701827    -1.78270770930943612
-4.57441895734968451     2.49099514745387829    -4.57441895735026449
 0.59678678642231042    -1.41726005827666746    -2.82857956561967283
-0.81062326919607353     2.83645462822088001    -0.00956939078056592
-4.57441895735059223    -1.75110190383885445    -3.15556010828375122
-0.81742297054162349    -1.41821823253771151    -1.41249001897219628
-2.23665725141080829     1.41126102319373148    -0.00135954834069343
 0.60862640863632045     2.84194000261401669     1.39957938157827089
 2.00860012501792395     1.41368334607223511     1.41209003643636088
-3.15987031539344310    -1.10102690372021317     4.57441895734351167
 3.20346533297166092    -3.11830611485900189     4.55953441053002795
 1.08879648716062860    -4.57441895735064108    -3.15683373138153378
-4.57441895735059578    -3.16609657192307248    -4.57441895735057091
-1.75508783188630124     4.57441895735052650     0.31642576636442449
 1.74804220102552166     4.57441895735057980    -4.57441895734999182
 2.77762370473074327     2.12964395399858031     4.57441895735048387
 1.95820708781989539    -0.16068923526563064     2.86838470553425307
 1.94502008398199999    -4.57375688705499961    -1.31829302597200004
-4.57441895735037285    -1.74817615600648457    -0.32372991397278283
-0.33936975377592798     1.73555958433399771     4.57441895735062065
 3.16466357261921960    -1.73932939699101774     3.09720338937220241
 4.57441895735039239    -1.74022580736152621     1.67069376367799793
-3.15433913592819648    -4.57441895735057713    -4.57325298447369022
 2.86511529896701411     4.57441895735057980     2.29248748085285348
 0.59354677141377454     1.41229247921000978    -0.00128255136318229
-4.57441895735054604    -2.51490530709771898     4.57441895735047588
-3.16474476735190180     3.15568919050753660     0.30787164645777715
-0.86776418030428126    -3.00925446215423298     2.87269453298981992
 1.74935301933651099     1.74171356248597720    -4.57441895735059401
-3.64794776964149658    -0.00586590617816293     0.00185591447875973
-0.81487277531970348    -2.83307118160572147     0.00233563457532245
 4.57441895735060022    -0.03444455510152458    -0.40482639444756141
-3.15957293971606212    -0.33752108278619497    -3.15546664262041787
 0.54902628749693527    -1.57991746712714920     2.86754930839963817
 4.57441895735058779    -0.32078019481731490     3.07965584728031727
 4.57441895735043946    -3.16131230085574977     0.26338669767984918
-2.23142890353102130    -0.00408725501482493     1.41729366496426379
 4.57441895735046966     4.57441895735049098    -1.74394294944838024
-3.64305710721951348    -1.42088073650415625     1.41872382601349911
 4.57437545443900007    -4.42529298726099984    -4.51377515652600003
-3.16654908542362135     4.56611163549101828     4.57441895735053894
 3.13551932563060243     0.19753688489146526    -1.77440752068099683
-4.57441895734938697    -0.33713056342053827    -1.74110436543103586
-0.82241837733178880     1.41000576141194367    -1.41554724145698074
-3.63743623801219718    -2.83867130270563095     2.83739881820960527
-3.15887241303734845    -3.16153976456199626    -0.32263884781347846
 4.57441895735057269     3.15918087820824578    -3.15964259559260485
-3.65018745755892704     1.40691039009139529    -1.41843226055013161
-1.14352683617299999     4.57077970191700000    -4.57440185582199987
 3.13427389639484932     1.61244524201423101    -0.36087230617704613
-3.15826595691288947    -4.57441895735060733    -1.73818539201327549
