198   11.21099578078800008
 1.63044092201099144     3.24696692367090023    -3.13861130298093194
-0.05384586557619446     3.61553867380858973    -1.46279297537702480
-4.60549789038599311    -2.60549789038593493    -4.60549789038597801
 4.60549789038593183     3.19562189345336600    -0.16054790665953148
 1.29633173089042986     4.60549789038596469     4.60549789038596469
-3.09222926031499989    -0.45524346941799998    -3.14322670096799994
 0.00397510406331308     0.83792567416716301     1.41375125215408048
 1.41838723950136969     0.84296203999930441    -0.00025474010537612
 4.60406871870381718     3.28998653529031815    -3.08554779602166063
 2.92371665787982016    -3.30137597677921146    -2.92371665787990764
 0.16866601887232985    -4.60549789038570001    -4.60549789038589186
 3.19128432801266193     0.57586925797897404    -4.60549789038601087
-2.88010212426907852     0.78494939452835832    -1.46437086355436796
-3.17911265910019170     1.06615913919884031    -4.60549789038530477
 1.41175233460803495    -4.60549789038599489    -3.03873804547318382
 1.42834150435481511    -4.60549789038596469     2.98861730022904792
 2.84538034508726145    -0.55827211130862475    -0.01553642256355758
 4.60549789038598956    -4.60549789038601620     2.60549789038601176
-3.13761621587195449     1.82607079041764853     0.22375020190494579
-1.42545949144755646    -0.56085224109171528     1.42545949136582983
-1.40133030892602739    -4.60549789038601354     3.02725786935884145
 1.67139755974218818     4.60549789038598867    -1.67139756043967380
 1.25066114250250848     3.19027016051497458     3.19303738829728534
 4.60549760527200025    -3.66705826095500020    -4.60549648286900037
-4.60549789038584212     4.60549789038585367    -1.29633173093224618
-4.60549789038600466     0.46813778151722624     0.26037441472206818
 3.04763655909200004    -3.38894563919699987     3.01593516846799981
-4.60549789038600110    -0.85349908197136071     4.60549789038598778
 4.50883905687742104    -1.87676510049846312     2.74549638747060243
-1.41153230820415954    -0.57367182934649441    -1.42079815750583083
 4.60549789038601443     4.60549789038599489    -1.57908577124874849
 0.21627307116238231     1.83271396449237400    -3.14283706693730469
 1.31839859392300007    -2.95465174449100010    -4.60521645657000001
-2.60549789038599000    -4.60549789038599577    -4.60549789038587942
 2.60549789038602819    -4.60549789038603308     4.60549789038589452
 4.60534962584400009    -2.95581365341100000    -1.31888177737499990
-3.19303738797608583     3.19027016079485159    -1.25066114379784721
 4.60549789038588475    -4.60549789038554724    -0.16866601763398814
 3.16757437075699988     4.60411437113099975     3.13644365934999980
-1.50950984652740905    -3.26225420682507039    -1.51743441675774782
 3.03873804651889623    -4.60549789038603663    -1.41175233468771788
-3.11403670981089142     0.47675516149855729     1.69982314740888296
-1.77707076563150546    -0.85349908195478208     4.60549789038602597
-0.16528585212216321     3.18323891220491673     4.60549789038595403
-0.11044872373692816    -1.49960837965007232    -4.60549789038599311
-2.98861730020955374    -4.60549789038597002    -1.42834150438157392
 1.42900560470876825    -0.55652294337313080    -1.42900560468261739
 4.60070406428100043    -4.59774516843600001    -2.83524144840500014
 0.16345226292125103     4.60549789038601887    -3.18696299972647301
 0.00025474020626570     0.84296203957642302    -1.41838723936402022
 0.01520409935651479    -4.60549789038529322     1.57332839876907360
 1.77707076563948108    -0.83834430439403673    -4.60549789038577551
 0.00483312854127399    -0.57190325880260739    -0.00483312797821041
-1.57140796594559617     4.60549789038603841     4.60549789038603841
 0.01721732881018232    -1.97315481012875882    -1.43183723501145721
-0.22267498999346536     3.24144327509333863     1.72456293515454484
 1.64838280911970836    -0.20961033370154192     4.60549789038600288
 2.83750870110700015    -4.60454802943699981    -4.56695000909599980
 3.20368207639997937     1.04778546285485441     4.60549789038538115
-4.60549789038589008    -4.60549789038589719     0.17285221292265054
-0.00863834431568200    -1.97245099457073803     1.42285190719534294
-4.60549789038602952    -0.85349908198791724     1.77707076564817057
-3.01428369358300019    -3.38323828934100002    -3.03750236581499999
-1.47028352613493873     0.78964651051880141    -2.88295799780325401
-1.77008416407899993     4.60546120987299989    -1.77560662400600000
 0.25129163652662634     0.46740492954784119    -4.60390001545704219
-4.60549789038512980     3.24046880012388794    -2.75807575186759246
 4.60549789038585988    -0.83834430439411245    -1.77707076563956079
-4.60549789038586521     2.47428902871430978    -4.60549789038575685
-4.60529498104599977     4.60549753497299985    -4.60549735814699979
 0.11693500771800069    -1.49594918158800594     4.60549789038600021
-4.59965566816800031    -0.60214127644200000    -4.59979418606399992
 4.60549789038600288     0.57586925797897792    -3.19128432801266060
-3.14552825726031848     3.24019567680970955     1.63803030333031074
-3.02725786814006170    -4.60549789038601798     1.40133030885334753
 4.60549789038560142     1.06615914104414422     3.17911265784464403
 4.60549789038601531     1.78291532622680271     1.25517104670478030
-1.69982314744696006     0.47675516155093656     3.11403670982521685
 0.16054790094013699     3.19562189276650388    -4.60549789038587942
 2.75807575183780207     3.24046880013725058     4.60549789038556856
 2.92321914627842583    -1.88623708920087241    -1.50900558479143920
-1.31379241612900000    -2.95732036536000020     4.60537531422400015
-0.00614226657297295    -4.60549789038595847    -1.57956801754396658
 2.94691765515493209    -1.86353838090408597     1.49640608299695255
-1.68288525660283028     1.87400509613293953     4.60549789038600910
 2.88295799773974259     0.78964651088639026     1.47028352592071010
-0.00025934077538302     2.25285418311635821     0.00025934059614107
-3.20315777342100017     4.60549512969399988    -3.17074132525300012
 4.60549789038591850    -2.60549789038598245     4.60549789038600288
 4.60549789038599844     4.60549789038599933     1.30689423015017603
 4.60504875086599963    -0.60267397968400005     4.60442173972100033
-1.30689423006314787     4.60549789038603752    -4.60549789038603663
-4.50890167913968387    -1.87983457459247316    -2.74429346204273417
-4.60190842980699966    -4.60549762318700040     2.83134358768000016
 1.69796143739689809     0.48971008400567789    -3.11217499976992906
-2.91866487169765865    -3.30707446735309007     2.91866487171122779
 4.60383265628799965     4.60451122252499978    -4.60395746327800026
-3.19128432800041795    -0.85349908196308366     3.19128432800874862
-1.64100363555852358    -0.21220725261204293    -4.60549789038599844
-3.19128432800046014    -2.26771264433202147     4.60549789038601265
 4.60549789038603663    -3.16466353041893900     1.21841593637670997
 4.60549789038307633    -1.49960837940994751     0.11044872382100063
-4.60549789038602597     0.56071448039764371     3.19128432800879969
-4.60529382603800030     4.60516658015500013     4.60427914070900002
 1.57956801749697373    -4.60549789038599666     0.00614226624996565
 3.12955759438299985    -0.47828241892200002     3.13065072751300022
-2.91866487168810007    -1.89286090498321435     1.50445130933491344
-3.19128432801703754     0.56071448040587835     4.60549789038600110
-1.25416640561395454     3.19469892659833166    -3.18885888898010750
-3.00781715714929510    -3.19203898774038786    -0.01350395327348711
-4.60549789038603752    -1.49594918188812587    -0.11693500761077368
 4.60549789038603130    -4.60549789038599133     4.60549789038601265
-1.57332839881745512    -4.60549789038586077    -0.01520409931568392
-1.49640608312938372    -1.86353838081361456    -2.94691765536183459
-2.94505897199245492     2.13961020476282382    -2.93429422793389261
 1.46437086345596046     0.78494939464842284     2.88010212401891019
-4.60549789038599489     1.87400509583606967     1.68288525634329345
 3.01741288214387504    -3.19198260407879086     0.00299844645365423
 1.51743441718617933    -3.26225420756946427     1.50950984589829940
 1.46622360774156002     2.20133299808554872     1.46806315302705914
 4.59815764584500020     4.59579398788700022     4.59051702024100017
-3.09635049442500021     3.28978483068800021     4.60549738506999962
-4.60549789038599044    -4.60549789038593627    -4.60549789038603663
 1.43183723541306085    -1.97315481028703643    -0.01721732894289709
 3.19128432801274275    -0.83834430439403618    -3.19128432801266859
-4.60549760094180094     3.28976233645100002     3.09630566940899987
 1.42079815758683226    -0.57367182912115267     1.41153230769425209
 4.60549789038554103     3.22083730755218456     2.75005571465097676
-0.26037441506359305     0.46813778173113929     4.60549789038600110
 3.18696299903204627     4.60549789038597002    -0.16345226290001036
-1.68478747515286886     4.60549789038603574     1.68478747488420466
-1.41775359025449532    -4.60549789038589008    -2.99637903911815950
-2.93826391375480789    -1.86277707877502596    -1.50622801474873325
-3.18597881425165586     4.60549789038585988     0.16251989553641361
 1.57908576484666385     4.60549789038598689    -4.60549789038597446
 4.60549789038590340     1.99008282035195716    -4.60549789038587853
 1.41395009327891552     2.25768666311213551    -1.41395009359984036
 1.66701080538061608     1.88011070146264681    -4.60517944436296567
 4.60549788081952371     1.88011050793853118    -1.66701068159889410
 3.11217499977004186     0.48971008400571459    -1.69796143739686056
-1.21841593575703189    -3.16466353101545739    -4.60549789038599489
-4.60549789038395208     1.04778546406418460    -3.20368207508030567
-0.26245045020750030     4.60549789038596735     0.26245044999355166
 1.50950330283288237    -3.30245934769568006    -1.50950330314366377
-2.75005571477495625     3.22083730777218502    -4.60549789038577373
-1.68440215234777790     1.87529269228471196     1.68440215231087587
-2.84141435585120217    -0.56260645050593583     0.01299046702416358
-0.22375020180237948     1.82607079076779066     3.13761621600905416
 1.50622801491521052    -1.86277707913339530     2.93826391274780896
 4.60549789038599133    -2.25255786676697767    -3.19128432801288620
-4.60549789038585899     1.77431011314419917    -1.25419279922188620
-3.09923320526299984     4.60549758595599990     3.09921310495000002
 1.21632283947833453    -3.16668147473891981     4.60549789038600110
 4.60549789038585544     2.47428902880171719     4.60549789038557744
-0.16251989655910284     4.60549789038578350     3.18597881409982087
-1.50445130931289217    -3.30707446736219834     1.50445130934954396
-3.11403670983250702     1.89096872391158999     3.11403670982517866
 1.68640916836499999     4.60344285473200010     1.79063662431800008
 3.08554807404055209     3.28998686068579760    -4.60406900427702848
-4.60549789038599755    -0.20961033425438658    -1.64838280922475811
 0.01553642275452949    -0.55827211161032064    -2.84538034506791959
 3.11217499977011025     1.90392364637865596    -3.11217499977013290
-0.00299844720785709    -3.19198260475392548    -3.01741288109370620
-2.74549638710525157    -1.87676510135173324    -4.50883905747440217
-4.60549753655199989     1.97734606252299994     4.60547176196299990
 3.09765466574008652     4.60549789036709978    -3.09765466511607368
-0.17285221142949056    -4.60549789038590607     4.60549789038588298
-1.63803030345150580     3.24019567693768362     3.14552825710653972
 3.19128432801282091    -2.25255786676688752    -4.60549789038601887
-4.60549789038602064    -3.16668147545974366    -1.21632283873176594
-0.01299046707557368    -0.56260645044132940     2.84141435573824186
 1.50900558438474253    -1.88623709009827123    -2.92321914764396551
 3.13861130251773979     3.24696692393791775    -1.63044092224476778
-4.60516302027899993    -2.95785007392600008     1.31369823115500006
-4.60549789038598956    -2.26771264435695619     3.19128432802532469
-4.60549789038600998     4.60549789038601176     1.57140796507591318
-1.50445130932263593    -1.89286090498187076     2.91866487171568068
-4.60549789037048374     3.18323891174088569     0.16528585172180030
 3.14283706712480626     1.83271396475408754    -0.21627307140340976
 2.93429422719462352     2.13961020559592630     2.94505897137391326
-4.60549789038592916    -4.60549789038603663    -2.60549789038603707
 3.18885888967960618     3.19469892592348703     1.25416640496178045
 4.60390001394573023     0.46740492831119351    -0.25129164446215702
-1.41375125196154561     0.83792567379453542    -0.00397510383447987
 1.46279297481876891     3.61553867336105217     0.05384586463875517
-1.72456293535268990     3.24144327507762320     0.22267498973755556
-4.60549688454100004    -3.68226099775200000     4.60549758511399965
 2.99637904017298551    -4.60549789038596202     1.41775358882561608
-1.46806315299368784     2.20133299756069256    -1.46622360764875226
 1.25419279777957549     1.77431011254376081     4.60549789038588830
-1.25517105448849442     1.78291532760864913    -4.60549789038603308
 2.74429346248982409    -1.87983457360715822     4.50890167792609553
 0.00311019045827906    -3.37476838654999911    -0.00311019050685295
 4.60549789038601265    -0.83834430439388674    -4.60549789038598600
-2.82948170028799995    -4.60205868883400004     4.60100969589900011
 4.60549789038601620    -0.21220725212043504     1.64100363543106664
-1.42285190686320351    -1.97245099418975300     0.00863834499667468
 0.01350395322361757    -3.19203898777156780     3.00781715776080993
