199   11.22554180413600022
-0.37012945410172837    -4.61277014122103868    -1.78434301647485016
 4.61276963734668843     2.91551696620499978    -3.19465042673999999
 4.61277014122104134    -3.19855657884793132    -1.04408410827138121
-0.29170748208033570     1.45632772566981017     3.12013460682679122
-2.60242823154492209     4.61277014122108575     1.23243598980047264
-4.61276985521451799     4.61276982919624867     4.61276969545570648
 1.78434301647483373    -4.61277014122103246     3.19855657884792688
 1.19606404265139310     1.54139555200141887     4.61277014122099605
-3.19855657884794065    -1.78434301647484439    -1.78434301647487192
 0.21814951971537977     0.12718198963018473    -4.61277014122101470
-1.16708045410556660     2.93477605105427575    -3.17831876997224017
 3.19855657884792155     1.04408410827131970     4.61277014122104667
 4.61276957894201889     1.49376040555489120    -4.61276978904909551
-4.61277014122103246    -4.61277014122104934     2.45829767064443239
 2.82842712474550861     0.45396046014657426     1.41421356237365470
-1.70592104445415060     1.45632772566939450     1.70592104445186665
-4.61277014122103068     0.12718198962873029     0.21814951971996668
 3.19855657884794509    -4.61277014122103601    -1.04408410827138365
 0.37012945410173409    -4.61277014122103335     4.61277014122102447
-4.61277014122096674     2.45829767064460381    -4.61277014122093831
-4.56019839719700038    -4.31286719552100006     4.61274886153400043
-1.79218303291963976     4.61276976518200499     4.61276983549763209
-4.61277014118744688     1.54139555292012065    -1.19606404552240342
-3.20088744759093968     4.61276982871533736     3.19306812663400308
 4.61277014122104312    -1.28703157274460134    -1.63236308209389658
 0.44225615172475596     4.61277014122101914     4.61277014122092144
-1.78434301647482396    -4.61277014122105644    -3.19855657884795264
-4.61277014122103335     2.97593576084948230    -2.68091848864275617
-1.41421356237309825    -2.37446666460084321    -0.00000000000002565
 4.61277014122108930     1.37098178490576061    -1.78434301647728932
-2.85279190666506421     1.91787444265229379    -2.82577371251181342
 4.61277014122103601    -4.61277014122103424    -2.45829767064448657
 1.78434301647485771    -1.78434301647483773     3.19855657884793043
 4.61277014122103779    -1.78434301647483395     3.19855657884792111
 1.41421356237311446    -3.78868022697389284    -1.41421356237310536
 1.78434301647485505    -4.61277014122103779     0.37012945410172421
 1.41421356237310736    -2.37446666460078504    -2.82842712474623292
 1.63236308209394898    -1.28703157274463043    -4.61277014122103513
-4.61277014122109108     1.37098178490570577     1.78434301647402482
 0.25284003275353734     2.93118140331820198    -1.76983984236785963
 3.19229060909899998     4.61276296409500031    -3.21636816714099982
-4.61277014122101825     1.04408410827137388    -3.19855657884791755
-1.41421356237309759    -3.78868022697391194     1.41421356237309581
-4.61277014122103868    -3.19855657884791933    -4.61277014122104401
 4.07893355961532222     4.61277014122103601     0.24223389937460338
-2.82842712474622227    -2.37446666460082056     1.41421356237308493
-0.37012945410172432    -4.61277014122103957    -4.61277014122104312
 0.75294405577273216     4.57629529960206494     2.16647001232809888
 2.13781917496474527     4.61277014122102447     0.72397547501720194
-0.37012945410172704    -1.78434301647483662    -4.61277014122105289
 2.45829767064447147    -4.61277014122103601    -4.61277014122103335
-4.61277014122105200    -1.28703157274569979     1.63236308209736181
-3.19855657884789357     1.04408410827138320    -4.61277014122102624
 4.61277014122105289     2.78519534727760387    -0.37012945410283221
 4.61277014122100137    -0.04323177746701101    -3.19855657885072242
-1.74866375665236706     2.91204512791843451     0.33512651585565550
 4.61277014122104312    -3.19855657884794109     1.78434301647482374
 4.61276924472611061     4.60948014108800042    -1.80844819139799995
 1.78434301647136517     1.37098178490616052    -4.61277014122107865
 3.19855657884793887    -3.19855657884793043     0.37012945410171028
-3.19855657884793354    -4.61277014122103424     1.04408410827133746
-4.61277014122104401    -2.70124513511881936     3.04657664447051690
 4.61277014122100582     0.12718198963004784    -0.21814951972064567
 4.61277014122102091    -1.45744533984290525    -4.61277014122102180
-1.41421356237310669    -0.96025310222774629     1.41421356237306717
-4.61277014122024909     2.78519534729187246     0.37012945409231740
 0.03236923115583345     1.92254606209711554    -0.05693372290808504
-3.12013460682684052     1.45632772567028645     0.29170748207836622
 1.04408410827136899    -3.19855657884794287    -4.61277014122105289
 2.82842712474622138    -3.78868022697386131    -2.82842712474622004
 0.00000000000001638    -3.78868022697391860    -0.00000000000001313
 4.61277014122097562    -0.37012945410165465     1.78434301647473670
 3.04657664446708365    -2.70124513511773801    -4.61277014122103424
-1.78434301647483085    -4.61277014122102980    -0.37012945410175269
-1.63236308209724479    -1.28703157274566093     4.61277014122105200
 3.19855657884793709    -1.78434301647483728     4.61277014122104134
-1.78434301647483085    -3.19855657884794642    -1.78434301647487215
 3.19855657884511224    -0.04323177746630066    -4.61277014122102447
-4.61277014122105022    -1.78434301647481619    -3.19855657884795264
-3.19855657884792777    -4.61277014122103957    -1.78434301647485016
-0.00000000000104242     0.45396046014646002     1.41421356237419671
 4.61277014122104401    -0.37012945410175357     4.61277014122103335
-1.78434301647483662    -1.78434301647484306    -3.19855657884795885
 0.00000000000000027    -2.37446666460081701    -1.41421356237311735
 4.61277014122097739     1.04408410827142473     3.19855657884787181
 3.12013460682427102     1.45632772566887825    -0.29170748207964453
 0.37012945410173337    -3.19855657884793576     3.19855657884792999
 4.61276985791186256     4.43293372981299960    -4.61276962949326563
 4.61277014122103068    -4.61277014122103246     0.37012945410172449
-3.19855657884794908    -3.19855657884793843    -0.37012945410175879
 0.37014674093000000     2.79541153927800012    -4.61276970127033348
-4.61277014122103157    -0.37012945410173437    -1.78434301647483373
-4.61276988411591482     3.19623587872525006     3.18863233874545848
-3.19855657884793310    -1.78434301647482951    -4.61277014122105289
 1.78434301647482774    -3.19855657884792999     4.61277014122102891
-1.18821466917477303     4.61277014122110351     2.64664955217652009
 3.19855657884794375    -1.78434301647485016     1.78434301647482463
-0.00000000000001095    -0.96025310222771343    -0.00000000000002645
 3.19855657884794375    -3.19855657884794198     3.19855657884792510
-3.12013460682605670    -1.37209939907799683     3.12013460682601984
 2.61027760502460326     2.95560911437440721     4.61277014122103690
 1.04408410827137743    -4.61277014122103335    -3.19855657884793443
-3.19855657884791800    -4.61277014122104312    -4.61277014122105378
 4.61277014122103601    -1.78434301647482396     0.37012945410171288
-4.61277014122103601    -4.61277014122104134    -0.37012945410176318
-2.82842712474620139    -0.96025310222773630    -0.00000000000002843
 3.19855657884792866    -4.61277014122102980     4.61277014122102713
 0.66707263213227830     4.61277014122098183    -0.76950456348797935
-3.12013460682596122     0.04211416329500801     1.70592104445283477
 3.20246238130599981     2.91733829087399998    -4.61276976736038691
-0.37012945410332632     2.78519534728142260     4.61277014122101292
-4.61277014122103157    -0.37012945410170472    -4.61277014122103424
-3.19855657884792022    -0.37012945410173664    -3.19855657884795574
-0.00000000000264277     0.45396046014804170    -1.41421356237576457
 4.61277014122095252     2.97593576084945965     2.68091848864243332
-2.17892367585598379     4.61277014122103424    -3.57895467453032401
 1.14042148527360920     2.85229470425946641     3.10331748597883417
 1.41421356237310158    -2.37446666460079703    -0.00000000000001072
 3.12013460682574895    -1.37209939907740175    -3.12013460682577071
 0.37012945410170889    -1.78434301647485638     4.61277014122104490
-0.27231823997262056     2.85187759168027855     1.68763168230318827
 1.13170570101441936     4.61277014122107598    -2.71478503460291964
 1.41421356237307916    -0.96025310222720428     1.41421356237307649
 1.78434301647580895     2.78519534728126139    -3.19855657884998967
-0.21814951972183735     0.12718198962823332     4.61277014122095963
-4.61277014122103690    -1.45744533983967317     4.61277014122103690
-1.41421356237316642    -2.37446666460076061     2.82842712474624625
 4.21395948182400026     4.56890896776099975     4.40910406905099972
-2.19466403555650302     4.61277014122010875    -0.72555490917478183
 0.00000000000000663    -2.37446666460082589     1.41421356237308493
 0.29170748207799263     1.45632772567358826    -3.12013460682867549
-3.19855657884792954    -3.19855657884794331    -3.19855657884796329
-3.19855657884933287     2.78519534728013740     1.78434301647418136
 2.82842712474624003    -2.37446666460074329    -1.41421356237314533
-4.61276980050600027     1.57625926362100000     4.61276109299900039
-3.58836644671947891     4.61277014122103779    -2.15998636069782757
 4.61277014122103513    -4.61277014122104312     3.19855657884792555
 0.37012945410174192    -4.61277014122103601     1.78434301647482862
 1.41421356237308471    -0.96025310222770865    -1.41421356237311957
 3.19855657884793709    -4.61277014122104045     1.78434301647483218
-0.00000000000000770    -0.96025310222770388    -2.82842712474621694
 2.82842712474619429    -0.96025310222769933     0.00000000000000138
-4.34097988463299966     4.45660282464100010    -4.61276976161400043
 2.88716176199726782     1.94702561664893592     2.74361443527149573
-4.61277014122101825    -0.04323177746660681     3.19855657884791000
 4.61277014122098006     1.54139555200209522     1.19606404265358979
-3.20093799041505322     1.37335927327860219     3.20093815013251470
 3.19855657884788824    -0.37012945410167641     3.19855657884784517
-1.41421356237573992     0.45396046015234226    -2.82842712474885838
 3.12013460682566279     0.04211416329560378    -1.70592104445258386
-1.04408410827136056    -4.61277014122105200     3.19855657884792466
-0.67129182793890319     4.55358427395044707     0.71551314857265802
-4.61277014122102624    -4.61277014122103779    -3.19855657884794553
-1.78434301647396221     1.37098178490564959     4.61277014122110618
 3.57903781634603257     4.61277014122102091     2.17875248845689518
 1.70592104445028192     1.45632772567089841    -1.70592104445477455
-3.20857085956405630     3.18861152599974007     4.61276975932504030
 3.20111059639592987     1.37354023449123464    -3.20111555927494829
-1.04408410827138165    -3.19855657884795841     4.61277014122104045
 2.15960532267840399     4.61277014122105822     3.58772778842510265
-4.61277014122105289    -3.19855657884795264     1.04408410827133880
 3.19841011836370193     2.94678145899496657     1.03961539878286668
-1.41421356237315132     0.45396046014545888    -0.00000000000008294
 2.61614054209252922     4.61277014122108220    -1.21798453223037462
 1.76198103978100007     4.54706022791800013    -4.61275852370900008
-1.70592104445286341     0.04211416329500029     3.12013460682592791
-1.43624528710096078     1.88986774476242703    -1.41417486741601017
 1.70592104445256898     0.04211416329561447    -3.12013460682568811
 1.78434301647484550    -3.19855657884794198     1.78434301647482707
 1.73288203789664363     2.96319735753412727    -0.39106804942618112
-4.61277014122028284     4.61277014122032103    -0.44225615176091326
 3.19855657884792066     2.78519534727878160    -1.78434301647591131
-2.45829767064449412    -4.61277014122103957     4.61277014122102269
 4.61277014122039208     2.45829767064510696     4.61277014122076423
-3.04657664447049026    -2.70124513511878250     4.61277014122103690
-1.41421356237310736    -0.96025310222768756    -1.41421356237312668
 4.61277014122102536    -2.70124513511772246    -3.04657664446707299
-1.78434301647702265     2.78519534727879670     3.19855657884806188
 1.48367292707215581     1.95595312289572010     1.31878483497687848
-2.82842712474620317    -3.78868022697391460     2.82842712474618097
 1.41421356236938878     0.45396046014907998    -0.00000000000156229
-4.61277014122104045    -3.19855657884793576    -1.78434301647485749
-2.82842712474624802     0.45396046014553976    -1.41421356237317641
-2.68091848864274684     2.97593576084949163    -4.61277014122102003
-3.13946157008283322     2.89065733715515982    -1.10196573473157589
 4.54970271429900031    -4.15140787438800007    -4.61276970673899989
-0.37012945410172754    -3.19855657884793310    -3.19855657884795930
-1.19606404267863864     1.54139555200999556    -4.61277014122071094
-4.61277014122104756    -1.78434301647484594    -0.37012945410175169
 4.61277014122103157    -3.19855657884793310     4.61277014122103424
-0.78525029204807340     4.60374963547430482    -2.14452338313241198
-4.61276977280483802     4.50412686105800031     1.67492037657500004
-1.78434301647482463    -3.19855657884793931    -4.61277014122105289
 1.78434301647471050    -0.37012945410166348     4.61277014122099427
 1.41421356237259088     0.45396046014718772     2.82842712474695590
-3.19855657884786782    -0.04323177746664710     4.61277014122101292
-0.46486626104099998     4.61276895306999979    -4.61262269670400027
 0.00000000000000629    -0.96025310222774285     2.82842712474619518
-1.78434301647481086    -0.37012945410172904    -4.61277014122103957
