19    5.45895321699043912
 1.72432346779599999     1.54605598396400001    -1.67188783254499995
-0.32655837391950215    -1.72947660849519336     1.72947660849520490
-0.01462356513874180    -0.00533575477059171     0.74456822460484018
-1.72947660849519402    -0.30405722210569042     1.72947660849521268
 1.72947660849522000     1.72947660849520934     0.36166173827558501
 0.21510005041171479     0.18836113106534225    -1.72947660849521867
 1.72947660849521512    -0.09641509730807565    -0.45449969102549131
-1.64845363988700000    -1.43561270925400009     0.04570036312300000
-0.35226086181017474    -1.72947660849521734    -1.72947660849519447
-0.08038498473393571     1.72947660849521845    -0.48945577027069181
-1.72947660849520624    -0.27920877561646168    -1.72947660849519735
 1.72799684976199996     0.27008142103499999     1.72940345963700004
-1.72947660849521845     0.71270969319456356     0.00721500236482955
 0.66492588927026886    -1.72947660849520957    -0.00746292869284594
 1.67535849412900006    -1.72931484618000009     1.72259547114100009
 1.72183867323499995    -1.70311619586799989    -1.72574537873299994
-1.72947660849521334     1.72947660849508256     1.72947660849509810
-1.72697641278599989     1.72621070366899998    -1.72577026058599992
 0.27044562354934354     1.71183955165659141     1.72947660849521423
