26    5.99142624677336944
-0.00000000000000002     1.86483482441332504    -1.99571312338659679
 1.99571312338657925     1.86483482441329484     0.00000000000000096
-1.41340157696079549     0.04791640892953339     0.04791640892950691
-1.99571312338657969    -1.86483482441329529    -0.00000000000000083
 0.04791640892949572     1.41340157696078261    -0.04791640892952787
-0.04791640892949872    -1.41340157696078661     0.04791640892953012
 1.99571312338659856     0.00000000000000003     1.86483482441331461
-1.99571312338668516    -1.99571312338668494     1.99571312338668272
-0.00000000000000005    -1.86483482441332615     1.99571312338659990
-0.00000000000000111     1.99571312338658324     1.86483482441329640
 1.41340157696079594    -0.04791640892953402    -0.04791640892950780
 1.99571312338668516    -1.99571312338668472     1.99571312338668494
-1.99571312338660545     0.00000000000000010    -1.86483482441331327
 1.99571312338668516     1.99571312338668472    -1.99571312338668294
 1.86483482441331816    -1.99571312338660745     0.00000000000000003
-1.86483482441330972    -0.00000000000000050     1.99571312338658347
 1.99571312338668472    -1.99571312338668294    -1.99571312338668494
 0.00000000000000098    -1.99571312338657947    -1.86483482441329596
 1.86483482441329729     0.00000000000000106    -1.99571312338658680
-1.99571312338668516     1.99571312338668472    -1.99571312338668516
 1.99571312338668272     1.99571312338668472     1.99571312338668450
-1.86483482441332038     1.99571312338660611    -0.00000000000000008
-1.99571312338668472     1.99571312338668383     1.99571312338668516
 0.04791640892952122     0.04791640892950003     1.41340157696080726
-1.99571312338668250    -1.99571312338668450    -1.99571312338668450
-0.04791640892953039    -0.04791640892949842    -1.41340157696079771
