29    6.24264068711929898
-2.12132034355956423    -2.12132034355964905     0.70710678118652415
 2.12132034355964949    -0.70710678118658299    -2.12132034355782340
 2.12131805718700006    -0.04086776093000000     2.12130972860100009
 0.70710820235315908    -0.70710536001885427    -0.70710536002004898
-2.12132034355963928     0.70710678118657611    -2.12132034355963661
 0.75149403555585770     0.66285514892445063     0.75170647721903472
-0.70710486945235451    -2.12132034355939858     2.12132034355939858
 2.12132034355858368    -2.12132034355858368    -0.70710669832127748
 0.70710685502413206     2.12132033264777187    -0.70710670734858094
 0.70710678118651971    -2.12132034355964993    -2.12132034355956023
-0.70710638892219024    -2.12132033426963673    -0.70710638892218447
 2.12132034355964683     2.12132034355964683    -2.12132034355935417
-2.12132034355934751     2.12132034355964638     2.12132034355964727
-2.12132034355815602    -0.70710678118657877     2.12132034355964949
-0.70710657375835351    -0.70710657376039121     0.70710698861324528
-0.70710678118655368    -0.70710678118653303    -2.12132034355964816
-0.70710676908204084     0.70710679329078063    -0.70710676908204140
-2.12132034355964816    -0.70710678118653458    -0.70710678118655212
-0.70710600596680995     2.12132011146887889     0.70710755640633449
-0.70548196702341437     0.70710661712007628     2.12132025580290140
-0.70710678118650394     2.12132034355964327    -2.12132034355960464
 1.33061427232500007     2.12111267341700005     2.12080728255600004
 2.12131990524500003    -2.04086776107999990     2.12131630752099998
-2.12132034355963306    -2.12132034355964416    -2.12132034355963306
-2.12132034355962018     0.70710678118653303     0.70710678118656989
 0.70812141284757057    -2.12032182253543011     0.70812056303824478
 0.70710678118657322     0.70710678118653048    -2.12132034355961974
 2.12132033174773049     0.70710815756345580    -0.70506083022893884
-2.12132034355959975     2.12132034355964372    -0.70710678118651038
