33    6.46807804653548679
 2.23403902326773940    -2.23403902326772341     0.23403902326773171
-2.23125399339699992     0.86546263732600004    -0.77560881987499997
 2.23403902326770210    -0.70363097313462519    -1.05353668327841676
 2.23403902326766879     0.91080831816119268    -2.23403902326773718
-2.23403873444999990     2.23403870409699978    -2.23403759813500002
 0.23403902326773179    -2.23403902326774029     2.23403902326772386
 0.63775897429493400     0.79023044258581254    -0.76226391793779236
-0.74946281234889545    -2.02168560314668078    -2.23403902326774340
-1.05353668327841588    -2.23403902326770298     0.70363097313462530
 0.77032102980600003    -0.84342643124000005     0.76830334033500003
 0.68233266396100001     2.18746211738600005    -2.23403839814399996
 0.56385730312184812     2.23403902326770609     0.61974741535418909
 2.23403902326773274    -2.23403902326773274     2.23403902326773185
 0.43261156665601852    -2.23403902326770520    -0.63478726464339541
-0.91080831816119290     2.23403902326773718     2.23403902326767012
-2.23403902326771275    -1.71997149329950116     2.23403902326772208
 2.23403902326772297    -0.23403902326773238     2.23403902326774029
 2.23403902326772119     2.23403902326771275     1.71997149329949517
-2.23403902326770520    -0.61974741535419064     0.56385730312185300
-2.23403902326773807    -2.23403902326767012    -0.91080831816119179
-0.76226391793779535    -0.63775897429493755    -0.79023044258581110
 0.61974741535418953    -0.56385730312184734    -2.23403902326770698
 1.71997149329949361    -2.23403902326772075    -2.23403902326771275
 2.23403902326770343     0.63478726464339497     0.43261156665601697
-0.77547845177600006     2.23402988254199997    -0.86560111425599995
 0.70363097313462597     1.05353668327841699     2.23403902326770609
-0.63478726464339330    -0.43261156665601674     2.23403902326770343
-0.79023044258581499     0.76226391793779547     0.63775897429493511
-0.86539379574599995     0.77567965393500005    -2.23398280845200015
 2.02168560314667722     2.23403902326774340    -0.74946281234889478
-2.23403708660800016    -0.68215039303900005    -2.19240695409100006
-2.18524452440999983     2.23403649906400004     0.68224087590600002
-2.23403902326774340     0.74946281234889400     2.02168560314667944
