35    6.59332590941915431
 1.29666295470957538     1.00000000000000178    -1.14833147735478791
 2.29666295470957627    -0.29666295470957343     2.29666295470957671
-2.29666295470957715    -2.29666295470957715     2.29666295470957582
-0.00000000000000000     0.00000000000000000    -0.00000000000000000
 0.00000000000000000     0.00000000000000000     2.29666295470957582
 2.29666295470957627    -0.29666295470957343    -2.29666295470957671
 2.29666295470957715    -2.29666295470957715     2.29666295470957582
-0.29666295470957343    -2.29666295470957627     2.29666295470957671
 0.29666295470957343     2.29666295470957627     2.29666295470957671
-2.29666295470957627     0.29666295470957343     2.29666295470957671
 2.29666295470957671     2.29666295470957760    -0.00000000000000000
-2.29666295470957760     2.29666295470957671    -0.00000000000000000
-1.00000000000000178     1.29666295470957538    -1.14833147735478791
-2.29666295470957671    -2.29666295470957760    -0.00000000000000000
-2.29666295470957627     0.29666295470957343    -2.29666295470957671
-2.29666295470957715     0.29666295470957366    -0.00000000000000000
-1.00000000000000178     1.29666295470957538     1.14833147735478791
-1.29666295470957538    -1.00000000000000178     1.14833147735478791
-1.29666295470957538    -1.00000000000000178    -1.14833147735478791
 2.29666295470957715     2.29666295470957715    -2.29666295470957582
 2.29666295470957715     2.29666295470957715     2.29666295470957582
 1.00000000000000178    -1.29666295470957538     1.14833147735478791
 2.29666295470957715    -2.29666295470957715    -2.29666295470957582
-0.00000000000000000    -0.00000000000000000    -2.29666295470957582
-2.29666295470957715     2.29666295470957715     2.29666295470957582
 0.29666295470957343     2.29666295470957627    -2.29666295470957671
-2.29666295470957715    -2.29666295470957715    -2.29666295470957582
 2.29666295470957760    -2.29666295470957671    -0.00000000000000000
-0.29666295470957343    -2.29666295470957627    -2.29666295470957671
-0.29666295470957366    -2.29666295470957715     0.00000000000000000
 1.00000000000000178    -1.29666295470957538    -1.14833147735478791
-2.29666295470957715     2.29666295470957715    -2.29666295470957582
 2.29666295470957715    -0.29666295470957366     0.00000000000000000
 0.29666295470957366     2.29666295470957715     0.00000000000000000
 1.29666295470957538     1.00000000000000178     1.14833147735478791
