39    6.77427011715800020
 2.38713505857881536    -0.97292149620565738     2.38713505857882247
 2.27951575746799984     0.97418424068400000    -0.97611165400900002
 2.38713505857885577    -2.38713505857885577    -1.85550562854043299
-0.80699544621058683    -0.83889871152072804    -2.38713505857884600
-0.44129206616742300    -0.97292149620567270     2.38713505857884334
-2.38713505857883934    -0.45908678399726394     2.38713505857886288
 2.38713505857884423    -0.97292149620567236    -0.44129206616742300
-2.35147967120300017    -2.25353151938799989    -2.38713210746400017
-0.96498149654700005     0.95768824249399997     2.38682964463099978
 0.83889871152072804     0.80699544621058683    -2.38713505857884600
-0.91269658695840528    -0.50151697541469020     0.50151697541469087
 0.50151697541469153    -0.50151697541469153    -0.91269658695840294
-0.95603266766200001    -2.22845082625000002    -0.95429161930299999
 2.38713505857884289     0.44129206616742234     0.97292149620567270
-2.38713505857886599     2.38713505857886599    -0.38713505857886948
-2.38713505857886954     2.38713505857886954    -2.38713505857886998
 2.38713505857885400     1.85550562854043610     2.38713505857885400
-2.38712439110700014     2.36355626285399989     2.35360938000799980
 0.83889871152072992     2.38713505857884600    -0.80699544621058916
-2.38713505857884600    -0.83889871152072992    -0.80699544621058916
-0.98240997653200002     1.03868797675700009    -0.85263961379599995
 0.45908678399726394     2.38713505857883934     2.38713505857886288
-2.38713505857884689     0.80699544621058861     0.83889871152072981
 0.45908678399726466    -2.38713505857886110    -2.38713505857883801
-1.85550562854043610    -2.38713505857885400     2.38713505857885400
 2.38713505857882646    -2.38713505857882646     0.97292149620565394
 0.50151697541469020     0.91269658695840528     0.50151697541469087
-2.38713505857886510     0.38713505857886799    -2.38713505857886554
-2.38713505857883801    -2.38713505857886243     0.45908678399726394
-0.44129206616742234    -2.38713505857884289     0.97292149620567270
 0.97292149620567236    -2.38713505857884423    -0.44129206616742300
-0.38713505857886799     2.38713505857886510    -2.38713505857886554
 2.38713505857886243     2.38713505857883801     0.45908678399726394
 0.97292149620572199    -0.97292149620572199     0.97292149620572510
 0.97292149620565738    -2.38713505857881536     2.38713505857882247
 2.38713505857886110    -0.45908678399726466    -2.38713505857883801
-0.80699544621058861     2.38713505857884689     0.83889871152072981
 0.97292149620567270     0.44129206616742300     2.38713505857884334
 2.13412207474899995     2.38713457399699980    -2.38713373578600008
