42    6.99078631162899988
 0.87873808601104830    -1.07442836941329767     1.07647191129787489
 0.69517642667400004    -2.47211655867599989     2.49536150388899980
 0.51790817541292722     0.93246809073841619     2.49539315581326360
 2.49539315581389731     0.00136159255240581     0.59782554597756976
 0.45234636003913936    -2.49539315581409982    -2.49539315581390619
-0.97866769491856809    -1.09818208567705633    -2.49539315581379428
-2.49539315581396615    -0.63337078181558337     2.49539315581411358
 2.35699725602578614    -0.35017881606080420    -2.49539315581413179
 1.76581251507938863     2.49539315581417487     2.49539315581415133
-2.49539315581306820     1.36662921818597094     2.49539315581310905
-0.73112418950662739    -0.68893665489442346    -0.04590930377578009
 0.69000058042789458    -0.72790763824870242    -1.45691204359557513
-0.78077011903899995     2.49530612805400009     2.49508237903999985
-2.49539315581411758    -1.06919593044396333    -1.09312427038415061
 2.45234636003913975    -2.49539315581417620    -2.49539315581417798
-2.49539315581403942    -2.49525413137093821    -2.49539315581403986
 2.49539315581414112    -1.41875366195690344    -0.81046159232553905
 2.49539315581410026    -1.36678623636727603     2.49539315581414423
-2.49539315581336885    -0.00128750338773199     0.59790251574973907
 0.73517784238761630     0.69426355802290984    -0.05142703709525585
 2.49539315581399279     1.06924169093829091    -1.09321912979872904
 2.49539315581407850     2.49539315581324894     0.35731979263554287
 0.56917433835325681     2.44910511856316893     0.89354594349675209
-1.09347336592588418    -2.49539315581411847    -1.06899178053700439
-0.69085884341275139     0.72792184235822266    -1.45689856690534736
-0.83306334285583727     2.49539315581412602    -0.53179152636953286
 0.97779931427010058     1.09820408823590410    -2.49539315581311882
-2.45323622323050339     2.49539315581314680    -2.49539315581318544
 2.26938967610797482    -2.49539315581415622     0.85979881474501796
-2.49539315581354071    -2.49539315581303711     0.35740960151562517
-0.56913556197798087    -2.44722767068669578     0.89333102134652342
-2.35785186240839328     0.35021393480402069    -2.49539315581412247
-0.45323622317827889     2.49539315581403054    -2.49539315581413135
-1.76541186925316484    -2.49539315581409138     2.49539315581404741
-0.50140213087028662    -0.78828944579099880     2.49539315581254151
-2.49539315581414201     1.41880844777450088    -0.81040408776125505
 0.83307907145415172    -2.49539315581410159    -0.53196691516754235
-0.87698758064965476     1.07509881396707785     1.06923667544021739
-2.26944650447356855     2.49539315581323295     0.85989932095438226
 2.49539315581415488     0.63321376363278536     2.49539315581418286
 2.49539315581392573     2.49539315581417576    -2.49539315581417620
 1.09342767534123775     2.49539315581373922    -1.06903668158922027
