43    7.05953862990700021
-0.83788231800364543    -2.52976931495310087     0.53677575655283449
-0.54967884922886401    -2.52976931495314705    -2.24827020740922690
 2.52976931495320878    -0.04639848804290224    -2.52976931495319812
-0.70311568155154769    -1.10147440228457860    -0.85671324453207820
 2.51794941813304618     1.25889238536053805    -1.01448847436646794
 2.52976931495313417    -1.30188390777974394    -0.97292752439507901
 0.98774019680049951    -0.03329933718833925    -0.85961650980737636
 0.99826956777501330     1.25150137739183354     0.67308576270389753
 2.52976931495320256    -2.52976931495319812     0.60577365912588121
-2.52976931495325141     2.52976931495327184     0.65537042604490381
-2.52976931495318746     0.81335017681703203    -0.37122849380629469
-1.66238219565899992    -0.79189791624100003     2.52676154858199986
-2.52809831028499987     0.82737166568200005     1.72101204354699999
 2.52296932022900000    -0.05453772236000000     0.74918929522199995
-0.68603369456836039     0.17307979401797507     0.68446156917610035
-0.54505610965570550     1.24386509855521843    -0.99885187523622943
 1.56933778352905406     0.77546852163236279     2.52976931495317192
-0.61703093010481103     0.94124510296638886     2.52976931495313639
-2.52976931495317103    -2.52976931495327229    -2.52976931495327184
-2.51754203588487391    -0.74849194714689504    -1.62042810694201567
-1.83218146725299369     2.52976931495325141     2.52976931495327095
-2.06127276887971567     2.52976931495321278    -1.28898319053754284
-0.67062002047385849    -2.52976931495323587     2.52976931495319413
 0.84508178928815481    -1.12427971566908780    -2.52976931495314883
 0.98089798279115670     2.52976931495291835    -0.86500698737371728
 2.21996317013370525     2.52976931495000645    -2.52976931495035195
-2.52976931495319457     1.03278542065950596    -2.52976931495322566
-0.53352151687032845     2.52976931495313373     0.53291746099539206
 2.52976931495320523    -0.97883227168852016     2.52976931495314616
 2.52976931495322432     2.52976931495323365     2.52976931495304003
 0.34968421286903623    -0.80960093034009895     2.52976931495319723
-0.82459205374389632    -0.01237988103018756    -2.52976931495314039
-2.52976931495303781    -2.52976931495311685    -0.52976931495316704
 2.26796582753743481    -2.52976931495307822    -2.52976931495305601
 0.85739635611200005    -1.32193260948200009     0.66436150095000002
-2.52976931495321455    -2.52976931495320123     1.79250145261487082
 0.95168733613400003    -2.52976869639500013    -0.92694023287100002
-2.36685779453705791    -0.90951487288534982     0.63136606883092328
-0.49269067238059683     2.52976931495320567    -2.52976931495320123
 0.86363624879400736     1.05994712063954677    -2.52976931495308666
 1.31276530751595866    -2.52976931495325053     2.19287833301531609
 2.52976931495308399     2.52976931495308310     0.52976931495132140
 0.55542077251235855     2.52976931495319990     2.21047660761114040
