45    7.11076032141310854
 2.55538016070655338    -2.55538016070655027     0.51107603214131103
-2.55538016070654983    -2.55538016070654983    -0.51107603214131891
-2.55538016070654272     2.55538016070654583     2.55538016070654406
 2.55538016070654805     2.55538016070654805    -2.55538016070654850
-2.27374907029042905     0.85953550791732147    -0.51107603214129804
 2.55538016070655161     2.55538016070655161     1.53322809642392244
-0.83630914487189334    -0.83630914487189334     1.53322809642392377
 0.85953550791732947    -0.55467805445576646     2.55538016070654495
-2.55538016070654761    -2.55538016070654761    -2.55538016070654805
-0.83630914487190311    -0.83630914487190311    -0.51107603214130526
-0.83630914487189190    -2.55538016070654361     2.55538016070655249
 2.27374907029042461     0.85953550791732891     2.55538016070654450
-0.55467805445577456     0.85953550791732281    -1.53322809642392088
 0.85953550791733013    -2.27374907029042017    -2.55538016070654983
-0.83630914487189456    -2.55538016070655027    -1.53322809642393199
 2.55538016070655161    -0.83630914487189267     1.53322809642392088
-0.83630914487189723    -0.83630914487189723    -2.55538016070654805
 0.85953550791732891     2.27374907029042461     2.55538016070654450
 2.55538016070653962    -0.83630914487190833    -2.55538016070654983
 2.55538016070654805    -2.55538016070655516    -1.53322809642392266
 0.85953550791732014     2.27374907029041795    -1.53322809642393598
-0.83630914487190688    -2.55538016070655294     0.51107603214131592
-2.55538016070655161    -2.55538016070655161     1.53322809642394708
 2.55538016070655472    -0.83630914487189933    -0.51107603214131203
 2.27374907029042816     0.85953550791733158     0.51107603214129549
 2.55538016070655161     2.55538016070655161    -0.51107603214133102
-0.83630914487189267     2.55538016070655161     1.53322809642392088
 0.85953550791732147    -2.27374907029042905    -0.51107603214129804
 0.85953550791732869    -0.55467805445576557     0.51107603214130048
-0.55467805445576557     0.85953550791732869     0.51107603214130048
 2.27374907029041795     0.85953550791732014    -1.53322809642393598
-2.55538016070655516     2.55538016070654805    -1.53322809642392266
-2.55538016070655027     2.55538016070655338     0.51107603214131103
-0.83630914487189933     2.55538016070655472    -0.51107603214131203
-2.55538016070654361    -0.83630914487189190     2.55538016070655249
-2.55538016070655294    -0.83630914487190688     0.51107603214131592
 0.85953550791732281    -0.55467805445577456    -1.53322809642392088
-0.55467805445576646     0.85953550791732947     2.55538016070654495
 2.55538016070654583    -2.55538016070654272     2.55538016070654406
-2.27374907029042017     0.85953550791733013    -2.55538016070654983
 0.85953550791732425    -2.27374907029041617     1.53322809642392066
-2.55538016070655027    -0.83630914487189456    -1.53322809642393199
-2.27374907029041617     0.85953550791732425     1.53322809642392066
-0.83630914487190833     2.55538016070653962    -2.55538016070654983
 0.85953550791733158     2.27374907029042816     0.51107603214129549
