59    7.65685424949239035
-1.41421356237309381     2.82842712474618851     1.41421356237309825
 2.82842712474619029     2.82842712474619518     0.00000000000000158
 2.82842712474619518     0.00000000000000167    -0.00000000000000275
-1.41421356237309270    -2.82842712474618940    -1.41421356237310003
 2.82842712474618363    -2.82842712474618052     2.82842712474619473
 2.82842712474619074    -1.41421356237309004    -1.41421356237310269
 2.82842712474618940    -2.82842712474619251    -0.00000000000001500
-1.41421356237309315    -0.00000000000000348     1.41421356237309492
-2.82842712474618985     2.82842712474618585     2.82842712474619207
 2.82842712474619518    -1.41421356237309714     1.41421356237308826
-0.00000000000000008     2.82842712474619074     0.00000000000000198
 1.41421356237309825     1.41421356237309293     2.82842712474619074
-1.41421356237309293    -1.41421356237309181    -2.82842712474619562
-2.82842712474618985    -0.00000000000000215     0.00000000000000011
 0.00000000000000144     2.82842712474618629     2.82842712474619473
-1.41421356237309337     1.41421356237309404    -2.82842712474619251
 0.00000000000000504    -0.00000000000000398     2.82842712474618985
 2.82842712474619296     1.41421356237310047    -1.41421356237309404
 1.41421356237309093     1.41421356237309914    -2.82842712474619207
-1.41421356237309714     2.82842712474619162    -1.41421356237309159
-2.82842712474618763    -2.82842712474619207    -0.00000000000000308
-2.82842712474619074     0.00000000000000124    -2.82842712474619029
-1.41421356237309559     0.00000000000000103    -1.41421356237309537
 2.82842712474616764    -2.82842712474619518    -2.82842712474618763
 2.82842712474619162     0.00000000000000929    -2.82842712474619518
-2.82842712474618585    -2.82842712474619340     2.82842712474618985
 2.82842712474619162     1.41421356237309559     1.41421356237309404
-0.00000000000000167     1.41421356237309714    -1.41421356237309448
 0.00000000000001457    -2.82842712474618851     2.82842712474619029
 0.00000000000000144     1.41421356237309381     1.41421356237309515
 2.82842712474618851     2.82842712474619251    -2.82842712474619162
 1.41421356237310114    -2.82842712474619518     1.41421356237308671
 1.41421356237309781    -0.00000000000000049     1.41421356237309204
-2.82842712474618851    -1.41421356237309848     1.41421356237309381
-0.00000000000000391     2.82842712474619518    -2.82842712474618940
 0.00000000000000387    -1.41421356237309692     1.41421356237309181
-2.82842712474618896     2.82842712474618851    -2.82842712474618985
-1.41421356237309048    -2.82842712474619251     1.41421356237309159
 2.82842712474619162     2.82842712474618940     2.82842712474619074
 1.41421356237309537     2.82842712474618985     1.41421356237309670
-2.82842712474619118     1.41421356237309537    -1.41421356237309293
 0.00000000000000051    -1.41421356237309270    -1.41421356237309781
 2.82842712474618851    -0.00000000000000979     2.82842712474619162
 1.41421356237309181    -1.41421356237308160    -2.82842712474619606
 1.41421356237309781    -1.41421356237309404    -0.00000000000000441
-1.41421356237308915    -1.41421356237310003     2.82842712474618940
 0.00000000000000077     0.00000000000000009    -0.00000000000000104
 1.41421356237309737     0.00000000000000638    -1.41421356237309448
 0.00000000000000326    -2.82842712474619074    -0.00000000000000589
-1.41421356237309181     1.41421356237308959     2.82842712474619207
-2.82842712474618940    -1.41421356237309537    -1.41421356237309670
-1.41421356237309537     1.41421356237309404     0.00000000000000194
-2.82842712474618629    -0.00000000000000602     2.82842712474619162
 1.41421356237309359     2.82842712474619162    -1.41421356237309426
-2.82842712474618940     1.41421356237309026     1.41421356237309781
 0.00000000000001032    -2.82842712474619074    -2.82842712474618940
-2.82842712474618940    -2.82842712474618985    -2.82842712474619384
-1.41421356237309359    -1.41421356237309626    -0.00000000000000203
-2.82842712474619118     2.82842712474618851     0.00000000000000501
