66    7.95294094038700017
 2.68229744006246351    -0.99950293617998687    -0.99950293617999408
 2.97647047019346989     0.97863424972732105    -0.97863424972732038
-2.97647047019344102    -2.97647047019343747     2.97647047019343614
-2.97647047019344502     0.03598709246644798     2.97647047019340194
-2.97647047019344013     2.97647047019342459     0.03598709246643250
 2.97647047019343036    -1.07164197087673019     2.97647047019349520
 1.03145403492581988    -1.48823528110775749     0.01826754223753964
-1.64049437859953451    -0.01799354623322384    -1.48823523509666478
-0.32471519564383472     1.48823523509886924    -1.48823523509890299
-0.26472610446006983    -2.97647047019343969    -2.97647047019344191
-2.97647045442497316     1.50622879665938814     1.50622879567534551
-0.34432923087129141    -2.97646977713009386     2.97646977713004501
-2.97646994194100012     2.97646934242799999     2.97647002909199987
 1.01126434037768087    -1.50597119855450368     2.97647047018872968
 2.97647047019341704     1.07164197087688806    -2.97647047019349387
-0.30451484259752348     2.97647047019345479     0.00025758275673266
 2.97647047019343081    -2.97647047019349476     1.07164197087672886
 1.01126434037683466    -2.97647047018871636     1.50597119855526840
 2.36685715981423517     2.97647047019343702    -2.97647047019343614
 2.97647047019346811    -0.97863424972731416     0.97863424972731472
 1.03145403492582854     1.48823528110775793    -0.01826754223756474
 2.36685715981475431    -2.97647047019344191     2.97647047019344235
-0.30451828700555233     0.00000000000000442     0.00000000000000538
-0.34434231062499998     2.97646985264400010    -2.97646952471599979
 1.03145403492586230    -0.01826754223762139     1.48823528110773506
-1.66069128724010318     2.97647047019345390    -1.47024168886349926
 2.52718800990599979    -2.97646438517499989    -2.95530796004099994
-1.62059370235861699    -2.97646630329522210    -1.50622455302466118
 1.05135274039630544    -2.97647047019275446    -1.47050351367629495
-2.97647045346863059    -1.50622879617027183    -1.50622879630880746
 1.05135274039644333    -1.47050351367641130    -2.97647047019273359
-0.26472610446014788     2.97647047019343836     2.97647047019344813
 1.05135274039634075     1.47050351367639021     2.97647047019274913
 2.69927227183899987     2.97297278720999980     2.96983406656300009
-1.66069128724011938    -1.47024168886349282     2.97647047019345345
 1.01126434037601221     2.97647047018873989    -1.50597119855555794
 1.03145403492579524     0.01826754223750005    -1.48823528110777903
 2.68229744006246218     0.99950293617999386     0.99950293617998742
-0.32471519564394991    -1.48823523509882261     1.48823523509877931
-1.64049437859950920     1.48823523509669942     0.01799354623324298
-2.97647007021700016    -2.97646999947300017    -2.97647004930500003
-1.62059370440394579     2.97646630318508842     1.50622455491080309
 2.97647047019343081     2.97647047019349431    -1.07164197087689095
-1.66069128724014425     1.47024168886346773    -2.97647047019345123
-0.30451484259758432    -0.00025758275667857    -2.97647047019345301
-1.62059370282906223     1.50622455345842932     2.97646630315264327
-0.28432514836888950    -1.48796121386681834    -1.48796121386692648
-1.64049437859950564    -1.48823523509668809    -0.01799354623328467
-2.97647047019343791     2.97647047019343658    -2.97647047019343214
 1.05135274039645776     2.97647047019277666     1.47050351367649745
-2.97647047019344990    -2.97647047019343347    -0.03598709246653010
-2.97647047019344280     1.47024168886351103    -1.47024168886347240
-1.64049437859947744     0.01799354623324825     1.48823523509672007
-1.62059370319194551    -1.50622455379314846    -2.97646630343600327
-2.97647047019343836    -0.03598709246650109    -2.97647047019342859
-0.30451484259747075     0.00025758275637442     2.97647047019345345
 1.01126434037598334     1.50597119855558281    -2.97647047018871858
-0.28432514836881984     1.48796121386692026     1.48796121386679792
-2.97647047019346234     0.00000000000000220     0.00000000000005453
 2.97647047019344368    -2.97647047019349387    -0.92835802912327114
-0.30451484259753675    -2.97647047019345612    -0.00025758275629385
 2.97647047019344990     0.92835802912327114     2.97647047019349387
 2.97647047019345035    -0.92835802912311305    -2.97647047019349520
 2.97647047019345079     2.97647047019349431     0.92835802912310916
-2.97647047019343303    -1.47024168886344064     1.47024168886348550
-1.66069128724016779    -2.97647047019345390     1.47024168886344864
