67    8.03334882129199990
-3.01667441064274566     1.68109830099703395     1.52262094249840874
-0.42370724834733869    -3.01667441064567399     3.01667441064559316
 2.62527416049579898     3.01667441064417607     3.01667441064555142
 1.57206457191182847     0.07079726721859307     1.99728343387169072
-1.70241406702061737    -1.50929183357361651    -0.00617963405726465
 3.01667441064570996     0.99518826130279181    -1.02061042356310550
-1.48710423141499937     1.31903053234901169    -3.00705721467944542
 2.89694921052764354    -3.01667441064569575    -1.03407791016114303
 0.87329255524100879     1.49944829036665839    -3.01667441064570507
 1.57815922179247603    -1.99413735616636600     0.06828815328113091
-0.42979028937904090     3.01667441064567665    -3.01667441064558650
 3.01063035320200001     1.03284832956999995     3.01359350783299984
-3.01667441064567399    -0.00184096351364342     0.01147322775068562
 0.89072905856449147    -1.50927360293990920     3.01667441064570463
 3.01536926337400013    -1.03956699383200002    -3.01452776170099979
-3.01667441064571706    -3.01667441064571973    -0.02892860137268313
 1.10503154352095523     3.01667441064570685    -1.73436323887264665
 1.57096322169250402     2.00267864430863929    -0.07462824281853182
-1.71003910884956789     0.00950605135161143    -1.50265207530529166
 2.89078192628155461     3.01667441064569486     1.03437634367694931
-1.69684902657183123    -0.02092667494213916     1.51403660118092032
 1.60981133817957156     0.00440248808982181    -0.00125776283674200
-0.42863676829616354     3.01667441064567621     3.01667441064568109
-0.18406034347994754    -0.19819856559792132    -3.01667441064566333
 2.63367916614931241    -3.01667441064488173    -3.01667441064555408
-3.01667441064557718    -1.51507430306176283     1.67398603362484377
 0.88206659358504613    -3.01667441064570330    -1.50329481467570081
-3.01667441064567132     0.03049548185560812    -3.01667441064500785
 2.63985337642307982     3.01667441064556385    -3.01667441064491948
-3.00053539418795978     3.01354445523147429     3.01404211937852873
 3.01667441064570996     1.02108478137943282     0.99226798410820594
-1.70223808372754659     1.47461768421810757     3.01581312617211195
-1.70926512116125595    -3.01667441064528052     1.48457096908331598
-0.28672580587271784     1.39484834680250880     1.42957601718393712
 1.09785753914634543    -3.01667441064570641     1.71866031308752198
-0.17245300771715888     3.01667441064555675    -0.19473126293168577
 3.01667441064571085    -1.02084144986355185    -0.98594612116185154
-1.48224890329954073     3.01667441064510466     1.31670339060631880
-0.29520634592396999    -1.40185895875328925    -1.42329805080791383
-0.18770033366747990    -3.01667441064544528     0.18655687152541295
 2.61942232664159258    -3.01667441064557806     3.01667441064495501
-1.48971918902392608    -1.32445145183233293     3.01667441064508246
 1.09831869609947819     1.72500610579446345     3.01667441064570019
-3.01222616859999981    -3.00511035366199986     3.01461250630800004
 3.01667441064571040    -0.98302444955358970     1.02134887617324055
 1.57692293242740589    -0.07226893187183271    -1.99951696677604751
-0.17528288211210263     0.18294935587343694     3.01667441064566244
 0.88115912728622880     3.01667441064570019     1.50523975710768543
 1.10409879837928693    -1.72811556506048736    -3.01667441064570108
 2.89719173017261244     1.03329926416180218    -3.01667441064569575
-3.01667441064459041    -1.66758876279031676    -1.50540004193494559
-1.49511802398449589    -2.99901466341426204    -1.32683240964908067
-3.01445876417799985    -3.01532665270400013    -2.99278210287400004
 3.01496423103700018    -3.01481331780599993     1.02529852234900010
-1.71363250061342320    -1.48675811447818917    -3.01184687383227656
 2.89032790487078906    -1.03510680703365021     3.01667441064569575
-1.70687796264161307     3.01227837973611923    -1.47750978341657158
-0.42548156939089016    -3.01667441064567443    -3.01667441064567976
-1.70441877019128363     1.50741186964171181     0.02334839967398364
-0.30159911461293587     1.42574180132654260    -1.39982657687123502
-0.27944921718947596    -1.42706972063335003     1.39682092199705288
-3.01667441064567132    -0.03278285998607154     3.01667441064490260
-3.01667441064571751     3.01667441064572062     0.03391799842034942
-0.39018346984739843     0.00001691745224215    -0.00001895883605940
-2.98616563070969399     2.99699814128567166    -3.01652158521396085
 3.01462352139499989     3.01442738167600011    -1.02654967079200010
-3.01667441064493902     1.51381881812446983    -1.67512609603407658
