73    8.21101932778499943
-0.93126192455332091    -1.51672059162576578    -1.51672059162923989
 1.13713102322687165     1.69129610151917564     3.10550966389227279
 1.67147258785447539     0.28859853297069199    -3.10550966350851088
 1.66030198746399993     3.10498007013300015    -0.25420527323900000
-1.69129610151917853     0.27708253914593101     1.69129610151912679
 1.67147258785443920    -3.10550966350954472     0.28859853297073945
 3.09710925904132406    -3.10550966389227678     1.69129623956000330
 3.10550966389227545    -1.67567264484302458     0.29290590343968720
 3.10550966389078731     3.10550966389227145    -1.69132091282802488
-1.69129610151914611    -1.13713102322718740     3.10550966389226701
 1.10550966389226568    -3.10550966389226613    -3.10550966389226657
 0.25725902432136549     1.70281209418390045    -3.10550966388923255
-3.10550966389226613     1.69129610151911369     1.69129610151911414
-3.10550966389225103     3.10550966389224525     0.27708253914589587
 0.25725902432141717    -3.10550966388923566     1.70281209418398505
 0.26512224632288628    -1.29064080130437375    -3.10550966389226124
-3.10544334144600009    -2.60262805485400017     3.10447875497400005
 3.10550966389078686    -1.69132091282799157     3.10550966389227501
 3.09710925903487766     1.69129623956000397    -3.10550966389227368
-3.10550966389224525    -1.13713102322727111     1.69129610151916721
-3.10550966389223504    -1.12018688979260483    -3.10550966389225058
-0.27708253914613240     3.10550966389227412     0.27708253914596609
 1.93529436094549401     1.31144950598668864     1.31144950598667576
 1.66387004438399999    -0.24055817590299999     3.10455251174400004
 3.10550966389227012     1.70711946581274909    -0.26145908246989058
-0.27708253914612080     0.27708253914597747     3.10550966389227012
 1.68289555862180151     3.10550966388993377    -3.10550661596905986
-3.06450539715600012     1.04999042760200001    -3.08225083751800000
 0.52108079857256895    -1.51697761875958070    -0.10276405638643157
 3.10550966389227190     0.29290590343970796    -1.67567264484304013
 3.10455908070400000     1.16908827795899994     3.10527522823000002
 3.10547417451800012     3.10472706481699978     1.16973931660899999
-0.87907287045339844    -2.93838426059828040    -2.92247615891532142
-1.14909131605028936     0.12357276106864190    -3.10550966389227057
-3.10550966389222793    -3.10550966389224792    -1.12018688979260994
 1.13713102322685988     3.10550966389227767     1.69129610151916721
 3.10550966389226613    -3.10550966389226879    -3.10550966389227234
 0.24748846491900001     3.10225216338300003    -1.67098345275000004
-1.69129610151922272     3.10550966389226124     1.69129610151906618
-1.14909131605027626    -3.10550966389227190     0.12357276106864640
 0.52108079857256939    -0.10276405638641747    -1.51697761875959602
-2.36574939760590963    -1.53744348253257468    -0.12322992015947201
 0.26512224632289955    -3.10550966389226302    -1.29064080130436820
 1.93529436094558505    -0.10276405638640555    -0.10276405638642035
-0.89313276380053541    -1.51697761875966219     1.31144950598666421
-3.10238015696199998    -3.09050946077300015     1.00443516750200001
-0.89313276380055273     1.31144950598665688    -1.51697761875965820
-1.16968172033599993    -3.10546685375200004     3.10494396061200018
-0.27708253914617370     1.69129610151911702     1.69129610151912502
-1.16917084673600002     3.10534508369699980    -3.10528619426899999
-3.10550966389226524     0.27708253914601522     0.27708253914602232
 0.52108079857246614    -0.10276405638647314     1.31144950598665155
 1.68289555862513196    -3.10550930871346953     3.10550966388997374
 0.52108079857245249     1.31144950598665244    -0.10276405638647308
-3.10519053092400021     3.10110387873000004    -2.60186294245800021
 3.10550966388896121    -1.10550966389226835    -3.10550966389226968
 3.10550966388896699    -3.10550966389227145    -1.10550966389227168
 1.68228161810499999     1.69801982345700009    -1.68460093757100005
-0.89313276380069384    -0.10276405638664507    -0.10276405638664567
-3.10550966389225191     0.27708253914589720     3.10550966389224392
 1.68191616669100008    -1.68496668350599998     1.69764863421299994
-3.10550966389224881     1.69129610151915832    -1.13713102322725756
-1.69129610151918031     1.69129610151912124     0.27708253914594044
-2.36574939760591541    -0.12322992015948050    -1.53744348253256891
-3.10550966389224214     3.10550966389223637     3.10550966389223726
 1.76353970393300008    -1.71555904601799991    -1.71759410312199989
-2.86365540479903613    -3.10550966389219196    -3.10550966389219907
-1.69129610151922494     1.69129610151906351     3.10550966389226391
 3.10550966389227323    -0.26145908246987765     1.70711946581273066
-0.27708253914623227     3.10550966389226168     3.10550966389226613
 0.25974202759900000    -1.67323696696500002     3.10411635395599994
-1.69129610151915633     3.10550966389226613    -1.13713102322720006
 2.59777076991999989     3.10519151745800004     3.10534630023600000
