87    8.59966329107444416
 3.29983164553722208     0.47140452079103140    -1.88561808316412649
 0.47140452079103140    -3.29983164553722208     1.88561808316412649
-0.47140452079103140     3.29983164553722208     1.88561808316412649
 3.29983164553722208    -0.94280904158206513    -3.29983164553722208
 1.88561808316412693     0.47140452079103151    -3.29983164553722208
 1.41421356237309492     0.00000000000000002    -1.41421356237309515
 1.41421356237309492    -1.41421356237309492    -0.00000000000000011
-1.41421356237309492     0.00000000000000002     1.41421356237309515
-1.41421356237309515    -2.82842712474618985     1.41421356237309515
-0.00000000000000000    -0.00000000000000000    -0.00000000000000000
 1.41421356237309515    -1.41421356237309515    -2.82842712474619029
 3.29983164553722164     3.29983164553722164    -1.88561808316412671
 1.88561808316412693    -0.47140452079103151     3.29983164553722208
-0.47140452079103151    -1.88561808316412693    -3.29983164553722208
 1.41421356237309515     2.82842712474618985     1.41421356237309515
 2.82842712474618985     0.00000000000000000    -0.00000000000000000
-3.29983164553722208    -1.88561808316412627    -0.47140452079103157
 0.47140452079103151     1.88561808316412693    -3.29983164553722208
 3.11180760621800001    -3.29944971844899992    -3.03760066330699985
 0.00000000000000000     0.00000000000000000     2.82842712474619029
-3.29983164553722164    -1.88561808316412671    -3.29983164553722164
-3.29983164553722208    -0.94280904158206513     3.29983164553722208
-1.41421356237309515     2.82842712474618985    -1.41421356237309515
-3.29983164553722208     1.88561808316412627     0.47140452079103157
-3.29518081016000020    -3.28729985002900005     3.29983153482100011
 3.29983164553722208     1.88561808316412627    -0.47140452079103157
-1.88561808316412627     3.29983164553722208     0.47140452079103157
-1.88561808316412671    -3.29983164553722164    -3.29983164553722164
 1.41421356237309515    -2.82842712474618985    -1.41421356237309515
 3.29983164553722208     0.94280904158206513     3.29983164553722208
-0.00000000000000000    -0.00000000000000000    -2.82842712474619029
 0.00000000000000002     1.41421356237309492    -1.41421356237309515
 0.47140452079103140     3.29983164553722208    -1.88561808316412649
 1.88561808316412671    -3.29983164553722164     3.29983164553722164
 1.88561808316412671    -1.88561808316412671     1.88561808316412671
-2.82842712474618985    -1.41421356237309515     1.41421356237309515
-1.41421356237309492    -1.41421356237309492     0.00000000000000011
 3.29983164553722208    -3.29983164553722208    -0.94280904158206580
-3.29983164553722208     3.29983164553722208    -0.94280904158206580
-1.41421356237309492    -0.00000000000000002    -1.41421356237309515
-0.94280904158206513     3.29983164553722208    -3.29983164553722208
-1.88561808316412693     0.47140452079103151     3.29983164553722208
 0.94280904158206513     3.29983164553722208     3.29983164553722208
-3.29983164553722208     0.47140452079103140     1.88561808316412649
 1.88561808316412627     3.29983164553722208    -0.47140452079103157
 0.00000000000000000    -2.82842712474618985     0.00000000000000000
-3.29983164553722164     1.88561808316412671     3.29983164553722164
 0.47140452079103151    -1.88561808316412693     3.29983164553722208
-1.41421356237309515    -1.41421356237309515     2.82842712474619029
 2.82842712474618985     1.41421356237309515     1.41421356237309515
-1.41421356237309515     1.41421356237309515    -2.82842712474619029
-3.29983164553722208    -3.29983164553722208     0.94280904158206580
-3.29983164553722208     0.94280904158206513    -3.29983164553722208
 3.26215566793199985     3.29772995081399989     3.05095172029199979
 1.41421356237309492     1.41421356237309492     0.00000000000000011
 3.29983164553722164    -3.29983164553722164     1.88561808316412671
-1.88561808316412671    -1.88561808316412671    -1.88561808316412671
-1.41421356237309492     1.41421356237309492    -0.00000000000000011
-3.29983164553722164     3.29983164553722164     1.88561808316412671
 3.29983164553722208     3.29983164553722208     0.94280904158206580
-3.29981816585199983     3.29959191581300004    -3.29962941756999983
-1.88561808316412627    -3.29983164553722208    -0.47140452079103157
 2.82842712474618985    -1.41421356237309515    -1.41421356237309515
 1.88561808316412671     3.29983164553722164    -3.29983164553722164
-0.00000000000000002     1.41421356237309492     1.41421356237309515
-1.88561808316412671     3.29983164553722164     3.29983164553722164
 0.94280904158206513    -3.29983164553722208    -3.29983164553722208
 3.29983164553722164    -1.88561808316412671     3.29983164553722164
-0.47140452079103151     1.88561808316412693     3.29983164553722208
 3.29983164553722208    -1.88561808316412627     0.47140452079103157
-0.00000000000000002    -1.41421356237309492    -1.41421356237309515
 1.41421356237309492    -0.00000000000000002     1.41421356237309515
 3.29983164553722208    -0.47140452079103140     1.88561808316412649
-0.94280904158206513    -3.29983164553722208     3.29983164553722208
-1.88561808316412671     1.88561808316412671     1.88561808316412671
-2.82842712474618985     1.41421356237309515    -1.41421356237309515
 1.41421356237309515     1.41421356237309515     2.82842712474619029
-2.82842712474618985     0.00000000000000000     0.00000000000000000
-3.29983164553722208    -0.47140452079103140    -1.88561808316412649
 3.29983164553722164     1.88561808316412671    -3.29983164553722164
 1.88561808316412627    -3.29983164553722208     0.47140452079103157
-1.88561808316412693    -0.47140452079103151    -3.29983164553722208
 1.88561808316412671     1.88561808316412671    -1.88561808316412671
-0.00000000000000000     2.82842712474618985    -0.00000000000000000
-0.47140452079103140    -3.29983164553722208    -1.88561808316412649
-3.29983164553722164    -3.29983164553722164    -1.88561808316412671
 0.00000000000000002    -1.41421356237309492     1.41421356237309515
