92    8.88877808043599948
-3.44438904021776970    -2.44438805890958077     1.71233766777994734
-3.44438904021698988    -3.44438904021787717     3.44438834132228244
 0.00000144340097280    -1.41099923719872078     3.44438904021780568
 1.71223780804995962    -0.37725304214542899     3.44438904021784165
-3.44438904021755121     0.62331134232044916    -3.44438904021774350
-0.39111550609042861     3.44438904021782921    -0.96033616997875504
-1.47900324630836533     1.13445916923138501     1.27668878570209055
-3.37016208923383598     0.91610942232512083    -0.18879973175571560
 0.00000030546324801    -1.41072402548828713     0.00000029676564428
-0.00000486837414962    -3.44438904021784564    -0.00016184672679254
 1.73226849432505769     1.65650667535629936    -3.44438904021772663
 0.01971250725118025     0.62239358512044463    -3.44438904021782166
-0.00988342917383297    -2.42741919766916503    -1.72227530215971991
 3.44438904021775949    -1.41073489033530164    -0.00005665288702679
-0.01971259689678297    -3.44438904021781278    -3.44438904021782610
-1.73199382664406465    -0.41090304955387952     3.44438904021699432
-3.44438904021770531     0.62239392253601622     3.44438904021766135
 3.44438904021781900    -1.44438904575239957    -3.44428083060530188
 1.73210490468402711    -2.41090803274524879     3.44438904021663861
 3.44438904021774883     0.62257299717321990     3.44438904021772796
-1.72219680677167175    -2.42755136350345824    -0.00996320034562451
 3.44438904021782166     1.62266030414635121     1.71238864228727916
 2.56214802406046482     3.44438904021770309    -1.57563321039487336
 0.01982075560253077    -3.44438904021739223     3.44438904021716263
-2.70309415760189475     3.44438904021788606     1.77468234649466661
 3.44438904021747216    -1.37742700282679453     3.44438904021764891
-0.01095458550916703     0.64132574332398873     0.01112466098200428
-3.44438904021787096    -3.44438904021786474    -0.01971257323000883
 1.71228769096372524     0.62274785126717491     1.71233874917957851
 1.07190523091104928     3.44438904021787495     0.55549255289828448
-1.72219192779199703    -0.39388679159371826     0.00979577947463650
 3.44438904021788117     0.62294094757222052    -0.01982416452688732
-1.72211328656495466    -1.42769264235461768     1.72216916491043981
-3.44438904021786385    -1.41071416856551912    -0.00016370809535433
 1.72202725145293800     1.63948980474551864    -0.00991005427456888
 3.44438904021783587    -3.44438904021782166     0.01982078097094183
 3.44438904021747261     0.62275465657540774    -3.44438904021771419
-3.44438904021756187    -0.41099771160118143     1.73205077217972692
 1.01495746257822339     3.44438904021770265     3.00257437581497255
 3.44438904021772574    -3.44438904021769909     3.44417364904618983
-0.00062899486400000    -0.37589138427600000    -1.71146834535299996
-0.87758957806826665     3.28612268951403008     0.97313085573650238
-2.15363427826027465     3.44438904021771908    -1.90560204672925915
-0.00993912457502970    -0.39402943433283222     1.72227591815896952
-3.44418100700784935    -3.44438904021788606    -3.44438904021788606
 3.44428691647443985    -3.44438904021775860    -3.44438904021765424
-3.44386876367900019     3.37533808701200000    -3.44387968808600009
 3.44438904021781145    -0.41063603486301303    -1.73205038246084642
-3.44438904021782433    -1.37760625132585313    -3.44438904021781989
-3.43631843500799983     3.44413404466000017    -0.28737563707199998
 2.62539564977204343     3.44438904021784209     1.81512246620897288
-1.73205080355452656    -3.44438904021766579    -1.73215483833539374
 1.73221260969609325    -3.44438904021753745     1.73210489452298821
 3.44438904021773329    -0.37733969286392977     1.71227928548602004
-1.71260320014973955    -0.37714745450327253    -3.44438904021768355
-1.72219710370226076    -1.39398711286243437    -1.72219710370110834
 1.72211096264415686    -1.39403067553322391     1.72216206183761034
 1.04083978996215532     3.44438904021766756    -2.87394798611942148
 1.72219771598007232    -0.39389722277171596    -0.00996627166796238
 1.71228716000791681    -2.44430062217329036    -3.44438903963185528
 1.72219162967110462    -2.42756171068927262     0.00990811079468318
-1.82814838154820047     2.17268262345367713    -0.39668796017466951
-3.44438904021779813    -0.37714745450151355    -1.71260320014927836
-1.71233880265342964    -3.44438904021773196     1.71222841471117415
-1.73194680193758055    -2.41082528935939155    -3.44438904021768044
 0.00993680082018732    -2.42769388819849619     1.72211343065311762
 3.44438904021761694     2.81122828132206459     0.10387810031569722
 1.71227600447899997    -3.44438808626100013    -1.71230947239000009
 3.44438904021772041    -2.44448275786895897    -1.71228413112864475
-1.71574101710040083     1.62918211656473888    -3.44438904021666970
-1.71228414230738535    -2.44448273328818066     3.44438904021752590
 1.72224816329207342    -1.42755914326063782    -1.72214121354342686
 0.22325158517576923     1.93568020517069850     1.95519695829179319
-1.73220534394105119     1.62640209148566850     3.19863593872121843
 1.73215972653696482    -0.41081719742123785    -3.44438904021784964
 1.73210476141826897     0.62284474472058360    -1.73221411155359650
 3.44438904021480008    -2.41072958992055275     1.73199721487353275
 3.44438904021784875     2.62296329358970359     3.44438904021781722
 3.44438904021767911     1.65633163901051605    -1.73216282228378171
 0.00955378837574762     1.63907106943603131    -1.72210459991286724
-0.87608404884816138     3.44438904021548264    -3.44438904021766801
-3.44438904021788161     1.58862639378366421     1.69327659051388402
 3.35337749777700012     2.95361768841500005    -3.39269418928300004
-3.44438904020797487    -2.41099765624177476    -1.73205081304250585
-0.00011287469800000    -1.41043764530200000    -3.44438806231499983
-3.44428085446781296    -1.44438904314403826     3.44438904021788606
-3.44438904021784120     2.63041026043091586     3.44438904021783099
 1.71245091617848200     1.62276814538158054     3.44438904021766001
-0.93563214118747506     3.44438904021767023     3.44438904021758674
-0.01970031598927994     0.62294210606287936     3.44438904021784253
-1.73209491307613739     0.65620064271771716    -1.69709410184652265
-3.44438904021768888     1.91671920404361851    -1.91890678754067645
