95    8.94772959585299965
 3.47386479792559832     1.73699198270772071    -1.73699443166012335
-2.54441382690147355    -1.75767502477641413     1.75768192231881759
 3.47386479792639502     3.47386479780669610     3.47386479790131597
-2.52589626278370494     1.74675601864159069     1.74669524001584620
-0.52613520207361253     3.47386479792625780     3.47386479792637903
 0.47386479790623076     0.00494803254888186    -1.73212054182952868
 0.48237048477141842    -1.73693099752373814     3.47386479787545754
 3.47386479792624581    -1.72709579790331014    -1.72720432037450489
-0.52608789378013610     1.72717744746601265     1.72712059278981744
-0.53102853624537838    -1.73415562731558182     1.73414907233485027
 2.48242584820223078    -3.46403398744214108    -1.73692721581791965
 3.47386479792550729     0.00009942842426010    -0.00007651809551175
 1.47386479792641656    -3.47386479792642389    -3.47386479792551217
 0.48254743111349485    -1.73685693883122383    -3.46419134473620893
-3.29263060716200018    -3.34656053161000022    -3.46840931382799988
 3.47386479792566094     1.73684585798613189     1.73690593018747363
-3.47386479792641056    -3.47386479792638836     1.32077817875156756
 1.47386479792639102     3.47386479792641190     3.47386479792550551
 0.47382446193009098    -1.73196859547162063     0.00491060616740425
-3.47386479792626535     1.97172167999180892     0.00005672343809499
 3.47386479792595582    -1.73693758211193394     1.73693099753564240
-1.51742917441976677    -1.73681665199518420    -3.47386479792645142
 1.47386479792640301     3.47386479792641767    -3.47386471675828057
 3.47386479792642167     0.00015100592915338    -3.46416470715509739
-2.52608824806660603     1.74669004478704948    -1.74667747920785832
-2.52589554127624494    -1.74668739344893975    -1.74675792358935689
 2.48225936692808924     1.73699438658048866    -3.47386479792541181
 0.48225936692723720     1.73699443166042777    -3.47386479792447744
 1.47388895934381403    -1.73692656246854971    -1.72717034038464212
 3.47386479792641412    -3.47386477496712454     3.47386479792505698
 1.47388832105062972     0.00013749531128012    -3.47386479792577552
-3.47386479792645275    -1.97218308610578341    -0.00018814798940589
-0.52611088468706046    -3.46404991467293577     0.00005197883694152
-1.51764105024406359    -3.47386479792638392     1.73693758211000215
 0.48245001000080706    -3.47386479792527325    -1.73688506830417699
 2.48235894975775606    -3.47386479791932068     1.73693758210712890
 3.47386479792641634    -3.47386479792141634    -3.47386479792514757
-3.47386479792640035     0.00019051853704323     1.97222707861954549
-1.51762951522858169    -1.73693099494762149     3.47386479792645186
 3.47386479792637903     3.46418752315719081    -0.00014612689664399
-1.52099772130900002     1.48840030987500005    -0.00606248907400000
 2.48251965182380729     3.47386479792128888     1.73684585686730308
-3.47287155553200000     3.38220782347200011     3.46621258897800022
-0.52613520207358966    -3.47386479766844980     3.47386479792641545
-3.47386479792641722     1.32036719818219739    -3.47386479792638125
 1.47386479849398899     0.00005174288174503    -0.00007665515119407
-1.52283825948899998    -1.45408167555700008     0.00517285010500000
-3.47386479792641278     1.32120685452801157     3.47386479792636882
-2.74021869772899995     3.36590281418299986    -3.36092769875700004
-3.47386419639799993    -1.32119718896300009    -3.47386444449400011
 1.47388821052258945     3.47386479792545577    -0.00013235165370523
 2.47386479790637637     0.00494803258211065    -1.73212054244806257
-0.52613520207441034     1.73699198269595012    -1.73699443122597708
 0.48226365641758967     3.47386479792466885    -1.73699186766121949
 1.47386479792419389    -1.73693758211358307     1.73693099737432255
 1.47386479792559388     1.73699198273220401    -1.73699443165910394
-3.47386479792640790    -3.47386479792638569    -1.32115447473038183
-0.52608828700500987     0.00017778649108061    -3.46419186623208741
-0.52608679041077344    -0.00005262340549346     3.46403894782777577
-1.51774063307276252     1.73699443166027012    -3.47386479790872738
-0.52613520207358866    -3.47386479787187019    -3.47386479792641545
-3.47386479792640346    -0.00004578154068619    -1.97169651075635310
-1.52561123969400003     0.00794149268800000    -1.48518280922099999
-0.52613520207360365     3.47386479792627068    -3.47386479792637592
-2.88895651460800007     0.01736060013400000    -0.01315314280200000
-1.51754998999979374    -3.47386479792638569    -1.73688560453311402
-0.52608701575347427    -1.72712356128052691    -1.72718453049234699
 2.47386479794077996    -0.00489388760739187     1.73196709194226739
 2.48226365645082003     3.47386479792136527    -1.73699198264163468
 2.48237048477141675    -1.73693091303272706     3.47386479792578173
-3.47386417660499980     3.47386444136399986     1.32123185351899997
-1.51743321261944675     3.47386479792638037     1.73681895676734999
 2.48252403731628934    -1.73684335390689704    -3.47386473559173936
 3.47386479792640523     3.47386477709337349    -3.47386479789645897
 2.47390609503551095    -1.73196817677140524     0.00486347647178860
-1.51892062992999999     0.00085257994900000     1.44837503682600000
 0.48243853888343263     1.73691994422024254     3.46403891049792589
 1.47391210621986612     1.72717745207450757     1.72712059085244518
 0.47382453335047175    -0.00491720207368423     1.73194377709091873
 1.47386479792641367    -3.47386479792642033     3.47386479776640833
 0.48235894975730026    -3.47386479792122937     1.73693758190804171
 0.48254321942299483     3.46415554180652041     1.73685954211419991
-2.95013864488700017    -3.47012809530900013     3.25183458902399991
-3.47386479792561342     3.47386479792570135    -1.32038488952472166
-0.52608827711759187     3.46416700273818590    -0.00017303274305397
 3.47386479792641989    -3.47386479792561209     0.00001036628926653
 2.47386479792668990     1.73214337855217559    -0.00495041055671204
 1.47388907217914955    -0.00001105382311502     3.47386479792576086
-1.51773634358280729     3.47386479792639236    -1.73699198273303179
 0.47386479828911476     1.73209569289949861    -0.00495054447649444
 1.47388911475084616    -3.46400249837501040     0.00005224689977428
-3.47386479792583502    -1.32082581745652705     3.47386479792557878
 3.47386479792641767    -0.00002498945516364     3.46401105612444971
 2.48241440168782912     1.73690592903276131     3.47386479792113745
-1.51753732352297566     1.73687837495522190     3.47386479792550773
