97    8.96466709080000079
-1.43296642572204114    -3.48233354539898077    -1.73490359278605988
-3.48233354539885731    -3.48233354539980766    -3.34844739010458436
 1.73126487265475504     1.48233354539982654    -3.48078143318918265
-3.48233354539579709     2.49889862018580056     0.00867357039977009
 0.03320324110393646    -3.48233354539886664    -0.37462916897320186
-3.48233354539426809     2.48250599074671419     3.48233354539886930
-3.48233353682839253     1.48233354663891426     1.75011276069304911
 1.73126486626470943    -0.51766645458614280    -3.48077390693921584
-3.48233354539887108    -0.51766645361319896    -1.73277318378874123
-1.73283604853550743    -0.51766645202608852    -3.48233354539900430
 1.73126487265116635     3.48233354539982631    -3.48078143562953146
-1.74402931721919408     2.49330719521840161    -1.74402931731299859
-3.48233354539353535    -1.51783888016040103     3.48233354000779416
-1.73830178880774922     2.50344908878238703     1.73830256718955978
 1.75943119652199997    -2.53340625764999983     3.48202770076199997
-1.73830393111525394    -1.49655091121754569     1.73830392578930448
-1.73830207568395334     0.50344908878196737     1.73830256523549465
 1.48755797695104208    -3.48233354539884887    -1.74752840137123044
 3.48233354539887152    -3.48233354539894258     3.10805661273500933
-3.48233354539895235    -0.51766643519831357     1.75038229943951862
-3.48233354539886664    -1.50098072271882410     0.00880456302978879
-1.74402972229302766    -1.50669280208757650    -1.74402931985276033
 1.75028273782839427     1.48233354539900941     3.48233354539883244
 0.00563607583900491     3.48233354539899898     1.71671681054695502
-1.75018318774962522    -2.51766643477722774     3.48233354539888174
-3.48233354492458025     0.51318004699256337    -3.48233354532988137
 3.48233354463838118     1.48233354539858708    -1.73126418477237420
 0.00817556597728698     2.48490337320780030    -0.01681328800787322
 3.48233354138806650     1.48233354539892681     1.75028273782823107
 3.48233354539888218     2.51602298751602360    -3.48233354539880002
-1.72531807935957771     1.48233841980032177    -0.00571781694416094
 1.75028273781959376     3.48233354539902296     3.48233354538426454
 3.48233354428041775    -1.48397701248438918    -3.48233354539891504
-0.00078523951244382     2.48233354544471974    -3.48233354539664708
-3.48233354539888573    -3.48233354539886664     0.42905068070157781
-3.30953127177378148    -2.84769470677201708    -1.45969835470159182
-0.00570032389406320     3.48233354539885553    -1.75028971164099079
 3.48233354539887063    -3.48233354539886308     0.31244016059195745
 1.74156487468093024     3.48233354539883244     0.00542532895712200
 0.00563606973292023     1.48233354539899542     1.71671681280106947
-1.97625857612527733    -3.48233354539903672     1.74500591813464112
 1.74388455026889866     2.49351902534292647     1.74388455024127453
-1.73283604699338567     1.48233354678217744    -3.48225884086289383
 3.48233354539891193    -1.51766645459811977     3.48233354539888706
 3.48233354539877960     2.48233354540195927     3.48233354539884310
 0.02057253140812598    -3.48233354539891060    -3.10866649085287916
 1.75028273782835786    -0.51766645460102412     3.48233354539886442
 1.73923210809234297     0.50174385506457153    -1.73768637486104738
-1.72973358393795218     3.48233354539893991    -0.00574783531233459
 0.18219616216933360    -2.80384078196172659     1.50085708249222582
 0.00004977496035578     0.51463023237056182     3.46700795751517399
 3.48233354539879247    -1.50240385941163357     0.00950927652812462
 0.00817556597110677     0.48490337320765914    -0.01681328574393132
 1.74388455109559470    -1.50648097583959006     1.74388455109552254
-1.74020651278100003    -2.51821671115700019     0.00574659656300000
-3.46679983627639032     0.49895894543532793     0.00863835719595136
-0.00160700862038188    -3.48233354539902162     3.37325233039556194
-3.48233354535975481     1.48233354539886419    -1.73283604689693793
-0.00570072812183584    -0.51766645460110183    -1.75028971278585521
 3.48233354539874673     0.49759614058837087     0.00950927652799259
 0.00004977496898069     2.51463023237101746     3.46700795524368699
-1.74402883697427469     0.49330719661201100    -1.74395460953293924
 2.05190278401026882    -3.48233354539899453     1.71024838666348344
 3.48233354539655426    -0.51766645460145666    -1.73126418477226873
 3.48233354539776041     2.49759614058837931     0.00950927652790537
-1.73113390174300008    -2.52544301480399991    -3.48195229009500018
 1.73923208210049318    -1.49825614492137382    -1.73767884746898638
 3.48233354539982587     0.51602298751561115    -3.48233354539887818
 3.48233354103334980     3.48233354539875428    -1.73126418477236643
-3.48066582922599999    -3.48229978710299992     3.08770803592799981
 1.74388454351619782     0.49351902416084864     1.74388455112297169
 1.74156487468101706     1.48233354539879847     0.00542533051251099
 1.73859841938991577    -0.51766425462087573     0.00543307096778027
-0.00078523950637646     0.48233354544467744    -3.48233354539881601
 1.73223508838316542    -2.51766561113519982    -3.48233354539886575
-3.48233354539982676    -1.48681995300799197    -3.48233354539895990
-3.48233354535312545     3.48233354539886575    -1.73283604710775085
-0.00004978628581607    -1.48531104587828855     3.48233354539886797
 0.00563487134071197    -0.51766645310583959     1.71679413834682126
 3.48233354539896389    -0.51766645460108229     1.75028273782829769
-1.73283604710779060     3.48233354539889151    -3.48233354539215956
 3.48233354539894835     0.48233354540189527     3.48233354539882800
-0.00570011434678140     1.48233354539881357    -1.75028971105205611
 3.33884066084123043    -2.75329479330165627    -1.54441532382838353
-3.48233354539897899     0.48250599074623307     3.48233354539889461
-1.75018318790770611     1.48233354539898299     3.48233354539845008
-1.75018318788294014     3.48233354539898921     3.48233354539824358
-0.00735897774798661    -1.51503629336990620    -0.01672383433690723
-1.75038230492037639    -0.51766644468913559     3.48233354539891105
 3.48233354539888085    -3.48233354539980056    -3.40127080824857586
-0.00078524242587395    -1.51766645455532689    -3.48233354539886752
-1.74085326292491671    -0.51760124377586636    -0.00572905828042405
-3.48233354539888307     2.51318004699256869    -3.48233354539886220
 1.73923209593818728     2.50174385580434189    -1.73768637682721461
-3.48233340123858914     3.48233354539891193     1.75018318790726402
 3.48233354533486095     3.48233354539893014     1.75028273782815291
 1.74781149829435400    -2.51753801209605532    -0.01506261978739031
