98    8.96708219295799935
 0.51645890352131640     3.48354109647870036     3.48354109647867149
-1.48354109647869081    -3.48354109644214693    -3.48354109645187471
-1.48354109645398125     1.73383563202597779    -1.73383563197936907
-1.48362140431411316    -3.46561866550217346    -0.01443190802684992
 0.51629829057851717    -3.48354109647846588    -0.01441073027774632
 3.48354109647867771     1.73483508025222233    -3.40120458802924874
-0.48664390843366528    -1.74970623018306304    -3.47998398736580272
 1.50310674095402397    -0.00927567273401663    -1.74386693683750971
 2.73433952066935104     1.55552209819748843    -1.55552209819749909
 1.50310674095270436     1.74386693683677119     0.00927567273303388
 3.48354109647867594    -1.73047436705551694    -3.14004593239902574
 3.48354109647846455    -1.70554130994548325    -0.34350182142396452
-3.48354109645444154     1.73383563190596623    -1.73383563200682889
 2.51645890338926881     3.48354109647846411    -3.48354109647849430
-3.48354109647867771     3.47776816400236211     0.01587731334761139
 1.48523689028789474     3.48354109647846544    -1.73383563209312741
 2.51644957234247002     3.48354109647846411     0.01386577561769567
-3.48354109647870525     0.01432532400305411     3.48354109647845434
 0.51645890352131008    -3.48354109647867460    -3.48354109647870702
 1.51201086701793486    -3.48354109647857246    -1.74892981784074641
-2.48664074520148670     3.48354109645186494     1.74970439908182729
 0.51643505442408777     1.74971464047264647     1.74894368340776429
 3.48354109647845522     0.34350182142377206     1.70554130994554787
 0.51643505442362492    -1.74894368340773476    -1.74971464047290715
-2.48875187930726582     0.01469997057937944     1.73654010847074769
 2.52019993631399997     0.02179571751500000    -0.02179538907600000
-0.49689028220748149     1.74388518098071654     0.00582501807361347
 2.51644957234247224    -0.01386577561774057    -3.48354109647847254
-0.51352695202917498    -3.48354109645248755     1.73445217622202286
 3.48354109647870613    -3.14787403070708338    -1.72902566554229797
 0.51645057178639842    -0.01586521921954852    -3.48354109647796406
-3.48354109647867727    -0.01587731428101581    -3.47776816400295186
-0.48798617758773050    -3.48010283708834489    -1.74893492159447117
 1.48523689028789452     1.73383563209313207    -3.48354109647846277
-3.48354109647867505     3.48352409241908756    -3.48354109627850672
-3.48354109647868837     3.48354109645268295     3.48354109625365282
-1.48362140431411338     0.01443190802540057     3.46561866550120401
-2.48664074518020062    -1.74970440009574180    -3.48354109645481458
-2.49688195011337921    -0.00584406318972228    -1.73811214548478632
-3.48354109647869414    -3.48354109644491583    -3.48354109645275400
-0.48864062128492070    -1.73073688503508327    -0.00034470794112260
-3.48354109647871413    -3.48354109647844279    -0.01432532400188541
-1.48355792629971717     0.00423413160057529    -0.00423413160376496
 0.52052350641599998    -0.00399783685000000     0.00335763907000000
-2.48798322217828938     1.74893321022806725     3.48354109645186183
-1.48354109658084576     3.48354109634592435    -3.48353016178213348
-2.51476310975373840     3.48354109642004062    -1.73383417025357756
-1.48354109882247442    -3.48347263088132264     3.48347263074364877
-1.48364341278422107    -1.73457739274281342     1.73457739274128331
 3.48354109647843746    -0.28814164629391764    -1.75452208828069178
-1.48355299710356414    -1.74550793691163664    -1.74371552432960875
-1.48354942818370850    -0.01587615440633752    -3.48354109647826427
 0.51645889883375273    -3.48354109647870169     3.48354109647871013
-1.48354942818370894     3.48354109647816124     0.01587615415335104
-3.48354109647847787    -1.74893338173564961    -1.74970457154256587
 2.51629530687252778     0.01095605011751951     3.48354109647845611
 0.51645057178639830     3.48354109647794408     0.01586521921955303
-2.51347557011859335    -3.46920579885767744     1.73460788622374396
-3.48354109647870525    -3.48354109645443089     3.48354109645447130
 0.51649181725299997     1.73360301329899991    -1.73360513544600003
 3.48354109647869992     1.72902566554222448     3.14787403070703276
 3.48354109647870880    -3.37529958964389198     1.73624724620699844
 1.48647304680349346    -3.48354109647849652     1.73452064126998051
 1.48647304680349324    -1.73452064126997452     3.48354109647849386
 1.51335292831612933     3.48354109647852583     1.74970076261617846
-0.48864062128688224     0.00034470794240505     1.73073688503300915
 2.51710817354600014    -3.48295614768399986    -3.48280271075599979
-0.48664390844388394     3.47998399698187022     1.74970622995571490
-2.49688195011472791     1.73811214548013937     0.00584406282488461
 3.48354109647843524     1.75452208828045952     0.28814164629394207
 3.48354109647867549     3.40120458802922920    -1.73483508025226163
-0.48798617758720325     1.74893492159533936     3.48010283677481125
 0.51629829057850496     0.01441073027774642     3.48354109647845833
-0.51476310971800798     1.73383250850946147    -3.48354109645287302
 1.51122854978538856    -1.74857316796608031    -0.01466831132078821
 1.51122854978343502     0.01466831131914516     1.74857316796495477
 1.51201086701793952     1.74892981784073664     3.48354109647858001
 0.52352470274899998    -1.72937606278799993     1.72998140845599990
 0.51645890338926292     3.48354109647867727    -3.48354109647867194
 3.48354109647867416     3.14004593239893781     1.73047436705545343
-0.49689028220608511    -0.00582501802658058    -1.74388518098337308
-1.48354109647868393     3.48354109645184806     3.48354109633261366
 2.77569023902415690    -1.51757765812437451     1.51757765812420264
 2.51994681840599988     3.48081850859600017     3.48320141622200019
-0.51352695202976850    -1.73445217635940030     3.48354109645228460
 2.51629530687254022    -3.48354109647845789    -0.01095605011757039
 1.51335292831611978    -1.74970076261617913    -3.48354109647854582
-2.51347557011953260    -1.73460788622312401     3.46920579889975089
-0.51476310969064865     3.48354109645291432    -1.73382469734692157
-2.51476310972664363     1.73381862713506751    -3.48354109642458853
-3.48354109646995980    -1.72027258863206112     1.72027258867350286
 2.51645889883375418    -3.48354109647847432     3.48354109647846899
-3.48354109647847565    -0.00156754927075099     0.00156754926472450
-1.48355299710331812     1.74371552437567345     1.74550793695737605
-3.48354109647848320     1.74970457152685355     1.74893338173734514
-2.48875187972014045    -1.73654010871175712    -0.01469997077203357
-2.48798322217937962    -3.48354109645186583    -1.74893321022749548
 3.48354109647870347    -1.73624724620702597     3.37529958964373655
