106    19.99392167739999948
 7.12739481424754562      7.99696083859615037
-8.99696083867951479     -8.99696083868758478
 5.39534400673030401      8.99696083868558816
-5.42264393989498750      0.99999999999901679
 3.50556196734322523      0.99999999999371958
 8.99696083868609087     -0.99762336128553653
-5.53285922352125326     -6.99696083868635554
 5.50555895140116203     -5.00000000019087310
-3.53285922354033621      2.99696083868612062
-5.53285922354282178      6.99696083868649676
-5.42264393988079174     -1.00000000000111156
 8.99696083868600205     -4.99728965156660099
 1.77350848288651752     -0.00000000000490918
 0.04145767531303072     -1.00000000000122991
 7.23761330505082867     -1.99999444545886984
-7.26491003111195255      3.99696083868174945
-3.53285922352099435     -4.99696083868659002
 3.50557065376653076     -7.00000058722948282
-7.26491003110137346     -5.99696083869729524
 1.66329319917602159      5.99696083868292362
 5.50556196734338954      0.99999999978639253
-3.53285922354545168      8.99696083868642837
 1.77350814432420045     -6.00000058811561932
-3.53285922350577675     -8.99696083868684049
 3.50555929045566650     -1.00000000000450506
 7.24963532559722523     -8.01487358935999517
-7.26491003111455136      5.99696083868597274
-5.53285922354535753      4.99696083868639906
-1.80080841597457386      5.99696083868287477
-7.15469474744549760     -2.00000000000934186
-8.99696083868538210      0.99696083868705287
-8.88674555503323482     -1.00000000000015365
 3.50555929038115677      4.99999999999771827
-1.80080841597528707      7.99696083868862395
 7.24054262606460419     -3.99999230022733432
 5.50555929041360148      2.99999999978467979
 7.23761544125304201     -5.99999015812348180
 1.77350848283404794      1.99999999999509703
-5.53285922354548987      8.99696083868661667
 3.39534473072659138     -8.99696083868421503
 0.04145767524270771      2.99999999999883604
-8.99696083868465912      4.99696083868711138
-3.42264393988047733     -1.00000000000140599
-0.06875760840762363      6.99696083868645591
-7.26491003110633038      1.99696083868092034
-8.99696083868539276     -2.99696083868717222
-8.99696083867734053     -6.99696083868726237
 3.39534400674514547      6.99696083868560770
 8.97112691530368878     -2.99745650642606831
 5.50555929038116165      4.99999999978470910
-1.69059313231959063      1.99999999998739120
 0.04145767531513950     -5.00000000000133760
 3.50556570452609195     -3.00000019525942774
 3.39534400673030401      8.99696083868621699
-7.15469474746020673     -0.00000000000733392
 8.97073688992044715      5.00186597949409339
-7.26491003109430977     -7.99696083870684316
 0.04145767525921884      0.99999999999880096
-0.06875760836491712     -6.99696083868684937
-1.80080841596223040      3.99696083867502194
 7.24015656610780933      0.00000393749631606
-8.99696083868418839      6.99696083868715046
 1.77350848281377416      3.99999999999512212
 7.23761143644590366      2.00000231807466555
 8.99696083868604468      3.00203791075639792
-1.69059313225989571     -2.00000000001264766
-5.53285922350962700     -8.99696083868666108
-0.06875760840458331      8.99696083868675700
-5.42264393983567050     -3.00000000000112843
 8.97093340638907755      1.00220727473543003
 7.23761009787885801      5.99999999990799981
-1.80080841586319473     -7.99696083880917463
 8.99696083868545493     -8.99696083869200969
 1.77350848288698448     -2.00000000000492406
-8.99696083868405161      8.99696083868752261
-7.26491003111466771      7.99696083868609886
-1.80080841594301644     -5.99696083870068808
 8.97131715096907811     -6.99712524512930134
 7.23976398169349178      4.00000115971165293
 5.39534400674545367      6.99696083847802441
-1.69059313226582741     -4.00000000001462208
-5.53285922354034998      2.99696083868639684
-3.53285922354276183      6.99696083868617791
-0.06875760839974575      4.99696083868641505
-3.42264393989497906      0.99999999999860889
-5.53285922352176751     -4.99696083868632535
-3.53285922354534598      4.99696083868614949
-3.42264393983558568     -3.00000000000140998
 1.66329319916319052      7.99696083868315188
 3.50555929041302505      2.99999999999213296
 8.99696083868825269      7.00169404823177643
 5.50556570452609062     -3.00000000020225022
-8.99696083868490604      2.99696083868710961
-0.06875760818612113     -8.99696083868697549
 0.04145767531589725     -3.00000000000124123
 8.85944562176108086      8.99696083869200791
 1.77350848288648311     -4.00000000000496847
 1.66329356126528083     -7.99696146547924958
-8.99696083867778285     -4.99696083868724372
 5.50555929045568426     -1.00000000021186852
 5.39534476849488964     -8.99696083868211538
 5.50557065376820987     -7.00000058514243939
 3.50555895140124818     -5.00000058726369456
-1.69059313230311226     -0.00000000001264538
-7.26491003109674693     -3.99696083869646479
-3.53285922352099391     -6.99696083868659802
