103    19.78846228494075277
 5.14564560981225938     -7.08543269279880938
 8.89423114246998381      4.89423114247037550
-3.18482584876196873     -6.69149632144594264
 3.69807871976312486      5.89423114247031066
 7.16218033490089834      7.89423114247037550
-7.16218033490094097      3.89423114247026136
-8.89423114246999091     -1.10576885752961784
-7.16218033490109462     -4.10576885752975151
 8.89423114246998736     -1.10576885752962761
 3.69807871976314484     -4.10576885752981102
 7.16218033490093209      1.89423114247027424
 7.12350768207338003     -6.17023604805673020
-1.21879793656777169     -7.05855796269076308
 1.96602791219422968      2.89423114247029512
-5.43012952733202869      0.89423114247031588
-3.69807871976312619      7.89423114247032043
 1.96602791219424011     -3.10576885752970755
 5.43012952733202070      8.89423114247037638
-1.96602791219423367     -1.10576885752971799
 7.99902018669262027     -8.89423114247037638
-5.43012952733197185      8.89423114247037638
 8.89423114247009039     -5.10576885752962806
-7.06814538439547224     -6.27638901371850189
-5.14564560981226116     -7.08543269279882448
 2.01271479432923117     -8.89423114247036750
-3.69807871976316793     -4.10576885752984388
 3.18482584876196340     -6.69149632144594531
-1.96602791219420081     -5.10576885752972576
-1.96602791219421702      4.89423114247028490
 8.89423114246996249      0.89423114247037250
-5.43012952733217436     -5.10576885752968401
 1.96602791219424389      4.89423114247029734
-3.69807871976313818     -0.10576885752971105
 5.43012952733201981      4.89423114247033553
 5.43012952733201892     -1.10576885752966381
 8.89423114246977420      8.89423114247037638
-3.69807871976310931      3.89423114247028979
-8.89423114246999624      4.89423114247037994
 7.16218033490101558     -2.10576885752974174
 5.43012952733207133     -3.10576885752966358
-0.00339803189551800     -8.88923695918242984
-2.01271479432923561     -8.89423114247036750
-1.96602791219422524      6.89423114247033286
-5.43012952733200738      2.89423114247031599
 5.99902018669262027     -8.89423114247037638
-5.43012952733200827      6.89423114247031776
-7.16218033490094808      5.89423114247030888
 3.69807871976310798      1.89423114247028335
-8.89423114247008328     -5.10576885752961651
-5.43012952733202514      4.89423114247031776
-0.00000000000000466     -5.47283049877453820
 1.96602791219424744      8.89423114247034263
 7.16218033490094719      3.89423114247028046
 0.00000000000000180      2.52716950122562922
-8.89423114246995894     -3.10576885752961784
 7.16218033490096673     -0.10576885752973028
-5.43012952733203313     -1.10576885752968401
 5.43012952733203491      2.89423114247033508
-7.16218033490085748      7.89423114247038971
-3.69807871976310043      5.89423114247029289
-8.89423114246997670      0.89423114247038149
 3.69807871976312974     -2.10576885752972753
-8.89423114247037638     -7.10576885752961562
 7.16218033490109907     -4.10576885752977550
-4.00586749051094504     -8.72887598015729615
 8.89423114246978841      6.89423114247037638
-8.89423114246996427      2.89423114247038082
 5.43012952733204468      6.89423114247033553
-7.16218033490100137     -2.10576885752974530
-3.69807871976315150     -2.10576885752971288
-1.96602791219421325     -3.10576885752971865
 7.16218033490095429      5.89423114247030089
-0.00000000000000717      0.52716950122559214
-1.96602791219422324      2.89423114247028268
 0.00000000000001744      4.52716950122564032
-1.96602791219423301      0.89423114247028235
-8.89423114246975821      8.89423114247037816
 5.43012952733214060     -5.10576885752966358
-7.16218033490096317     -0.10576885752974205
-0.00000000000001696     -1.47283049877444028
 1.96602791219420947      0.89423114247029467
-3.69807871976311331      1.89423114247028912
-7.99902018669265402     -8.89423114247037816
 1.96602791219420614     -5.10576885752970888
 0.00000000000000771      8.52716950122567496
 1.96602791219422479      6.89423114247029911
-5.43012952733205978     -3.10576885752968401
 3.69807871976312352      3.89423114247028401
 4.00586749051092639     -8.72887598015710786
-1.96602791219427919      8.89423114247037283
 5.43012952733201804      0.89423114247033597
-0.00000000000000622      6.52716950122564743
 1.21879793656775903     -7.05855796269076663
 8.89423114246996782      2.89423114247037239
 3.69807871976309332     -0.10576885752971912
-5.99902018669265402     -8.89423114247037638
 8.89423114246996072     -3.10576885752962761
 3.69807871976314262      7.89423114247032043
 0.00000000000001441     -3.47283049877445515
-8.89423114246982216      6.89423114247037905
-7.16218033490094452      1.89423114247025870
 1.96602791219419837     -1.10576885752970577
 8.89423114247037638     -7.10576885752962806
