104    19.86144938460000020
-0.20588055526493931     -8.07263120520532595
-2.01244513131571345     -8.93072469228056498
-5.46664704758406117     -4.90100112269420407
 8.93072469228025234      0.93072473704749359
 1.48233171913988526     -0.93730885672272612
-0.25812884170379680      4.07748691717899003
-3.73108053032716791     -1.90101754356268904
 1.60068402079347827     -8.93072469227962529
-8.93072469227811716     -8.93072469227775834
-5.46661508716432998     -2.90100112294956602
-5.33467564871818301      7.09464318424401608
-8.93072469160415316      1.09904039469020942
-5.46659910725075360     -0.90100112301339963
-2.01119942203901125     -4.91589750583868224
 7.19867383302844921      1.93072482656028033
 7.19867383302582819     -2.06927517343995770
 3.21211056834732700     -5.99981408838427210
-2.01988537163411319     -6.93073853162244369
-1.98164161741013323     -0.90749738610953634
 3.53365351123768701     -8.41727659459808919
 6.67684820806295054     -3.99999991227046525
 8.93072469228091670     -6.93072469228091759
 3.65703300982617607      1.95295450745164745
-3.43373265050102283      6.47301973107529705
 3.68095751083543954      3.95281140690400745
-3.74820407382901966     -7.93717504906572557
-0.28781858406530419     -5.93076621030495854
-0.19352951035098698      8.53748540771416131
 4.94479735257565256     -6.99999995997292679
-3.72908746621958898      4.09899940273392005
 8.93072469227725207     -8.93072469228091670
 8.93072469227482202     -1.06927526295250619
-7.19866589482925345     -1.90097344431422166
-0.25812884170352079      2.07748691717899003
 8.40889897790415297     -4.99999997761671189
 1.94329598033680373      4.94302976940054872
 1.88730172178271771      1.02126187137454472
-8.93072469227918830     -6.90098728335153933
-8.93072469228034649     -2.90095960530985852
-8.12764771370960837      8.93072469227825927
-7.19496574978279124     -5.90743764013089745
 7.19867388470819236      5.93072473704743075
-3.73454829848867265      0.09899887492003685
 1.44053249138905759     -6.93714713230621882
 0.20944436738695169      6.02206278202474099
 3.72130902295356281     -0.04601237424911890
 5.46641153475806085      4.93109122873277617
 8.93030153001679672      8.93072469228091670
-5.46659910725085485      1.09899887698660215
-3.74326620960783174     -5.91586982715619403
 7.19867384698080404     -7.93072475762461693
 8.93072469228091670     -3.06927526295250619
 5.42854850599080230      8.93072469228059518
 3.72266801726175611      5.95237641801361228
-1.51456456035701414      7.03586415165262302
 5.40092213918014696      2.93216373153162202
-7.19866589493174214      0.09902655586301252
-1.99872134026210579      3.09242968332757417
-5.48396301632902272     -8.93072469228011201
 1.52271907417721919      2.98775100001607941
 7.19867383303115371     -0.06927517343977749
-7.19807848187977317      6.10004159211531594
-5.47158491180600670     -6.92230634459383953
 5.46519815231265760     -1.06680315016905602
-0.25826077941954012     -1.92236609057196084
-1.99885327797872825     -2.90742332442337093
-0.24104911885173919      0.07755984774188031
 4.94584157977919148     -2.99819351738286466
-1.98671103883085354      5.09239362116733751
-6.12764771370960393      8.93072469227769794
-2.15448918996598904      8.93072469227836230
-1.99872134026184223      1.09242968332757417
 1.76743016926421026      8.93072469227770860
-8.93072469227732491      3.09904039469021964
-8.93070876250458667      5.09904039462689695
-4.14106845183762484      8.69941789103474150
-7.19868187473257848     -3.90097344430488180
 3.22272863374136831     -1.98287003435055809
-3.73454829849847325      2.09899887493677184
 5.46662300168388704     -8.93072469227788446
 6.67684819787619421     -6.00000002531901000
-3.73458026001530818     -3.90102880137596220
 4.94479742803492162     -4.99999995997288060
 1.44790839797103299     -4.93716073335194228
 7.17942501800069888      7.96406475222453469
-8.93072469226937571     -4.90098728331967681
 8.93072469227749011      4.93072473704749292
 5.46519815230999573      0.93319684983094386
 3.59798933762802342      8.12508635460999251
-7.19866589499800735      4.09902655597825394
 1.46512005855727745     -2.93723479503662155
 1.98500648676326397      6.94259478051037515
 3.21379079975123982     -3.99819356508514545
-7.20734385430287450     -7.91585598781408706
 5.46683469705777281      6.93109118396620083
-7.19866589389749212      2.09902655587624976
-5.46659910560581075      3.09899887698661347
 8.93072469227781340      6.93072473704749203
 7.19825074376501206      3.93072478180914997
-5.46659910725065412      5.09899887698662546
-0.27547244000267213     -3.92229202888567041
-8.93072469227781163     -0.90095960530980390
-8.93072469227769439      7.09904039456349167
 8.93072469227773880      2.93072473704749337
