109    20.38318222019999837
-4.12916269283167647     -0.02720609702809559
-5.73205080757093910      7.18373197068661096
 7.17611970757817996      1.19173512402789439
 5.17611970757620909      1.19173512404875659
-0.66506139043796886      1.97279348570478330
 2.17611970133896993     -4.00441729509050326
-2.39662241025748957      0.97194562781548710
-3.83935170816038784     -7.45954029496528914
 1.17611970757620732      1.19173512404714632
 7.19159111009475360      5.19159111008070973
 1.17611970123799137     -2.27236648746185255
-4.00456131262277903      8.19159111007301988
 0.16848416321588330     -3.99998641745701899
-0.82386081750749263     -2.26353848007235570
-2.83935169508315166     -5.72748949494647874
-9.19159111008552543      5.17587283129231146
 6.18395556962307502     -3.99986956638863544
 2.17611970755168027     -0.54031568353589143
 5.17611970755445938     -2.27236649110094824
-7.43907434318541405     -6.25917056302608010
-7.45954030251522049      4.17587283129305931
 6.17611970755644091     -0.54031568353155268
-2.83935169508607954     -9.19159111008486818
-0.54045969747523570      6.19159111008997520
 3.16874983907839081      3.19172154526287111
 1.16848416322067195     -5.73203722502917934
-9.19159111008950802      3.17587283129214892
-7.44489278464839810     -2.24866421118686333
-9.19159111008903196      1.17587283129204434
 8.19159111005840757     -3.99543868740770458
 5.19159111008111740      9.19159111009361673
-5.86121350040051325     -1.02720609702816956
-5.73661212017910049      9.19159111009476781
-9.19159111009476959      7.17587283135606846
-1.83935169508480589     -7.45954030251642664
-5.71298600805604373     -3.24891363867927252
 9.19159111009476604     -9.19159111009336272
 9.19159111009382812     -5.72748949495620430
-5.72746240689947061      3.17582591259156111
-7.45954030253933009      6.17587283133279286
-4.12652262858285113      1.97566134186987119
-5.28933535833735124     -5.53113258781796269
-1.86344617445665772     -3.98009573440649955
 7.18395556968835525     -2.26781875878233707
 9.19159111009475893      5.19159110846209515
 5.19159111009474916      5.19159111009361496
 4.18395556275411629     -7.46397117876538019
-4.00000000000118305      6.18373197068694136
-7.43907434502338383     -4.25917056300862029
 3.17611970754955841     -2.27236649110599354
-2.27251050505350571      7.19159111007370644
 9.19159111008028873     -2.26338787984806622
 9.19159111008118579      9.19159110849712846
 6.19159111005734264     -7.45954030254749334
-2.27251050505906083      9.19159111008377394
 7.19159111009237950      7.19159111008075946
 5.19159110002551749     -9.19159110951536462
-4.83935169508662888     -9.19159111008237062
-0.83935169508568253     -9.19159111008596952
-0.83935169508302321     -5.72748949494399362
 4.17611970754728912     -4.00441729867618168
-9.19159110976616489     -5.22285359723584541
-2.39662240756502110     -1.02805437218465023
-7.59111371872566210     -0.02349038297407575
 1.19159111009474494      5.19159111009188656
-9.19159111009264684     -3.22285359723584541
-0.54045969748651612      8.19159111009012442
 5.16874983907897168      3.19172154526235197
 3.19159111009474517      5.19159111009413099
 4.17611970755568240     -0.54031568353135584
 1.16874983907828622      3.19172154526063157
-3.86323245807619875     -4.00944753295228917
 3.17611970757620865      1.19173512404937942
 1.16064830491519455     -9.19159111008335294
-2.26794919242172011      5.18373197070116998
 0.16064830491522514     -7.45954030251393441
-9.19159111009246566     -1.22285359723583564
-0.39085771254953999     -0.22428575582316199
 9.19159111009275875      7.19159110846642147
-7.45954030252011613      2.17587283129303977
 2.16848416325369264     -7.46408803261880571
-9.19159111008176666     -7.22285359723584541
-7.46410161512910797      8.18373197071200309
 5.19159111009237950      7.19159111009361496
-0.66747211378950844      3.98436833911424415
-4.12916269273479841     -2.02720609702809895
-3.99543868739090779      4.17587283135127052
 7.19159111009476515     -9.19159111009476604
-5.83935170842683959     -7.45954029433478727
-5.72748949496944970      5.17587283133453013
 8.18395556979225702     -0.53576795117496234
-6.83935169508701435     -9.19159110961831516
-5.85906291115705713      0.97650961702639616
 3.17632002517598533     -9.19159110928667644
-2.39496160876305275      2.97650919975873096
 1.19159111009237884      7.19159111009216190
 3.19159111009237861      7.19159111009413454
-9.19159111008848662      9.19159111008476870
 8.19159111009297547     -7.45954030252480216
 7.16874983960722645      3.19172154524335028
 5.18395556961746795     -5.73192037396295540
 7.19159111008112450      9.19159111008077723
 9.19159110910702637      1.19185197809694388
-8.83935169508743535     -9.19159111009134300
 7.19159111005688523     -5.72748949497672566
 9.16874986803286873      3.19172154328374891
 3.19159111008110097      9.19159111009414431
 1.19159111008110097      9.19159111009231289
 3.17611970137857735     -5.73646810268355889
