111    20.55754684260000076
 9.27877342127510296      8.27877342195726129
 9.27877342129007232      0.27877305073309155
 9.27877342127765381     -1.72122694926690900
-0.60422330382434686     -4.30391425053035537
 9.27877342127820448     -3.72122694926692166
-9.27877342128913440      2.72122657870963192
-1.30105691399014844      8.55763806907787661
 1.14149681110371892     -7.30386768149223986
-7.54604194520529781     -8.27995330143403585
 5.81424259106615082      8.27951721163719867
 0.61851914377062323      5.27877457314789744
-0.60422300606875556     -2.30391402394110667
 4.08262131749440549      7.27877360564906795
 7.54672272015679457      5.27877323760570505
 0.61851850608198311     -0.72122542713394400
-4.08189990803415892     -2.28002342453982410
-4.08190097777986516     -6.28002342453995599
-9.27877342129207250     -5.27877342129207161
 5.81467180614016232      0.27877305196038921
-1.12710657629839228      4.30266451508883208
 2.35057008531589284      2.27877360503312865
-7.15906691080431212      9.27877342128924276
 0.61894923824156833      7.27951721367605842
 7.54672261335570571     -0.72122694865632253
 9.27877342128492444      4.27877305324494461
-2.34984888821930227     -3.28002379213676054
 2.32308589013284683      8.32637836573285206
 7.54672261335664096     -4.72122694865632475
 5.81467180687475604      2.27877305198439339
 7.54672261335619687     -2.72122694865632253
 2.35056987168596532     -1.72122639496740759
 1.45732480060876912     -9.27877342128174121
 4.08262110574672299      3.27877323634532036
-4.08189990802048275     -4.28002342453991869
-4.59192754124788838      4.30391221277694669
 7.54672261331249228      9.27877342129207250
-4.04546353261351754     -8.34063495791091114
 5.81467191219839474      6.27877323695635248
 9.27877342128985738      2.27877305195463453
-6.22264822236772375      7.46062772859202550
-4.59192795145183386      2.30391221277505709
-6.43179748691798192      5.47102874031588193
 2.35057051027811426      6.27877360503769477
 2.85987831135824910     -4.30391453972933302
-1.12626090840629556      6.30266433630027834
 1.12782742028428085     -5.30391439509907325
-5.81178632971321729     -9.27877342129031213
-2.85915718650645667      5.30266488376434264
 5.81467191296282149      4.27877323695635070
-9.27877342128046934      9.27877342128225102
 0.56440919499974795      9.27877342129007943
 7.54672261409092737      3.27877305259554230
-9.27877342129202631     -1.27877342129107952
-2.85831150312399584      7.30266470496924036
-7.54672194714367173     -0.27877457584148235
 4.08262089342495038      1.27877323536773657
-8.21892016603607800      7.58268643136949017
-4.08189990802709524     -0.28002342453978979
 3.37043048103608101     -8.69565537532759691
 7.28115479137118093     -9.18120391041073702
-9.27877342128235938     -7.27877342129207161
-2.34984931268037345     -5.28002379213671702
-8.05602910626110358      4.30391301008721783
 9.27877342129207427      6.27877342195408428
-3.16652302346831194      9.27877342129207072
 7.54672261334098238      7.27877342129207161
 7.54672261407371625      1.27877305134367769
-5.16279496713621988      9.15671471851183227
-9.27877342129034233      5.88659944146385339
 9.27877342127849225     -5.72122694926694741
-9.27877342097668212      0.72122657870961349
 5.28353616146458105     -9.27877342127753835
 4.08176256825156525      9.27877342128649474
 2.94391243061639818     -6.43708103186401104
-7.54672194710027355     -4.27877457591772981
-7.54672194705841282     -6.27877457597034194
-2.85915802244161643      1.30266488376190148
 0.61851871896877031      1.27877457286606222
-7.54672194711849897     -2.27877457587389731
-2.34984888823314408     -1.28002379213675987
-0.59965580516417805     -6.31178946667599661
-5.81467060450144846     -5.27877550259494566
 4.08262089311056453     -0.72122676537644947
-2.85915759673321457      3.30266488376438305
-9.27877342127949767     -9.27877342129207250
 8.36446178137082264     -7.50000018527254131
 0.61851871820432158      3.27877457286606999
-4.59108185784478717      6.30391203398187194
 2.35057008455142569      4.27877360503316950
-7.54672194683172926      1.72122542417256486
-9.27877342128655336     -3.27877342129108706
 5.81467180115944426     -1.72122694805873255
 5.81467180544231432     -3.72122694805876852
 9.27877342127820448     -9.27877342127871074
 4.08262088812362212     -2.72122676540829422
-0.41090773487887355     -8.56483561352409062
-1.12710700201929126      2.30266451508887782
-2.27914027036287781     -9.27877342129207072
-5.81467060451376749      0.72122449740506356
 4.59192907985768883     -5.30391460739968679
 4.08262110498229713      5.27877323634532036
-5.81467167426057774     -7.27877550259466677
-5.81467060450730422     -1.27877550259494566
-6.32397855394392927      3.30391256797839716
-5.81467060451438744     -3.27877550259494566
-2.34985038244200162     -7.28002379213643991
 4.79652391075870099     -7.29342232419016945
 2.35056987242971305      0.27877360503264498
-1.12710700125484742      0.30266451508887759
 1.12782758721210086     -3.30391439509907192
 6.63241097399288204     -6.50000018494163090
