112    20.64179216512459547
-4.18058486052179479      9.32089608255742696
-5.25070085058621583      4.16719726706515292
-4.18053203274131935     -1.07137826218695276
-2.18053203273733320      5.85682496809102293
 1.81946796726213611     -1.07137826218487042
-7.25787663433836361      4.17132942804134199
 0.81946796726209348      0.66067254538398501
 0.81949438114767559      4.12475891018936736
 7.32089608256113777      4.53547987732491187
-5.25075367860177700      7.63129888179933236
 9.32089608256127278     -2.39272335295050276
-0.18053203273543220     -4.53547987732402991
 2.32084325478738407     -4.12474365985322233
-6.25072726447886051      5.89923282429754625
 7.32089608256097257      1.07137826218709686
-3.18053203273541563     -6.26753068489297505
 3.81952079503581343      2.39269285228644346
 6.32084325478947839     -7.58884527499216421
 5.32086966867285138     -2.39270810261674560
-9.32089608063840913      4.03993573680824181
 3.32084325478945441     -5.85679446742326615
-7.32089608256200020     -4.71062003172758637
 2.81952079503578190      4.12474365985530245
 8.32089608256110047     -0.66067254538172115
-2.18053203273510388     -7.99958149246197436
-3.18053203273768403     -2.80342906975379069
-2.18053203274306906      9.32089608256071145
 1.32084325478944065     -5.85679446742346865
-7.32089608255705926      7.58883002505670756
 6.81952079503616471      7.58884527499289430
-1.18053203273539054     -6.26753068489293153
-9.32089608256226931     -8.17472164686519776
-0.18047920496358938      9.32089608256229774
-6.18052843696134069     -1.06758575549760737
-5.68190732025926071     -5.85679446742458598
 7.32084325478952813     -9.32089608256119995
-3.68190732025918432     -9.32089608256229774
-5.68190732025956002     -9.32089608256228175
 2.32084325478947573     -7.58884527499234274
 0.32084325478946740     -7.58884527499239336
-7.68190732025959466     -9.32089608256229418
-4.18052843696190735      2.39651585964048230
 9.32089608255830449     -9.32089608256000623
 3.32084325478951659     -9.32089608256121949
 6.32089608256074342     -0.66067254538169495
 9.32089608256131719     -5.85682496808800490
 1.32084325478951659     -9.32089608256128521
-2.18053203273544094     -4.53547987732408231
 8.32089608256137225      2.80342906975580242
 0.81946796726239612     -2.80342906975389772
 5.32089608256091928      1.07137826218728383
-6.68190732026080259     -7.58884527499264827
 1.81949438114766426      2.39270810262037292
-7.32089608256227997     -2.71062003172758637
 1.81952079503587916      5.85679446742423604
-3.25070085081833104      4.16722776733365929
 9.32089608256158719      4.53547987732457969
-3.18055844662859677      7.58886052532420674
 3.81952079503648578      9.32089608256213076
 9.32089608256155877      1.07137826218699583
-0.18050561885582686      5.85680971775625547
 5.32084325478951659     -9.32089608256135094
 6.32086966867288780     -4.12475891018565299
-4.25072726470953377      5.89926332456679692
 7.81952079503651643      9.32089608256172930
-9.32089608255716762      7.58883002436421084
-1.18053203273764162     -2.80342906975393458
 8.32086966867341360     -7.58886052532322353
 7.32086966867295619     -5.85680971775455816
-7.18055610184914350      0.66444907945105469
-8.39821664966856929      5.81438288106599188
-6.32092249668000949      9.32089608255844837
-3.18053203274346652      0.66067254538317277
 4.32084325478947751     -7.58884527499222372
-1.18053203274132668      4.12477416051980850
 0.81952079503248410      7.58884527499115347
-2.18053203273907714     -1.07137826218410059
 7.32089608256078161     -2.39272335295055028
 5.32084325478945530     -5.85679446742329279
-6.18055610184851911      2.39649988701965411
-9.32089608256229241     -2.71062003172298827
-2.18053203274188423      2.39272335295124083
 2.81949438114775619      0.66065729505149040
-0.18053203273844087     -1.07137826218459220
 4.81952079503601016      7.58884527499296269
 5.81952079503603592      5.85679446742409127
-1.18050561885192784      7.58886052532750721
 4.81952079503595066      4.12474365985525182
-0.18053203273782481      2.39272335295293903
 5.81952079503651643      9.32089608256203128
-5.25157430293327643     -2.83906290071492995
 9.32089608256156232      7.99958149246243622
 8.32089608256127278      6.26753068489371312
-5.18052843696448484      0.66446505207309292
-8.32119686908337108     -0.97839559979387436
-4.68190732025932022     -7.58884527499349826
 3.81952079503590580      5.85679446742412857
 3.32084325478722509     -2.39269285228422035
-4.18053203273544849     -4.53547987732395885
 1.81952079503648556      9.32089608256224089
-8.18055606529336821      2.39688228380347246
 6.32089608256105251      2.80342906975608397
-1.18053203273835017      0.66067254538435971
-0.67915674521048319     -9.32089608256168312
-8.32089608256400304     -6.44267083929531381
-9.32089608256200108     -4.71062003172310462
 2.81952079503596575      7.58884527499306394
-9.32089608255637181      0.75382883213833674
 4.32084325478738940     -4.12474365985319658
-8.32092249752295388      9.32089608242620749
 4.32086966867287892     -0.66065729504777237
 8.32089608256094948     -4.12477416051933243
