114    20.76077635660000098
 6.01354740537795873     -4.22823290697053356
 4.28149659780901359     -5.22823290697041632
-2.54944579024179063      0.92392236434090880
-4.28149659781074021     -0.07607763565897517
 4.18423575558030336     -9.38038817828694960
-7.64833737071845832      0.07607763565985982
 7.64833737071868303      3.22823290696782195
-4.28149659781087877     -4.07607763565898740
-0.81739498266837096     -8.38038817828793370
 5.91628656315061896     -2.07607763565546843
 2.54944579024222406      8.38038817828704907
 6.01354740537992782      8.38038817828713967
 7.64833737071825670     -7.38038817828700644
-4.18423575558166050     -6.22823290697705545
 2.54944579023751938      2.07607763565570158
 2.54944579024016571     -4.22823290697023690
 7.64833737071943087     -3.07607763565558301
 4.28149659780890168     -7.22823290697041632
 9.38038817828765126      6.22823290696789833
 0.81739498266865629      3.07607763565573400
 9.38038817828761573      4.22823290696772869
-7.64833737071842368      4.07607763565989867
-0.81739498267321442     -4.07607763565939418
-7.64833737071936604      8.38038817828784488
-6.01354740537674637      7.22823290697450282
-5.91628656315051682     -7.22823290697714871
 2.54944579023992102     -8.22823290697025023
 9.38038817828827476     -4.07607763565566650
-4.28149659780604352     -8.38038817828784133
 0.81739498267334643      7.38038817828702687
 4.28149659780914504     -3.22823290697041543
-5.91628656314943946      3.07607763565983339
 2.54944579023747586      4.07607763565583792
 4.28149659780633751      3.07607763565581127
 0.91465582489598019     -1.07607763565932202
-2.54944579024192608     -3.07607763565910730
-6.01354740537966581     -1.07607763565889614
-9.38038817828731375      1.07607763565990844
 7.64833737071808262     -9.38038817828714322
-2.64670663246436755      9.38038817828716986
 6.01354740537521248      0.07607763565559207
-7.74559821294858875     -2.07607763565883507
 0.91465582490043984     -9.38038817828805982
 7.74559821294870865      9.38038817828731908
-4.28149659781077219     -2.07607763565898162
 2.54944579024225293      6.38038817828696914
 5.91628656314985779      6.22823290696790455
 0.81739498266866328      1.07607763565564740
 0.81739498267122801     -5.22823290697013032
-4.28149659780791669      8.22823290697460408
 2.54944579023750117      0.07607763565557300
-4.28149659780778613      4.22823290697454279
-6.01354740537970667     -3.07607763565890169
-4.28149659780783853      6.22823290697454457
-2.54944579023886675      3.22823290697461251
 6.01354740537785482     -6.22823290697053533
-5.91628656315046886      9.38038817828802607
 0.91465582489882380      5.22823290697478971
 7.74559821294403505      1.07607763565571402
 0.81739498267109245     -7.22823290697013032
-7.64833737071923725     -6.22823290697681387
 7.64833737071870168      7.22823290696797471
 9.38038817828827653     -2.07607763565552794
-0.81739498267288768     -0.07607763565919348
 4.28149659780635528      1.07607763565562675
-0.81739498267297706     -2.07607763565919434
-7.74559821294562934      6.22823290697440157
-5.91628656315037826     -5.22823290697673748
-7.64833737071924347     -4.22823290697665932
-9.38038817828810423     -3.22823290697657406
-9.38038817828825877      7.38038817828772853
 2.54944579024003914     -6.22823290697024934
 2.64670663246473081     -2.07607763565958869
-9.38038817828731730      3.07607763565991155
 9.38038817828828364     -0.07607763565530518
 0.81739498267337996      9.38038817828720539
 6.01354740537517163      2.07607763565573755
 4.28149659781116743      7.38038817828691762
-9.38038817828805449     -7.22823290697696663
-6.01354740537669219      5.22823290697449394
 5.91628656314984269      4.22823290696789478
-9.38038817828815752      9.38038817828800653
-2.54944579023720364     -7.38038817828777738
-2.54944579024183104     -1.07607763565909265
-0.91465582489772057     -6.22823290697000509
 7.64833737071946462     -1.07607763565541426
-7.64833737071834996      2.07607763565988312
 7.64833737071876918      5.22823290696782195
 9.38038817828758731      8.22823290696797294
-2.54944579023898843      7.22823290697468934
-0.91465582489550790      8.38038817828713611
 9.38038817828711124     -8.38038817828704907
-0.91465582490019559      2.07607763565568559
-9.38038817828738836     -0.92392236434009156
 7.74559821294683992     -5.22823290697067122
-4.18423575558051208      2.07607763565977210
 9.38038817828732974     -6.38038817828702687
 0.91465582489572805     -3.07607763565949366
-2.54944579023891782      5.22823290697461651
 4.28149659781099334      9.38038817828739724
 9.38038817828758908      2.22823290696771270
-2.54944579023722540     -9.38038817828798521
-2.54944579024216988     -5.07607763565927872
 5.91628656314928048     -8.38038817828695848
-7.64833737071929498     -8.22823290697738230
-5.91628656314949808      1.07607763565983228
-9.37619081570641022     -9.38038649749490361
 4.28149659780635883     -0.92392236434446851
 4.18423575558093575      5.22823290696797827
-9.38038817828744520      5.07607763565992354
-9.38038817828810068     -5.22823290697672682
-6.01354740537479948     -9.38038817828805271
-0.81739498267000144      4.22823290697468313
-0.81739498267009636      6.22823290697471510
