115    20.87061889550000160
 7.43530944774099378      2.50710621746594686
-1.82847710320800227      4.42109701281023248
 3.43530944774102398      5.97120783260385668
-4.82847710320830448     -0.77505540989775867
 8.43530944774107994      7.70325864017257000
-4.82847710320662760      2.68904620524087434
 6.17152289679327115     -9.43530944774182423
-9.43530944773763203     -4.24447368385222212
 1.17152289679295829     -7.70325864017292172
-2.82847710322584733     -7.70325864016204243
-0.82847710320572043      6.15314782037779295
-4.82847710322832313     -7.70325864016056272
 4.17152289679393640     -2.50710621746679108
-2.82847710320826184     -0.77505540989803956
 7.17152289679409893     -7.70325864017332851
-8.16908257961700635      7.65882150043304666
 2.43530944774093072      4.23915702503503322
-1.82847710320701995     -2.50710621746619999
-3.09226365415241800      9.43530944774193436
 2.17152289679397814      0.95699539767098740
 3.43530944774106572      9.43530944774173186
-7.60061965857887234      2.93292751245983574
 9.43530944774148317     -7.88519862794687665
 4.43530944774082059      0.77505540989716482
-3.82847710322598056     -5.97120783259303511
 2.43530944774105595      7.70325864017285955
 9.43530944774119540      9.43530944774138192
 9.43530944774133928      5.97120783260352983
-7.17434127711296110     -0.98490902442671402
-7.41195278813100789     -7.45857456967724364
-0.82847710320690227     -0.77505540989737387
 8.43530944774126112     -6.15314782037812424
-9.43530944774193436     -0.24484841849839820
-0.82847710320661883      2.68904620524045068
-2.82847710320729684     -4.23915702503493819
-9.43530944774176561     -8.24447368385222745
-7.69639728495956899     -5.25645319306789904
 3.17152289679309396     -7.70325864017293416
-3.82847710320671641      0.95699539767173347
 1.17152289679408095      2.68904620523992399
 3.17152289679310639     -4.23915702503522596
-3.82847710320802692      4.42109701281092971
-7.82844658156312612      0.94594616046794378
-5.82847710322749979     -2.50710621745555384
 3.43530944774086011      2.50710621746607698
 0.17152289679292027     -5.97120783260401922
 8.43530944774120606      0.77505540989712784
-1.82847710320737811     -9.43530944774161462
 7.43530944774112701      9.43530944774147606
 2.17152289679310284     -2.50710621746635098
-6.08864512234954702      4.24210015263916507
-1.82847710320671664      0.95699539767161068
 5.17152289679324983     -7.70325864017292705
 0.17152289679262753     -9.43530944774161640
 2.17152289679300958     -5.97120783260405741
 4.17152289679315746     -5.97120783260407428
-0.56469055225911069      9.43530944774180291
 7.43530944774103553      5.97120783260368260
-4.82847710323795987     -4.23915702503057457
-7.82847710320739054     -9.43530944774168034
 6.43530944774091562      0.77505540989711352
-5.08864512235123279      5.97415096020901615
-9.43186950021305393      9.43193793558067384
 5.43530944774106572      9.43530944774163949
 3.17152289679392441     -0.77505540989792077
-5.82847710320738877     -9.43530944774153468
-9.43530944773911351      6.11070344342125971
-1.82847710320585177      7.88519862794659421
 5.17152289679399058     -4.23915702503563718
 5.43530944774082858     -0.95699539767171660
-3.82847710321837287     -2.50710621747245543
 1.43530944774105151      9.43530944774185443
-2.82847710320662049      2.68904620524055726
 1.43530944774099711      5.97120783260400945
 4.43530944774093427      4.23915702503491154
 5.43530944774090585      2.50710621746600149
-5.82847710324129320     -5.97120783259815369
-0.82847710320707812     -4.23915702503511227
 9.43530944774137303     -4.42109701280930523
-7.35911594932036195      5.83017265673363649
 0.17152289679328322      0.95699539767150754
 6.43530944774098490      4.23915702503483338
-7.68277199606668315     -3.25649960573074448
-3.82847710320738566     -9.43530944774158797
-1.82847710320734147     -5.97120783260384247
-5.25033856027149071      9.43530944774076019
 2.17152289679300914     -9.43530944774179403
 4.17152289679316191     -9.43530944774178515
 0.17152289679302798     -2.50710621746629148
 6.43530944774091918     -2.68904620524054661
 9.43530944774138014      2.50710621746590689
 6.17152289679406074     -5.97120783260447308
 8.43530944774123448     -2.68904620524050531
-4.17130110721089231      7.75136224699688725
 0.17152289679419092      4.42109701280886469
 1.17152289679299937     -4.23915702503518599
-9.40793365211956178     -2.24466105117528025
 7.43530944774105151     -0.95699539767169783
 1.17152289679311772     -0.77505540989746524
-0.82847710320737067     -7.70325864017273698
 0.43530944774103020      7.70325864017298922
 7.43530944774102753     -4.42109701280936473
 8.43530944774118474      4.23915702503471614
-5.82847710320671641      0.95699539767204267
 8.17152289679456878     -9.43530944774193436
 4.43530944774105684      7.70325864017272011
 5.43530944774103020      5.97120783260374210
-9.20748252475960705      4.12372209142881196
-9.43530944774193436      2.13674073943429033
-2.90070011065572597      6.19371970903163671
-7.25033856027153600      9.43530944773775282
 9.43530944774136415     -0.95699539767169362
-6.16908323707433581      7.65719982562617485
 6.43530944774105862      7.70325864017261708
-9.43530944772022195     -6.24447368385222390
