117    20.98921031580000118
 2.66348640293508909      0.86546161730391813
-7.44158268037436432      0.86602540376773085
-8.44255855215260276     -0.86546161729763538
 5.66446227473556441     -0.86602540377752235
 7.20415870763705968      3.87453024286532965
 0.61143979719861108     -6.03050354274724576
 0.61143979718535058      4.29845273521033366
 5.66446227474997599      2.59807621135151301
-0.38856020280496800     -7.76255435031809427
 0.61046392542359040     -2.56696571411131558
-6.49460515784091275     -7.76255435032360275
-9.49460515788707227      4.29845273518029813
-8.49460515788608461      9.49460515788723569
 1.61143979724003605     -0.83547869306786426
 8.74809352984997268     -9.49199244926892050
-0.38953607457692146     -4.29901652168031756
 3.66348640296001848      2.59751242485842093
 8.94910778602220525      2.89721109650322139
 9.49460515788615034      0.97304046548072054
-6.49460515788586257      9.49460515788724635
-3.44158268035276871      4.33012701891755825
-9.49460515788700299      7.76255435031789442
-2.44060680856071199      6.06161403997494830
-1.38856020280539916     -9.49460515788720727
 7.61143979724610276      9.49460515788649673
 0.61143979719466202     -9.49460515788719661
-6.44158268035326387     -0.86602540378896531
 3.61143979719504182     -7.76255435031860586
-3.44158268031994874     -6.06217782647642611
 1.61143979719504071     -7.76255435031818664
-4.44255855209551420     -7.79366484754333477
 4.61143979724590380      7.76255435031900198
 4.66446227473509900      0.86602540379121029
 1.61143979721148578      6.03050354276564526
-5.44158268035310044      0.86602540377989112
-1.44158268031981041     -2.59807621133874900
-1.44158268032563708      0.86602540379546333
-8.49460515788636705      6.03050354274938449
-2.44158268033819681      2.59807621135709166
 6.77188506401829482     -5.99554431367124607
 1.61143979719884545     -4.29845273517840454
-4.44158268035294768      2.59807621134875699
 9.49460515788688575      8.82104133427055359
 7.66046735453292538     -4.20377939801230482
-3.44158268033841397      0.86602540378826842
 1.61143979719041841      2.56640192764438257
 5.65672963464473799     -7.73709400444762263
-0.44158268031964937     -0.86602540376996429
 3.61143979724222097      9.49460515788575599
-5.49362928609967227      7.76311813682647500
 2.61143979722634167      7.76255435032597330
-7.49460515788607129      7.76255435031835983
-3.44158268032617176     -2.59807621134231681
 5.66348640299125083      6.06161403997820170
-6.44158268037426485      2.59807621133655076
-8.49362928610070433      2.56696571411963692
 9.49460515788744530     -5.00123693186966367
-0.38856020281760734      9.49460515788672943
-5.44255855210514738     -6.06161403997718473
-5.44158268033959569     -2.59807621134995426
 7.74965607949736590      5.79870087388890898
-7.49362928610046364      4.29901652168845061
 7.06395568840388410     -2.29480746731940588
-4.44158268033882919     -0.86602540378074699
-0.44060680853291795      2.59751242485267264
-3.39051194635473019     -9.49460515788621784
-1.44060680854556189      4.32956323241425789
 9.49460515788620540      4.82138172752570693
-6.49362928610023626      6.03106732925737532
 5.66446227470593655     -4.33012701890346463
-4.44158268037406057      6.06217782647418790
 9.49460515788777215     -7.00123693186966367
-8.49460515786760162     -4.29845273520084170
-6.44255855211785455     -4.32956323241534768
 2.61241566902344324     -2.56696571413984209
 7.60572766503322395     -0.36958459052322085
-4.49265341430961396      9.49460515788562454
-7.49460515785333392     -6.03050354276161737
 3.66446227470995733     -0.86602540376339010
 4.61143979719475450     -9.49460515788764958
-9.49460515788287651     -9.49460515788458004
-9.49460515788225301      0.83547869305590061
 6.61143979719476249     -9.49460515788801374
 1.61143979721189878      9.49460515788651271
 4.61241566901983191     -6.03106732928015266
-7.49460515785467685     -9.49460515788457826
 7.65641662786750388     -7.78931239025039979
-5.49460515783325487     -9.49460515788809190
-2.44158268032588932     -0.86602540377337811
-2.38953607457776318     -7.76311813681845031
-9.49460515788810255     -2.56640192764379726
 3.61241566902391220     -4.29901652170857407
-3.44060680858445833      7.79366484753297950
 0.61143979719705299      7.76255435032620333
-2.44158268031989500     -4.33012701890757779
 7.40941135313634014      1.62075706499304673
-1.38856020284231452      7.76255435033211594
-8.49460515786811143     -7.76255435032330343
 9.49460515788638659     -1.02695953451927968
-5.44158268037418047      4.33012701890537954
 4.66446227471030728     -2.59807621133206457
 3.61143979723008446      6.03050354275924150
-2.38856020286404114      9.49460515788845072
 9.46851382707687250      6.82121153089813337
-1.38953607457712347     -6.03106732924921740
 9.26815473896986219     -3.01409823319447057
 2.61143979721524389      4.29845273519892768
 6.91930782726714533      7.61818480622359839
 2.61143979719887609     -6.03050354274726441
 2.61143979719468922     -9.49460515788728188
 0.55939319147289068      0.86546161728712823
 5.61143979724603881      9.49460515788780235
-0.38856020282777898      6.03050354277163070
-7.44255855213195705     -2.59751242485460709
-4.44158268032713899     -4.33012701891164298
-9.49460515788490511     -6.03050354276287237
 4.66348640297490125      4.32956323241870855
