129    22.12372197370000038
-8.06186098680857732     -8.06186098680790053
 2.94771197855509204      3.13365775648708000
 6.94771197858348444      6.59775937158964343
-9.06186098680747421     -0.32981017923845518
-6.06186098680816166     -10.06186098680853647
 3.13508231343517219     -3.05556037387563384
-2.06186701185894261     -4.05695180315315618
-8.06186098677092922     -6.06186098680782770
-2.06186098680771313     -10.06186098680882068
 3.13286894326287513     -9.05940119432250590
-5.05919572425733488     -0.33135170591019103
10.06186098680831442      2.94690299400391931
-6.06186098682878161     -4.06186098680850893
-0.05228802141660566      4.86570856410137065
 4.86713105730324447     -2.05555679749360376
-8.06186701185436583      8.33226998892958903
 2.94771197858347467      6.59775937164139226
 0.94770973837851602      3.13066299320594599
 4.74743448686145531      0.19067110689720046
-8.05919572425363029      4.86480071679859005
 9.17606051375565102     10.06186098678195506
-4.06186098676366658     -6.06186098682880203
-4.05654266599891677     -2.06186805797540140
-1.05228802141675670      3.13365775653256717
-2.06186701179327470     -6.05695180333196159
 4.71127643410810659      2.19034422900430004
 8.30559016505034364      1.99007866287430035
-3.05228802141644406     10.06186098681018848
-10.06186098680854712     -10.06186098680779928
 6.55693772229377814      2.96075607295673615
 1.94771197858914413      8.32981017923603062
 3.13730628185298999     -5.05940254601847350
 6.59918392857095082     -5.05556037388049528
-10.06186098680825758     -2.06186098680701857
10.06186098681057040     -5.05801659095961043
-5.05920174928474786      3.13765909290477918
-6.05919572425607811      1.40069910165941725
10.06186098681133423     -3.05309700599616107
-7.06186098680724061     -0.32981017923899952
-8.06186098680685959      1.40224062833019847
 2.94771197858363099     10.06186098680825580
-3.05920174928672850     -0.32644252223412146
-1.05228802141654598      6.59775937167071014
-2.05495328398755994      1.40314847564603462
 6.59998540435788428     -7.06186233849981893
-2.05654869102908133     -2.05695887429976754
-8.06186098680832686     -10.06186098680792007
 0.94771197858346878      6.59775937167034421
-3.05495328398724464      3.13519928321509633
-6.06186098676426965     -6.06186098680852403
10.06186098680700169      0.94690299400388800
10.06186098681187424     -7.05802374176614045
-6.05495328398786370      8.33135170592571228
-0.72724966393069401     -0.56196803326369005
-4.05495328398746402      4.86725009078494431
 8.32759474481530582     -10.06186098682884023
-0.32901076775870586     -5.05555544688917191
-2.06186098680803775     -8.06186098680684715
-9.06611547711874444     10.06186098682886687
 5.94771197859877532      8.32981017917043864
-10.06186098678568897     -6.06186098680736496
-6.06186098680845209     -8.06186098680852581
-5.05228802141645161     10.06186098681172147
-10.06186098680734986      4.86634224346785427
-0.30604333898299313     -3.02429077827999082
10.06186098681090968     -1.05309700599613909
10.06186098679213181      8.26871918479766599
 4.86935708942232370     -6.05940254601768835
 8.33123267187475491     -4.05555679847695405
-0.33123267187448063     -7.05940119432077662
-10.06186098680750796      1.40224062833049579
-4.05920174928558897      1.40560828533541615
10.06186098680932162      4.94690299400410893
 6.94771197858373402     10.06186098680927721
 3.15583224345542090     -1.02044503071507653
 5.94771197858546685      4.86570856401869190
 4.86349725819718692     -10.06186098680680274
-10.06186098680888996     -8.06186098680757013
10.06186098682886687     -9.06570808600853972
 6.59845722930383616      0.94811074605077139
-2.05228802141661504      4.86570856410175434
-8.06186098680800534     -2.06186098680765317
 4.94771197858348444      6.59775937160871351
 2.98387003132227857      1.13398463439431141
-8.06186098682878516     -4.06186098680773977
 8.32981224350700522     -6.05802016636349361
 8.33203414766245132     -8.06186591390196483
 4.94771197858370471     10.06186098678103491
 6.59918186430500509     -3.05555679847703576
 8.32981017923741973     -0.05309700599489670
-9.05919572425228381      6.59685152436825195
-5.05495328398815147      6.59930089835535849
 4.86713312100133244     -4.05556037388074309
 8.94768671916628655      6.60781108939130313
-0.05228802141618635      8.32981017923947320
-2.05228802141626021      8.32981017923999723
 1.35160949901986682     -0.02175130200637814
-6.06186098680797691     -2.06186098680848051
-1.05228802141643740     10.06186098680930741
-9.06186098680684893      3.13429143589912629
-7.05761854656034782     10.06186098681163443
 4.86491768657940948     -8.05939761893722206
-10.06186098682878871     -4.06186098680709584
-10.06186098682882779      8.32736080525129196
 8.06188624614920357      8.40095289137006418
-0.32981017923941958     -9.06186098680759500
 1.94771197858356859      4.86570856407241514
 8.32981017924079303     -2.05309700599506284
-7.05920174928234267      6.60176070804392534
-6.05920174928378508      4.86970990047421282
 3.94771197858437040      4.86570856403910934
 1.40525547428460507     -4.05940254601761907
-4.05228802141627487      8.32981017924114830
 3.94771197859670497      8.32981017920278077
 8.11943455714811257      4.35295265250585128
-4.06186098680832686     -8.06186098682881003
 3.13286687901002070     -7.05939761893809603
-7.05919572425526543      3.13274990922876606
 1.40081607144168196     -6.05939761893715101
-0.05495565396936448      1.40006952721100464
-4.06186098680793073     -10.06186098682881358
 0.94771197858359113     10.06186098680890062
 6.59715716321401668     -1.05205775802067292
 1.40081813569410785     -8.05940119432183089
-3.05228802141657285      6.59775937167125281
 6.59554600151491677     -9.06185741141944590
 1.42378350016511335     -2.02044860614192245
 1.40224062832916885     -10.06186098680838548
-4.06186098682878161     -4.06186098682879138
