138    22.71068556870000066
-8.59941446453830949      8.93181058510616310
 3.42684004045995305      5.76807398628326240
-1.76901286864200213      0.76755536819125014
-8.62329197677140513     -3.35534278433955224
-8.62329197677356696      4.89045352072373340
 0.01720238075524400      8.16093335170552159
 6.92820323027319951     -8.29389370807111526
 1.76901286863388107     -7.35534278432538091
 1.69508874649580199      0.76755536819134973
 3.46410161513573067     -6.29389370807027504
 0.03696206106506809     -6.35534278432519883
-7.19458135069155968     10.35534278433442879
-3.42713955406456838     -8.35534278433932087
-0.03831717732283993      5.76755490910628854
-5.15919036164185840     -3.35534278432519795
 3.42713955406672444     -4.23244463181175057
-3.42713955407288084     -4.35534278432518462
-6.92820323027774254     -0.29389370807021387
 8.62329197677140691     -3.23244463180848740
10.35534278433789268     -10.35534278433649824
 8.62329197677116532      2.76755536819187142
 8.62329197677100368      6.76755536819187142
 5.15919036163357436      0.76755536819152559
 8.62329197677128079     -5.23244463180887998
-10.35534278433961930      3.89045352071866946
-0.03696206107311874      1.76755536819127457
 8.62329197677109605      4.76755536819187142
 1.73205080756692742     -5.29389370807012227
 3.40733107430860693     10.35534278434027655
 8.66025403783727299     -9.29389370807943571
-1.76901286864016472     -1.23244463181180830
-0.03696206107316213      3.76755536819134917
 8.62329197677136250      0.76755536819167602
-5.16054547791229457      6.89045306158938153
 5.19615242270444622     -7.29389370807061344
 5.15919036163144895      4.76755536819497117
 5.15919036163352374      2.76755536819152947
-0.03696206107119856     -2.23244463181175901
-6.89124116920248753     -4.35534278433948607
 1.76901286864179252     -9.35534278433967259
10.35534278434007227      7.76755536819196823
 1.69373363024601575      6.76755490910632673
 0.03696206107294435     -10.35534278433977562
-10.35534278434026589     -6.35534278433961486
-10.35285850270084929     10.32760695666525663
-0.03696206107306203     -0.23244463180873295
 1.69508874649569052      4.76755536819139181
10.35534278434017708     -4.23244463180867303
-5.15919036163332212     -9.35534278433956423
-8.62329197677114934     -9.35534278433957489
-1.97578601973207069      8.81426263072639671
 1.29899708344245779     10.35534278434022504
 0.03696206107308437     -8.35534278433937949
-1.76901286864199658      2.76755536819127634
-1.73340592384371339      6.82900398533100361
 6.89124116920249907     -0.23244463180840733
 3.42713955406472737     -0.23244463180856742
-3.42713955406447202     -10.35534278433980937
 1.69508874649776464     -3.23244463181173591
-3.50106367621094261      1.76755536819139647
-5.23311448377797639      0.76755536818820436
10.35534278434002786      3.76755536819194559
-3.94779213361639947      8.48080815586838099
10.35534278434026767     -0.23244463180827582
10.35534278433735800     -8.23244463182125408
-0.00000000000201495     -4.29389370807013471
 6.89124116920423102     -6.23244463181221509
-5.15919036163355571     -5.35534278433939193
-3.50106367620909431     -0.23244463181185143
10.35534278433993904      5.76755536819196202
-3.52597193418452770      3.80950753385406404
-6.75069772542589064      8.16874506283517299
-10.35534278433960154      1.76755536820212389
 8.62329197677141579     -1.23244463180833885
 6.89124116920253993     -4.23244463180862862
-10.35534278434013622     -8.35534278433962108
 5.23311448377155131     -9.35534278432653466
 6.96516529133466999     -10.35534278433651423
 6.55394792161266082      8.41279532782694872
-3.25056912290661515     10.35534278433970456
 8.62329197677113868      8.76755536819187142
-6.91614942727129289      5.93240568645853994
-10.35534278433537203     -0.35534278427848720
-10.35534278434026767     -2.35534278433952382
10.16395851364737091     10.19597830351022161
-8.62329197677129855     -7.35534278433955269
 3.42713955406481663     -2.23244463180856956
-8.66025403783973502      2.82900444446040078
 7.40717885657187480     10.35534278434027122
-6.92820323027371465      3.82900444446537591
-6.89124116920242002     -6.35534278433948785
 4.39218268366300002      8.61463393229405128
-5.23311448375677912      2.76755536823418380
 8.62329197677317794     -7.23244463181291319
 1.69508874649588970     -1.23244463180865549
10.35534278434026056     -2.23244463180839547
-1.69508874649578023     -9.35534278433947541
-8.62329197677968828     -1.35534278432515176
 3.50106367621046433     -10.35534278434002964
 6.89124116920257013     -2.23244463180841723
-8.64820023482313260      6.93240568648805411
 3.42713955406459814      3.76755536819144510
-5.22106068077153385      4.87095661020006432
-6.89124116920207097     -10.35534278433981292
 5.15919036163365252     -1.23244463180848474
 5.15919036162131750      6.76755536819503867
 3.42713955406464521      1.76755536819143555
 2.35316407887558476      8.65571578239551975
-3.46545673141254795      5.82900398533092545
-10.35534278433437905      5.89045352076814588
-10.35534278433988753     -10.35534278433985733
-6.89124116921081953     -2.35534278432519040
-5.15919036163348732     -7.35534278433939281
 6.89124116920052465      3.76755536819479753
-3.46410161513994108     -2.29389370807021420
-10.35534278434025879     -4.35534278433961131
-1.77036798489167424      4.76755490910621393
10.35534278434010957      1.76755536819191539
-3.42713955406463544     -6.35534278433931821
-0.70100291655755043     10.35534278433969568
 6.89124116920243956      1.76755536819159675
 5.15919036163373512     -3.23244463180850072
-8.66025403782626491      0.70610629196514152
-1.73205080757098462     -3.29389370807016535
-8.62329197677133585     -5.35534278433955269
-6.89124116920225216     -8.35534278433959443
-1.69508874649570784     -7.35534278433923117
 1.69508874649572072      2.76755536819135406
-1.69508874650389973     -5.35534278432517574
-6.96516529132646056      1.76755536822352810
 5.15919036163552214     -5.23244463181189623
10.35534278434001898     -6.23244463180913222
 5.40725496544023976     10.33789487097186210
 3.50106367620273096     -8.35534278432592004
-5.19615242270885958     -1.29389370807027460
-10.35534278433539690      7.97435785220623483
 6.89124116919627561      5.76755536820199044
-5.22257523680337243     10.02188830949843101
