139    22.75533295520000010
 2.67140997043467721      8.64561589825431653
 8.72048483719526502     -8.64561567001373277
-2.32859042487872925     -0.01463791135651646
-7.37766568696055103     -8.64561567001034348
 8.64561566935372028      7.50684591198139550
-6.37766647755661520      0.01463791137013837
 0.67140957512307553      1.71741289621176674
-10.37766647757720051     -3.44946370376146660
 8.64561566942346893      5.50684591198074358
 8.42379412035426434     -0.54530804287845802
 5.67141036575942348     10.37766647758236793
-10.37766647758385297      6.94284114163008503
-8.37766647755824145     -3.44946370376758837
-4.32859121551096138     10.37766647758384941
 4.67140957524539324      1.71741289623612237
-7.37766608226717402     -5.18151428311580009
-1.37766568694544800     -8.64561567001496378
-0.37766568694600017     -10.37766647758483529
 4.67140997048661077      5.18151428314654616
-8.37766647755927174      0.01463791136900455
 1.67140957512442423     -3.47873952649318285
-10.37766647758532734     -10.37766647758533090
 8.20036073599800908     -6.69846002390809758
-1.32859082019633101      5.18151428311198003
 8.62328974698774608     -4.56561351467972543
-7.37766647755889071      1.74668871893775179
-3.37766568694798508     -5.18151405487851147
 2.67140957520130629      1.71741289622310633
 0.67140917983661141      8.64561589823071408
-0.32859042487705303     -6.94284114163014010
-0.32859042487698636      3.44946370378061573
-3.32859121548703518      8.64561567002853515
 7.67097427789828146     10.33590332070959938
10.37766647758481042      2.50684591297690496
 4.72048483719525347     -8.64561567001449482
10.37766647758401994     -7.52590632792596992
-2.37766568694600133     -10.37766647758408922
-2.37766568694483782     -6.91356486244565360
-8.32859121551717507      6.91356486244824531
 7.72048483719540535     -10.37766647758397731
-6.37766568696115499     -10.37766647758013860
 3.67140957520992561      3.44946370378747824
-5.37766568694873914     -5.18151405487895467
-9.37766647758329519      5.21079033406143477
-4.32859082019844621     -0.01463813959342788
-10.37766647758360428      0.01463791135572043
-5.37766608226691112     -1.71741266797819891
 1.72048483719457401     -10.37766647758251715
-1.32859042487796697      1.71741289621207072
 1.67140957512294697     -6.94284114163144395
 4.67140957515764299     -1.74668871894483435
-2.32859121545969572     10.37766647758172844
-1.32859121545697878      8.64561567001410936
-6.32859121549206272      3.44946324732366438
 6.72048483719525702     -8.64561567001516806
 1.67140957511520361     10.37766647758533090
-9.37766647757399063     -5.18151451132892404
 0.67140957513387145     -1.74668871891884980
 1.67140957515237232      3.44946370376373546
-7.32859121551539427      5.18151405487915184
-10.37766647757617378     -6.91356531889796599
-4.37766568694861036     -3.44946324730996112
 3.67141036575926227     10.37766647758253669
-4.37766568694827818     -6.91356486244757651
-2.32859121548484049      6.91356486246091162
-3.37766568694546265     -8.64561567001483589
-5.32859121548898429      5.18151405489096462
-8.37766647758225425      3.47873952649315576
 6.72048483723821466     -5.18151405489151173
-2.32859082019705887      3.44946347554352384
-4.37766568694600711     -10.37766647758368066
-0.32859042487770973     -0.01463791135665800
-5.37766568694927027     -8.64561567001668685
10.37766647758239458      8.50684591297692627
 5.72048483719473744     -10.37766647758383698
 1.67140957516017985      6.91356531889704939
-6.32859121551219861     10.37766647758379079
-10.37680185300636282     10.37738894563013226
10.24076756913930453     -1.53059715667764706
-9.37766647756039262     -1.71741289619976145
-7.37766647755687455     -1.71741289619870097
 1.67140957516348165     -0.01463791133381974
-4.32859121548666526      3.44946324732342546
-8.37766608228037946     -6.91356509067705272
10.37766647758514083      0.46471201457034295
 5.72048483724079748     -3.44946324732106735
-1.32859042487646750     -5.21079033406082281
 6.67218002015587075      5.18195864199296974
-5.32859121548957138      1.71741243975589941
-0.32859121544994796     10.37766647758081184
 4.72048483720690015     -5.18151405487069017
 6.90341400457053922      8.48905432124887938
-6.32859121551215331      6.91356486244646984
10.37766647757624483     -5.52590632792594771
-5.32859121551155113      8.64561567001528175
 3.67140957516414224     -0.01463791136725149
-2.32859042487950818     -3.47873952649367135
 7.99556938519614224      3.52692158006449397
 9.67053819003711723     10.37766647758314420
 5.67141036677783106      6.91356486191705777
-3.32859082019750874      1.71741266797490733
-9.32859121551818049      8.64561567001702791
 3.67140997043448003      6.91356509068532521
 3.72048483719461487     -10.37766647758311755
-0.32859042487557921     -3.47873952649245810
-9.37766608228083776     -8.64561589824566568
-0.32859082016805319      6.91356509066453029
-9.37766647758282268      1.74668871892430810
 4.67141036672416998      8.64561566945638837
10.37583253840939612     -10.34370394395937964
 8.65795072047721881      1.48577896377334584
 0.67140957512376931     -5.21079033406172609
 8.53070951470631300     -2.56775743863451611
10.37766647750241233      6.50684591297690496
-4.32859121548851089      6.91356486245965574
 2.67140957516042121      5.18151451132801633
-3.32859121548610837      5.18151405489214145
 2.72048483719515488     -8.64561567001392284
 2.67140957513484878     -1.74668871891940602
-8.37766568696362057     -10.37766647758043526
 3.72048483720368806     -6.91356486244074819
-6.37766568694939195     -6.91356486244787138
10.37766647758222227     -3.52590632792587000
10.37766647757162630      4.50684591297690496
-7.32859121551271553      8.64561567001502240
 5.72048483720382261     -6.91356486244134505
 2.67140957512376920     -5.21079033406303171
-3.32859042488010193     -1.74668871892513500
 3.67140957512443800     -3.47873952649454088
-8.32859121551274839     10.37766647758388494
-10.37766647758377303      3.47873952649265794
 5.67140957516432653     -0.01463791137981601
-1.32859042487837264     -1.74668871892518829
 0.67140957512237676     -8.67489194920000450
 5.67217962385840213      3.44990806321947963
-6.37766608226683740     -3.44946347554711785
 6.72048483724716217     -1.71741243975583302
 0.67140957515228572      5.18151451133272900
 6.67140957532171708      1.71741289609819159
