142    22.94807875903332217
10.47403937951584574      3.52596062048382164
-10.47403937951483144     -0.47403937951542024
 3.43658102828517986      3.52596062048579073
 1.70453022071665572     -5.47403937951474706
 6.85128064789590940      9.59993006812687533
 8.65015054639949099     10.47403937951666286
-10.47403937951509079      1.52596062048462433
-4.77091573582861361     10.47403937951149366
-0.02752058685239730      1.52596062048548320
-8.71488159832049902      6.47746674283330215
-5.22367300955697988      4.52596062048906500
 6.95310863030315129      5.52596062048334336
-5.22367300955890457     -1.47403937951474062
-3.49162220196919604      7.52596062052246495
-10.47403937951442821     -8.47403937951560593
-2.78424371922855851     10.24353059777363306
 3.43658102828541701     -2.47403937951459563
-0.02752058685230451     -2.47403937951469377
 8.71357400490931155     -7.52495473375907054
 3.43658102828229461      5.52596062049071879
-10.47403937951466091     -2.47403937951557440
 3.43658102828552448     -6.47403937951481812
10.47403937951592745      7.52596062048383097
-6.95572381712786569      1.52596062048523162
-3.49162220198995321     -6.47403937951487674
-5.22367300953826597      6.52596062052187520
 6.95310863030334225     -6.47403937951666553
-0.02752058685222705     -10.47403937951525243
 3.43658102828035306      7.52596062049410186
 8.71357400490941636      2.47504526624103427
 6.95310863030338577     -4.47403937951666641
 3.43658102828530776      1.52596062048555448
-0.02752058685219548     -6.47403937951479236
 8.71357400490949097     -1.52495473375896506
-1.75957139442130162      2.52596062048544212
-8.71488159832126641     -5.52253325716675736
10.47403937951585817      5.52596062048382830
 1.20242829737379076     10.47403937951184361
 1.70453022071643145      2.52596062048556735
-0.79757170262621013     10.47403937949174058
10.46990695338546473      9.53102846463332298
-0.02752058685260945      5.52596062048577696
-10.47391341413424115      9.52613120403666436
 5.19484482929491875      4.47911769361633461
 5.19484482929473934      6.47911769361633372
-1.75957139442138821      4.52596062048558601
10.47403937951550290     -10.47403937951626318
-5.22367300955903691      2.52596062048533021
-6.95572381712764276     -8.47403937951500552
 8.71357400490942702      0.47504526624103455
 6.95310863030256510     -10.47403937951666286
 8.71357400490941991      4.47504526624103338
 5.19484482929492142      0.47911769361633610
 1.70453022071659221     -3.47403937951468711
-6.95572381712768184     -6.47403937951497888
-3.49162220198984086     -10.47403937951510677
-10.47403937951468222      7.52596062048528491
 6.95310863030315929     -8.47403937951666464
 6.95310863030332360      3.52596062048333092
 5.19484482929491787      2.47911769361633549
-5.22367300955878999     -7.47403937951495312
-5.22367300955883973     -5.47403937951489183
-6.95572381712782395     -0.47403937951480490
 5.19484482929494806     -1.52088230638366362
 1.70453022071337168      6.52596062049079695
10.47403937951586705     -4.47403937951624897
 8.71357400490947676      8.47504526624103072
-10.47403937951514052      3.52596062048483727
-3.49162220198819595      5.52596062048925063
10.47403937951574449      1.52596062048376568
 8.71357400490943768     -5.52495473375896484
 5.19484482929410429     -9.52088230638370270
-6.95572381712773868     -2.47403937951481545
-6.95572381712746868     -10.47403937951531105
-8.71488159832080989      8.47746674283331103
 3.43658102828535617     -0.47403937951452935
-8.59784439718356808     10.47403937951597719
 5.19484482929493652     -5.52088230638366273
-1.75957139442123434      0.52596062048541303
 3.43658102828555245     -8.47403937951520092
-3.49162220199019613      3.52596062048541725
-1.75957139442105803     -7.47403937951484565
-1.75957139442118193     -1.47403937951469155
 5.19484482929490277      8.47911769361633283
-6.95572381710736831      5.52596062052109627
-3.49162220198989681     -8.47403937951492559
-10.47403937951423636     -10.47403937951562902
-8.71488159832119713     -7.52253325716676891
-1.75957139442109489     -5.47403937951483055
-6.95572381712586019      3.52596062048890557
-6.68438006650673344      9.89209930078986410
-10.47403937951453834     -6.47403937951560504
 8.71357400490925293      6.47504526624103249
-1.75957139442114840     -3.47403937951475861
-5.22367300955876157     -9.47403937951501618
-0.02752058685235883     -0.47403937951459763
 3.12741952337163998      9.93144489020025034
-0.02752058685219861     -8.47403937951487762
-3.49162220198997897     -4.47403937951484210
 6.95310863030332271      1.52596062048333114
 8.71357400490950873     -3.52495473375896484
 5.05241074936812851     10.47403937951666109
-1.75957139441940091      6.52596062048940873
-5.22367300953768421      8.52596062052313997
10.47403937951581732     -2.47403937951624453
 1.70453022071658378     -9.47403937951504282
-3.49162220199013795      1.52596062048536774
-6.95572381712771559     -4.47403937951486963
-5.22367300955896319      0.52596062048527215
 1.70453022071652427     -1.47403937951460917
 1.70453022071665816     -7.47403937951483766
10.47403937951576225     -6.47403937951624897
-8.71488159832138720     -1.52253325716673382
-3.49162220199005580     -0.47403937951468367
 3.43658102828548495     -4.47403937951466357
-8.71488159832159681      4.47746674283327728
 1.70453022071627913      4.52596062048576186
 3.43658102828509104     -10.47403937951574626
-0.02752058685344759      7.52596062049447490
10.47403937951575514     -0.47403937951623448
-8.71488159832146536      0.47746674283326740
 1.70453022071647786      0.52596062048547243
-10.47403937951419373      5.52596062048517300
 5.19484482929497648     -3.52088230638366317
-5.22367300955886016     -3.47403937951483144
 6.95310863030334048      7.52596062048337622
-0.02752058685248290      3.52596062048556025
-8.71488159832158438      2.47746674283327284
-10.47403937951455966     -4.47403937951559971
-6.95572381710668708      7.52596062052268966
 5.19484482929475266     -7.52088230638366273
-0.02752058685225854     -4.47403937951473907
10.47403937951587771     -8.47403937951624897
-3.49162220199002471     -2.47403937951475106
 6.95310863030336357     -2.47403937951666730
 8.71357400490901313     -9.52495473375911317
 6.95310863030332627     -0.47403937951666814
-1.75957139440322852      8.52596062052755954
-8.71488159832094667     -9.52253325716685950
-8.71488159832132858     -3.52253325716673871
 1.70453022071356131      8.52596062049771675
-1.75957139442103094     -9.47403937951495578
