146    23.44595183419999884
-0.68251278467944632     -7.00206664532747602
 3.79477268645303134     -5.27702408230127507
 8.99092510950925039     -2.27702408290549663
-6.77909553253091701     -7.22764396157808697
 7.25887430195631289     10.72297591709853215
 0.33067107167201742      8.72297591709602749
 3.79477268629842079      2.72297591709574993
-8.72293993793082301     -10.72297591709920894
-1.66932892892685203      4.72297591709604081
 0.20599091435108452     -3.27313401434659168
 0.31749969469394262     -5.27002304278725742
 3.79473795890275767     -3.27702408260276634
 7.25887430193795868     -3.27702408290169256
 3.79477268681854829      8.72297591709662434
-5.40137973580130204      5.72297591694531160
 0.33067107112423749      2.72297591709331588
10.72297591709858011     -5.27702408290282143
10.72297591709589248      8.72297591709741127
 2.28679472057961730     -8.93720863833952173
-7.25046869274159267     -1.27359666410365913
-10.60190129717322804      6.73058195771331036
-1.66932892831903312      6.72297591709607723
-5.40137973183615827      1.72297590775255482
 7.25887430195764694      4.72297591709838560
-7.25757064925070328     -5.28572183062633982
-7.13343054344657990      4.72297591707763686
 2.06272187924397166      5.72297591708578768
-8.98254165407424310     -0.27355829093653178
-7.13343054345643601      8.72297591709612874
-1.66932892840828129     -1.27702408290395897
 2.06272187924972439      7.72297591709623443
-10.72297591709906683      0.74110492520686078
-10.72297591709590847     -10.72297591709680908
 0.33067107168096771      6.72297591709599285
-8.86550350525870101      3.72301429033419584
-7.72295792761915756     -8.99091472329875607
-1.66932892887632067      2.72297591709604081
 8.99092510952749002      3.72297591709721276
-10.72297591709920717      4.73425008740472375
-2.70394294884329023     -6.98953363516273729
 7.25887430188159222      0.72297591709830733
 7.25887430188401783     -1.27702408290169256
 0.33067107168095383     10.72297591709694053
 5.52682349430347131      1.72297591709197540
 4.28667131449505767     -8.95942595404093112
10.72297591708904996     -3.27702408290282143
10.72297591709545195     10.72297591709741127
10.72297591709416409     -9.27702408291754033
-10.72297591669649464     -1.25889507479313889
 7.34122945220298195     -10.72297591709607012
10.72297591709516773     -7.27702408291743019
-3.79396348151855767     -3.28664010372154047
 0.29591822796739953     -8.74639251960687503
-10.60593776774625319      2.73767750630579654
 5.52682349430699205     -2.27702408290818070
 7.25887430195794803      2.72297591709831810
 8.99092510952725732      5.72297591709721942
-8.75367627461177200     -6.90979038993660222
 5.52682349438726561      9.72297591709690145
 3.79477268673982415     -1.27702408290426739
-8.87425294489000116      5.72299515208536214
 9.34122945220301304     -10.72297591709490661
 2.06272187870569468      3.72297591708539954
-5.40137973683396933      3.72297591507476255
-6.72293993793082212     -10.72297591709480358
 6.28562069399947987     -9.02424399309946779
-9.72295792751128474     -8.99093549594401864
 0.33067107107429805      4.72297591709349707
-7.13343054556576206      2.72297591707746678
-1.70392779741001332     -8.72157569496014062
 8.72577381854978107     -8.65418378274221212
 7.25887430195741157      6.72297591709845932
 8.99092510952703350      7.72297591709725495
-8.86550350748552418      1.72301429032461972
 5.52682349438722742      7.72297591709622377
-10.59753215859242026     10.72297591709921072
 3.79477268681825874     10.72297591709668296
 8.99092510951801138     -4.27702408290650560
 3.23001193580156842     -10.72297591709570064
-7.13343054346645644     10.72297591709629394
-5.40137973589214049      9.72297591710406373
-10.72297591708790421     -3.25889507479313822
10.72297591709635078      2.72297591709718034
-10.72297591709920894     -7.25889507479313689
-7.13343054478882088      0.72297591707744091
-4.72293993793082123     -10.72297591709893716
 2.06272187924944639      9.72297591709624598
10.72297591708088937     -1.27702408290282121
 5.23001193580156887     -10.72297591709920894
10.72297591709521569      0.72297591709717868
 8.99092510952663915      9.72297591709725495
-3.66932892887642170      2.72297591573588926
 5.35264241945514918     -6.53963032766978625
 8.99092510952500490      1.72297591709509579
-1.66932892831904756     10.72297591709620512
 0.33067107159173165     -1.27702408290728076
 5.52682349431115050     -0.27702408290807518
 5.52682349438744058      5.72297591709609765
-8.86548135103081769      9.72297591708659503
 7.25887430196015782     -7.27702408290169256
-5.72295792761905098     -8.99091472329909180
-5.40137973589266274      7.72297591708724163
-10.72297591708056785     -5.25889507479313778
-3.66932892832802837      8.72297591709555142
-4.79277421228827194     -6.99413247845480246
-1.79400908565106643     -3.27313401434308604
-8.86548135101980961      7.72297591708658615
 7.25887430195705541      8.72297591709847708
10.72297591709619979      6.72297591709731712
-1.68252793611188856     -5.27002458553055764
 3.79477268681843016      6.72297591709589337
 3.79477268673227952      0.72297591709573539
-1.66932893793260684      0.72297591709604092
-5.40137975073147025     -0.27702410689483803
-3.75211375655103208     -5.28620220591297407
 2.05882665212497873     -2.28374067138350778
-3.74460340458052832     -8.69746390770456124
-5.51841789900229340     -2.27359668805722137
-3.66932893793261927      0.72297588404660873
-3.66932892892773665      4.72297591573643771
 2.06272187869729517      1.72297591708538955
10.72297591709652487      4.72297591709728160
-1.66932892832802615      8.72297591709609499
 2.05803264653498497     -4.28440592428732714
 1.23188768371820001     -10.63637641804241696
 5.52682349437239218     -4.27702408290832281
 8.99092510945957279     -0.27702408290527231
 7.25887430194578709     -5.27702408290169256
 8.99092510953201263     -6.27702408290685021
 3.30597377733863196     -7.21637336142780494
-3.67682416730362016     -1.28992895318739698
 3.79477268681869306      4.72297591709575304
-2.74458825314792998     -10.42950596750154446
-7.13343054345603722      6.72297591707765374
 0.33067106206819480      0.72297591709291320
-0.76623656836503040     -10.72297591709891229
-5.50471019626472913     -4.32266407931622698
 5.52682349438559140      3.72297591709229359
-7.24340497748521184     -3.28577104337326364
-10.72297591709920894      8.72691382802189608
-3.66932892831903956      6.72297591709543685
-8.98254165449302633     -4.27355829093795769
-3.66932892831904978     10.72297591709676645
 1.31748721526864543     -7.00208105529646119
-8.98254165450163455     -2.27355829093741502
 2.06272187916484429     -0.27702408291461583
