147    23.55879573342105004
-3.10430149348472328     10.77939786671052680
10.77939786670938460     10.77939786670929756
 5.49647017100607727     -6.37720988269537870
 9.04734705914049187      9.77939786670905775
 2.11914382886507058      7.77939786670955602
10.77939786670539668     -9.22060213329836920
 9.04734705913993054     -2.22060213329171185
-9.04087627845300545      6.04352287230606944
 1.50492020935571791     -10.77939786670813938
 0.38687629673353957     10.77939786670937217
-6.66098738476178642      1.02409626692048072
-8.80670289651167693     10.45004311183111056
 5.58324544399164324     -0.22060213330995554
-4.80916777281266050      3.77958559497411528
 2.11914382881348162     -4.22060213332321688
 0.38709302807589757      8.77939787845243380
-7.37561458203258358     -8.88056824877452833
 5.58324544292623948      9.77939786857431592
-1.34495779304428109      1.77939787843707031
 5.58324544400259182      5.77939786670894318
 0.38709302129624323      6.77939786670944500
 9.04734705913978843     -4.22060213329180378
-10.77939786670867406     10.77939786670718547
-9.04734705914423820      4.03323519560471855
10.77939786670890854     -1.22060213329183331
 3.67119736028690902     -7.21248591019050345
 9.04734705914034620      5.77939786670875932
-10.77939786670903999      5.03323519561181776
-9.04734705913938164     -5.78270189762875741
-1.34495779304462348      3.77939787843768427
 0.38709302129561957      4.77939786670943878
 2.11914382886492847      5.77939786670911193
 9.04734705914142623     -6.22060213329350553
 3.85119463642157855     -3.22060213331107281
 3.85119463643367421      0.77939786670894551
-10.77939786671052502     -8.78270189762932141
-3.07690020210604676      8.77958558321220472
-1.34495779304367291     -2.22060212156383052
 5.58324544400263534      1.77939786670880351
-10.77939786670753897      7.03323519561182309
 7.31529625157145080      4.77939786670877886
10.77939786670931710      6.77939786670864919
-1.35871255089388732      9.80322186513128457
 0.38709302122616401     -5.22060213329128597
-6.55443151072476926      6.80320988377912350
-10.77939786671048594      3.03323519560008314
-1.34495779305141094     -0.22060212156365788
-3.67683025097587501     -7.12838295165298597
 7.31529625157155827      8.77939786670915012
 2.11914382886470820     -0.22060213329090067
 0.38709302128890150      0.77939786670941191
 2.11914382886473485      3.77939786670910438
 3.85119462574518634     10.77939786670965461
-9.04734705913976889     -1.78270189762862752
-0.49372357836723835     -10.70575677901603306
-4.80916777282214714     -2.22041440502594778
 4.51562973673010593     -9.02547624706891938
-10.66448395521640258     -10.77939786671052502
-10.17968458093794659      1.12526664898618933
-1.48873383009471993     -8.82271834696315160
-3.07711696524322287     -1.22041440504269527
 5.58324544400252698      3.77939786670883038
 9.52633926412166865     -10.77939786670636835
10.77939786670912525      2.77939786670838096
 9.04734705914024140      1.77939786670838718
-10.77939786670956579     -2.78270189762813125
-8.44763377337129384      2.12526664899082895
10.77939786670905420      0.77939786670822719
 2.52331785995514801     -8.85028096840691880
 6.51543070753854003     -9.05369108679847479
-6.83400792631517806     10.77939786671052502
 2.11903553553904977      9.77958543703816829
-8.44763377336915333      0.12526664898590972
 8.94300578354532050     -8.41285686867379212
10.77939786670872735     -3.22060213329187084
-5.40888105856621770     -6.12838295168956027
 5.50452215095907427     -10.77939786671052502
10.77939786670940236      4.77939786670862166
-10.07827996618540567      8.90631653115693567
-4.96915470987963381     10.05667905465319123
-1.94467107876337275     -6.12857066820791019
-3.07711696523461864      0.77958559495730306
 7.31529625157096941     -3.22060213329158396
 7.31529625157130159      0.77939786670843114
-3.07711696523405465      4.77958559495730029
 0.38709302129565060     -1.22060213329058809
 5.58324544400270106      7.77939786670911548
-1.34495779304499741      5.77939787843926833
-5.45339048009622118     -8.32512001744566454
 7.31529625157062480     -5.22060213329159151
 1.73958560087919234     -6.69395335482379039
 2.11914382884736829     -2.22060213332030942
-4.80916777281321917     -0.22041440502593507
-10.77939786671040601     -6.78270189762815878
-0.21262027588944737     -7.12857067633982222
-6.52747416911617684      8.80302820096032512
 3.85119463642252580     -1.22060213331006007
-3.07711696523449074     -3.22041440504269394
 3.85119463639017701     -5.22060213331107992
 7.52633926412159493     -10.77939786670864919
10.77939786670937572     -5.22060213329187395
 0.38709302129565060      2.77939786670942723
-8.32478883953482196      7.91179981983466529
-1.34495779307966923     -4.22060212156609715
-9.04734705914191650     -7.78270189762885511
 3.85119463643371196      4.77939786670894673
-3.61996626084234530     -9.12757440987455659
-10.77939786670913769     -0.78270189762812603
 3.50472118015741385     -10.75118302698499839
 0.52795565537721667     -8.98640470822441095
-3.07711696523464084      2.77958559495730162
10.77939786670942190      8.77939786670869893
-9.04734705914100523     -3.78270189762875741
-4.83024421614611477      5.77967078879313689
-2.49236736609009890     -10.77939786671052147
 7.31529625157113372     -1.22060213329157286
-3.67683025101845651     -5.12838295165298685
 9.04734705914010640     -0.22060213329170050
-7.26070067053397583     -2.88387227969352367
 5.58324544397614808     -4.22060213333590095
 0.38709302125975353     -3.22060213329124334
 7.31529625157152541      6.77939786670887479
 3.85119463643394688      8.77939786670961198
-8.70602455540548803     -10.37388981587512404
 9.04734705914044568      3.77939786670873312
-7.26070067053497414     -6.88387227969352633
-4.74756515559458592     -10.77939786671052502
-7.26070067053238688     -4.88387227969352367
-5.40888105858228307     -4.12838295164375069
-7.26070067053434887      4.93206481353419335
-1.34495777949290241      7.77939787845228459
-6.66098738476124552      3.02409626692048095
-6.74756515559458592     -10.77939786671051436
-10.77939786671023725     -4.78270189762815523
-3.07711695167497679      6.77958559495729940
 3.85119463643380966      6.77939786670910838
-6.66098738476181040     -0.97590373307951983
 3.85119463643355608      2.77939786670894540
-4.80916777281327246      1.77958559497407842
 5.58324544399092826     -2.22060213331089962
-4.80905937428805252      7.77977329971806419
 2.11914382886439689      1.77939786670910327
 7.31529625157152719      2.77939786670877798
 7.31529625157144725     -7.22060213329159684
 9.04734705914049897      7.77939786670877176
10.77939786670752653     -7.22060213329836387
 7.31529625157162311     10.77939786670979139
