151    23.82251439160471307
 1.79834914254244094     -1.21309845718000542
-9.20165085745870925     10.91125719580234410
10.90870122791815255     -10.90972081053460840
-7.91125719580189291      1.21309845718091847
 1.79834914254917311      2.25100315796203221
-6.91125719580146480     -0.51895235038810650
-0.91125719580129927     -7.44715558066391026
 2.79834914254675571      0.51895235039175902
 4.50795548088483677     -10.91125719580235653
-7.20165085745869593     10.91125719580207054
-2.91125719580130626     -7.44715558066379302
 8.91269372079203315      0.45861345099727208
-4.20165085745795608      2.25100315795764816
-7.91125719580145415     -2.25100315795698913
 1.08874280419801006     -10.91125719580233344
 2.79992613498014720      7.44806701538736604
-1.20165085742113353      3.98305396554766578
 4.79834914256213541     -2.94514926473711602
 4.79992543591230714      7.44624668119406952
-8.91125719580132447     -7.44715558066350525
-1.20165085745762124     -2.94514926474878802
 5.79992632399849928      9.17829697651359844
 9.13966119720229564     -2.68567025021803385
-6.91125719580131470     -7.44715558066354966
 5.79834914254244005     -1.21309845715679065
-8.91125719580220199      6.40925087988749631
 2.79834914254360401     -6.40925087988749986
-3.20165085745819455      7.44715558066439964
 3.79834914254230016     -4.67720007231785306
-7.91125719580127829     -5.71510477309465159
-0.20165085740871222      5.71510477312410181
-10.91125719580226239      6.40925087988738351
-1.20165085745819455      7.44715558066441119
-5.20165085745869593     10.91125719580223574
 5.79834914254229972     -4.67720007231744539
-4.91125719580200126     -10.91125719580172770
 2.79834952381348678     10.91125718649027831
 8.94886207136419820     -7.22065524112265056
-5.91125719580143283     -9.17920638823249568
-6.91125719580193199      2.94514926474989203
-0.20165085745092512      2.25100315796158412
-1.20165085745854139     10.91125719580235653
 3.79834914260191203      5.71510668755193052
10.82925376838351461     -1.61549412244910040
-2.91125719580198972     -10.91125719580179698
 5.85929982200075017      5.68672823898138802
 6.91110301044055220      3.98475444403020784
 2.79834914254143063     -9.87335249502484835
 0.79834914268129142      7.44715558073995698
-10.91125719580194442     -7.44715558066334093
-9.91125719580150744     -5.71510477309471199
-9.91125719580209363      4.67720007231855650
-7.91125719580143905     -9.17920638823244950
10.91125719580235298      0.38282402987089026
-9.91125719580145947     -9.17920638823231450
 8.03160869345455808      2.25407695145432285
 0.79834914254675560      0.51895235039136722
-1.91125719580141529     -9.17920638823274082
-8.91125719580144526     -3.98305396552587077
 3.79834914254244049     -1.21309845717960973
-4.20165085745826516      9.17920638823323642
-10.91125719580200304     -10.91125719580124276
 1.79834914260014367      5.71510477312422793
-8.91125719580200126     -10.91125719580156250
 0.79834914254224454     -6.40925087988661968
-8.91125719580154119     -0.51895235038816145
 0.79834914254237910     -2.94514926474885197
-3.20165085745324429      0.51895235039149201
-3.91125719580143283     -9.17920638823259871
 7.50795548088513165     -5.71510477309589859
-6.20165085745826605      9.17920638823307655
-10.91125719580198172      2.94514926474957228
-4.91125719579710296     -0.51895235038527177
 6.95432228767212557     -3.03152251624437019
 7.50795548088959386     -9.17920638823294155
 3.79834914254348188     -8.14130168745654714
10.91125719563900454     10.91125719566992558
-9.91125719580154119     -2.25100315795703843
 9.22166462491815686     -4.68398840252583071
 0.08874280419864460     -9.17920638823287760
 0.79834914258583856      3.98305396555207825
 3.79992633388091461      9.18011770813062711
-10.91125719580234765      9.87335249502517343
 7.79831923157412987     -1.20216031386952360
-0.20165085745755867     -1.21309845717991305
10.91125719580235653     -7.75416453027906805
-5.20165085745820299      7.44715558066422911
-10.91125719580182896     -0.51895235038817034
-2.20165085745824740      9.17920638823330926
 9.50795548088962228     -9.17920638823376578
 9.85777513756964119      9.21120556311338312
-3.20165085745865552     10.91125719580234943
 6.91723420593910809      0.59330318550932104
-0.20165085745769859     -4.67720007231770918
 6.50795548088912579     -10.91125719580195685
-5.91125719580122322     -2.25100315795684436
 6.80176192367981702     10.91125101585032553
-7.91125719580208653      4.67720007231868173
 8.91222826507393506      7.44883752211918360
-6.91125719580200126     -10.91125719580165487
-9.91125719580231035      8.14130168745631089
-3.91125719580127784     -5.71510477309479281
10.91125719580235831     -3.61381227477259515
 6.50795548088673570     -7.44715558066570082
-4.20165085745795253      5.71510477309538079
-4.91125719580125430     -3.98305396552581659
 4.80522514489613872      3.98704398151259554
-6.91125719580128450     -3.98305396552576818
-7.20165085745827760      7.44715558066416605
-0.91125719580198983     -10.91125719580197995
 7.85832875257290109      5.74904464722161634
-2.20165085745106737      2.25100315796159922
 2.79835080052248708      3.98305492275831874
-1.20165085745324429      0.51895235039146215
-5.91125719580189379      1.21309845718101750
 2.79834914254273626     -2.94514926474871475
 0.79834914254146050     10.91125719580236009
 1.79834914254230083     -4.67720007231777490
-2.91125719580125342     -3.98305396552592850
-3.20165085745793565      3.98305396552651159
-8.91125719580198172      2.94514926474974414
10.91125719577977726      7.51115393065315118
-5.91125719580127829     -5.71510477309468090
10.03017216841485748      2.17828752851322793
-2.20165085745755817     -1.21309845717987508
 1.79834914268167623      9.17920638831443902
-8.20165085745835931      9.17920638823299662
-2.20165085745786548      5.71510477309534615
-0.20165085745389350      9.17920638823080282
-5.20165085745798539      3.98305396552652224
-6.20165085745815237      5.71510477309532128
 9.97761102365099184      5.74245247894576050
 4.79838232077236526      0.51897150544837367
 8.50795548088912668     -10.91125719580235653
 5.50795548088663178     -9.17920638823451718
 4.80150312791015299     10.91125719576968400
 5.79834914218232456      2.25104146826144813
 4.79834914254365241     -6.40925087988764819
 8.91269372010898842      4.04954045033328303
 8.80429307966998920     10.91125719577264164
-3.91125719580122322     -2.25100315795695716
 1.79834914254216205     -8.14130168745554883
-4.91125719580131204     -7.44715558066365002
 7.85874620697351567      9.14888915488730703
-10.91125719580178810     -3.98305396552577307
-1.91125719580127806     -5.71510477309493226
10.91125719580235653     -5.75416453027906893
10.91125719560075602      3.97375102713355766
 6.80484669451030033      7.44909627996698909
 3.79834914254924350      2.25100315795919981
-9.91125719580189291      1.21309845718074394
