155    24.13241594489999997
 9.06621965747619996      4.13801148854392675
 3.06948364055107525      0.67201604447798757
-11.06620797241545162     -1.28521536956796578
11.06620797241162002     -3.10901572613660671
 2.06948364055268152      2.40406685205925186
 7.06620797242604937      7.60210635726526807
 0.59030429387260530     -5.87005554958182341
 6.06620797243046184      5.87005554969271159
 1.59030429389742123     -7.60210635725744588
-1.93379202757523849      9.33415716485779079
-4.41007292958093444     -0.67368539172494091
 9.06620797242663201     11.06620797241217780
 5.12954152536337471     -6.32509862611432716
-10.06620797266726797      9.33415716470960710
 5.06620797461268424      4.13800474086320325
 0.06948364055263372      2.40406685218778771
-5.40969570613744022     -5.87005554972442845
-8.06620797249247801     -3.01730535705951741
-2.93379202757635893      7.60210635728956063
 7.06620797242662668     11.06620797241085086
 1.06948364055107525      0.67201604441965357
 9.29720301613940947     -6.17302218923336454
 4.06948364055271306      2.40406685215645410
10.98976867158378745     -5.10755445062731628
 9.06886256867664464      0.67167108048766733
-8.40969570655207654     -7.60210635705431681
 8.06620797242926102      9.33415716484032920
-8.06658519586230227      0.44701399297511885
-11.06620797241944842     -4.74935616416863038
-3.93379202756998758      5.87005554971700416
11.06620797242606180      7.60210635710843441
-3.40969570613262185     -5.87005554964040144
-11.06620797241053999      4.21790745053408678
 2.06986086453947227     -1.06025249870559102
-4.40969570621032236     -4.13800474211346181
-2.93379202757883029     11.06620797242461052
 9.06924786591336307     -2.86232444547430420
-9.06658519586309453      2.17906480054417573
11.06620797242664800     11.06620797240633891
 6.06948364055273526      2.40406685215333082
-1.93379202756998403      5.87005554969458032
 8.06924786593770627     -4.59437525305726435
 2.06620797242565768      9.33415716485792757
 3.06620797443983095      4.13800474086946846
-11.06417799364354693     -11.02655630609399040
 1.06620797242488252     11.06620797242640997
 9.06620797242604937      7.60210635726796191
-9.06620797242521270     11.06620797242640641
-6.00000000000371969      5.91000690408092400
-4.99999999999937206      4.17795609651455724
-11.06620797241052401      7.60210635698650616
 3.06620797242604537      7.60210635728923911
10.07040047308209552      5.86764176409324811
-5.93379202758862245      9.33415716485066049
 6.66877875677155441     -11.06620797240858778
-0.40969570610260048     -7.60210635716636496
 7.06954728884640904     -2.82771805765179840
-3.41007292958130126      1.05836541584414823
-3.40969570608029393     -9.33415716483265889
-7.06658519586309453      2.17906480089717114
-7.00000000000714628      4.17795609651402522
-0.40969570607710476     -11.06620797241012433
-0.93379202754999135      4.13800474213723302
 8.06620797243051690      5.87005554969602272
-2.40969570610282702     -7.60210635719211503
-2.41007292958093444     -0.67368539172452468
10.66877875677177379     -11.06620797240969090
-6.93379202758928592     11.06620797242349674
 5.06948364055107525      0.67201604458539987
 7.06917006481245558      0.63660129307206414
 4.06954728887006656     -4.55976886528294134
 3.06986086458267771     -2.79230330631455326
 3.06620797242608711     11.06620797242657694
 9.29720301611654421     -8.17302218923486912
-9.40969570614542405     -9.33415716485797553
 3.12954152532851282     -6.32509862612331197
 7.66877875676857634     -9.33415716483746394
-6.40969570621072471     -4.13800474211363767
 6.12954152534187191     -8.05714943369779313
11.06620797240744203     -7.10609317511826433
-2.40969570620993645     -4.13800474194530921
 5.06954728884636285     -2.82771805770036355
-4.93379202758928237     11.06620797242137044
-6.40969570610305883     -11.06620797241473575
-1.40969570607791583     -9.33415716477561652
 0.59030429392210482     -9.33415716484065250
-4.40969570610286521     -7.60210635727506112
-2.40969570607727457     -11.06620797240179499
-9.06620797279918378     -1.28525454966754271
-9.06620797241885690     -4.74935616467089972
 1.06620797245087218      4.13800474213714065
-3.40969570635880892     -2.40595393445885231
 7.06620797463197370      4.13800474085234349
-1.93051635944930844      2.40406685218850091
 8.09784697873067394     -1.08911967779285201
 6.06954728887038630     -4.55976886525546465
 6.06954728880423744     -1.09566725010714872
 5.06620797242659648     11.06620797242671195
-4.40969570607752726     -11.06620797241497023
-11.06620797242521270     11.06620797241940046
-9.00000000001451461      4.17795609616152408
11.06620797242663556      0.56865973102159850
 4.06986086453971652     -1.06025249871244265
 0.06620797243045298      5.87005554971740118
 8.06948364050747990      2.40408031560846069
10.27964849726503083     -1.27017799755434613
-5.40969570636112351     -2.40595393445792727
 3.59030429392291461     -11.06620797241333953
-10.06620797283760815     -6.48140697199801252
 0.06620797242476158      9.33415716485697011
 0.06986086453869368     -1.06025249876783723
-6.40969570612449946     -7.60210635730077922
10.06620797249893506      9.33415716479475854
-7.40969570613754858     -5.87005554972476329
11.06620797240721110     -9.10609317511834782
-7.40969570613925388     -9.33415716486114277
 5.12954152534526120     -9.78920024126864696
-0.40969570620979129     -4.13800474192960177
 1.59030429392290773     -11.06620797240909226
-10.07355357262913564      0.45105570936799105
 2.59030429392431305     -9.33415716483516711
 5.06620797242604937      7.60210635726222517
-1.40969570635857311     -2.40595393427101323
10.15674560117536451      2.34991734116512774
-0.93051635944892586      0.67201604461981068
-0.93379202757511759     11.06620797242659826
11.06620797242281462      4.13117481704631384
-8.00000000000955858      9.37410851921530686
 1.06986086458266705     -2.79230330631140911
-10.00000000001741540      5.91000690375980486
-1.40969570613239337     -5.87005554954348074
 2.06986086460640761     -4.52435411389836162
-5.40969570608979833     -9.33415716485203717
 1.06620797242603693      7.60210635728882878
-8.00000000001740474      5.91000690407698048
-7.00000000001250466      7.64205771164472925
 6.06620797242925391      9.33415716483720637
 4.12954152534184171     -8.05714943368450598
-5.06658519586249234      2.17906480089794252
 2.06620797243045917      5.87005554971781063
-11.06620797242666931     -8.21345777980414660
 8.66877875677159970     -11.06620797240528375
 4.06620797242917043      9.33415716485632885
 7.31607709070472811     -6.44713907592702373
-3.93379202758178881      9.33415716485673208
 4.06620797243046006      5.87005554963323739
-10.06624190051368650     -3.01728576861829234
-11.06620797242415577      2.21790745053400418
-2.98382418325678511      4.10792676756274311
-7.06620797264247624     -1.28525454940403905
-6.06658519586212552      0.44701399332885372
-8.40969570614502970     -11.06620797242669418
-0.93379202757635260      7.60210635728235040
-9.00000000002173373      7.64205771164335790
-4.93379202757774049      7.60210635728551765
