158    24.29561337870000060
 7.68281985915093646     -4.85065771878050089
 1.82147293488619266     11.09298548939549534
 9.41575588177252776     -3.85219252584587979
-1.00491734938753652      4.21011395940327127
-9.41594010735840214     -5.13921183168783724
-5.95590118899337195     -11.14780668933959795
-11.14780668934608343      2.57763757650478009
-6.21347909604523263     -0.78062761749475995
 7.89214702798890588     -11.14780668934622909
-6.20911566082632849      1.22409999760113752
 5.93400804191315778     -1.82104796392947277
11.14780668934631969     -8.85219252584691674
 3.82072145271397767     11.14780668934360897
11.14603489997997521     11.14780668934588981
11.14780668934708707     -6.85219252584613070
 2.42321405735510975      6.26784267341704115
-4.22436532450760627     -6.13485263922413449
 2.46772867130157580     -3.81727106235893565
-2.49225442244768036     -9.14701908272704500
 7.68281985914806320      3.14934228121956306
-0.17777558294196705     11.14780668934388075
 4.20107201927014984      3.18048684315740937
 5.71348745370456701     10.50171314697194802
-9.41592606540360499     -1.12633659301197264
11.14780668934293573     -2.85219252584611027
-7.94197581407244790      0.22550313735580388
 4.43176968604604138     -9.14138122571204548
 2.46772867130083418     -1.81727106235732672
-11.14780668934757379     -2.12663130178906545
-4.17777558294202311     11.14780668934390917
 5.93577983135223519      8.17895125126276312
 2.69990310406148515     -8.14106220549639659
-9.41602650478105829     -7.13999943829875505
-2.74737618407588302      1.21590187541609707
-2.49248470056357485     -5.13455793044690711
-5.94704219637197884      7.56961697111502740
-5.94704219637238207      5.56961697111502119
 2.43056797988415552      8.26782915332720236
 5.93400804190441367      4.17895203607066001
-4.47587290209171496      2.22203263024425635
11.14780668934369245     -0.85219252584609950
-9.67385643801254602      1.22579784613960041
 0.73923195325959068      5.18885969251046753
-11.14780668934418451     -0.12604188422764989
-5.95566320479198374     -5.13354966323592166
 0.97139234409694164     -11.14780668934024987
-7.68719906928356433     -10.14650371336039747
-5.95541888472194358     -9.14603512696701948
-1.01200378347007613      2.21012651362220636
 5.93400804191324394      6.17895203607070886
 7.68281985915386567      7.14934228121963411
 9.37614417735651173     10.21641695889605828
 5.93400804190875153     -3.82104796392954604
 5.93400804191333542      0.17895203607053239
11.14069681403583800     -11.14363497872652253
-9.41509134728694796      9.57648568477884865
-2.49505558473436606     -7.13958535190219301
 2.69988906210207258     -10.14167593448914140
11.14780668934412056      3.14780747415392481
 4.20107201927961693     -2.81951315684261861
 9.41575588177358469     -5.85219252584588201
-6.17777558297506069     11.14780668934341001
-2.74737618408575468     -0.78409812458391537
-11.14780668934342422      4.57763757650478276
11.14780668934242946      5.14780747415392881
 2.46772867128790052      4.18272893766502207
 2.46772867128621076      0.18272893765229384
 0.73214551906060332     -2.81112775306272855
 4.20107201927488827     -4.81951315684264259
 7.68281985914620424      5.14934228121962700
-4.21499138878178758      6.56961697107746101
 4.20284380871964558      7.18048605834798526
-11.14780668934278651     -8.14046802469218278
 6.16026640404392811     -10.14751198057081538
 9.41575588177355094     -1.85219252584587979
-2.73392105770234695      5.21935573944227116
 0.73214551906043202      3.18887224693728077
 7.60625345469408920     11.14780668934745123
-9.41509134728776331      3.57648568477872875
 7.68281985915689791     -8.85065771878055330
 0.73214551905132830     -0.81112775306272356
 5.93400804190887765     -5.82104796392958956
 7.68281985915029164     -2.85065771878048224
 0.73214551905040848      1.18887224693727700
 2.46772867129765583     -5.81727106236040381
-7.68304053969731804      6.57648568474262429
-7.68304053969579570      4.57648568473896322
 0.96812291950106610     -7.14059361910104684
-11.14780668934365870     -4.13889281147253296
-8.17777558297506246     11.14780668934326791
 9.41575588177482281      0.14780747415412010
 5.93400804190518105      2.17895203607062671
-9.41930997133823844     -3.13276205662716878
 0.73214551906043357     -4.81112775306273655
-4.22378258084785774     -4.13325495445854596
-5.17777558295821994      9.41575588178425349
 4.42838578009972750     -11.14780668934756491
11.14780668934392871      1.14780747415392015
-1.01200378348007658      0.21012651362220630
-11.14780668934449004     -10.14307397666491184
 5.93400804191070641     -7.82104796392960022
 9.41575588177839151      8.14780747415412065
 9.41575588177494716      2.14780747415411977
-11.14780668934326968      8.57763757650479342
11.14780668934278296     -4.85219252584611294
 9.41575588177107115      6.14780747415411977
 4.20107201927133111      1.18048684315740560
-2.46922412780979617      7.54547386146578170
-9.41509134728704566      5.57648568477873585
-7.68744338935326255     -4.13308107684206227
-7.68742934739369943     -2.13246734784905367
-7.29896255850365083      9.18555461080104863
-0.76375770444290325     -8.14088832787814631
-3.17777558295821905      9.41575588176266542
 4.20107201927980434     -0.81951315684260961
-11.14780668934297836     -6.13953085190433256
 0.77437212414960521      9.38899608445195710
-4.48061894281069151      0.21796924277331642
-1.01200378346985831     -3.78987348637783006
-4.48061894282052098     -1.78203075722685056
-0.76317496079039104     -6.13929064312506689
-5.95286204251205309     -7.14098339407087934
 7.68281985915375909      1.14934228121953264
11.14780668934652219      9.14780747415543161
-0.76047423788694646     -10.14748766912190980
-6.20628231638586492      3.22570045341871392
-1.01200378347918063     -1.78987348637779475
 0.96802248011752123     -9.14135691427351027
-2.17777558294202178     11.14780668932885987
-9.41650880905752885     -9.14177100068107862
-2.49234081987003941     -11.14780668934066910
-1.20378811357608062      9.09423843165722801
 9.41575588177043343      4.14780747415411977
-2.74737618408484563     -2.78409812458393668
11.14780668934728602      7.14780747415394124
 7.68281985915359922     -0.85065771878047869
-9.41849694957074490     -11.14780668934401042
 0.63150694581678302      7.39407960382675533
 2.46772867128110818      2.18272893765941278
 4.20107201927474083     -6.81951315684271275
 4.20757103229442819      9.18557647788044029
 9.41575588177564882     -9.85219252584588290
-5.95556276540885765     -3.13278636806420252
-7.94035598656101893      2.22550248139600804
-4.22412100443167038     -10.14733810294554672
 4.20107201927970930      5.18048684315741337
-4.22355230273859572     -8.14571610674926028
 9.41575588177803802     -7.85219252584588290
 7.68281985915116650     -6.85065771878050178
-0.98046136679656659      6.20996443004246501
-7.68415992279717841     -6.13968041808192311
-7.68472862449573046     -8.14130241428812162
-2.74050050148566848      3.21625726844973281
-10.99511979935630812     11.08017158580221739
-4.46921049554281602      4.22202153329864416
-9.41509134725295738      7.57648568477879447
 7.68459164859280364      9.14934149641145567
-11.14780668933266838      6.57763757650478897
