168    24.93616296529999943
-7.46808154615472208     -4.53984223504035089
-10.46811264341199710     -9.73601268474240555
-0.53191847541607018      8.00397984294498244
 7.46808148210260558     11.46808148262765137
 9.46834533706053882      4.53992538902879872
11.46808148262798177      0.97971715259814873
 9.46808148262796223     -9.70071086465105203
-6.49681060212546324      7.63088611423023977
 1.49665586785354576     -2.43469281359735046
-1.46825430323188488     -1.07564089004080610
-2.46811264341189318     -9.73601268474146231
 4.49575719890825010      2.79213909494224621
-8.49681063577347118      7.63088609454918920
 4.46808148236380731      9.73603067490337715
-0.53191851789746813     11.46808148261049709
-11.46808148262361904      9.70071086385379999
-7.46808148262797733     -8.00394388686271618
11.46808148262109839      4.50743926678179285
 9.46808152463177954      8.00397989204404681
 7.46817268552204627      4.53982564833730873
 0.46817264325176838      6.27187643120264049
-5.46915292990520374      2.41914018622538007
 5.46915360370433845      1.04499873448746872
-8.49575652244442914      0.67189658149247022
 5.46808152459488017      8.00397984295519827
 6.49682863567813840     -7.63094486196596478
 7.46915360370433756      1.04499878241489341
 7.46808148262795957     -9.70071086465298826
-7.46915292990520374      2.41914018605617764
11.46808148262797644      8.00356999543530279
 0.53191851737286566     -11.46808148261617966
 3.46817264354130028      4.53982562346474960
-8.49674101331016729      4.16672647253765671
-1.46808148262716709     -11.46808148262663352
-4.46808154597742924     -6.27189304271387371
 3.46808152459057650      8.00397984295485720
11.46808148262556593     11.46808145377623589
-3.53182735674941606      6.27187643118546845
-3.46915292990520419      2.41914018621564963
-11.46808148262797999     -4.53933814493351129
-4.53191851789748057     11.46808148261918703
-6.46808154597849061     -6.27189304271839543
-3.46808148262796445     -8.00394388685930558
-5.49673748553293606      5.89887752260202003
 4.49682858259467544     -4.16684327747533256
-4.46811264341189318     -9.73601268473983517
-5.53191851763622733      9.73603067489944962
 5.49665586785381066     -2.43469276448536620
-5.46808154615471942     -4.53984223504775830
-1.53182735674936898      6.27187643118493643
-1.46808148262795979     -8.00394388686180136
 2.49682858259465768     -4.16684332628415444
-9.46808148262359239      9.70071086402454696
-10.77496688373631528      4.36055163974610593
-0.46811264341189007     -9.73601268474398474
 5.46817264354628385      4.53982562376525500
10.53191851675230595     -11.46808148258186577
 7.49682857280336545     -5.89869465689397732
-6.46811264341189318     -9.73601268474487824
10.49634720473619431      6.25550463816168723
-5.46808148262797289     -8.00394388685758429
 8.49575718932181800      2.79233496364927802
-11.46808148262211091      6.23660924888591861
 8.49682857273343117     -4.16664384928470088
 4.49665582558385069     -0.70264198132076472
-10.49634578959022591     -2.79127357433166834
-0.53182735646005264      4.53982562346738039
 1.46817264354093657      4.53982562346215346
-1.50424280109177722      2.79213909464086196
-6.53191851789761735     11.46808148235471059
 1.46808148210253320     11.46808148260951299
 2.49575719890824077      2.79213909463897414
10.77506650065876315     -0.89637725727737938
 8.46811263179279017     -7.96864207347689391
 2.46817264325268226      6.27187643119745886
10.46843647550580059      9.73582572757488940
 8.46817264325803798      6.27187648030732259
-2.53191851789746902     11.46808148259935756
-5.46825430323195683     -1.07564089003763907
-8.46808154598093665     -6.27189304270964598
 6.49682857265240532     -4.16664384941159582
-2.46825426096104872     -2.80769172201476147
-11.46808148262718952     -11.46808148262526927
 6.49665586778421211     -0.70264195687628872
 1.53191845402552174     -6.27189304270927650
-3.46808154615471453     -4.53984223504258289
-10.53191851795951273     11.46808148255953164
 5.49679747489413373     -9.36301372096799511
-2.53182735646078516      4.53982562344941698
-7.46808148262717175     -11.46808148262747196
-2.46808154597658946     -6.27189304271607373
10.46811263179294293     -7.96864207341425335
 9.46808148262798177     -6.23657328230276509
-11.46808148262512184     -1.04320887728866918
 3.49665586785355931     -2.43469281329406906
-2.49575652510909096      0.67199982576088602
 3.46808148210259670     11.46808148262771176
 6.46817264325373120      6.27187643150306950
10.52532267378949804      2.74357820978886835
-6.49673748528037631      4.16682671488712586
 9.46915359411789304      1.04519460319449187
 5.46808148210259848     11.46808148262336502
-0.53084639629566333      1.04499873418609845
-8.46811264341195091     -9.73601268473802683
-9.46834531248436129     -1.07569348642639406
-9.49681060187154991      5.89883526740702813
 2.53191851737290685     -11.46808148262756788
 2.49665582558367483     -0.70264198162393443
-3.53191851763622511      9.73603067487888651
 4.49682863567808777     -7.63094492308583749
-9.46808154615472475     -4.53984223521068397
 1.46808152458733820      8.00397984296137643
-9.46915292724036739      2.41903694194734253
 3.49682858274178221     -5.89889413377104788
-7.49681063600039721      9.36293690224909980
 3.53188735658811703     -9.73601268474490311
-4.49575652510912427      0.67199982576973094
-11.46808148262797999     -8.00394388685978164
11.46808148262797467     -9.70071086458919929
-10.46809620461584522     -6.27188457963040413
-1.46808154615471453     -4.53984223504431039
 7.46808152462085673      8.00397984324359157
-6.49575652510914914      0.67199982560047933
-4.49673748528035322      4.16682671505647484
-5.46808148262716909     -11.46808148262253368
 3.46915360370433801      1.04499873418420153
-6.46825426096110689     -2.80769172201177408
-7.46825430323374562     -1.07564089020617315
 6.46808148236384550      9.73603067490617491
 2.46808148236378377      9.73603067490803475
 7.49682857258265045     -2.43459304180242153
11.46808148262798177     -6.23657328223332907
 8.46808148236386593      9.73603067520955712
-4.53191847541614568      8.00397984293405607
-10.52530470464270351      0.72064257535002185
 9.49682857258269664     -2.43459304162879508
 0.49575719890822256      2.79213909463618570
-2.53191847541608928      8.00397984294552067
-10.46808148244262604      7.96866005635117070
-4.46825426096109979     -2.80769172201999107
 5.49682858274623509     -5.89889408495671042
 4.53191851705083071     -11.46804556098054562
-0.46808154597530893     -6.27189304271931647
 0.53191845384528769     -4.53984223504683637
-9.46808148262797822     -8.00394388685559122
-8.53191851789768485     11.46808148262032212
 1.53188735658811703     -9.73601268473341896
-8.46825426096112288     -2.80769172218275909
10.46808148255964888     -4.50452247468948652
-9.46808148262717175     -11.46808148262075733
 6.53191851672828072     -11.46808148262724636
-3.46825430323188799     -1.07564089004606234
 0.46808148236377961      9.73603067488972584
-7.49681060187154547      5.89883530651473365
 0.49665582558367261     -0.70264198162671210
11.46808148262054061     -2.77247166715575943
 4.46817264325311481      6.27187643120001681
 0.53191851737204099     -8.00394388685128710
 9.46808148262553750     11.46808148262736360
-3.46808148262716820     -11.46808148262420346
-11.46808148262798177      2.48449403060844842
 8.49682857188261842     -0.70254223381410863
 2.53191851737207418     -8.00394388686275171
 6.49575719890825720      2.79213914286967535
-1.53191851763622111      9.73603067489054474
-0.46825426096102851     -2.80769172201657247
 8.53191851672856849     -11.46808148262547533
 1.46915360370433801      1.04499873418142353
