172    25.40446068469999830
-11.70223033272748836     -6.81422905848714855
-1.29776966711210484     -9.97017952506662830
 3.70223033298455029     -8.23812871586312134
-11.70223033272808166     -10.27833067362581509
 8.70272858214836553      9.96989188428871564
-11.70223033272756652     -3.35012744334895540
 2.80151432741864603      2.41965947443392704
 3.70223033272868562     -11.70223033272873536
 4.70223033315615790     -9.97017952338675606
-10.70223033272713664     -1.61807663578017702
-2.09920180806639145     11.70223033272797863
-11.70223033272726987      0.11397417178897447
-4.29776966727145204     -4.77402710245189521
-6.29776966727142007     -8.23812871758969933
 3.80151431307404764     11.07991351081489562
-5.09920180223112851      6.50607790665227803
-10.70223033272460533      8.77422820963178651
 8.70248739575167107      6.50529258154669421
-5.09920180242945076      9.97017952190473089
 9.70223033272869628     -11.70223033098330667
 7.70223043421447784     11.70223033094145926
-2.29776966727023257     -1.30992548731483049
-0.29776966727191012     -11.70223033272781876
 6.70223033325219841     -9.97017952300759447
-9.70223033272443836      7.04217740206299858
 1.80151432740365447      4.15171028199415382
 4.80151432848235604      2.41965947496282174
-8.09920180805499967      8.23812871758392085
-9.70223033272749547     -3.35012744334928403
-6.09920180227487307      8.23812871424660820
-6.70223033272709401     -1.61807663578190097
 4.70223033379988919     -3.04197629175208517
-3.29776966727079568     -3.04197629488339683
-5.70223033272620583      0.11397417178646355
 0.70223033291241455     -9.97017952505313154
 0.70223033385756195     -6.50607790937033048
10.70223411761466181     -9.97017733754139179
11.70223031219654075     -0.80126427846442150
-8.70223033272618629      1.84602497935702980
 3.70223033424586312     -4.77402709958354876
-7.70223033272749547     -3.35012744335054613
10.70938633952808061     -6.50192659703758391
 9.70223033302402094     -8.23812871447047179
-6.29776966727205245     -11.70223033272777258
 4.70223035062720296     -6.50607789769493472
11.70223033272869806     -11.70223033096853271
 3.80151432840766335      0.68760866743602245
-2.29776966710699249     -8.23812871749471576
-11.70223033272651847      3.57807578692640327
 9.70248739674147664      4.77324177454796228
 7.80151448788916024      0.68760870775543437
10.73012878688025218      6.48903745836495638
 1.80151431905262083      7.61581189222540722
-7.09920180805513645      6.50607791001496505
-0.09920180208827294      8.23812871413795911
-11.70223033272874780     10.50627901719827584
-8.29776966727207288     -11.70223033272726632
-4.09920180221975894      8.23812871421459647
-8.70223033272742441     -5.08217825091946462
 9.70223038405406513      8.23749174946609131
 6.70223048595216930      9.97017949334973608
 9.80099111012593482      0.64185678548141656
-1.29776966665307492     -3.04197629452739182
 6.80151437419367166      2.41965944988608950
-10.70223033272658419      1.84602497935745791
-11.70223033272643320      7.04217740206391074
-5.29776966716614250     -9.97017952509779626
 0.90079819796295668      9.97017952167738031
10.70273811243913009      9.96924932067620695
 0.70223033341294838     -3.04197629288185611
 3.80151434796471843      7.61581190885789461
 0.80151432705490511      2.41965947429144501
 7.80151432853576043      4.15171028382772533
 1.70223033272822044     -11.70223033272835345
-8.70223033272709579     -1.61807663578062622
 9.70223043421447784     11.70223033238969457
-0.19848568107950071      4.15171027716393315
-3.09920180233415898      9.97017952184953060
-7.29776966727144938     -6.50607791002012004
-3.29776966688383455     -6.50607790979698120
-9.70223033272673874      0.11397417178847158
-9.29776966727159859     -9.97017952515778916
 5.80151432853563431      4.15171028250136942
-6.70223033272507696      1.84602497935599286
 2.80151431910384430      9.34786269976471118
-7.70223033272643764      0.11397417178787950
 3.80151432749244345      4.15171028196022185
-4.29776966727023257     -1.30992548731419212
-1.09920180208802032      9.97017952170705613
 1.80151432735990991      0.68760866689863787
-0.29776966699971280     -1.30992548554988697
-0.09920180806638514     11.70223033272774416
-4.09920180806639767     11.70223033272820778
 7.70223033335978879     -1.30992543633838032
-6.29776966727150000     -4.77402710245121398
 6.70223036380841197     -6.50607788956997535
11.70223032521248108      8.23689861526481870
 0.80151431897897973      5.88376108469904668
 4.80151432754517593      5.88376108949886945
-0.29776966708549862     -8.23812871748304865
 2.80151432754401997      5.88376108955890498
 7.70223036797145699     -4.77402707896406575
-2.09920180216151753      8.23812871418060766
 7.70223048547113365      8.23812868547069854
 8.70223035323637184     -3.04197623244984072
-2.29776966672991145     -4.77402710213999537
11.70223033272880642     11.70159319587228097
-5.29776966727141119     -6.50607791002081015
 8.70223210886028653     -6.50607688147409835
 5.70223033299346227     -8.23812871553873904
 1.70223033307849647     -1.30992548511971085
-0.19848567288251226      0.68760866647771834
-3.29776966711907571     -9.97017952507069793
-4.29776966727197252     -11.70223033272778146
 6.80151432754571150      5.88376109082535237
-0.29776966639082947     -4.77402710194486168
-4.29776966711498698     -8.23812871749940712
 5.80151434809028466      7.61581191313152406
-9.70223033272601576      3.57807578692600714
 1.90079819193362520     11.70223033272872826
-10.70223033272759849     -8.54627986605712486
-6.09920180806639856     11.70223033272831259
 8.80151446573079888      2.41965952813356822
-3.09920180221991037      6.50607790664543817
 5.70223033272869184     -11.70223033135043345
-10.70223033272749724     -5.08217825091822917
 1.70223033397433987     -4.77402710012748965
 8.70223033325550510     -9.97017952278432240
 2.70223033303294580     -9.97017952498418047
-9.70223033272748836     -6.81422905848830496
11.70223032000603247      1.26257368302601791
 6.70223035261610800     -3.04197628025741995
 3.70223033318872652     -1.30992548453574909
-6.09920180805530521      4.77402710244599060
-8.09920180806640566     11.70223033272815982
 7.70223033301087590     -8.23812871501277755
11.70223033263747148     -8.23808926450129064
-10.09920180806641454     11.70223033272873359
 5.70223035292877967     -4.77402708827954747
 5.70223033325277218     -1.30992548386688945
-2.09920180222041175      4.77402709907627099
 5.70223043421445297     11.70223033272877267
-5.09920180805564272      3.04197629487691845
-9.09920180805510448      9.97017952515275141
 9.70223348052912016     -4.77402523451401528
-7.70223033272471991      3.57807578692507589
 7.70223033272869362     -11.70223033098782928
-4.09920180222916031      4.77402709908189138
-1.19848568083616991      2.41965946945456878
-3.09920180197736084      3.04197629136679604
 2.70223033435380433     -6.50607790747879378
 5.80151432961537150      0.68760866804802856
-1.09920180216193653      6.50607790661143781
-2.29776966727192056     -11.70223033272788449
-8.29776966727151333     -8.23812871758896037
-2.19848568691567348      0.68760866539569454
11.10552192095121704     -2.85685311845309764
 1.70223033296903670     -8.23812871745219866
-8.70223033272455915      5.31012659449404811
-7.29776966727149556     -9.97017952515854944
11.70222991697707293     -4.76576368929768712
11.70223033120925038      4.74117627813545806
-1.29776966683658856     -6.50607790977046285
-7.09920180253553212      9.97017952196613244
10.71489502465863985      3.00187498371498362
 2.70223033363912446     -3.04197629236494205
 9.78129463691473866     -1.35804622440528133
-10.29776966727209775     -11.70223033272710822
-4.09920180805679291      1.30992548730737757
-5.29776966727109588     -3.04197629488257082
 4.80151434818193490      9.34786272186553902
-10.70223033272610458      5.31012659449504287
