173    25.47671165950000116
-7.76109496414817279      1.33331180348751244
 2.00000000000940048      7.28525522106311119
-2.00000000000011724      3.82115360593065301
-0.99999999999994515      2.08910279836187529
 5.73835582975529856      8.27425421458570298
-7.73835582973574798     11.73835582973481984
-8.73852438150021449      3.07819911620855224
-11.66996590710853532     -4.93613691332783056
 5.01174740605378943     -1.36816312231482651
-7.73835583919792214      4.81015260489955132
-7.03775217358779326     -1.35288667878865021
10.76092633419242084      6.52917233247683537
 2.00000000000034861      3.82115360593065212
 2.00000000481408691     -3.10704962156537290
 6.73835582975506053     10.00630502215474316
 7.73835582973574443     11.73835582973483405
-3.00000000477332396      2.08910280111756119
 5.73835583919894265      4.81015259399541861
-11.70883218147397642     -11.59398316511459726
-11.73835582973002367      8.27405960140145957
 8.79041382049780218     -0.38946716920395880
 8.73835582975640257     10.00630502215389050
11.73835582973250524      8.27405960139961927
-4.00000000481282214      0.35705199357147038
-5.01174740605403279     -1.36816312231456205
-11.00912074365561644      2.92197023369223086
 9.04949957963312279     -11.73835582973467062
-6.03775217357858285     -3.08493748635221676
 3.73835582975526748      8.27425421458563193
 7.76109496414810174      1.33331180348669420
 3.00000000477391415      2.08910280111779301
-2.73835582975476077     10.00630502215476270
-11.73835582973459601     -8.93496727593600149
 4.04949957005504935     -10.00630502218396423
-10.73852434626426344     10.00620772909394596
 9.73835582973574354     11.73835582973496372
-9.73835583919912651      8.27425422003664224
10.04949957963300911     -10.00630502216441897
 2.03775216876710230     -10.01314071385045601
 0.00000000000011834      7.28525522106828927
 1.00000000000011302      2.08910279836188995
-2.00000000481197260     -3.10704962156651598
 4.00000000478302464      3.82115360868141041
 5.03775217357791938     -4.81698829392133376
-1.00000000477311479     -1.37499881402007240
 1.73835582973574687     11.73835582973574176
11.73835582973356573     -6.93496727593534690
11.68841586260713683     -11.72883474372015833
-8.79041382049867259     -0.38946716920431496
-8.04949957483686518     -3.07810179467007350
-6.04949957486004930     -10.00630502492132834
-3.00000000481223683     -1.37499881399750179
 7.04949957486078205     -8.27425421735210875
 0.00000000000049524     -3.10704961883290443
-3.04949957001576522     -11.73835582973197766
-8.73835582975571867     10.00630502215423867
 4.00000000481461981      0.35705199357241690
-7.04949957482766898     -4.81015260223364294
-9.73835582973574709     11.73835582973491221
 2.00000000477369522      0.35705199354904227
-6.04949957482689893     -6.54220340980272663
 1.01174740124208928     -8.29636634981237542
-4.01174740605379210     -3.10021392988333222
-9.76092641238184200      1.35927675401492909
 7.04949957482924905     -4.81015260223283736
11.73835582973452674     -8.93496727593553963
-3.03775216880479215     -8.28108990630271435
 2.01174740128029095     -6.56431554226555214
-1.73835582973574954     11.73835582973574176
-2.00000000000933031      7.28525522106306855
11.00912074365868065      2.92197023369436470
 3.00000000000946088      5.55320441349426908
-7.73835582975512004      8.27425421458563726
 9.96865383317316045     -2.00555827818601529
 3.00000000481416107     -1.37499881399647150
 8.73835583919897374      6.54220341246898496
 3.01174740605347546     -4.83226473745247365
 9.73835583920081049      8.27425422003680211
 3.04949957001889960     -11.73835582973197056
-2.00000000477312856      0.35705199354879669
-4.03775217357836169     -6.54903910148984369
 1.00000000000028799      5.55320441349949512
-0.00000000000000149     10.74935683619543703
 5.73835582973574532     11.73835582973480740
 9.97312299654710621     -5.99477950498716616
 3.73835582973574621     11.73835582973476299
11.73835582973521063      1.05965549411337556
 1.02600476752401115     -11.73835582973545399
-11.66042250539849334     -0.93882552830358801
 0.00000000000007158      3.82115360593074271
 6.04949957482849321     -6.54220340980187398
-2.01174740128021412     -6.56431554226506364
 4.03775217357789806     -6.54903910149020430
-8.04949957486051915     -6.54220340978356329
-6.01174740606325919      0.36388768524902121
 5.00000000482479390      2.08910280113664859
 5.04949957482834844     -8.27425421737081734
-5.04949957482677458     -8.27425421737165223
-8.04949957963265206     -10.00630502216590756
-7.04949957486021894     -8.27425421735236633
-4.73835582975476832     10.00630502215481066
-9.86278345662278078     -8.00772689307392049
-6.73848022353739928      3.07802798466139915
-3.01174740605377878     -4.83226473745220275
 9.73852438149975974      4.81024992377684946
 8.73852438149948085      3.07819911620811260
11.73835582973393343     -2.93730655071933189
 9.76092641238170167      1.35927675401488468
 1.00000000000924483      9.01730602863189823
 4.73835582975495750     10.00630502215468809
-1.00000000003834688     -4.83910042637935955
-2.03775216876542542     -10.01314071384891236
-1.00000000000008882      5.55320441349952709
-4.73835582975522041      6.54220340701671077
 7.03775217358728877     -1.35288667878895574
 5.04949957008763306     -11.73835582973457470
-6.73835582975522041      6.54220340701669212
-5.00000000482201656      2.08910280113503921
-4.00000000478253170      3.82115360868112219
 8.04949957486138423     -6.54220340978327108
-6.73835582975480207     10.00630502215472362
 9.15118634342467097     -8.21241277504240230
-10.76092633420406841      6.52917233247057283
 6.73846891389284774      3.07803353219953690
 6.03775217357817251     -3.08493748635258536
-1.02600476752491288     -11.73835582973536162
 2.73835582975494196     10.00630502215471829
-9.04949957963294871     -11.73835582973462799
 1.00000000477367856     -1.37499881401982571
 6.04949957486074030     -10.00630502492099261
 8.04949957483838574     -3.07810179466919065
-7.04949957963260587     -11.73835582973477543
-11.73835582973366698     -2.93730655071990387
 1.00000000004077871     -4.83910042637852378
11.66042250539997838     -0.93882552830291655
 0.00000000000210197     -6.57115123392510370
-9.96865383317231668     -2.00555827818763932
-1.01174740124085649     -8.29636634981122612
-10.04949957963270535     -10.00630502216451134
 4.73835582975532876      6.54220340701678804
-0.00000000000035928     -10.02158146569768604
 8.04949957963293805     -10.00630502216577966
10.73852434627028174     10.00620772908854939
-9.82417958574238170     -4.00033325091757952
-5.73835583919792214      4.81015259399605721
-1.00000000000912781      9.01730602863182895
11.73835582973385705      4.78428497327260160
11.73835582973574354     11.73835581880089052
-11.73835582973530300      1.05965549411264726
-4.04949957005316019     -10.00630502218460371
 7.73835582975531988      8.27425421458563370
-5.73835582973574798     11.73835582973482161
-8.73835583919780845      6.54220341246849824
-11.73835582973371316     -6.93496727593584161
 7.73835583919894265      4.81015260490012508
11.66996590711018200     -4.93613691332731452
 6.73835582975532876      6.54220340701673653
-3.73835582975512004      8.27425421458572430
 4.01174740605355318     -3.10021392988356981
-11.73835582973574709     11.73835581880333834
-11.73835582973421054      4.78428497326882507
 7.04949957963285812     -11.73835582973468661
-5.73835582975512004      8.27425421458566213
-9.97312299654656087     -5.99477950498862544
-5.03775217357837857     -4.81698829392097583
-5.04949957008605210     -11.73835582973451608
-9.73852438150010258      4.81024992377749605
 9.82417958574428773     -4.00033325091601721
-3.73835582973574887     11.73835582973467595
 3.03775216880471088     -8.28108990630328456
 6.01174740606289593      0.36388768524879300
 0.00000000000007304      0.35705199079300887
-3.00000000000934763      5.55320441349420069
