176    25.64706687540786945
 3.16308622067830525     -8.82386840729055244
-3.77424284369451968      1.16016320499586922
 6.62738101488285558     -8.82353343788551925
11.82353343770393295      0.17646656229604474
-11.82353343770393472     10.81670165349261303
-2.04200179477654364     -5.83950721628352998
11.82353343770359722     -3.82353343770394982
-10.09148263016906455      3.81641287229681536
10.09148263013155322     -4.82353343770862431
 6.62738101489230402     -0.82353343788461053
 3.16308604823828254      1.17613159270954926
11.82353343770147092     -9.82353343770394183
-4.89937591748111601      8.82338904714335470
 8.35943182256511541      2.17646656229604174
-10.92114621589283097     -6.28093880100062218
-3.16336277184585368      3.81655726286425656
-4.89541357941698063      6.81655726286535124
-5.88378213084262391     -11.82353343769406528
10.09148263013473290     -0.82353343770426457
-3.16740843997517008     11.82353343750804342
-6.62746438694747297      7.81655726293183584
-7.23834450391688744     -6.83983687473017099
11.82353343770379084     -1.82353343770395249
-11.82353343770394005      8.81670165348758594
-1.43527430238190323      6.82338904707659832
-6.63134335310294976     11.82353343770393650
-7.48081172933238037     -8.82508488054692108
-11.82353343770143894      4.81641287236016868
11.82353343770388676      8.17646656229603508
-9.82353343769387877     -11.82353343769557519
-11.82353343770295595      2.81641287223601644
 6.62738101489257314      1.17646656211558853
-2.04200162231906113     -9.83950721628352731
-2.04200179478275157     -3.83950721628353042
-3.16732510995067118      7.82338904707678751
-6.62746438698447093      5.81655726286275687
 1.43103524064175525     -1.82386840729599675
-10.70244611921387623     -2.83983687473698554
 4.89455686450490202     -11.82353343769680265
-9.13808255983206230     -9.94466220899500541
 6.62738101489270726      3.17646656211677891
-11.82353343769401555     -11.82353343769459819
 4.89533029354651728     -9.82353358724482639
 8.35943182237188687      4.17646656229603952
10.68899797861328693     11.82353343770393828
 5.49284555590600387     10.82353343770286358
 3.16308604821403305     -2.82386840729045030
-4.89937589667215256     10.82338908319073489
-2.04200179477158406      2.16049278371646825
-3.16732510991356842      9.82338904714625372
-0.30995098722393222     -0.83950721627769398
 1.39443259675321540     -11.82353343770371268
11.82353343770305365      4.17646656229603952
-0.30995098719933672      1.16049278372230669
 5.49284555594885937      8.82353343763084830
 4.89533015325354626     -3.82353353149747965
-3.16336277184811232      5.81655726286533614
-2.29427122555626495     -11.82353343770363452
 8.35943182256535700     -3.82353343770395115
 3.16308604823794415      5.17613159270954881
-9.28653726542639646     -7.94115941097737110
 6.62738101488631681      7.17646656211735134
 3.76079474833726257     11.82353343770310694
 7.22489636347462483     11.82353343770393650
 6.62699499888391674     -10.82420204869796265
 8.35943182254324491     -5.82353343770394893
 1.43103524064835885     -3.82386840729599831
-10.09148263013089242     -0.18358712776620481
11.82353343770393650      6.17646656229603686
-11.82353343770166987      0.81641287223200854
 0.29677650518553345      7.82338904707931082
 8.35943182255842743      6.17646656229603686
 1.43103524065525445     -5.82386840729603072
10.09148263013488034      1.17646656229575153
-2.04200179478987875     -1.83950721628353087
-10.09148263013457658      1.81641287223513448
 4.89533015587592857      6.17646647571199559
-2.04200179476973309     -7.83950721628353087
 8.35943182255104311     -7.82353343770394627
-11.82353343769553611     -4.49608662170754503
-8.35951517379424125      8.81655729882358052
-1.43131196427841800      4.81655726286675101
-8.35943182260042761      2.81641287229546133
-11.13808255983209605     -9.94466220899406750
-5.50629369642231570     -5.83983687460097389
 2.02882731275514816      6.82338904708059069
-8.97039531156022996     -5.83983687485910252
-0.30995098719920666      3.16049278372230757
 3.16308604822157680     -4.82386840729045030
-11.82353343769504050     -8.06579098029397379
 3.16308604822734907     -6.82386840729046806
 6.62738101489198161     -2.82353343788494771
11.82353343770329879     -5.82353343770394716
-4.89541357941604627      4.81655726286197616
-5.50629369643494915     -1.83983687460068346
-11.82353343769849019     -1.18358712776842112
-6.62738103539185719      3.81641290756080220
-7.23834450407854479     -0.83983687473003965
-3.77424284303001478     -0.83983679519767218
 1.43103524066623455      2.17613159270405898
10.09148263012924751     -8.82353343770865450
-1.43527430238326370      8.82338904707944671
 0.29669315427481213      9.82353340119955298
 1.43103524066158561     -7.82386840729614530
-8.35943184297534181      4.81641290758767848
-6.63142670431890213      9.82338908305065672
11.82353343769534249     -11.82353343770393828
-11.82353343752610009      6.81641294375574258
-8.97039531164581128     -1.83983687473529267
 1.43103524066609022      0.17613159270403572
10.09148263012959035      5.17646656229578639
10.09148263012337665     -6.82353343770864296
-5.50629360519664779     -7.83983687460141532
 1.43103524066641397      4.17613159270406431
-0.44991931436214699     -11.04999221193221359
-3.77424284323113302     -2.83983679555887480
-8.35951519451569958      6.81655726292796338
-6.62738101503013244      1.81641287229788695
 7.22489636347553432      9.82353343770394005
10.09148263013496560      9.17646656229619673
 1.43103541311197047     -9.82386840729619060
 4.89533015726693854      0.17646647541500357
-10.09148265057794802      5.81641290777578845
-3.77424284323093850     -6.83983679558048241
-8.36339416067033348     10.82353343770135368
 3.14449497442214465     -10.85539946923993959
 4.89533015737882060      2.17646647560852813
-10.09544496823776427     11.82353343770393472
 6.62738101333181273      5.17646656211692147
 4.89533015313500819     -5.82353353171604571
 8.35943168784939949     -11.82353343770393650
 3.76079474837930849      9.82353343762970255
 8.95694717104426807     10.82353343770418697
 3.16308604823815021     -0.82386840729045052
 8.35943182256570161      0.17646656229604410
-7.23834450407297858     -2.83983687473003954
-1.43535765329228671     10.82353340133231079
10.09148263013431013      3.17646656229575175
 4.89533015278570272     -7.82353353233126292
11.82353343770393650     10.17646656229603330
-8.97039531165376758     -3.83983687475743141
10.09148263013499403      7.17646656229592228
11.82353343769675114     -7.82353343770394449
 4.89533015740042732      4.17646647564690365
 8.35943182256559503     -1.82353343770395337
11.82353343770369847      2.17646656229604218
-5.50629369644224642      0.16016312539934821
-0.30995081475347086     -8.83950721627775771
-4.08902667819711763     -10.94100702721126162
-0.30995098720398451     -6.83950721627773639
 0.29677650518777576      5.82338904707798743
 2.02874394081048015     10.82353343763019637
 4.89533015725404752     -1.82353352460710383
-0.30995098721705150     -2.83950721627769687
-0.30995098721033193     -4.83950721627769909
-8.35943182256423611      0.81641287223765779
 6.62738101487705578     -6.82353343788548550
-4.89533022781369098      2.81641290754933804
-5.74876091568994507     -9.82508487002724173
-3.84000055569401022     -8.94826171797777725
-3.77424284323048154     -4.83983679556771218
 3.16308604823846995      3.17613159270954926
 8.35943182255674344     -9.82353343770394360
 6.62738101486953912     -4.82353343788537181
-7.23834450406581364     -4.83983687473011859
-2.04200179535687498      0.16049278371646877
-10.09148263013651103      9.81670165349009061
 2.02874396185220895      8.82353340118424434
-7.85365778426804440     -11.47771569661946245
-10.09156598138095973      7.81655729878767591
-5.50629369642921773     -3.83983687460083178
 0.29669313328039221     11.82353343769958443
 3.76079476942438440      7.82353340118088081
 8.35943182256618300      8.17646656229603508
10.09148258369181050     -10.82353351813033093
10.09148263013451263     -2.82353343770427978
