178    25.81940298479999996
 8.87449136109521852     -5.21322747579791113
 8.70214269779666161     -10.08195203523291461
 1.51739664696327092      9.90970149237647924
 3.46410161513987491      0.60681722437741004
 8.44559987723915739      5.90970149237601472
-11.90970149237729281      9.90970149236923525
 6.71354906966994847     10.90970149237635134
10.17990200550684321     -8.73427721225900910
-1.65976464819073444     -8.90970149237493025
11.90970149237842968     -2.69606704360380434
-1.73205080756703178      3.60681722437778296
-0.21465416060564399      8.90970149237634246
10.17765068480806079      4.90970149237606002
-6.71354906967039522     -7.69606704361337091
-6.71354906967028153      4.30393295638693285
 8.87674268179273263     -7.21711678006438273
11.90970149237714359      5.90970149237620035
-3.24944745453280648     -1.69606704361309268
 4.98149826210106905      9.90970149237635312
 5.53102828945378810     -2.92475186579865598
-0.21465416060549242     10.90970149237673859
-8.44559987723934213     -2.69606704361326655
 5.26843858208301263     -6.90970149237742337
-1.51739664696390952     -2.69606704361305871
-10.17765068480829882     -1.69606704361330163
 3.46410161513580350      2.60681722438490926
-8.66025403784295555      7.60681722437789354
 8.44559987723913963      7.90970149237603248
 1.51739664696320609      7.90970149237628917
11.90970149237677234     11.90970149237634779
-1.94670496817448435      9.90970149237648457
-11.90970149237721287     -2.69606704361337890
-3.24944745453270833     -3.69606704361319460
 6.71326895479774510     -10.29262057680827169
-6.71354906967058440      0.30393295638688017
-3.46410161514060055      8.60681722438613583
-4.98149826210140390      3.30393295638691109
-8.44559987723931727     -4.69606704361332206
 6.71354906967026732      4.90970149237602449
 3.24944745453206263     10.90970149237672437
-6.85591707089741487     -9.90970149237502085
 3.53638777451486463     -9.90970149237758591
 9.89628761449280425     -11.88462069780329600
11.90970149237712761      3.90970149237618747
11.90970149237708142      7.90970149237621900
-3.24944745453242456      0.30393295638690720
 5.19615242270468425      1.60681722438491525
 3.53638777451653752     -5.90970149237326137
 8.44414331617826619     -2.69353995195951779
-10.17765068480820645     -5.69606704361331762
 5.15471999586375063     -0.46173763652833821
11.90276888899474628     -11.90969480318521256
11.90970149237810993     -7.73038790799276665
-3.46410161513607129      4.60681722437792462
 6.71354906967018472      8.90970149237605291
 3.24944745453226780      8.90970149237620745
11.88825115618271155     -9.85914220561743093
10.17765068480807678      8.90970149237608666
-6.92820323027391005      6.60681722437801255
 0.07228615937805009     -5.90970149237485209
 3.24944745453231532      6.90970149237620213
-1.51739664696377097     -4.69606704361311689
-8.44559987723933503     -6.69606704361332916
-3.39181545575964405     -7.90970149237498532
-1.51739664696348875     -0.69606704361305827
-8.44559987723929062     -8.69606704361334160
 7.14293404927064923     -4.21237320275236637
-5.19615242270873612      7.60681722438464369
-5.19615242270502620      5.60681722437799301
-4.98149826210154245     -6.69606704361332827
 1.80433696694602563     -10.90970149237765341
10.39230484541144861      0.60681722438706076
-6.92820323027775409      8.60681722438440389
-6.71354906967048848     -1.69606704361322569
 1.73205080756685947      3.60681722438479335
 3.53638777451422781     -7.90970149237758413
 3.53638777451527453     -11.90970149237763209
-8.44559987723919470      5.30393295638693285
-10.17765068480838586      0.30393295638671741
 8.44559987723924799      3.90970149237592679
-11.90970149237661957     -10.69606704361415517
 6.71354906967023268      6.90970149237605202
-6.92820323027879414     10.60681722438548036
 4.98149826210122626      7.90970149237616837
 1.80433696694700907     -6.90970149237471087
 7.14469187422399088     -6.21711678006409230
-11.90970149237746867      3.30393295638662243
 0.21465416060543110      0.30393295638710577
-0.00000000000283873      6.60681722438609409
 7.89015013507947138     -11.90970149237776177
-1.65976464819079617     -6.90970149237490894
-10.17765068480831658      6.30393295638684670
-4.98149826210168634     -0.69606704361309524
 5.19615242270394262      3.60681722438619978
11.90970149237841369     -0.69606704360200899
-8.58796787846571164     -10.90970149237605824
 1.51739664696327892     11.90970149237692510
10.17765068480804302      6.90970149237607068
10.17765068480822066      2.90970149237597386
-4.98149826210137014      1.30393295638690954
 3.53638777452312070     -3.90970149236777109
 8.44559987723910055      9.90970149237607956
11.90970149237842968     -4.69606704360386473
-8.44559987723940786     -0.69606704361321947
-10.32001868603434147     -11.90970149237649167
 0.00000000000190892      2.60681722437778207
-3.24944745453247297      2.30393295638691775
-1.73205080757093133      5.60681722438473074
-11.90970149237716313     -6.69606704361342686
-3.39181545576117793     -11.90970149237776354
 1.73205080757093488      1.60681722437788332
-11.90970149237842790     11.90970149237842968
-5.19615242270951594      9.60681722438611452
 1.80433696694683654     -4.90970149237468778
-5.12386626332845552     -8.90970149237513809
 5.53638777451528785     -11.90970149237719866
-4.98149826210160640     -2.69606704361322702
 6.92458328315540150     -1.39317949960807197
 0.07228615937654198     -9.90970149237770315
 6.92820323027362761      0.60681722438502983
-11.90970149237712583     -4.69606704361339045
11.90970149237837106      1.90970149237618059
 8.66025403784312431     -0.39318277561389714
-10.39230484541276844      8.60681722437732333
-1.51739664696357424      1.30393295638695461
 8.44559987723849837     11.90970149237694287
-11.90970149237707432      5.30393295638663176
10.17765068480992596     -1.69606704360315619
 6.92820323027282114      2.60681722438619756
-3.24944745453267636     -5.69606704361325455
 7.18162986781111279     -8.28920900098164459
-11.90970149237664977     -8.69606704361410188
-5.41080658331237974     11.90970149237635134
-1.73205080757175711      7.60681722438605501
10.60654216866395139     -6.21322747579817758
-5.12386626332855055     -10.90970149237513809
-6.71354906967042453     -5.69606704361332739
 1.94670496817485406     -2.69606704361444871
 1.73205080756604279      5.60681722438610119
-11.90970149237834796      7.30393295638663176
-8.66025403784728631      9.60681722438327057
10.17765068480917812     -3.69606704360315641
 4.98149826210134350      5.90970149237604758
 1.94670496817519312     -0.69606704361431793
-1.65976464819224101     -10.90970149237786657
 0.21465416060506171     -3.69606704361289573
-10.17765068480846580      2.30393295638680007
-8.44559987723952510      1.30393295638683293
 3.46410161513500192      4.60681722438620689
-6.71354906967027798      2.30393295638688134
 8.66025403784177250      1.60681722438629837
 0.21465416060549142     -1.69606704361289551
 5.26843858208367699     -8.90970149237745979
-4.98149826210155311     -4.69606704361325100
 3.79258463482760311     -1.92617857361505052
-10.17765068480819224     -7.69606704361337535
-6.85591707089666258     -11.90970149237660181
-10.17765068481063473     10.90970149237655029
10.17765068480796842     10.90970149237609732
-6.71354906967046183     -3.69606704361328386
11.90970149237702280      9.90970149237622344
-3.39181545575953791     -9.90970149237512921
-0.00000000000206024      4.60681722438472008
 4.98149826210088076     11.90970149237694109
-8.44559987724267103     11.90970149237817033
 1.80433696694538237     -8.90970149237763920
 0.07228615937716713     -11.90970149237770315
-10.17765068480775703     -9.69606704361412852
-10.17765068480808033      4.30393295638681472
-3.46410161513984294      6.60681722438467123
-11.90970149237722175     -0.69606704361337812
 5.26843858208726346     -4.90970149237598097
 0.07228615937811249     -7.90970149237485476
-10.17765068480822777     -3.69606704361330474
-11.90970149237732834      1.30393295638662243
-1.94670496817420302     11.90970149237706899
-3.67875577574324630     10.90970149237670128
-8.44559987723918049      3.30393295638683826
