179    25.85143755824755019
 0.63911117190305422      8.46163352376338551
 7.64204544749715442     -6.73030163719543761
-4.64334526362965772      6.92688598583908011
-11.92571877912062916     -4.97202891381771472
 1.35877021492799477      3.46397587950873787
-6.64456321820081453     -0.00058196387820244
-4.92571877912606659     -10.19366797153172399
 2.35879958883225704      1.73194203130349900
 0.35874293771573901      1.73194082073187139
 8.92447354722543196     -1.73146884372066823
-7.92571877924685797     -8.46161716391273799
-9.92588000929581327     -4.99742369096337935
-2.64331692815785813      3.46280073048015691
 0.35752707968131248     -8.65962753340966174
 3.64119831463426102      6.73075786542572807
-1.92571877912173872     -11.92571877912377154
 1.35877231128020659     -3.46419464254809872
-5.92571880880722901     11.92571877904731004
-11.11312284920603410     -3.14454762672077681
-5.64459049522011469      5.19555471013895698
 8.92447354751146094      1.73263277125477999
11.92571877910594580     -6.92690173440104129
 3.64120041153272966      3.26668895841656148
 2.64077293848728001     -11.92571877912152090
-10.22487568167075445      1.73513742292681061
-3.64250248766034668     -1.73144137410805232
 4.35879958869202522     -1.73215958391521818
 3.64077293848741501     -10.19366797155138116
-9.93677559458731707     -1.52707826486222742
-5.64456321824576257      1.73146884372347265
-9.92586799732382019      8.46153103904453374
 6.64122768872584412      4.99872401697915247
-11.92571877909665723      8.43710051069165523
 1.64077293848736971     -10.19366797155249316
-6.92586799662915187     10.19358184646295129
 4.64077293848733241     -11.92571877912174827
-6.93255094784286729      6.72563897987133164
-3.92571880880722901     11.92571877912377509
-1.36091716356576597     11.92571877912377509
-11.92571877910905620     -1.31706633961540498
-1.64250229410048298     -1.73144126240678786
 6.64201817033266195     -8.46233669599979343
 9.92447354751206134      0.00058196368280322
-5.92571877912173939     -11.92571877911117717
 5.64120041131275851     -0.19741265684819234
 2.64119812109920238      8.46280856127884462
-6.93677452167581254     -3.25912723459969511
-4.92587895413405441     -6.72947388918631351
-7.92571880880722901     11.92571877910364364
-2.64250248761668960      0.00060943343563091
 4.64201817006549255     -8.46233669584406023
-2.64247292032613812     -6.92757672584267414
10.67784007356829079      8.49101244233981589
-7.92588000929616943     -4.99742247257431238
 6.64204544749849557     -4.99825082962578637
 0.35752707969039110     -5.19552591824874632
 3.35879958871692530     -0.00010877633196486
-1.64331692796397344      5.19485153793710364
-11.92571877887018239      4.78734118890446148
 4.64122768863343182      4.99872401726061533
-6.92587895413706356     -6.72947388920235312
 0.35877002141179942      5.19602657535097290
 1.63913844896776983     10.19366858262525888
 8.64247292031546621      4.99800448508310513
 7.92444627011939495     -3.46350390255866447
-7.92586799729790226      8.46153103851493960
-0.64328965071866528      6.92688659669579110
10.92571877883016462     -5.19485092699087225
-0.64247292032613412     -6.92757672580813288
-3.64250229408630055     -5.19554287755423339
-2.92571877912606615     -10.19366797154900794
-0.64247292031866399     -10.39167834097855270
 2.63913950739071135     11.92571877911322531
 6.64122768841761779      1.53462240199158417
 4.64201817032513198     -4.99823508085627033
-3.92571877912173894     -11.92571877912064338
 3.64119917952075456     10.19485875776732442
-1.64247292031988734     -5.19552591821993026
 6.92444627012185787     -1.73145309498836575
-11.92571877888818754      2.78734118889531590
 2.35877231125820686     -5.19624545013283168
-3.92571877923544266     -8.46161716389919860
10.92571877912292067      1.73191323937113495
-1.64125725602578654      1.73194070913549947
 4.64119937303911989      8.46280806192400092
 2.64077293848044192     -8.46161716397900143
 9.92447354722489195     -3.46351965129055595
-6.64459049528593848      3.46350390260803787
-4.92586799661726626     10.19358184640802278
-9.92571877925183266     -8.46161716404844277
-4.64456321818699625      3.46351965125886885
-9.92571880880723079     11.92571877910730826
 2.64117103754881066      4.99872280657580870
-8.93691522904760838      0.20505315319557418
-10.93150145037633081     -6.72621678575754967
-11.10729699080625288      6.61222084987407310
 1.35877231161762446     -0.00009302749798642
11.92571877912377509      3.46396404694255322
10.92447354751142541     -1.73146884388707711
10.92571986006421447      5.19601547859674007
-7.93255094791148263      4.99358817234154273
 1.35752707967391228     -6.92757672583651019
-10.94695084522447104     10.18123735703284360
 3.35877231151734712     -3.46419464271356681
 8.64326340220268463     -11.92571877911387546
-1.64247292031868786     -8.65962753340725833
 4.64120041133771011      1.53463815073509036
-11.92571877911087164     -8.46159337512438903
-7.93677559453118775     -1.52707702592739247
-2.64250229412885451     -3.46349206995952841
-0.64247292024698210     -3.46347511064134483
-8.92571877912954115     -10.19366797154936144
 7.64326340193156373     -10.19366797169991656
 1.64117084403253899      6.73077350241799977
-0.64125706250934089     -0.00010998670706301
-2.64331798639531357      6.92690173441994439
-10.92573935336111468     -10.19365609299097919
 8.92444627011822966     -5.19555471012821446
11.92571877910785361      6.92806691025566757
 8.67786010914269923      8.48206024168792716
 3.64201817006494322     -6.73028588827504670
11.92571877912225631     -0.00013756819873113
 5.64201817006564088     -10.19438750341461208
 0.64077293848719374     -11.92571877912145162
-3.64334526343572840      8.65893679329605703
-1.64329070914879516      8.65893679317931664
-3.64456215974857134      1.73146945478006464
 8.64329067909211801     -8.46163291289294150
 2.35877231153105926     -1.73214383512405057
 9.92569150171435943     -6.92688598582504333
 5.64204544750112635     -3.26620002205539040
10.64331795650303469     -11.92571877912377509
 0.63913739053720531     11.92571877911321110
-5.64456215975055553     -1.73263216035670786
 6.64325923868273627     11.92571877911358236
-8.93255094785366843      3.26153736473911326
-8.92587895413865162     -6.72947388933995239
11.18657556742556558     11.92568691405194237
-7.64459049522772727      1.73145309500550937
-11.92571877910586053      0.68293366038478776
-4.64456215979782350     -0.00058135276039361
-0.64125725582955984      3.46399151659109572
11.92571877911048261     -3.46280011958307776
 9.64247311845300992      6.73005517826055755
 7.64247292033981562      6.73005529266605151
 9.92571877912377332      3.46396404694226723
-11.92571877912377154     11.92537420132518911
 0.35877231135499360     -1.73214383493556912
11.92571877910539513     10.05395797443181927
 7.64122768870288649      3.26667320939578731
 6.67786010914141936      8.48206046516753531
-8.92586799670216635     10.19358184642867116
11.92571877912376443     -10.39097185205675089
 9.64329067936185957     -10.19368372030608327
-0.36088988652361131     10.19368372024891123
 5.64247343666068701      6.73149346037948337
-6.92571877912606659     -10.19366797153666404
-4.64250248760107098     -3.46349218171115325
-5.92571877924506296     -8.46161716389628182
10.92569150199060779     -8.65893679323442811
 9.94822889081793527     10.35317986822037106
 5.64325904514877141     10.19366808328138063
 5.64201817032746700     -6.73028588842633191
-9.93255095372948738      4.99358817111424269
-11.92571877912212486     -11.92571877900378396
-5.92586799726272684      8.46153103852059907
 7.92447354722595065      0.00058196385073707
 7.67786030267559205     10.21411116099959138
-3.64331798658961725      5.19485092696295059
-8.93255095089615558      6.72563897846777881
 5.64122768844033917      3.26667320957504259
 4.64325885163218643     11.92571877912339673
 6.64326340166085139     -11.92571877911257516
-5.92588000929610192     -4.99742247243754001
-8.93677452167579744     -3.25912845298492204
-2.64331798618650105     10.39097185205674911
-9.92571877912207867     -11.92571877912263467
 8.71246136666931648     11.92571877911361788
-7.92571877912173939     -11.92571877911716527
