184    26.12216048100000165
11.06108024048875293     -0.06327541248802772
 9.06108024048331195      6.86492781778384309
-6.13155122228954585     -1.66877539506036121
-10.12948810711059267     -5.04205738615879984
12.06108024048761251     12.06108024048805838
-9.42349534620523954      6.89898229382004313
-8.13155122224940285     -12.06108024048893057
-1.13155122231963001     10.45558025793909707
 3.86844877775009222     -5.13287701021234888
-11.45540067475835855      2.20964129183199720
-2.13155122231922967      8.72352945036980820
-0.13155122224932614     -12.06108024048829463
-2.13155122230660643      1.79532622009513632
-5.32418268510977644     10.32902943291672315
-1.13155122228174965     -3.40082620262516588
-12.06108024048784166     -1.69644167164537163
 9.06108024048472238     10.32902943291984954
-5.13155122225005389     -10.32902943291953690
-2.13155122228952010     -1.66877539505230188
-2.13155122224990690     -5.13287701021242793
-1.13155122229891258      0.06327541252199964
12.06108024048886129     -1.79532622005692555
 0.86844877770108830      0.06327541252250558
-1.13155122224972771     -10.32902943291946585
 5.86844877771053053     -1.66877539505175099
 3.86844877775021390     -8.59697862535026225
-6.13155122225020044     -8.59697862535068325
-10.10977176574632175     -1.25781285772270257
 7.06108024048275063     -0.06327541248999635
-1.13155122224988136     -6.86492781778130556
 9.06108024048318228     -0.06327541248908748
 6.06108024048013583      5.13287701021580656
-2.32418268510875548     12.06108024048829996
10.06108024048453764      5.13287701021562270
-5.13155122224988247     -6.86492781778197703
-9.64341979925055348      3.18308049571235019
 4.86844877775028895     -10.32902943291949605
-8.13155122224990556     -5.13287701021204246
 1.86844877769340179      1.79532622009585308
-3.13155122228189908     -3.40082620262557977
-12.06108024048491245     10.06108024048754856
 0.86844877771828788     -3.40082620262504465
-10.09655917296228367      0.74214349864909546
10.06108024048560345      8.59697862535140978
-7.13156753226052231     -3.40081678604106008
-10.13155122224944549     -12.06108024048901406
 7.06108024048098226      3.40082620264741298
 6.86844877775012730     -6.86492781778162531
 6.06108024048154626      1.66877539507819583
-12.06108024048913485     -11.53485047339954228
 8.86844877775036267     -10.32902943291930420
 4.86844877770110784      0.06327541252254430
-6.32418268510736947      8.59697862534619972
 6.06108024048148852      8.59697862535230861
 0.86844877775027318     -10.32902943291914966
-7.13155122221025106      0.06329425122966045
-12.06108024048775107      4.11572425530915531
10.86844877775048168     -10.32902943291918341
-4.32418268510736148      8.59697862534919643
-12.06108024048746508      0.30355832835465857
-12.06108024048742777     -9.53485047339953340
 0.06108024047106349     12.06108024048717020
10.06108024048753435     -5.25942783519393053
-8.32912961796712281      5.13574255796937518
 8.86844877775015128     -6.86492781778157024
 3.06108024047940974      6.86492781778368144
-4.13155122224990645     -5.13287701021292975
-5.13155122231255589      3.52737702765922556
-10.13155122225020754     -8.59697862534984125
-1.13155122230962335      3.52737702766575545
-7.32418268522444738      6.86492781770639304
-6.13155122224990645     -5.13287701021311094
-4.13155122224979099     -8.59697862535081114
-3.13155122231254035      3.52737702766058892
 7.86844877775009177     -5.13287701021272635
-8.32418268510962278     12.06108024048359972
 1.86844877768783180      5.25942783523630641
11.06108024048744021     -3.52737702762499827
 9.86844877775085472     -12.06108024048828753
11.06108024048710803      6.86492781778303662
-3.13155122229892102      0.06327541252182171
 2.86844877769039419      3.52737702766647621
 5.06108024048064120     10.32902943292079634
-7.32418268510997095     10.32902943291369269
-10.19263146279782362     11.34770855254280875
 2.86844877771829099     -3.40082620262513480
-1.13155122231798799      6.99147864280164733
 0.86844877768726159      6.99147864280530840
 7.06108024048188287     10.32902943292096154
-2.13155122231542871      5.25942783523128998
-6.13649815499435469      1.79819176792172386
 4.06108024048013050      5.13287701021521947
-5.13155122229893745      0.06327541251447795
-9.13155122225063742     -10.32902943291943210
 3.86844877775071838     -12.06108024048871563
12.06108024048817384      5.13287701021474518
 2.86844877770110163      0.06327541252266743
 1.86844877771049189     -1.66877539505165018
 1.06108024047220795     10.32902943291892051
-4.13155122231542915      5.25942783522977297
 2.06108024047888883      8.59697862535264790
12.06108024048819338     -8.72352945033136251
 3.86844877771050122     -1.66877539505175632
 9.06108024048742777     -3.52737702762505823
-0.13155122224990723     -5.13287701021228759
-10.32902943233836446      5.11572425432686817
 8.06108024048281102      5.13287701021524789
-2.13155122224932603     -12.06108024048864102
-4.13155122230922878      1.79532622008939935
-12.06108024048450922     12.06108024048758409
 2.86844877775011975     -6.86492781778125583
 4.86844877775012108     -6.86492781778129579
 5.86844877775009177     -5.13287701021238973
 4.86844877771834117     -3.40082620262513791
-10.17791494121372509      9.34776269727759868
11.06108024048557148      3.40082620264733304
 8.06108024048422145     12.06108024048849181
 6.86844877771834561     -3.40082620262514546
-0.13155122231218075      5.25942783523610924
 8.06108024048243443      8.59697862535228552
11.06108024048643301     10.32902943291984954
-0.13155122231849040      8.72352945037087579
 4.06108024048039695     12.06108024048953276
10.06108024048540095     12.06108024048841543
 1.86844877775067419     -12.06108024048836569
 5.86844877775021789     -8.59697862535056068
-8.32418268499943537      1.66879423377884040
-4.32418268510962189     12.06108024048712046
 7.86844877775078899     -12.06108024048845984
-6.32418268510962278     12.06108024048590188
11.06108024048792515     -6.99147864276261810
 7.06108024048196725      6.86492781778366457
-8.13155122220083904     -1.66875655634466558
-7.32912961781343153      3.40369175048803463
-7.13155122225007965     -10.32902943291963815
 0.86844877775011931     -6.86492781778127004
12.06107109884267636     -12.06098591869953829
12.06108024048926453      1.66877539508056971
-12.06108024048726612      6.11572425530917307
 3.86844877769340556      1.79532622009599208
10.06108024048693750     -1.79532622005588816
 5.86844877775078544     -12.06108024048862148
-11.83423541977159310     -7.54775675962697790
12.06108024048826977      8.59697862535124990
-9.19560180105479219     -6.82847158010709609
 9.86844877775035023     -8.59697862535034751
-0.13155122230660152      1.79532622009532128
10.06108024048504035      1.66877539507873118
-7.13155122225036742     -6.86492781778177097
-5.13155122228199634     -3.40082620262570634
-8.32418268510738812      8.59697862534285839
 1.86844877775021256     -8.59697862535020541
 8.06108024048374361     -1.79532622005830333
 4.06108024047890570      8.59697862535289659
-4.13155122228952543     -1.66877539505248018
-0.13155122224978824     -8.59697862535023916
 7.86844877775022056     -8.59697862535048785
-11.73162381308737956      8.08840224789816098
-2.13155122224979010     -8.59697862535062285
 8.06108024048216798      1.66877539507921901
-3.13155122231801641      6.99147864280016140
 5.06108024047962424      6.86492781778438932
-6.32418268510190895      5.13287701020826059
-0.13155122228951491     -1.66877539505180539
 5.06108024048066696      3.40082620264657365
 6.06108024048099292     12.06108024048950256
 1.86844877775009244     -5.13287701021237286
-9.47173738430997858     -3.15331071530659957
 3.06108024047834526     10.32902943292183906
-6.13155122224939131     -12.06108024048879734
-5.32418268510477866      6.86492781777881422
-8.13155122225020044     -8.59697862535075075
12.06108024048810989     -5.25942783519352108
-11.54440984964270100     -3.62855235875000437
-3.32418268510861070     10.32902943291881925
 9.06108024048402605      3.40082620264703017
 0.86844877769038953      3.52737702766593708
 2.06108024047270932     12.06108024048756278
-4.13155122224937710     -12.06108024048874405
-3.13155122224972793     -10.32902943291965414
 6.86844877775028895     -10.32902943291942677
-12.06108024048953631     -5.56066304585466398
-3.13155122224988158     -6.86492781778179761
 2.86844877775027429     -10.32902943291917452
