202    27.40855498119999822
-4.72944240761264467     -2.99999999999278177
 9.17109861682459204      6.92930441815148512
-9.24017587544212837     -10.70427749058711697
-5.77607426031004856     12.70427749058791811
-12.70427749058666400     10.70427749059037126
 0.46671001510457288     -1.99999999999155054
-9.24017587544816443      2.70427749058667644
10.97222668301683335      5.79875119005561590
 2.19876082267439577     -0.99999999999068279
12.70427749059038369     -12.66535042508789388
-6.46149321518176922     -1.99999999999320788
-4.04402345274121444      7.70427749058731237
-1.26534079246450992     -0.99999999999189337
 5.66544468516797295     -10.99546529960069385
10.95531091743680463     -8.23106955156569065
 9.17109861682246041     -7.07069558184989777
 3.93081163024417846      4.00000000000962341
12.70427749058810996      4.79875119005184381
 7.39988321564469231     -1.99956371168465874
 0.46671001510572752      6.00000000000861089
-9.24017587544279095     -8.70427749058710987
-6.46149321518902386     -3.99999999999326672
 7.39988321564348617     -5.99956371168497693
-10.97222668301804305     -3.70427749059003064
 4.62623301423696454     -12.70427749056380407
-4.04402345274132013      9.70427749058734257
-2.99739160003286376      4.00000000000776001
 4.61623058510728335     12.70427749059033218
-9.92559483032234624      0.00000000000202337
-10.97222668301312254     -11.70427749059033040
 1.15212896996560987      8.70427749058816502
-7.50812506787399059     -7.70427749058687628
 2.19876082266392014     -6.99999999999095301
10.97222668301527548     -4.20124880994510086
-1.26534079246406139      1.00000000000810685
-9.24017587544807917      6.70427749058710720
 5.66547264522102179     -2.99546529979612774
-12.70427749059037836     -2.70427749059034284
 2.19876082265630046     -8.99999999999164579
 7.39988321564415497     -3.99956371168483438
-5.77607426030415549     -10.70427749058672973
-7.50812506787925393      5.70427749058701128
 6.35653973199162081     11.71871974328217192
-0.57992183760377825     11.70427749058781330
-4.04402345274135033      5.70427749058729905
-12.70427749058506173     -8.70427749059035882
 3.93081163024336355     -1.99999999999064682
-5.77607426030449567     -8.70427749058672262
 0.46671001508708865     -7.99999999999222400
-2.31197264516579803     -12.70427749058640110
 5.66547264522164973      3.00453470020387137
 9.17109861682438599     -1.07069558184902847
12.70427749058795364      8.79875119005184381
 9.17109861682481764      0.92930441815120968
-12.70427749058865174      2.70427749059035305
 5.66547264522047112     -4.99546529979612774
 2.88417977753437826      9.70427749058839950
-10.97222668301867721      1.70427749058901812
 9.17109861682459204      8.92930441815150289
 0.46671001510380761     -3.99999999999157874
 0.46671001510572035      4.00000000000860645
 1.15212896998548620     -12.70427749058626077
 7.39988321564498541      6.00043628831594766
-8.19354402275143201     -0.99999999999450606
12.70427749058824318      2.79875119005180339
-4.72944240760240842      3.00000000000725153
-10.97222668301288451     -9.70427749059030731
-10.97222668301680493     11.70427749058923261
-12.70427749058690381     12.70427749059038369
 2.88918099210482415     -11.71299031098028287
 3.92839266291397093     -10.00417812023071207
-4.72944240761993040     -4.99999999999289191
10.97222668301589010     -2.20124880994477889
10.97222668301683868      7.79875119005570649
-6.46149321517258990      0.00000000000688356
-9.24017587544823904      4.70427749058708944
12.70427749058784350      0.79875119005155515
 5.67020185545678324      9.00452910883869428
-7.50812506787885336     11.70427749058779021
-10.97222668301421322     -5.70427749059005329
 0.46671001510540749      2.00000000000860423
10.97222668301697190      3.79875119005561368
 7.68163998215496768     -10.70217821416947857
 2.19876082267505257      5.00000000000936140
-12.70427749058428013     -12.70427749059037303
 7.39988321564489038      4.00043628831594678
-10.97222668301342452     -7.70427749059005684
12.70427749058619682     -9.20124880994951688
-0.57992183760329308      7.70427749058779554
12.70427749058791989      6.79875119005184381
-2.31197264516610801     -10.70427749058640110
-1.26534079247441622     -4.99999999999196110
 3.93081163024053826     -5.99999999999335554
-10.97222668301750481      9.70427749058908695
-8.19354402275869909     -2.99999999999464917
-10.97222668301778725      7.70427749058903633
10.70465635558218231     -12.70427749058931610
-1.26534079246375253      3.00000000000812639
-7.50812506787298517     -11.70427749058700151
-0.57992183759699190     -9.70427749058674927
-12.70427749058425704     -6.70427749059035083
 7.39988321563444540     -7.99956371168511371
-5.77607426031028481      6.70427749058720579
-4.04402345273494479     -11.70427749058653788
 3.93081163023049784     -7.99999999999493738
 4.61623058510221451     10.70427749059033218
-5.77607426030521776     -6.70427749058669420
-9.24017587544807029      8.70427749058763034
 2.19876082267306883     -4.99999999999091571
 3.93081163024417224      8.00000000000968647
-1.26534079246342568      5.00000000000816769
 0.46671001510510574      0.00000000000860409
 2.88417977753315746     11.70427749059002309
-7.50812506787922285      7.70427749058714983
10.97222668301708559      1.79875119005561013
11.70427749058861444     -10.93329961751988755
 5.66547264522171901      7.00453470020387137
-9.24017587544356545     -6.70427749058705214
-2.99739160003365290      0.00000000000767859
-9.24017587544741481     12.70427749058836753
 1.15212896996533765     10.70427749058816502
 8.09684887890476368     12.70427749053603073
-5.77607426030372029     -12.70427749058679545
 7.39988321564498630      8.00043628831596543
-4.72944240760279033      1.00000000000724953
-2.31197264517258771     12.70427749058807976
-7.50812506787328182     -9.70427749058696421
-4.04402345274130770     11.70427749058767120
-12.70427749059039257      0.70427749059035072
 6.70465635558214590     -12.70427749059042455
-10.97222668301807325      5.70427749058903544
-12.70427749058712052      8.70427749059036238
-4.04402345273573882     -7.70427749058646505
-12.70427749058742961      6.70427749059036149
 9.08991431342752598     -9.06904717976329877
 7.39988321564523854      0.00043628831557313
-7.50812506787940848      3.70427749058700551
-2.99739160003438032     -1.99999999999232947
 5.66547264521971616     -6.99546529979612774
-7.50812506787895195      9.70427749058735856
 5.66547264522174920      5.00453470020387137
10.97222668301672854      9.79875119005590101
 9.17109861682371807     -3.07069558184921565
 7.39825022640865537     10.01142971349183064
 7.39988321564492590      2.00043628831594233
10.09684887917273777     12.70427749058939426
-5.77607426031010895     10.70427749058752376
 9.17109861682449790      4.92930441815148246
-9.24017587544772390     10.70427749058777600
-2.31197264517250289     10.70427749058754507
-12.70427749058753086     -4.70427749059034728
-1.26534079248181830     -6.99999999999227374
 9.17518964787402602     10.92930023401343576
 2.19876082267485851      1.00000000000935718
-12.70427749058784883      4.70427749059035882
 2.19876082267504014      3.00000000000935740
-1.26534079246526265     -2.99999999999191314
 3.93081163024278890     -3.99999999999075317
 3.93081163024394531      0.00000000000949229
-11.65764563789953989     -0.99999999999999178
12.09684887917278573     12.70427749058852918
-2.99739160005075744     -5.99999999999238032
 9.17109861682310523     -5.07069558184944835
 9.70465635558034556     -10.97222668301832904
-9.92559483032962220     -1.99999999999819256
12.70427749058453948     -7.20124880994937833
 2.19876082267388506     -2.99999999999079892
-4.72944240760350532     -0.99999999999275846
-5.77607426031015425      8.70427749058720579
12.70427749058603872     -5.20124880994929306
 5.66547264522168970      1.00453470020387181
-12.70427749058321076     -10.70427749059037126
 9.17109861682453698      2.92930441815147091
-2.99739160003316973      2.00000000000770672
10.97222668301661130     -0.20124880994459934
12.70427749058793232     10.79875119005190953
-2.99739160004353122     -3.99999999999237277
-9.24017587544620334     -4.70427749058704947
 1.15212896997233005     -10.70427749058621458
-6.46149321517191044      2.00000000000688560
 0.46671001509462917     -5.99999999999166977
 8.70465635558216100     -12.70427749058882760
 5.66547264521058391     -8.99546529979613041
-2.31197264517234036      8.70427749058751665
12.70427749058713296     -1.20124880994873129
-8.19354402274226779      1.00000000000551537
10.97222668301526838     -6.20124880994668271
 3.93081163024429481      6.00000000000964029
 1.15212896996404535     12.70427749058974598
-5.77607426031017646      4.70427749058720579
-0.57992183759041449     -11.70427749059685496
 2.19876082267525952      7.00000000000936673
-2.31197264517223555      6.70427749058748557
-9.24017587544227759     -12.70427749058714362
12.70427749058646683     -3.20124880994908967
 5.66547264522156890     -0.99546529979612786
 3.93081163024419711      2.00000000000958833
-2.31197264516653567     -8.70427749058639932
-0.57992183760347893      9.70427749058779909
-10.97222668301886195      3.70427749058903499
-4.04402345273539066     -9.70427749058648637
-7.50812506787470113     -5.70427749058684075
