206    27.64981906039999870
11.09288302086841149     -11.82445420245243461
 2.43289194642180773     -10.82490953019144619
 9.47045993280562470     -0.65487282101555777
 6.00635831766845918      1.34512717898555989
11.09285872262145745     -7.82441211783538026
-11.09312169396666192      1.65532816250256976
 9.36083221329103132     -10.82445420244357059
-6.35596152294901007     -12.82490953018416135
-12.82490953014559132     12.82490953014588086
-3.03120966872826614     -12.82490953018499269
-12.82000079331966802     -12.74555927821155343
 4.16465549234670274      6.51466647580426006
-4.16494275456061391      7.65537023337750533
-5.89244331712851732     -7.97302895098403042
-4.27459477179788649     11.82490953016845125
 2.43262898109984427     -6.82445419912888784
 9.36080791505257537     -8.82441211783546819
-4.16494275400307767      5.65537023337696354
-1.03120966871512532     -8.82490953019002156
-9.58181168879914935     -1.65537023336927702
-6.11771007365861674     -5.65537023337134137
11.09285872262006301     -9.82441211783820378
-7.61912287484383999     -10.96559008301373161
-9.58181168879668554     -3.65537023337171441
-9.36109517670735514      2.65537023337288813
-4.38653396511016069     -6.65688384978452952
 2.65360845851101645     11.82490953019199864
11.31386249636536512     12.82490953019110513
 4.16467978943292216     -7.82445420044459716
-9.36080791505168897     -7.96561328775999211
-12.82490953016104918      8.65586764579278167
-2.54254396422791373     12.82490953018564639
12.82490953019111757      7.51466647580464198
 6.00635831766837125      3.34512717898556300
 9.58181168879672818     11.82490953019068769
12.82490870831629159     -12.82490820751127281
-9.41577755470573763     10.74615095568471723
-11.09285872262367079     -0.34512717898199435
12.82490953019039637     -6.82441211783542467
 5.89673059783008746     -8.82445420188450846
 2.43289194642756001     -8.82490953019144442
-4.38565926609171797     -4.65537023336789257
-11.09285872262192107     -4.96561328775825039
-7.64529960791481233      7.68398789558043394
-0.92184491260696333     -2.65487282101462796
 9.36080791505339604      3.51466647580436398
-7.84976088122765336     -4.65537023337160605
-2.65360845852951721     -7.65537023336891931
12.82490953018993984     -2.82441211783533808
 0.81020589496135265      4.34512717898600975
-9.36107088639005802      0.65532816248672965
 4.27430751009957888     -1.65487282101454047
-5.91194973673052360      8.68173446864838105
 7.62875710748326963     -3.82441211783536295
12.82490953019057933      1.51466647580335745
-2.43289194643435902      4.65537023337482925
 4.38565926609001355      8.82490953019080493
 9.36080791505330012      7.51466647580446967
-12.82490953019046032     -9.96561328775873001
-2.65389572017834707      2.34512717898851530
-2.65389572017594455     -1.65487282101479360
-9.36083220530609239      4.65582557496665750
 4.27430751009941012      2.34512717898553591
 5.89670629991558837      5.51466647580427338
 7.73840912523674263     -1.65487282101556965
-6.00664557937709453     12.82490953015066104
 7.62904436913260131     -11.82490953019446422
-5.83169067594472246     -10.06832416126105123
 7.62878140569239793     -9.82445420238675204
-2.43289194645042528      8.65537023337746092
 0.92155765094059539     10.82490953019169488
-4.15850728073133080     -8.97267032633771322
-0.92182062014268262     -4.65491489561689065
 9.36080791505327703      5.51466647580444835
-4.38592223741923526     -2.65491489191286556
-7.64929279285807340     11.68398440901266433
 5.89670629991405892     -4.82441211783562629
-0.92184491260890478      1.34512717898830281
 9.36080791505217213     -6.82441211783541402
-11.09285872261363615      7.65586764575429335
-0.92184491260848545     -0.65487282101232913
 4.16465549234327792     -5.82441211783932822
-1.03120966872826325     -12.82490953019003932
-2.65360845852343363     -5.65537023336891931
-11.14448865246833265      9.74038858788977180
-11.09285872262359618      5.65586764573666834
 4.27430751009959486      0.34512717898553291
11.09285872262105421     -5.82441211783537138
11.09285872262212358      8.51466647580458513
 9.36080791505215615     -4.82441211783537760
-10.35596152295355132     -12.82490953019076585
-12.82490953010671930     10.82490953005696888
-5.89699356157250243      2.65537023337547362
-7.62875710747011659     -8.96561328775785071
 6.00635831766845119     -0.65487282101452404
 9.36080791505213483     -2.82441211783533896
 7.62875710748447844      4.51466647580429559
 0.81023019049398148     -5.65491490093223170
 2.43289194641559625     -12.82490953019145685
 1.03120966870517261      6.65537023337180855
 7.62875710748437630      6.51466647580443858
-4.38594652774727756      1.34512717898857392
-9.36080791505289511     -5.96561328775806032
 5.89699356155970822     -12.82490953019171265
12.82490953019112112      3.51466647580453095
-4.69358559583833923     -11.71292649211069836
 0.81020589496164896     -1.65487282101416677
12.82490953019119040      9.51466647580464198
12.82490953018993096     -4.82441211783536428
-12.82490953018296231      6.65586764575320267
 4.38565926608113621     12.82490953019183344
-12.82490953019183699      0.65487282101923872
 0.81020589496130779      2.34512717898600886
 5.89699356156518650     -10.82490953019167534
 2.54225670253036995     -4.65487282101605704
 9.47045993280626242      1.34512717898538869
-12.82490953019069835     -5.96561328775872557
11.09285872262107020     -1.82441211783531476
-0.92184491260913071      3.34512717898833323
-6.11799733531399514      0.34512717898472506
-7.62904436914123174      3.65537023337765765
-0.70084113886302679      7.65537023337298272
11.09285872262224792      2.51466647580430980
 4.38565926609075962     10.82490953019183344
 7.62875710748441271      8.51466647580445546
 2.54225670253064795     -2.65487282101446231
 2.54225670253049207      3.34512717898554790
 5.89670629991454032     -6.82441211783562807
-7.62904436913904238      1.65537023337140976
-2.54254396419502537     10.82490953018557178
 7.62875710748329272     -5.82441211783541224
-7.64902442421115314      9.68398442701784923
-0.92155765095600473     -6.65537023337144085
-9.29194000634253570     12.82490953015155455
 7.73840912523733593      0.34512717898546297
 0.92155765094082776     12.82490953019169666
12.82490953019022051     -8.82441211783559787
 6.11771007365765929     11.82490953019525826
 0.81020589496205508     -3.65487282101495792
 6.00635831766786943     -2.65487282101559874
-11.31386249636618047     -2.65537023337247469
 6.11771007365896935      9.82490953019067526
-12.82490953018952418      4.65586764573104794
11.09285872262105244     -3.82441211783532609
-11.09285872262151607     -8.96561328775839250
-11.05842476824195586     11.88707607693227963
-2.65387142984958357     -3.65491489191387098
 7.84976088122851312     12.82490953019183344
 2.65360845852179228      9.82490953019199154
11.20251074037456362      0.34512717898435524
-7.85002385255894808     -0.65491489191047370
-3.02040220062487030     -10.61727265718729818
 0.70084113885087129     -9.82490953019501134
-11.09285872262061545     -10.96561328775842981
-0.81049315662515020      9.82490953018383628
-2.65389572017779818      0.34512717898833084
-7.62875710748387004     -6.96561328775781785
-11.09285872262162087     -6.96561328775838629
 4.16494275398880553     -11.82490953019471114
 0.92155765095308784      8.82490953019169311
-5.89699356157253796      4.65537023337797429
 9.36080791505310827      9.51466647580481251
-12.82490953014724866      2.65578350406685626
 2.54225670253052449      1.34512717898554368
-4.16494275400367897      3.65537023337557310
12.82490953019116020      5.51466647580458336
-12.82490953019083157     -1.34512717898532297
 7.73840912523739277      2.34512717898546841
-0.81049315663255794     11.82490953019679836
 2.65360845852129090      7.82490953019051627
 9.36109517670319136     -12.82490953019156699
-8.35596152295354244     -12.82490953019108204
-7.84976088122961180     -2.65537023336813327
-5.91567455302778455     10.68173100008630350
-4.16494275401942371      9.65537023337759592
 4.27430751009947851      4.34512717898553635
-4.38594652774486882     -0.65487282101485234
-6.11797304498877548     -1.65491489191191010
12.82490953019074098     -10.82441211783560675
-12.82490953019159718     -3.96561328775872468
 4.16494275399464797     -9.82490953019454594
11.09285872262224792      6.51466647580456826
-2.43289194643394868      6.65537023337652567
-5.91194970821158883      6.68173441598496520
 7.84976088122764271     10.82490953019103408
 2.54225670253070923     -0.65487282101446065
11.09285872262228523     10.51466647580459934
 0.70084113884361521     -11.82490953019502200
-9.41243784491787139      8.74038858785773876
11.09285872262222306      4.51466647580450786
 2.54225670253058000      5.34512717898554790
-9.35738138344252945     -9.97153610044509442
-11.09288301287497802      3.65582557495637817
-1.03120966872413611     -10.82490953019002689
 0.81020589496143236      0.34512717898587891
-6.11771007366070130     -3.65537023336807554
 0.70084113885662691     -7.82490953019499891
12.82490953019105717     11.51466647580479474
-12.82490953019063085     -7.96561328775872557
 5.89670629991543738      7.51466647580455493
12.82490953019001800     -0.82441211783533264
-9.36080791505461285      6.65586764573721723
-7.62878139772338937      5.65582557499140037
 4.27430751009892962     -3.65487282101549660
-0.70084113886400634      5.65537023337232725
 7.62875710748193558     -7.82441211783824109
