212    27.94337357784553433
11.25056695723660205     -9.92633340046521440
 9.50758517378817913      7.09236504620729136
-4.32236372699509808     -4.95298834231917606
-9.52311175763579243      2.09236504619825814
-0.88471967161381404      3.09236504618793795
-4.33789031084248311     -0.92633340039395462
 6.04348355864980391      9.09236504620740682
 4.31143275108784074     -1.90763495382104797
-5.58097972368083806     10.69152654019742066
-11.23963598139218512     -2.97168678883148285
 8.82337045063627734     10.97168678891768678
-4.31143275112141033     -6.97168678884119952
 0.84733113595891829     -1.90763495383600978
-9.50758517379004786     -7.97168678890676752
 7.77553436621509597      0.09236504619769169
 4.31143275108210400      6.09236504620644492
-2.60583950327804992     -1.92633340040165724
-0.86608599222109384      9.12428859093282618
 9.50758517378397983      1.09236504619779407
-0.84733113598406173     -8.97168678884209925
-4.33735628971521336      7.13680919070997088
 6.06217782648283965     -8.93966087137760290
 4.33012701892268392     -7.93966087136239462
 0.84733113594374421      6.09236504620631525
-11.24739927327947164      3.10569251715490857
-7.52168235138754326     11.17492421376680234
 4.31143275108216084      4.09236504620623176
-7.77553436621507021     -10.97168678891932458
-11.23963598135845920     -6.97168678890596372
 0.67080501848711305     10.47951522709149508
 7.78646534212539176     -7.92633340041906820
 2.59807621135388089     -6.93966087136222676
 2.61677047918261385     -12.97168678892277249
-12.97168678892099436     -7.97168678891726934
 4.31143275108788160      0.09236504617940500
 4.32230313856013737     10.11096111997773050
-4.31143275108400825     -10.97168678890778004
-12.97168678892276894     10.15641688127502107
-7.79422863405382316     -0.93966087135242315
 2.57938194352783023     -2.90763495383642434
-7.79783261816943352      9.19408069895888325
-6.06217782648173831      6.12439096373642844
-2.61677047917493200      0.09236504617434038
12.97168678892129634      3.09236504619896602
 9.50758517378351620     -0.90763495380311110
-0.88471967161375065      1.09236504618766839
 4.33789031083999177     -9.95298834233563490
 9.52627944159384654     -10.93966087142405286
-11.23963598135399877      9.15641688127483810
-2.61306877406718518      6.12348171974558220
 2.59025233099095198     11.11096111997722424
 6.04348355864683207      3.09236504619891805
-12.97168678892187188      4.11901998811377190
-0.86602540378340465     -4.93966087136138210
-6.04348355865281395     -9.97168678890766103
 6.04348355864631070      1.09236504619785824
-12.97168678892075633     -11.97168678891981841
-9.52627944155237039      0.06033912876962158
 2.60583950327978586     -8.95298834232035290
-9.50758517378362811     -9.97168678891862292
 0.84733113594446086      4.09236504620628505
 9.52311175763588125     -12.97168678892160187
 7.77553436621571326      4.09236504619904906
-9.50758517379047419      8.15641688126557085
-2.61677047918257566      2.09236504618775410
 4.31143275108101243      8.09236504620717945
 0.86602540378503212     -5.93966087136215126
-0.88471967160983300     -0.90763495383448289
-12.97168678892076876     -9.97168678891930327
11.23963598135233433     -1.90763495380324444
-7.80199192590975432      1.07366659972849021
 7.77553436623431082     -5.90763495383789916
 3.38172392082421647     12.97168678892132831
 9.50758517379402335     -4.90763495382180981
-8.40011518805000357     12.97168678892066751
 0.84733113595069876      0.09236504618000370
 0.85826211185909440     -3.92633340040272572
 4.31143275109639834     -3.90763495383738002
12.97168678892194826      7.09236504620069219
-9.50758517382321600     -3.97168678883189008
-0.87384928414626395      7.11096111997590530
-6.07671278650313074      8.17538225238846650
-9.51851614969288562      6.13771843469506795
-4.31143275108402335     -8.97168678890745142
11.23963598136285924     -3.90763495382149006
-2.57938194351522254     -9.97168678890757221
11.23963598135401121     -5.90763495383719928
-6.08087209424241060      2.09236504629714926
-9.50758517378334922     -11.97168678892038152
 9.50758517379441415     -6.90763495385326376
-7.77553436622122440     -6.97168678890651883
 7.77553436621927219      8.09236504620742636
 6.04348355865663045     -0.90763495382081161
-7.79422863405052624      5.12439096373620107
-7.78646534212788488     -2.95298834231053009
-11.25056695719617750     -0.95298834218989237
-6.06217782648500592     -1.93966087135254539
-4.33012701892058072     -2.93966087136025633
-4.34882128668091195      3.09236504630993014
 0.87378869571097262     -7.95298834232020369
11.23963598135389930     10.09236504621281050
-3.23483247355658365     10.81486513522113668
-9.52627944161232421      4.12439096372389091
-2.59031291942632480     -5.95298834231939544
12.97168678892277427     -6.90763495383739201
 0.88471967158479969     -9.97168678884243853
 2.59031291942753139     -4.92633340040351619
12.97168678892277427     -4.90763495383700743
 6.05441453456523515     -6.92633340040363166
10.55542125820221067     11.97168678892278670
 7.79422863405163469     -9.93966087137786403
 2.59025233099084495      9.11096111997721536
 1.39803614825812050     12.71676950631417391
-1.25335592106873905     11.08643588464205543
 2.57938194351324857      5.09236504620642361
-12.97168678892121640      0.06571010428153477
 6.04348355865630360     -2.90763495382176096
-2.58565162430800610     12.97168678892083449
-12.97168678892120930      6.15641688125308928
-9.38231846352846155     10.41452912633777572
-12.97168678892198201      2.09236504619621666
-11.24739927327826372      1.07903757523956800
11.23963598136355202     -7.90763495385410842
12.97168678892136739      5.09236504619924713
-4.49288340617904769     12.36963452356415871
 6.82372760581744853     10.93389137696118851
-11.23963598135241604     -8.97168678891837068
 9.50758517378404377      3.09236504619808539
-12.69903110733337392     12.97166816983700421
 0.84733113595501508      2.09236504618785979
 7.77553436621518390      2.09236504619800101
-11.23963598135398456     -4.97168678889789550
11.23963598135239472      0.09236504619695592
-4.32292879105871553      9.13675715185437554
-6.04348355869020537     -5.97168678884093307
12.97168678892130345     -0.90763495380308645
12.97168678891729598     -8.90763495391909466
12.28747206577109630     12.97168678892277072
-7.78646534212411723      7.13771843469526157
 2.57938194351906613     -0.90763495382087467
 4.32236372699638327     -5.92633340040356149
-0.89187396112222495      5.10486015744470212
-2.57938194355294392     -7.97168678884197579
-6.06994111841130835      0.07366659960616674
-10.40011518805001778     12.97168678892276716
-11.25056695725477951      5.13771843468287859
-0.85826211185787193     -6.95298834232013796
-9.50758517378958778     -5.97168678890564220
 7.77553436622507466     -1.90763495382155557
-0.84733113595491483     -12.97168678892277072
 7.77553436622511462     -3.90763495382187021
-2.61677047911211469      4.09236504631017439
-2.59807621135218270     -3.93966087136121024
 4.31143275107796775      2.09236504619879327
-7.77553436622133809     -8.97168678890705351
-11.23963598135288500     11.15641688127483810
 2.57938194351950800      1.09236504618027164
 6.06994111840879569     -10.95298834233590668
 8.82337045063208869     12.97168678892063021
 5.10254718572780508     11.95248745073149443
11.23963598135247643      4.09236504619917696
 6.04348355866533371     -4.90763495383762738
12.97168678892277605     11.09236504621279629
 6.04348355865100828      5.09236504620628239
-4.31143275107743751     -12.97168678892032112
 7.80199192595054569     -11.95298834238313646
-2.57938194351528383     -11.97168678890803939
11.23963598135695818      8.09236504620747432
-4.34882128674391844      1.09236504617472008
 2.57938194351332184      3.09236504620616692
11.23963598135301467      6.09236504620018060
-0.87378869570968765     -2.92633340040255074
-6.04348355864630271     -11.97168678891963189
 0.88471967161385157     -11.97168678892258420
-11.23963598135214426     -12.97168678892066396
12.97168678892276716      9.09236504621279451
 7.77553436621932903      6.09236504620724517
-7.80199192596838653      3.11106349276680394
 6.82337045063208869     12.97168678892013460
-0.58565162430789741     12.97168678892184701
 9.51851614969418236     -8.92633340041932399
-12.97168678892276894     -5.97168678889805449
-2.59813679978987233      8.12428859093265032
-6.06994111840685502      4.11106349277956706
 0.85820152342252132      8.11096111997606606
-6.04348355865252973     -7.97168678890682170
 2.57938194351256156      7.09236504620642805
 6.04348355865045406      7.09236504620734109
12.97168678892127858     -2.90763495380313763
 9.50758517378801571      9.09236504620764130
-4.33789031083807775      5.11106349277977667
12.97168678892164451     -12.97168678892108851
-0.84733113594643095     -10.97168678890770899
 6.08087209426296660     -12.97168678891876681
12.97168678892186477     -10.94503184700364962
-12.97168678892276894      8.15641688127464981
-7.77553436621472116     -12.97168678892085758
-7.77553436625865668     -4.97168678883987258
12.97168678892123062      1.09236504619706176
-12.97168678892278137     -3.97168678889777205
-6.05441453456345791     -3.95298834231825280
 9.50758517378410417      5.09236504620008912
-9.51851614969676341     -1.95298834231028962
 2.61677047915254946     -10.97168678887031845
 9.50758517379389012     -2.90763495382165615
-11.23963598135199504     -10.97168678891959814
-6.40011518805000179     12.97168678892104765
-12.97168678891964255     -1.97168678866398350
-11.23963598135931186      7.15641688126526265
 4.34882128672144486     -11.97168678887074122
11.23963598135281572      2.09236504619789754
11.24739927327913591     -11.95835931796239926
