219    28.50343871409999963
 2.81300405637241058      4.73725564024207912
13.25171935704892867     10.72654233136563384
-1.95177150876392802      9.89919057275431591
13.25171935704886472     -5.27345766863440168
 0.48348003756238345      9.66257096438465624
11.31144154682123215     -8.26258851289609453
 9.78761774187799460      4.72654233131120893
-13.25171935704679704     -5.25171935704880521
-0.88488251902733350      8.20394698483295137
-6.13037451994976923     13.25171935704651460
-11.51966854950747177      7.74828064302567299
11.51966854944704011      3.72654233131132351
 6.28324698421605632      0.72654232923290352
-3.95223686976007293      9.90350281626644069
-4.87834330499038504      8.13084185865920439
-13.25171935702461923     10.74828064312106335
 0.22590078042583148     13.25171935704757864
11.51966854944866547     11.72654233131133239
 8.03543236247534054      7.69082776426609449
-6.32351612676907671     -7.25171935704874215
 0.87272624589232195     -6.25187520347043879
 0.87272624590129477     -0.25187520347041759
13.25171935704707060      4.72654233136559920
 8.03543236247492665     -0.30917223573393654
 1.22590078042714068     11.51966854947924190
-0.85941451160832316      0.74828061057575146
 2.60477705375932178     -1.25187520396690077
-6.32351612676453634     -5.25171935704873949
11.51966854944685714      5.72654233131132351
-9.78761774190776990     -7.25171935704665849
-0.85941451161373439     -7.25171938942461836
-6.32351612677033881     -11.25171935704885051
-13.25171935704669401     -13.25171935704886295
-13.25171935702891624      8.74828064310805686
 4.34296917402238147     -4.26258851497531666
-8.05556693433777049     -6.25171935704624371
 1.08095324909012369      5.73725564073846961
 8.03543236247455894      1.69082776426608339
-2.85941451160832294      0.74828064291878438
-11.51966854946132024      9.74828064311074094
-4.59146531919398715     -0.25171935705213999
 4.22590078042583794     13.25171935704879012
13.25171935704856452      8.72654233136560542
-7.16553839733788500     11.54045206437981186
 2.81300405636900797      2.73725564024206891
-11.51966854947768049     -12.25171935704768700
 6.07501998159311274     -3.26258851497511815
-8.05647892312930303      9.74985859306844915
-2.85941451161375859     -7.25171935708128945
 9.57939073868018731     -9.26258851289631835
 2.62974428091172596     -13.25171935704659809
 0.88534474692074250     -12.27341945302509174
 6.07501998159129286     -5.26258851497536906
 4.34296915474384004     -10.26258851497549607
 8.03543236247404913      3.69082776426609183
-13.25171935704715942     -9.25171935704884696
-9.78761774191506717      4.74828064295810215
-13.25171935704728376     -11.25171935704886295
-2.85941451160498117     -1.25171935708124105
13.05502319885976625     13.21025338181924447
13.25171935704630499     -13.25171935704893045
-13.25171935704579163      4.74828064297034036
-2.85941451161358584     -9.25171935708147331
 5.22590078042593476     11.51966854947993291
-6.32351612676199970     -3.25171935704873638
-13.25171935704582715      6.74828064297279884
 1.08095324851353669      1.73725564073846295
11.51966854944554619     -10.25171935710370796
 9.78761774187723788     -1.27345766868880128
-2.84771248099188146      4.72773255051834074
-13.25171935704598347     -3.25171935704880388
 6.07501998101933438     -9.26258851497544100
-9.78761774193988110      8.74828064302802133
-6.32351612677014607      2.74828064295126850
-6.32351612677037433     -9.25171935704874215
-0.85941451161222615     -5.25171938942434302
-8.05556693433328519     -0.25171935704571113
-11.51966854945043472      5.74828064301773978
 4.55119617664752152      5.72654232923244155
-1.77409921957416894     13.25171935704888426
-9.78761774190461864     -1.25171935704653836
 6.28324698421535022      2.72654232923295137
-13.25171935704794635      0.74828064295124952
11.51966854944835106      9.72654233131133061
13.04349235442103705     -7.26258851284165186
-0.85941453031864823     -11.25171938942475336
 6.07501998159150869     -7.26258851497542235
-8.05541438272862287      7.74854491382541166
-11.51966854947590235     -4.25171935704681125
-2.85941451160276072     -3.25171935708124149
-0.77704188853740697     11.51784242864883900
 6.27207926416159456      8.74567994464279508
-2.87963044869731188      8.05909983409351227
-6.32351608957661515     -13.25171935704886472
-4.13037451994974880     13.25171935704820037
13.25171935704731041      2.72654233136559876
-0.65118750898931477      2.73741145478392323
-4.59146531919073375     -2.25171935705213988
-8.05556693433902460     -8.25171935704688764
-4.59146531919779655     -6.25171935705244408
-1.75681517165617151      6.40402102822261377
-8.05556693433986837     -10.25171935704768700
-13.25171935704631920     -1.25171935704879589
11.51966854944487295     -12.25171935710372750
11.31144154682071878     -6.26258851289609453
-0.85941451160494720     -1.25171938942427752
-11.51966854947715646     -8.25171935704684145
-8.05556693433554649     -2.25171935704620640
11.51966854944567231      1.72654233131132351
 0.87272624590360781     -2.25187520347041747
 2.81300405637118089      0.73725564024206314
-13.21827633393743540     13.24007490851298385
-8.05556693433238280     -4.25171935704620640
-0.85941451160272331     -3.25171938942428884
 2.42824108589294063      9.19576858125424401
 4.45649563306254315     -12.43748382759876314
 2.22590078042583484     13.25171935704889670
-8.05556693434952464      5.74828064296387709
-2.85941453031873438     -11.25171938942184013
 7.82720535984967647     -6.29830307994149852
-4.59146531918856482     -4.25171935705216253
 8.03543236247536719     -2.30917223573396102
-0.85905466200915870     -13.25171935704859116
13.25171935704672421     -3.27345766863440124
 4.34296917402396776     -2.26258851497531666
 7.82720535927772243     -8.29830307994153671
11.51966854944848428      7.72654233131132440
-9.78761774190873091     -11.25171935704771720
-6.32351612676901009      4.74828064295126850
 1.05987852930322424      7.73714460170252849
 0.87272622718735271     -10.25187520347046721
 9.78761774184386013     -11.25171935704750048
-10.20070227481106606     13.25171935700017478
 9.78761774187684885      0.72654233131120771
-11.51966854948353358      3.74828064295739116
 9.57939073925170348     -5.26258851289625706
 9.78761774187659661      2.72654233131120849
 7.82720535984939225     -4.29830307994144700
 4.55119617664727283      7.72654232923244155
 2.60477705374953716     -3.25187520396690122
-9.78761774190917500      0.74828064295346164
 2.60477703446949516     -11.25187520396727336
-4.29632887883588133      6.16675407009584031
-8.05556693434138005      1.74828064295533636
-2.65118750898934286      2.73741148712695770
-5.13037451994939975     11.51966854947776930
 4.34296917344987587     -8.26258851497546409
-9.78761774188387967      6.74828064302799113
-9.25816906008486740     11.38036922011644236
-4.59146531919931178     -8.25171935705245119
 0.87272624589241554     -8.25187520347045123
 4.55119617664745046     -0.27345767076759542
11.51966854944647700     -2.27345766868867649
13.25171935704588755      0.72654233136559887
-8.05556693434118998      3.74828064295659713
 9.57939073925196993     -7.26258851289631835
-9.78761774190438771     -3.25171935704655635
-6.32351612676518560     -1.25171935704873127
-9.78761774190685685     -5.25171935704658566
-9.78761774191040423      2.74828064295706698
13.25171935704629256     -1.27345766863440102
 1.08095324851656271      3.73725564073846384
 4.55119617664504972      3.72654232923242068
-0.65118750841571937      4.73741145478393211
 4.35904783328854428      9.71729068453617373
-13.25171935704720738     -7.25171935704882831
-13.25171935704886472      2.74828064295124941
 8.03543236247724479      9.69082776426609449
-11.51966854947781371      1.74828064295390107
-4.59146531919921141     -10.25171935705249915
-9.78761774190816780     -9.25171935704667447
-2.85941451161225713     -5.25171935708124593
 2.80657830707067779      6.74839100864532426
 9.78761774187774236      6.72654233131121693
-11.51966854942894258     11.74828064311086351
-8.05556692675111741     -12.25171937019188029
-2.95223686976148469     11.63555362383613279
10.22590078042585304     13.25171935704893045
-0.85941451161357563     -9.25171938942473204
 7.82720534057153650     -10.29830307994155802
13.25171935704869952      6.72654233136560009
-8.20070227481096303     13.25171935699779979
-4.59128561137861624     -12.25203062028557532
 9.78761774187766598     -3.27345766868880705
 2.60477705374800728     -7.25187520396702556
 3.22532109289579116     11.46979544200420165
-2.85905466512247575     -13.25171935704612380
-11.51966854947712804     -10.25171935704687520
 6.28324698532638504     -13.25171935704875104
 9.44479838319830733     11.36627339057722530
13.25171935704886472     -9.25171935704890380
11.51966854944690155     -4.27345766868867649
-11.51966854947792385     -0.25171935704676690
-4.59146531920069556      3.74828064295027863
 6.07501996231312269     -11.26258851497547475
 6.28324698421690719      4.72654232923296114
 9.78761774184352618     -13.25171935704779003
 2.60477705374797441     -5.25187520396697138
-11.51966854947361263     -2.25171935704677617
 6.28324698421658479      6.72654232923299666
 4.34296917402246407     -6.26258851497546409
 2.60477705317483732     -9.25187520396712415
-6.05648095518216234      9.74700759187132348
-9.78761774190864031     -13.25171935704800852
 8.03543236358481394     -12.28743392201482543
 9.78761774187951161      8.72654233131122758
-6.32351612677336838      6.74828064295126850
-11.51966854947675323     -6.25171935704683701
-6.32351612676089658      0.74828064295126862
13.25171935704639381     -11.25171935704891624
 4.55119617664651255      1.72654232923240891
 6.28324698421654659     -1.27345767076739302
 0.87272624589401648     -4.25187520347042280
 8.03543236247561410      5.69082776426609449
11.51966854944605068     -0.27345766868867655
-4.59146531916436729      1.74828064294803909
 6.22590078042583794     13.25171935704886650
 8.22590078042584416     13.25171935704886472
 7.22590078042593920     11.51966854947992758
