226    28.97723792540000076
 6.56041573192090599     13.48861896219134771
 3.17175390891110309     13.48861896221280610
-8.29246653943151202     -2.36330245091596813
12.43401855751701213     -11.78926085209725372
-7.18263471049810942      9.42629618313556961
 4.86608482040019297     10.42596061526169038
 0.29234643207132388     -1.36330023681009083
13.48861896221280254     -6.76201848566879704
13.48861896221230694      7.36330226836154900
-6.59813695699510294     -1.30064198487729143
11.75656815464240879     -3.76201848567005115
-7.18282849305256477      7.42596060919414391
-0.29234643300715535      5.36330023823516022
 3.13403401283232919      7.42596061525086792
-11.75656815464350835      5.76201848103287428
-3.75644804858066417      7.36330023748040929
 6.59813562798440589     11.42596061527410889
 4.86608482040835888     12.42596061526169038
-3.75644804858252757      3.36330023748025075
13.48861896221149337      5.36330226836141222
-2.02439724061628068      2.36330023816851487
 0.29240869461435087     -13.48861896220986623
-11.75656815463728400     -2.36330245102660319
-4.86608476312657778     -10.42596070664138175
-6.59813695698877822      0.69935801512344675
 0.33006767563335032     -7.42596073259214506
11.75656815464065907      6.36330226836608404
 8.33018770879848347     -1.69935810866199444
-4.86608609503965539     -2.30064189067698122
-10.02451734706420261     -5.36330245102531133
-11.75656815463388050     -4.36330245102661873
-13.48861896221280077     10.08990273734729826
-5.48849891053709005      4.36330014328147531
 4.86608482040845569      4.42596061526150031
-4.86608609503907008      1.69935810932307807
-8.91487930062106138      8.42596060919498413
-7.22434920678138148     11.49465527095282980
10.06223851636807787     -0.69935810866210069
-6.59813557068801337     -9.42596070662766472
-0.29234643300915791      3.36330023823507585
 8.33018643555284299     10.42596061527334683
 6.59813562797707753      5.42596061526199858
 1.40198447852785391      0.30064189134705577
-9.37951904881513165     13.46853024952432065
10.02451734707056197     -4.76201848567453823
-5.57516142068976972     12.62610551124326896
 3.75644804719750214     -5.36330023684592128
 5.49218532745091803     -10.49513612739337454
13.48861896221204759     -4.76201848566879704
 0.29234643207107214     -5.36330023687207724
13.48861896220336298     13.48861896220270573
-11.75656815463505644     -6.36330245102669689
10.02451734706478348     11.48861896220113898
 7.22443519310002191     -11.49479129995864390
-8.33018637825682617     -10.42596070662777663
 3.13403401283748062      9.42596061525092033
-10.02451734706524178     -3.36330245102515457
-0.33006760247501576      9.42596061547656738
11.75656815464555116      4.36330226835631407
 4.86608482040744672      6.42596061526152074
10.02451734706551356     13.48861896220207157
 6.56041573193716854      3.36330226836051915
-4.86608476313714533     -4.42596070662281083
 2.06214885526688319     -8.42601107586780174
 0.33006767358640499     -9.42596073260801326
 3.17175518213743368      3.36330023824700008
-8.91487930061892619      6.42596060918978740
13.48861896221279899     -13.48861896221280077
-0.33006760252213346      7.42596061547653985
-8.33018776462870569      3.69935801500964478
10.06223724312082801      9.42596061527170193
-0.29234770622119177     11.48861896221394829
-3.13403395556070707     -9.42596070663609353
 7.38144315711114363     -13.48861896053441711
 2.02439723959060425     -6.36330023695754399
10.02451734707085507      1.36330226835192803
-4.86608609503370548     -0.30064189067697167
-7.22054971817218139      5.36330014316686388
 8.33018643554883020      6.42596061525903295
13.48861896221002787     -0.63669773165082566
-13.48861896221093915      0.63669754897006348
-10.06223718584261206     -7.42596070662482610
-8.33018637827245279     -8.42596070662753327
-8.91487921843317110     10.42596060919504808
 8.91487930061385470     -6.42596061383157480
 1.43970437456192446      4.36330023823551194
-10.02451734705337927     -13.48861896220519974
 0.29234643207522176     -3.36330023681839929
-13.48861896220582146     -5.36330245102995118
-2.02439724061310544      6.36330023817094670
 2.02439864236916023     -10.48861898825738770
-6.56041573128981526     -13.48861896215793799
 5.48849885477756327     -6.36330023682735657
 4.86608609366532985      0.30064189134598518
-10.06223857219577411      2.69935801500647621
-13.48861896220282119     -13.48861896221079171
-13.48861896220852863     -7.36330245102999292
-3.13403395553678488     -7.42596070663607311
-1.40198447946550431     -0.30064188992207169
-13.48861896221179890     -9.48861896221025880
13.48861896221034229      3.36330226834922508
11.37941815282123770     -13.48861896221283807
 4.86608609365097333     -1.69935810867840775
 1.40198320526385189      6.42596061525007389
 8.29246653949635615     12.48861896220246059
-3.13403528706850532     -1.30064188999072772
-6.59813695699369873      2.69935801512418605
-2.02957316768882334     12.49763004918764508
10.43503106168194172     -11.72562916584714721
 2.03169468535723885     -12.50125669713324150
 4.86608609366617095      2.30064189134608021
-5.48849891053724459      6.36330014328159965
10.02451734707629782      3.36330226835680923
10.71245518625676674     -9.53186392258287896
-6.59813557069193823     -11.42596070664747643
-3.13400351835582347     -11.42601342608521442
 3.75648022640208668     -9.48867229655128064
-6.56041571700111348     -3.36330242566670012
 4.86608482041250312      8.42596061526156070
-11.75656815464201621      3.76201848102915726
 8.33018770879933612      0.30064189133813313
-13.48861896221135126     13.48861896221226253
-10.02451734706926523     -1.36330245102503311
 8.91487920910215692     -10.42596061383157746
 3.13403528609628257     -0.69935810865372205
-6.59813557070395262     -7.42596070662688046
-8.33018776462978572     -0.30064198499127087
11.75656815463417182     12.48861896220121359
-11.37941816028805597     13.48861896221275636
-8.33018637827319708     -6.42596070662575869
-13.48861896221283629      2.76201848103248127
-2.06214765755430829      8.42600891513721706
10.02451734707696218      5.36330226835699886
-11.75656815463989524     -0.36330245102656172
-1.40198314870559737     -10.42596070787237927
-11.79428799341264522     -8.42596070662282592
 5.57623383806226602     -12.62767800806462937
-13.48861896221271728      6.76201848103251368
-3.17175379359750220     -13.48861896216097023
 8.91487930061870415     -8.42596061383157569
 3.75641867190704737     -11.48867229560416447
-5.49210469757592357     10.49499084274532734
-1.43970437548023455     -4.36330023684164559
 8.29246653950609591      4.36330226836043433
-10.64693010818747254      7.42596060919036205
11.75656815464201266     -5.76201848567015507
-3.13403395556091224     -5.42596070663603580
-10.06223718584289273     -9.42596070662482610
-11.75656815463906391     -10.48861896221703027
 6.59813690122490826     -0.69935810867013160
-5.45077768773286664      8.42596061308983479
 1.43970147358648659     12.48862178157374814
 6.59813562798173159      7.42596061526213358
 7.22054966234165185     -5.36330023681905832
11.75656815464092197      0.36330226834949580
 1.43970437455991407      2.36330023823526769
 3.13403238530352946     11.42596343421585203
-4.86608476312192728     -8.42596070662282948
-8.29246653919138943     -12.48861896271277061
11.79428932393699547     -1.69935810866202996
11.79428805069447428      8.42596061527991402
 7.18262935170795735     -9.42630545751127435
-10.43503106527482949     11.72562916792219312
-1.40198314653898293     -8.42596070787217677
-10.02451734706227882     -11.48861896220518197
 2.02439723962673979     -4.36330023684910451
10.64693010818519348     -7.42596061382731065
-2.02439724061643611      4.36330023816859747
-11.75656815462912519     -12.48861896221708712
-12.43401856124973826     11.78926084977932653
 3.13403528609673332      1.30064189134705144
-1.40198314725376583     -6.42596070787215101
-3.75647876679600445      9.48866996494112236
-0.29234643300897450      1.36330023823507585
 5.45077768543361341     -8.42596061395842533
-13.48861896221217549      4.76201848103250303
-12.37898091575659620      8.42596060918993395
12.37898091575525150     -8.42596061382527139
 3.75644804722166414     -7.36330023684983903
-2.02439851394168668     10.48861896247655778
-4.86608476244245036     -12.42596070664209051
-6.59813557070730994     -5.42596070662058061
-3.13403528707356260      0.69935811001006321
13.48861896221280432     -2.76201848566879749
-0.29235096584470277     13.48861896221135837
-1.43967254949474310     -12.48867168163676666
 1.40198320526813580     10.42596061525011741
-3.77070290163486943     13.48861896220985734
 1.40198320518677066      8.42596061525011031
 2.02439723963975116     -2.36330023681086843
-10.06223857219996276      0.69935801500647654
13.48861896221283807     -10.08990274198171377
-3.75641987479004902     11.48866996407410745
 0.29234782029655570     -11.48861896313623276
-7.37961994036325564     13.48861896115787928
13.48861896221002965      1.36330226834922419
-13.48861896221157863     -11.48861896221074197
10.06223851636730160     -2.69935810866214698
 6.59813562797589270      9.42596061527306084
 8.33018770879832537     -3.69935810866200487
 9.38043065411117993     -13.42498729831313931
-1.43970437549326524     -2.36330023681751777
11.75656815463372595     10.48861896219847623
-8.33018776462429145      1.69935801500884698
 3.13403401283299354      5.42596061525051176
10.06223724311249335      7.42596061527094342
-10.02451734707495845      4.76201848103230851
11.75656815464113691      2.36330226834968427
 5.48849885476804467     -4.36330023682725177
 8.33018643554468419      8.42596061527290452
-3.75644804858269588      5.36330023748031337
-3.17175518304866166     -3.36330023684086710
 7.18282849298984161     -7.42596061393544105
 8.29246653950592183      2.36330226835936497
-13.48861896220811651     -1.36330245102994940
13.48861896220990175      9.48861896220255296
 3.75644804719366743     -3.36330023683678014
-11.79428937977096936      1.69935801500278827
-4.86608476313742067     -6.42596070662281793
-10.90957893697276049      9.78274277022051031
13.48861896220390300     11.48861896220265244
 3.77102452217447537     -13.48861896217756673
 6.59813690123460450      1.30064189134531261
 6.59813690122474839     -2.69935810867014325
-13.48861896220487644     -3.36330245102995029
-8.29246653943325107     -4.36330245091641711
