230    29.18613936680768006
-10.00658331501713327     -4.93281565678635836
-8.00647660699529240     -4.93287726910086022
 5.00313497661468176     -3.20275932372686878
 1.00000000976730452     -3.20457282410477173
10.00658331501848686     -4.93281565678559186
-3.00344833840887659     -10.13078157422814307
 1.59306968340383603     13.59306968340384003
-5.00344835785272846     -6.66667997031626935
-12.00658333446139814     -11.86101887583353509
-1.00010670808566027     -6.66861282127852206
 3.00000001944558603      0.25952878544522251
-3.00000001944454686      0.25952878544462415
13.57991867615002057     -8.64325216752695802
12.59306970021460792     11.86101886612338241
-4.59306968340990185      8.39691726069153788
 9.60134724753444857     -0.26773116487633059
-9.59306968340383825     10.12896806826326390
 9.59306970825927330      6.66486643876228246
-7.00647660697237651     -6.66492807665652798
-6.00658330536167906     -11.86101888148728278
 1.00000000967774971      0.25952877980707278
-7.00658331501545195     -10.12896807949201516
 3.00010672753128249     -3.20451121736636235
-1.00000000967674496      0.25952877980732963
-0.00000000000000190     12.38388442720047600
 7.00658331517854016     -13.59306968338973043
-2.00010671785401639     -4.93656201934903915
 2.00010671785493699     -4.93656201934870698
 6.00010672753303531      1.99164120534000699
-5.00647659730885852     -10.12902968621512478
-4.00647658752657332     -11.86108048813633964
 6.00313497662284323     -1.47070851616268450
12.81915397230299192      1.32367507950839225
-3.00313496695226867     -6.66686093327683782
11.60899227875118989     -0.26865298828016371
-5.00313497662262652     -3.20275932372226002
-8.00344835785451636     -1.47052754761061011
 0.00000000000072337      1.99157958178891836
-10.00658333446139814     -11.86101887583583725
-5.00010672753741048      0.25959039776787485
-11.00658333446299864     -13.59306968340384003
 5.00010672753994445      0.25959039776709064
-4.00344834819003115     -8.39873077230640064
 7.59306968340383648     10.12896806825585827
 7.00658331501763421     -10.12896807949173805
-9.00658333445988113     -13.59306968340383825
-7.59334284632940637      3.20060715596854584
 2.00313495717010825     -8.39891173520728174
-9.59306970825768346      6.66486643876187479
-3.59306968340384358     13.59306968340384003
-6.59306973318854617      4.93281561681339653
-2.00000001944269457     -1.47252202212318428
-7.59306968340384358     13.59306968340179722
-9.00658331504298459     -6.66486646437015917
-11.85448081715132318     -7.63188468003384202
11.00658333446327575     -13.59306968340358246
-5.00000001944453043      3.72363040058239880
 2.00000000000446088      5.45568119692455422
 7.00313497661467643      0.26134229141090881
 4.00010672753249708     -1.47246040979808557
 5.59306970824026273      6.66486643874754137
 3.59306968340383648     10.12896806826608476
-1.00031338124054159     -13.59306968340072608
-11.59334282149720963      3.20092253426605788
 8.60103386630312450      1.46413867415091525
 4.00647658752682911     -11.86108048813754934
-5.00658329557158055     -13.59306968340384181
 1.00000000000185252      3.72363038935714652
13.59306968340214006      3.16786988270021697
-13.36834865574367726     -13.49534199392134326
13.59306968340384003     10.12896804173814047
-13.57991867614747505     -8.64325216753132075
-1.99999999999999845      8.91978281206271895
 9.00658332483323143     -10.12896807382572462
-6.00313497662859419     -1.47070851615680365
 5.59306968340383648     10.12896806826418938
-9.00658332483506996     -10.12896807382468722
 4.00000001944859918      1.99157959301235898
-8.59306973318854794      4.93281561679913061
-10.59306968340455946     11.86101887583172498
-8.59306968340995248      8.39691726069085576
-12.81915397231984599      1.32367507949371310
 7.59334284632908574      3.20060715596867507
-7.59306970824645688      6.66486643878260487
-8.00658331501720788     -8.39691727192415271
 9.00658333446237336     -13.59306968340322541
-11.59306968340384181     13.59306968340115951
-3.00000000968141611      3.72363039494258485
 6.00647660697109664     -8.39697888422505834
12.59334284602636700      8.39675955019865050
 5.00000001944556072      3.72363040058298944
 6.59306968341134514      8.39691726065479038
13.51986378051200788     -2.51917949858206880
 1.00031338122308666     -13.59306968340102628
-9.59334284635101930      3.20060718469900163
13.59306968340384003     -6.64329540524227458
 3.00636987945882739     -13.59306968339248733
-13.51986378057929628     -2.51917949860394819
 5.00344835784451458     -6.66667997032187376
-11.59306968340384003     10.12896806826066509
-1.59306968340383981     13.59306968340384003
11.59334282149706397      3.20092253426223206
11.85448081715404278     -7.63188468003030529
-4.00000000967882929      5.45568120251304389
 3.00313496693868354     -6.66686093327819762
 0.00000000000104048     -4.93662362603509308
 9.00658331504501675     -6.66486646436978880
-8.60103386631985245      1.46413867414387311
 7.59306970824823502      6.66486643878221940
 1.00000000000000111     10.65183361963159747
-1.00000000000117106      3.72363038935674640
-6.59306968340449728     11.86101887583248526
 8.00647660699655006     -4.93287726910196067
-4.00313497662079332     -4.93481013129007895
 6.00344835784555642     -4.93462916275359742
-8.00658332483220647     -11.86101888139325844
 0.00000000000008524     -8.40060201652406313
13.59306968340277955     -4.51783927347674918
 2.00334163032731416     -11.86277076948492493
-13.59306968340384003     -10.64320892981598199
-2.00000000967860947      1.99157958737513563
 1.00302824908945887     -10.13090093045430962
 9.59334284634886991      3.20060718469771555
 6.59306973319027101      4.93281561681305192
-6.00344835785451103     -4.93462916274842023
-3.00000000000120526      7.18773200449454031
13.59306968340223776      6.66455106068548009
 3.00000000000190781      7.18773200449494443
-13.59306968340384181     13.59306968339899591
12.62183068185017731      4.91621047546095280
-1.00302824909865329     -10.13090093045021511
11.59306970827241301      6.66486646747148015
-5.59306970824279581      6.66486643874372309
-10.59306968341000044      8.39691726068820188
 8.00658331501851173     -8.39691727192336757
11.17922701719932732     -10.02077114537948788
11.89878250054879061     -5.58056733936036764
-6.59306968340993560      8.39691726065433386
13.59306968340310107     -10.64320892981165123
-6.00647660697057972     -8.39697888422441174
 0.00000000000000081      8.91978281206182011
10.60596402961989781      1.46164592562541462
-4.00000001944730421      1.99157959301191645
-7.00313497662263096      0.26134229141552923
 3.00344833840108150     -10.13078157423401748
-8.59306968340452215     11.86101887583292935
-1.00000000976616077     -3.20457282410531219
 8.59306968341140376      8.39691726069064615
11.59306968340384003     10.12896806826013574
-0.00000000000000568      5.45568119692495124
-10.60596402963047069      1.46164592562331563
 9.59306968340384003     13.59306968340249888
10.00658332486865376     -8.39691726626852031
 3.59306968340383781     13.59306968340384003
-5.59306968340384447     13.59306968340384003
-13.59306968340384003     10.12896803992138395
 5.00658329557407278     -13.59306968340383115
-0.00000000000820223     -11.86119984437423192
 2.00000000967899050      1.99157958737536100
 6.00658330536412599     -11.86101888148716910
 8.59306968340447952     11.86101887583314962
-13.59306968340384003     -6.64329540524666040
-10.59306973318855860      4.93281564551906992
10.59306968340541211     11.86101887583185999
 7.00344835785521891     -3.20257835519027889
 4.00000000967909841      5.45568120251319666
-13.59306968340216848      3.16786988269142222
 4.59306968340442179     11.86101887583462755
11.82557658960531555     -3.58190756475854455
12.00658333446335213     -11.86101887583289738
-9.59306968340384358     13.59306968340238697
-12.59334284444761565      8.39675955113988159
-11.60899227875663620     -0.26865298828967538
10.59306973319027101      4.93281564551627039
-9.60134724755197944     -0.26773116488248727
 9.59306968340383825     10.12896806826389096
-3.59306968340383603     10.12896806826608298
-12.62183068783339479      4.91621047187905180
 5.59306968340384092     13.59306968340384003
 4.00313497661363815     -4.93481013129514867
 1.00010670808726898     -6.66861282127884269
-10.60437549666980317     -1.99803007879062933
 8.59306973319027101      4.93281561679946812
-2.00000000000286882      5.45568119692465636
-10.00658332486491098     -8.39691726626911006
 9.00647660697207897     -3.20082646151889438
-4.59306968340409849     11.86101887583481584
-7.00344835786547382     -3.20257835518584999
-3.00636987946164247     -13.59306968339291721
-11.82557658961157543     -3.58190756477214123
 4.59306968341133715      8.39691726069094280
-2.00334163033435919     -11.86277076947862597
 8.00344835784557951     -1.47052754761579973
 7.00647660697205055     -6.66492807665669940
-3.00010672752982055     -3.20451121736638722
-0.99999999999999867     10.65183361963159570
 2.00000001944445227     -1.47252202212299932
-4.00010672753175278     -1.47246040979851367
-5.59306968340383559     10.12896806826395135
-9.00647660697235786     -3.20082646151872163
-12.59306969922756103     11.86101886669385586
10.60437549666096935     -1.99803007877941297
 7.59306968340384003     13.59306968340198196
10.00658333446316739     -11.86101887583476433
-11.59306970827214478      6.66486646747345191
 2.00000000000000000      8.91978281206271895
 6.59306968340445554     11.86101887583270909
13.59306968339018162     -0.52051972368694643
-1.00000000000097966      7.18773200449327110
10.59306968341141975      8.39691726068685540
-13.59306968340383470     -4.51783927350103287
 3.00000000968211022      3.72363039494256887
11.59306968340384003     13.59306968340164801
-11.31127953096867245     -9.97960899541550894
 8.00658332483234325     -11.86101888139409155
 2.59306968340383737     11.86101887583496328
-11.89878250054307962     -5.58056733937386085
-2.59306968340383737     11.86101887583496151
-2.00313495717703161     -8.39891173520197931
-13.59306968339514654     -0.52051972370654864
-13.59306968340177413      6.66455106044646417
-7.59306968340383559     10.12896806825634854
 4.00344834818072748     -8.39873077231137621
-7.00658331517685884     -13.59306968338997557
13.57685437179457644     -13.57459968052394927
13.59306968340384003     13.59306968339837063
-6.00010672753240470      1.99164120533964883
 5.00647659731287487     -10.12902968621776267
 1.00000000000149281      7.18773200449296645
 0.00000000000024476     -1.47252202217464023
