237    29.49831633910000050
-0.58349175838488709     -8.65987224016402024
 5.58283077535616812     -5.08928875273987646
 8.58348372507382074     -10.28506403305703820
-9.58416261155092286     -0.00000000014371748
-1.41783518728602864     -13.74915816951751246
11.58349664817110281     12.01710737940140383
10.58349175819401111     10.28505939507131295
 1.41716922385699107     -1.73205082523234588
 7.58283074552256497      5.08928876995792745
 3.58282271131593655     -12.01748168036068698
 6.58283877830707986     10.28543087341713047
-11.75513464629142568     -3.35341581716281656
 8.58349667841335240     -13.74915816951608960
 3.41716925444441877     -1.73205080757316354
-5.74915816953356451     10.28505655436878996
-0.58349667843974595      8.65986939955189960
-12.75741890965461423     -12.01236421498490436
-11.74915816953606473     10.28505655434883259
-6.58414965854513135     -5.19614494438870267
-6.74927796432721561      8.55293658873281260
-8.75513464605771574     -5.08546662459407806
 2.58281782094236867     -10.28543369625950632
13.74915816951616243     -12.12397101470552485
 1.58217776553811484      8.55301322522921836
 7.58348372408979099     -8.55301322605628123
 7.74849223664116238      1.73205080759003271
13.74915816951823011     12.12397101471930405
 8.58284366948562649     10.28543369585609213
12.74915816837956406      0.00036968043887679
-4.58414962748453458     -5.19614496045911256
-4.58349667843974640      8.65986939955213586
-10.75513464629031013     -1.62136500959049679
12.74915816950891312     -6.92781859197617145
-7.75501857287041219     -6.81758442384335517
-5.58415769128729167     -0.00000284060268069
12.74851011112002297      3.46409697654145443
 4.41716925444406172     -0.00000000000406902
11.74915324933963667      8.65987224025706759
 2.41716925444408925     -3.46410161514188619
 1.41715630092813916     -5.19614494393027559
 7.58283566564849387     -5.08928592931862589
 6.58283074552268754      3.35723796238897743
-5.58350963204455120      6.92782607081505919
-0.58284373050242377     -5.19614496115222835
-9.74927797062337653      6.82088577753837555
 2.41716922386779087     -0.00000001765769037
 0.41651627592346407      3.46372445611436763
11.74914521516901544     -1.73167364852582484
12.74915816952570147     -10.39192020713093711
 3.58281782179163066     -8.55338288915830525
 4.58283071499407857      3.35723794473553339
 9.74849715673403239     -1.73204796692176477
-7.58415769152715136      3.46409877441386538
-10.75615944868184926      5.08488013901303404
-11.75615948298650260      3.35282934457875825
-12.75274128670004181      8.55093243224624366
 8.58348683794003442     13.74915816950333181
-3.58350156925387076     -6.92782144977103265
 2.58217776702576840      6.82096241849371232
-2.58349667843974640      8.65986939955152479
 0.58216487187037691     -13.74915816946954905
-5.74915816951900460     -13.74915816946820790
 7.58348372507109758     -12.01711484062735913
-0.58284861937428067     -1.73204616953808133
-4.58350159871749785     -8.65987224033399094
 2.58216481264128461     13.74915816951583913
 6.74849223666518672      0.00000000000728432
-3.58349667843944752     10.39192020712086340
-7.58416258224113182     -0.00000001706467474
 4.58283077534529326     -6.82133956031466937
-11.74927797062337831      6.82088578477196705
10.58349661782446560     13.74915816946543679
 2.58281779207131335     -6.82133209874341162
-10.75501855678886898     -8.54968748190299443
-13.74915816942029245      3.15771399932323149
10.74849715675087403      0.00000284065611861
 5.58283566564776290     -8.55338754445694960
 3.58283074556260361     -5.08928876994079626
-2.58349667840402164     -12.12397101471823291
 7.58284366815053446      8.55338288900783894
-8.58416258252377418      1.73205079066788237
 4.58219071863612193     13.74915816947326341
13.74915816951617842     -8.65986939954535728
11.74915816951582848     -8.65986939956774471
 0.41716433414458604     -0.00000284074939032
-2.58349667910992142      1.73168112646246719
-8.58416261154679638     -1.73205080771694697
-0.58348372554553429      5.19577526283516100
 1.41651627592300566      5.19577526368350906
 9.74850518972829150      5.19614494419488970
-3.58349667864744115      6.92781859186317028
-9.74915816951980929     -13.74915816951986614
13.74915816948255198      5.19577346576706667
-3.58414473691022417     -3.46409697647383652
 9.58348372507553670     -8.55301322548679721
-13.74915816951982350     -13.74915816950334069
 2.58217776554046363     10.28506403280207948
-13.74915816951665803      6.79899537419969224
 7.58283877963091779     12.01748168025684294
 8.74849715675125239     -3.46409877450838266
-1.58349178902887666     -6.92782145028428609
13.74915816951990877      1.73242048734938114
 1.41716433414564658      1.73204796681960604
-6.75501855747110991     -8.54963524041452949
-9.74920369561558076     -10.28503027066097886
 9.74849226646596279      1.73205082480858419
12.58349667841365260     -13.74915816951592440
 1.58216481264116293     12.01710736194669416
 6.58219072135384664     13.74915816951987502
-5.58350963297964231      3.46372445595879874
-10.75513464543934994     -5.08551886604006231
 3.58282582524870108      5.08928592919939948
-9.75509558830120938      3.35344398730405668
-2.58349667843929431     12.12397101468992133
 1.58281779124600863     -8.55338290583581262
-4.74915816952692449     12.01710736194204721
-2.58349667869751620     -5.19577346577537735
-1.41783518735880065     13.74915816951623171
 3.58217776700153268      8.55301322607658143
-10.74915845427851124     -12.01710719754024126
10.58349667841364727     -13.74915816951611092
 0.41651627445499234      6.92782607040484333
-12.88458539450157403     -8.46811509738533452
 0.58216481264136055     10.28505655437768773
-11.74915816951982173     13.74915816951986436
-2.58349667960183993     -8.65986943430028511
-5.74920369104264761     -10.28503027325213992
10.74914521516843102     -3.46372445609437074
 6.58283566564822831     -6.82133673688822029
-5.58414965692480081     -6.92819575103064356
-1.58348372554609873      3.46372445526646322
-8.74915816952695380     12.01710736193636109
11.74850522089795746      5.19614496073011622
 8.58284369859232044      6.82133209900391790
-3.74915816951648662     13.74915816951851610
10.58349667841327246     -10.28505655437813360
-13.19306613062509292     -4.74350683805407414
11.58349667842241715     -12.01710736194195839
-0.58348372407698124      1.73167364854574801
11.74851010989659983      1.73204616967554825
 0.41715627030577757     -3.46409415404021059
 5.58282582523680215      8.55338754435834225
-1.58349667844414843      6.92781859198010519
-9.75501857300251274     -6.81758444178709144
13.74915816944908009     -1.73168112652700867
-1.58284862017763484     -3.46409697664785332
-12.92134932240278111      4.97835468677979520
-7.74915816951685077     13.74915816951620684
-8.74915845422967386     -12.01710719757370249
 5.58283074554671099      1.62518715480621756
-13.74915816948047009     -2.82237132895456533
 6.58347077163789152     -13.74915816947424574
 4.58282582522808024      6.82133673678424923
-11.75501857232021941     -6.81763668330107730
-6.74915845421405791     -12.01710719753518219
 4.58217776700107393     10.28506403364572463
-1.58349667759852242     -0.00036968023939589
 0.58216481264128472     13.74915816951588710
-6.58350963275588175      5.19577526365686371
-11.74920369645835372     -10.28508251130130802
-10.75509561682597237      1.62139319620284317
 0.58216973274257133     -10.28505939496852584
-7.74927797062337564      6.82088577756835068
-11.92606765156505766      0.00002818675586128
 9.58284369987476303      8.55338290583238070
-10.74915816954007397     12.01710736193929385
-9.74915816953606296     10.28505655437271038
12.58349667839769737     13.74915816951897263
 1.58216976238157625     -12.01711018543098319
12.74915813937300690     10.39192022455476661
-10.74927796435293992      8.55293658873234897
 3.41716922387316835      1.73205078991470662
-7.74920369104534412     -10.28503027330474673
-2.58349667839335684     -1.73242048734937493
 8.74849223664160114      3.46410161515867410
-0.41783518735885805     12.01710736194707430
-11.74915816951980929     -13.74915816951524050
-13.74915816951589242     -6.66464234714329518
 9.58349667841347674     -12.01710736194726437
 5.58283071499818373      5.08928875233464506
 9.58349172784742720     12.01711018512369833
-0.41783515776588814     -12.01710737899187365
 4.58283074556294956     -3.35723796237211847
11.74914521616700469     -5.19577526308720472
-1.58349667843943798     10.39192020712095577
-13.54983146650521064      1.16767157122357434
 2.41716433414601495      3.46409877438912472
-12.74916639244798944     12.01710261439129823
 5.58283074556254366     -1.62518715480300480
-6.58415769152937980      1.73204796684369078
13.74915816946089997      8.65986943431902034
-4.74915845414986570     -12.01710719755673473
 9.74914521519198374     -5.19577526367685660
-3.58350963202584483      3.46372445566080289
-1.58349664889602426     -10.39192022418577643
-5.58414962914356483     -3.46409415378781915
12.74915327939015519      6.92782145003594785
-2.58349667844449238      5.19576778441141496
-9.75513464629137772     -3.35341581716001613
10.74850521963391969      3.46409415385349373
-6.74915816952693515     12.01710736194150719
-8.74927796433727956      8.55293658876650653
 0.41715630012745025     -6.92819575103693897
 4.58282271216552406     -10.28543087326711891
 5.58219072004920402     12.01710736270419844
 6.58283071501201800      6.82133955991168861
 4.58347076977270262     -13.74915816951993008
 7.74849226646075007     -1.73205079035916532
-3.58349670910268481     -10.39192022487323719
-9.74915816951704528     13.74915816951097725
-4.58414473845185455     -1.73204616978929349
-7.58416261129985170     -3.46410161516065784
-8.75509069680716223      5.08549197075989579
12.74914521618521235     -3.46372445550936581
-13.74915816951345704     10.28504701804635424
13.74915816951117797     -5.19576778440850617
 5.58347077065258812     -12.01710736245901678
-13.74915816944458413     -10.27158783551806387
-4.58350963225420038      5.19577526311242188
-3.74915816951899572     -13.74915816951967962
 2.58217465283269476     -13.74915816950553626
 8.58348372408924654     -6.82096241848708740
-13.74915816949325453     -0.82237132895439724
 6.58283077535753147     -3.35723794516975227
 3.58217776554787015     12.01711484037564226
-5.74915816951651326     13.74915816951696357
-4.58350963276081735      1.73167364851626049
-6.58416258198517212     -1.73205082451661663
-8.75501855747116053     -8.54963524038894995
10.74914521617808560     -6.92782607067641631
10.74850519099366508      6.92819575103374952
-3.58349667990004095     -0.00036968065038253
 8.74849226644831468      0.00000001723027269
 6.58348372408965510     -10.28506403362509403
-7.74915816951903746     -13.74915816948161229
-7.74915816953357162     10.28505655433924737
-13.74915816951982173     13.74915816944811020
