240    29.66627934963646140
-3.83313967481522022     -10.36903805968156433
-7.75655635393579601     10.36903805967978620
 2.24344364612932523     -10.41557163112235784
-4.83313967481515316     -8.63698725211262364
-9.83313967481710982     -10.36903805968039549
-13.83313967481789852      0.02326678573254800
12.09208284460857463      9.60579949039130021
 1.24344364607765767     -8.68352082358329014
-8.83313967481712048     -12.10108886724930244
-0.75655635393578735     12.10108886724902710
 8.24334962264998516      3.42144192261143676
-6.75655635392884868      1.70878402183157441
12.10108886716395737     -0.83374028679757317
12.10108886712853327     -6.83374028659958554
-0.75655635392655840     -5.21941920844535900
 1.24344364606433255     12.10108886724899158
-2.75655635393168774      5.17288563697105985
10.24344364607201285     10.36903805966987591
10.24383584304443140     -5.83766303232777961
-12.83313967481742779     -12.10108886724909283
-3.83313967481317563     -13.83313967481794826
-2.75655635392686360     -5.21941920844509077
 8.32002696704856604     -13.83313967479643125
 1.24344364612808067     -12.14762243869059688
-11.75655635393668774     10.36903805967939718
13.83313967481823248      8.61966780682274880
 0.24344364608000196     -6.95147001601252068
-2.75655635392867282     -1.75531759330618398
-0.75655635392865805     -1.75531759330627213
-0.83313967480930884     -12.10108886725158683
 5.24344364607015834     12.10108886724562716
-13.83313967481771556     -13.83313967481781326
 6.24344364607118685     10.36903805967611092
 9.24334962267915827      1.68939111502041084
-10.75655635393607845     12.10108886724839472
-1.75655635392856868     -3.48736840087522371
13.83313967480909490     -9.83374028679659951
 2.24344364606435986     10.36903805968009884
-11.83313967481744022     -13.83313967481799800
12.05207777462945629     -12.83313967482759388
13.81609511467809703     10.61959517624635474
10.27138096977409809     -0.02617046924044969
-10.83313967481593387     -1.70878402183706268
 6.24344364606423152      6.90493644454214373
 8.47155965734171801     -10.46586030125636846
 7.24387346197595416     -1.77440795569486798
-11.83313967481424633      6.95147001600548187
 0.24344364606836966      3.44083482940219287
 3.24344364607134583     -1.75531759333864801
-8.83313967481343454      1.75531759329925263
-1.75655635393164755      3.44083482940219199
-12.83313967481755213     -1.70878402183624156
 5.24344364607107138      5.17288563696931725
-7.75655635393576048      6.90493644454194566
 5.32002696699175992     -12.10108886723207178
 7.24344364607195956      5.17288563695736769
12.10912740475405514      7.60587212096284304
-13.83313967481779017     -10.36903805968012549
-12.83313967481475082      8.68352082357407618
 8.24344364607199331     10.36903805967552827
13.83313967481681672      2.16625971320343913
-1.83313967481317586     -13.83313967481823070
-1.75655635393574516     10.36903805968011660
 6.32002696697717070     -13.83313967481470996
-6.75655635393572140      8.63698725211094676
 4.24344364606838109      3.44083482940199170
 1.24344364606843150      5.17288563697103587
-13.83313967481787188     -6.90493644454259137
-3.83313967481296380     -6.90493644454499922
-9.83313967481721640     -13.83313967481823070
-3.75655635393576626     10.36903805968006331
 4.24698086935753505     -6.95351705431005040
 4.24344364606423330      6.90493644454226896
 0.24344364606423544      6.90493644454232403
-0.75655635392240050     -8.68352082358029520
 5.24334962265311244     -1.77471050009699738
 7.32002696699175992     -12.10108886725423005
-1.83313967480703299     -10.36903805968118597
12.10108886700268904     -4.83374028657756316
-9.83313967481701923     -6.90493644454266686
-13.83313967481724305      6.95147001600660097
 7.24334962267833582      1.68939111502619221
 3.24344364606444957     12.10108886724892407
 9.24344364607374303     12.10108886724339605
-7.75655635393629606     13.83313967481767293
 9.71905719694658110     -1.94839273786122669
12.24290280317232238      3.37916807415340470
 5.24344364609633384      1.70878402178746880
-8.83313967481700146     -8.63698725211153651
-3.75655635393164777      3.44083482940215912
-2.83313967481072737     -12.10108886724793997
-10.83313967481709383     -8.63698725211150631
-10.83313967481585927      1.75531759330053627
-4.83313967481538498     -12.10108886725034694
 4.24344364607988034     -0.02326678577390084
-4.75655635393176901      5.17288563697101544
-2.83313967481267426     -8.63698725211415486
-3.75655635393629339     13.83313967481799978
-11.83313967481730700     -6.90493644454259847
12.09429710342702258     -2.83374218588160920
-8.75655635393185428      5.17288563697081294
 4.36538352770712734     -10.34363164048915884
-7.83313967481523754     -3.44083482940593921
 2.24344364607986790     -0.02326678574242336
 2.32002696697711031     -13.83313967481418238
-5.75655635393578358     10.36903805967995140
-11.83313967481610796      0.02326678573180228
-12.83313967481751838     -8.63698725211135532
13.83313967473467265      0.16625971320343860
-5.75655635393168286      3.44083482940208851
11.41845581396189147      5.22458309436841795
-4.83313967481300644     -5.17288563697609138
 7.24344364607110247      8.63698725210715779
-8.75655635393573384      8.63698725211083840
13.78412858220863768     -13.83313967481352336
-11.83313967481725015     -10.36903805968030667
 9.24416825804805065      8.63656878381876325
-7.83313967481702011     -10.36903805968042569
-8.75655635393600384     12.10108886724856170
 5.24344364606440827      8.63698725211112972
13.83313967481823070     12.61952254566996245
 3.32002696699173461     -12.10108886723741506
-7.75655635393171128      3.44083482940195395
-6.83313967481529883     -8.63698725211254015
-13.83313967481731410      3.48736840086916233
12.24344364606370483     13.83313967481823070
-8.83313967481535478     -5.17288563697475023
-4.75655635393588128     12.10108886724888499
-12.83313967481644369      1.75531759330061332
10.24344364606370483     13.83313967481811879
 2.24344364606370616     13.83313967481823070
-10.83313967481710449     -5.17288563697383807
 6.40185613275821730     -3.58852118735850212
 0.24344364606426688     10.36903805968015213
-6.83313967481705387     -12.10108886724932198
 3.24698086939187425     -8.68556786189875929
13.83313967481115192     -5.83374028679657108
-5.83313967481515316     -6.90493644454373534
 9.24334962265386828      5.15349273017807086
 0.24344364606370628     13.83313967481819695
-8.83313967481535478     -1.70878402183708999
11.95253515234653285      1.20333314517690004
 7.57824765603824257     -8.67644875878571753
-2.75655635393570542      8.63698725211121499
 5.36538352769306925     -8.61158083291067200
10.36903805967346415     -9.83374028679345713
-10.75655635393609089      8.63698725211061102
 1.24344364606429436      8.63698725211125939
-5.75655635393629606     13.83313967481785411
10.36468538271587825     -3.84131752395793269
-11.83313967481737095     -3.44083482940511320
 4.32002696697716004     -13.83313967481472240
 6.24344364606370572     13.83313967481823070
-3.75655635392865417     -0.02326678573729147
 3.24344364606434343      8.63698725211120966
 2.24344364606423419      6.90493644454233646
-7.83313967481315832      0.02326678573052101
-6.75655635393593013     12.10108886724876598
 3.24344364609518676      1.70878402181762579
 7.52016044215713464     -5.24665130034115101
 8.27164538248920422     -0.05869093957457619
 0.16686032527292111     -13.83313967481026552
-2.75655635393581955     12.10108886724897381
13.83313967481725015      4.59207643510285557
10.24334962264577165      6.88554353775162209
-11.75655635393791520     13.83313967481622520
-11.83313967481621098      3.48736840086935906
-12.83313967481699081      5.21941920843786544
 3.24344364605312574     -5.21942884016059505
-7.83313967481528017     -6.90493644454364119
-10.83313967481378803      5.21941920843684493
-12.83313967481763029     -5.17288563697384074
-9.83313967481544005     -3.44083482940591834
-4.75655635393570719      8.63698725211110840
13.83313967481305085     -7.83374028679657375
-9.75655635393576048      6.90493644454191546
 1.24344364607999514      1.70878402182653044
 8.24344364606370483     13.83313967481822893
 3.24344364606843749      5.17288563697096393
 0.24344364607145835     -0.02326678573743641
-2.75655635392875897      1.70878402183164679
-0.75655635392866882      1.70878402183159994
-5.75655635392872522     -0.02326678573728562
-1.75655635393629361     13.83313967481812767
10.24334962264998694      3.42144192260633861
-5.83313967481710893     -13.83313967481823070
-6.83313967481306062     -1.70878402183831835
-1.75655635392857912     -0.02326678573733501
 8.24344364606423063      6.90493644453296085
-1.75655635393576337      6.90493644454229027
 6.24334962266167537     -0.04265969253306501
 0.24344364607144633     -3.48736840087532896
-9.83313967481562479      0.02326678573163682
-5.75655635393576137      6.90493644454204691
-9.75655635393590437     10.36903805967961745
-4.75655635392883891      1.70878402183165745
-0.75655635393570553      8.63698725211124163
-9.83313967481354112      3.48736840086809075
-4.75655635392867637     -1.75531759330615711
 5.40222207449844394     -5.32090633587635597
13.83313967480977880     -11.83374028679665635
-6.83313967481517093     -5.17288563697482573
-0.75655635393164278      5.17288563697106696
 8.57778334046844826     -6.94412996146405703
-1.75655635392692577     -6.95147001601402614
13.83313967470437156     -3.83374028679656931
 6.24344364606839175      3.44083482938908869
 4.24344364606370572     13.83313967481823070
-13.83211014501720548     13.83297806747252423
 6.41040522661642864     -10.31989651181682355
12.10108886723236488     -10.83374028681079437
 8.39699108807946892     -3.44910630273171659
11.99803266313320016     11.60549842649918872
-13.83313967481781859     -3.44083482940496888
-3.75655635393576226      6.90493644454219968
 1.24344364607629632     -5.21941920844143059
 7.24344364607082003     12.10108886724520794
 2.24698086933983898     -6.95351705435987366
 4.40185620718504911     -3.58906681342795109
 0.24344364607649516     -10.41557163115149542
 1.24344364607134228     -1.75531759330638915
-5.83313967481302065     -3.44083482940718710
-9.75655635393631115     13.83313967481741891
-5.83313967481531126     -10.36903805968142755
12.10108886724146338     -8.83374028679191170
-6.75655635393183474      5.17288563697090265
-7.83313967481720574     -13.83313967481823070
-10.83313967481719331     -12.10108886724923671
10.36903805967157233     -7.83374028679343315
-3.75655635392857112     -3.48736840087512290
10.32002696704876321     -13.83313967480724926
 2.24344364606838109      3.44083482940211383
13.83313967475225148     -1.83374028679656154
13.83313967481818629      6.59207643510285646
 2.24345198711504290     -3.48737321658470778
 6.52062475771508776     -6.97897009767017007
 9.88643051923208560     -11.88062816304516289
 4.24344364606444202     10.36903805968003134
-12.75655635393863641     12.10108886724752963
-13.83313967481637619     10.41557163114203455
