243    29.86068399833200004
-12.19829119159239106     10.93034199916486671
-12.19829119159252073      8.93034199916471216
-3.53803715374781147      5.93034199916282656
13.93034199916554883     -11.93034726447609017
-0.07393553840776210     -4.06965800084572482
-0.07393553859339258      3.93034199915759253
 1.65811526916791108     -3.06965800083718321
13.19696933525568916     13.93034199916569982
-8.65693019239316719     -11.19694550797529864
-7.00213876873582830     -6.06965800083530826
 8.73421351642720012     -10.93038872870780942
 8.67342248507375757     -4.93048498979494898
-7.00213876888457243     13.93034199916485250
-7.00213876888133946      1.93034199916468929
-5.27008796117415379     -7.06965800086675955
-13.93034199916317384     -0.06965800083395207
-13.93034199916249882     -10.06965800083392359
-12.19829119158756292     -1.06965800083640317
 8.43207284892845976     -13.45808947303563308
-1.80598634597876173     -7.06965800084396623
-0.07257996538634104     13.93034199916279192
13.92575274928544182     -13.93034199916560922
-1.80598634617273590      8.93034199916514737
-13.93034199916258054     11.93034199916601246
12.19829119155744834     -6.93034726447690375
-13.93034199916275462      9.93034199916601779
-5.27008796131622681      6.93034199916363391
-13.93034199916334437      3.93034199916603599
 6.95678433066641411     -6.01337880620541565
-13.93034199915171456     -4.06965800083394047
-0.24680796381366565     -12.07639473041557565
 1.65811606440703074     -1.06965800083733975
-8.73418957645455762      6.93034199916482052
 9.21888056360924679     13.63510512564352517
 3.39018914471520327     -4.06961804486279544
-10.46624038402060641     -10.06965800083592200
-7.00213876874350039     -4.06965800083530915
-8.73418957645432670      8.93034199916482052
-12.19829119157344977     -5.06965800083641582
-5.24077216218355257     -13.93034199916600002
-3.53803715373417704      1.93034199916282745
 5.12221688409070453      8.93034337670362532
-5.27008796131415735      4.93034199915844251
-8.73418957645130867     -9.06965800083663964
-13.93034199915883597     -2.06965800083394624
-5.27008796130023249      0.93034199915733296
-1.80598634617722897     10.93034199916544580
-13.93034199916314364      5.93034199916603022
 1.68320088450723859     12.97261886197235192
-0.00197708810415136     -8.06836307699661681
-3.53803715374705741     11.93034199916380089
-3.53803715374249483      3.93034199916282700
-12.19829119159320463      4.93034199916411620
-3.53803715355282522     -6.06965800083716989
 6.95186956349190321      9.97703137560089104
-7.00213876876193364     -8.06965800083530738
-4.64315020845589732     -11.68530546050771335
13.93034199916329818      6.06965273552423223
 5.19417533378816287     -7.06828641807355940
12.19805065526102617     11.07006420030399596
-0.07393553839911730     -6.06965800084573548
-6.61297198511379669     -12.03142995863564302
-10.46624038401884960     -0.06965800083592207
 5.12221728178941138      4.93034268797796749
-5.27008796113911249     -5.06965800086673202
12.19829119156826103      9.06965273552333073
-8.73418957644202898     -1.06965800083636897
-3.53803715360052129     -2.06965800083717122
12.19829119159381037      7.06965273552323481
 8.73418809303396237      5.06965016615622854
 1.58831283210844032     -11.28120188312995253
 6.48862808098459176     -13.93034199916600180
-7.00213876888535047      9.93034199916470506
 6.82878175180427771     11.97324012986832997
-10.46624038402342372      9.93034199916453098
 8.68453368846762430      7.06904137531931731
13.93034199916468907     -9.93034726447604932
 8.73418957642333105     -8.93035240315667522
 1.65811526910682350      0.93034199916262628
 8.66927301696063068     11.08632043937563516
10.46623890058755890     10.06965016617703412
 1.73007371945981370     -7.06836307698809918
-10.46624038402326740     13.93034199916466243
 7.24079179196299361     13.93034199916600002
 5.18364700119720734     -1.06990495516173789
 3.46210239706302847     -6.06832474774263186
 3.39903974519827878     -2.06963762824089459
-5.27008796131409518      8.93034199916363391
-11.19695597642566121     -13.93034199916600002
 8.68905261119500594     -0.93075576271376503
 8.67587752280425129      3.06899289350650895
-7.00213876888489573      7.93034199916469618
 5.21818689171279093     -11.12636755147867618
12.19829119158364250     -2.93034726447689042
 3.39016647418656270      7.93034268792829788
-10.46624038402452328      5.93034199916446436
 1.65811526895885675      8.93034199916276705
10.46623890059108675      6.06965016617700748
10.46623890061457018      0.06965016617700664
 5.12221728183926039      0.93034268803955478
-10.46624038400464052     -4.06965800083592200
12.19829119157144248      5.06965273552320106
10.46623890061400353     -7.93034983382301029
-2.19159207088664232     -11.60968842354115083
-8.73418957631225190     -5.06965800083637230
 6.95682982087962287     -10.01337880574801886
10.37551761323499910     -13.93034199908836079
12.19829119159392405      3.06965273552313667
-7.00213876888453335     11.93034199916482230
13.93034199913918059     10.06965273552430418
 1.73007371946409183     -9.06836307699899002
-5.25577070585516193     -9.09405619079019267
-12.19829119158007735     -3.06965800083640783
11.19696933525560034     13.93034199916490046
 6.88382532415148418     -0.01661935199210416
 1.65811526896418937      6.93034199916276261
10.46623890061443518     -3.93034983382300629
-0.07393553860171127      5.93034199915759608
 3.39016567886298459      9.93034268793800123
-13.93034199916234073     13.93034199916600535
-8.73418957645416860     10.93034199916485605
-13.93034199916131577     -8.06965800083392892
 5.12221608877274814     10.93034337670347966
 3.39050387633014072     11.93092961162179400
 6.95317171504502785      5.97958459309876122
 5.13130068710695042     -3.06927357657899957
12.19715850026379123     -10.93231171444058702
 3.43898177463479549     13.93034199865145517
-5.27008796130820745      2.93034199915733273
12.15063518132270381     -13.00895303682886528
-12.19829119159299680      2.93034199916411264
 4.49603654548965270     -13.75835661410692623
13.93034199916295890     -5.93034726447583438
 8.73418809303800003      1.06965016616368502
-10.46624038402330470     11.93034199916464644
 1.65811526916606300     -5.06965800083718410
 3.39016647420614525      1.93034268792829167
-1.80598634598100860     -3.06965800084392315
-0.00197708810666970     -10.06836307699671806
-3.53803715355876225     -4.06965800083717077
10.46624186744030816     -9.93034983382081116
 6.88107568965984129      7.97828471145661844
-7.00213876887341957     -0.06965800083531022
 6.95447570274927962      1.98213238947156323
-13.93034199916269777      7.93034199916602400
 0.50344500999449293     -13.93034199916198723
-8.73418957645497152      2.93034199916365079
-12.19829119158998232     -9.06965800083650109
 5.33988669900841639     13.30860209824664686
 1.65845346632315782     10.93092892257277882
10.46623890057485617     -5.93034983382300762
-10.46624038402411117      1.93034199916407845
10.46623890059965767      2.06965016617700659
13.93034199916314719     -1.93034726447582794
 6.89391178695809970     -4.01436728966839329
 6.88245463792778445      3.98083521035864507
-0.07393553845732805     -0.06965800084572413
-3.53803715374032901      7.93034199916282567
12.19829119159524744     -8.93034726447690375
-1.80542436534171502     12.93131566604292182
10.46513014924124185     -11.93235060936160252
-9.21886406930460645     -13.63512613410759222
-1.73402789567426563     -9.06836307699447453
-10.46624038401977508     -8.06965800083592200
-5.27008796131585822     10.93034199916366234
-13.93034199915642368     -6.06965800083393425
-12.19789720290435220     -11.07034011238206084
-1.49655499000550618     -13.93034199916600002
 6.95578188768268202     -2.01532449607033470
-1.80598634616140385      2.93034199915608351
 6.95678713957798855     -8.01337880620344301
-10.46624038401130541     -2.06965800083592200
 5.17968001160692904      2.93112109924808806
-12.19829119159333608      6.93034199916465532
 8.73418809303915822     -2.93034983383404279
 3.39016647424912732      3.93034268792829167
 1.65811526902146777      4.93034199916276261
 2.50344500999449204     -13.93034199916343319
13.93034199916517224     12.06965273552431839
-8.73418957633369253     -7.06965800083642382
 8.73418809302459564     -6.93034983385857117
-3.53803695584088373     13.93034199916379379
-3.53803715374460070      9.93034199916282567
13.93034199916393057     -7.93034726447592853
-5.27008796115547717     -3.06965800086671781
 3.46214665615701334     -10.06832474725291604
-0.07393580394236006     11.93034245873736410
-3.53803715358818627     -8.06965800083716900
-0.07393553840622605     -2.06965800084572482
12.19829119159346398     -4.93034726447689042
13.93034199916181137      0.06965273552421408
12.19829119159357056     -0.93034726447689065
-10.46624038402372214      7.93034199916447058
-3.36866357609452916     -13.22663080706248095
 3.39016647419185491      5.93034268792829788
-7.00213876886704689     -2.06965800083530960
13.93034199916342963      2.06965273552421403
-8.73418957643538896     -3.06965800083636919
-1.80598634597943875     -5.06965800084396268
-1.80598634617504872      6.93034199915609683
 5.19419746372050550     -9.06832474724358839
13.93034199916179894     -3.93034726447583216
-12.19829119159283692      0.93034199916360760
 3.39016647433456697     -0.06965731207171125
10.46623890060236128     -1.93034983382299874
 8.73418809303135291      9.06965016615212605
13.93034199916220395      8.06965273552427931
-7.00213876888166098     -10.06965800083530560
-0.07393553860761330      7.93034199915859439
-13.93034199916600180     -12.06965800083391827
 1.65811526897848682      2.93034199916276261
-1.80598634602727293     -1.06965800084392315
-7.00213876888573417      5.93034199916469529
10.46623890061463058      8.06965016617701281
-10.46624038390255507     -6.06965800083592200
-0.07393530650856424      9.93034240117417788
-0.07393553858550041      1.93034199915429294
-10.46624038402392110      3.93034199916408333
13.93034199916219684      4.06965273552422779
-8.73418957645401228     12.93034199916495552
-5.27008790023779472     12.93034210495425640
 3.46214665614620021     -8.06832474725291604
 3.42704134862970466     -12.06801662786438456
-3.46607870324801137     -10.06836307698638322
10.46623890061483841      4.06965016617700659
-8.73418957644962290      0.93034199916363347
-7.00213876888664011      3.93034199916468863
12.19829119158018749      1.06965273552312357
-1.80598634616972831      4.93034199915609683
-8.73418957645544936      4.93034199916480542
-12.19829119159232178     12.93034199916487559
-3.53803715372818273     -0.06965800083717190
-1.80598634615541154      0.93034199915608362
-13.93034199916302107      1.93034199916604199
-10.46357446160591920     -12.06965622404955241
-5.27008796128004597     -1.06965800086670115
-13.19695597642565943     -13.93034199916600535
 5.17608262012717724      6.93101994135441579
-12.19829119158895381     -7.06965800083644513
10.46360758203491770     12.06964843521695840
 7.05136777984849417     -12.01114319984307599
-7.24077216218355169     -13.93034199916600357
 5.19413107470423707     -5.06828641856290840
