246    29.96708368739344408
-8.78738912697522068      0.98617979414460932
13.98354184366633390     -1.98354184363875485
 1.91002436413219945     13.28635033283133460
 8.78738942094884834     -4.98354184363746011
 1.85901962751255567     -12.98383036601427243
 3.59123699632140259      6.01645815631490777
-10.51944019356215243     -4.01382065137363053
-12.25149103611820145     -10.98354184368381858
-12.00587283523156934     -8.99868121900466811
 5.32328780581919148     -6.98354184365387276
 7.05533861344155699     -13.98354184369127928
 7.05533861337990498     -5.98354184363741481
 5.32328780581143679      9.01645815635382775
 8.78738942095770170     11.01645815636279302
-6.80973995757045003     -9.99871592996960068
 3.59123699813609365     -3.98354184368521658
 8.78738941991335132      1.01645815636258474
10.51944022851777838     -3.98354184363749653
 0.11107031987195207      3.98810157554017763
 7.05533861342348789     -9.98354184365990527
 7.05533861329201972     -3.98354184363741126
 8.78738942095086095      5.01645815636262959
 3.78457070862410383     13.98354184369362940
12.25149103609283685      7.01645815636238535
-13.98354184276391443      1.98617940924407521
-10.51944019355759785      7.98617934862636059
-0.02693301989817194      9.98455999532398408
-12.00587284866905868     -6.99868121900243612
 1.71903374551420929     11.01153881003468626
-10.44606271013686793     11.98354415955970964
-10.51944019057526880      5.98617934862636236
-3.49180311792451681      9.98349635933644919
-1.60491542449357305     -8.98354184380006160
-10.42013151090361056      9.98371227339869627
 9.67222348975052526     13.98354184368547948
13.98354184363600439      0.01645815636135410
-5.22397878744725297      8.98371265777222305
-10.44910630120134876     13.98354184369672382
 5.32328780270283985     -12.98354184918158261
 7.05533861222008518      4.01645815636272552
-0.02831587663956249     11.98455951791289564
 0.12713538307034775     -9.98354184380865206
 5.32328780266151469      1.01645815635268089
 0.12713538251351492     -5.98354184284607094
-3.58258392812474380      4.00131885036133639
-7.05533831049397975      1.98617980126945581
-5.32328728676804008      4.98618018492491988
-5.32328728069856272      2.98618018492244897
 8.78738942082678598     -0.98354184363743968
-1.62206471915366213      6.98810127436462114
 0.12713538047832157     -3.98354184103396847
-12.25149103509811077      6.98617940746696409
-8.54177119280788588     -6.99868126615605224
 7.05533861337971224     10.01645815636296177
-3.58258393122871910      0.00131884563731482
 3.45108309617827169     12.01154133346405040
-3.33696621443636898     -9.98354187432935447
-10.51944022855476391     -11.98354184369671671
 3.59123699156623877      2.01645815631479230
-1.62239420826582248     -13.01381604733118813
-8.78738912010043016      6.98617980913633474
 1.85918618334635455     -0.98354184368536768
-6.98196509132917686     13.98354184368939279
-13.98354184369267905     -9.98354184369284248
 0.12713537373870043     -1.98354184027758595
 7.05533861338876012     12.01645815636297776
13.98354184367309472      8.01645815636140036
 5.32328780587246086     -10.98354184369084408
-13.98354184291453528     -4.01382059075696862
12.25149103608772450     -2.98354184363770170
10.51944022840041981      0.01645815636252130
-5.07768937064560522     -8.99871554779407035
 3.59123699715204481     -1.98354184368521635
-5.07766957761290527     -6.99868050180238654
13.98354184366182196      4.01645815636137637
-5.07734354318858294     -10.99871551791657076
-3.49162190059821143     11.98354184435642544
 1.85918618872360586      5.01645815631463332
12.25149103597163602      1.01645815636232650
10.51944022855518845     -5.98354184363751251
-7.05533831515791565     -0.01382019873054409
-8.71553530130609744     12.98617815520695373
-6.95582207805491670     11.98371271527365955
-12.25149103510058524     -5.01382059253663481
-7.05529242949427804     -13.98354184367450515
 7.05533861344156499     -11.98354184369045150
 3.59123699830311915     -11.98354184369233089
-6.80939413013285666     -11.99871590007094646
-1.85053312324165398      1.00131884500321555
-1.60491543214380084     -2.98354184326066463
-8.68808043745842795      8.98371273391010661
 3.59123699136610908      0.01645815631478386
 7.05533861341722446     -7.98354184363742991
-8.78738912250160453      2.98617979414983115
11.64720217036501282     13.66817029912302317
12.25149103609580337     11.01645815636254788
 0.12713538306990263     -7.98354184379023391
12.25149103609271783      5.01645815636234094
-12.21632407242569940     13.04709037721192999
-12.25149103416271679     -3.01382059253381129
-13.98354184366515973      7.98617940928658587
-0.11848230105867222      2.00131885071628091
10.51944022852362259      6.01645815636256653
 8.78738942098614118     -6.98354184363748764
-3.33696623287972116     -7.98354184516050225
10.51944022843868076     -1.98354184363748676
13.98354184369382480     -3.98354184363876396
-13.98354184369301478      5.98617940924409275
 3.59123699826821863     -7.98354184368523256
-3.33696624395559249     -1.98354184312430748
-6.80972016459873064     -7.99868088399579413
-3.49179382958984208      7.98349634135585795
-1.60491542450465663     -6.98354184380003229
-1.60491543551877447     -0.98354184319151972
-5.32328728018268205      0.98618018492070403
13.98354184369122777     -5.98354184364095065
-3.33696623949622628     -3.98354184364865826
12.25149103612106494     -10.98354184364250585
-10.51944018948851856      3.98617934862636414
 1.85918618957916082     -2.98354184368538267
10.51944022855250616     -7.98354184364190456
12.25149103609622436      9.01645815636247860
 5.72839709918585438     13.51286258628327808
 1.85918619057949330     -6.98354184368539865
-8.68811567792793049     10.98377285204811926
 8.78738942086102170     -2.98354184363745878
-10.27382155235140360     -9.99868127783822125
-10.51944019187187784      1.98617934862636569
-1.85053312359471511      3.00131884500889701
-12.25149103504518600      8.98617940746740906
-10.51944022853368743     -13.98354184369672026
-12.25149103509349047     -1.01382059253374579
-3.49156656653722175     13.98354184359167363
 1.85918618205702701      3.01645815631463243
 3.59123698520796619     -13.98354184369233977
-10.51944019355303972     -0.01382065137363273
-3.37157458628722440     -13.98354184358485597
-3.33679155570461639     -11.98384433125773896
13.98354184366652397     10.01645815636144476
-1.60491540688637424     -10.98354187436206075
10.51944022855222549     -9.98354184364232644
 0.03547801976132821     13.98354184369323328
-5.22396950947092886      6.98371265753030190
 0.10934640687729723      7.98920841781544055
-7.05533831220823870      3.98617980126945604
 1.85918619056725354     -4.98354184368539155
 5.32328780415093750      3.01645815635286185
10.51944022857925631     -13.98354184369068598
 5.32328780573093230     -4.98354184365326525
 5.32328780585774286     -8.98354184365412500
-1.75966556039831223      8.98336216199006010
 3.59123699821552123      8.01645815631490777
 8.78738942101021969     -12.98354184369090270
 8.78738941992281930      3.01645815636258918
13.98354184368998432     -11.98354184364278296
10.51944022852369365      8.01645815636258874
-5.32328728578444199     -1.01381981508264740
 7.05533861231439019      0.01645815636268093
-10.27382199369458604     -7.99868127783827010
-5.07766958501303201     -2.99868050167322586
10.51944022852680050     10.01645815636264381
 5.32328780568408266     -2.98354184364738328
-3.58258393180954426      2.00131884607503130
 0.12713540078141619     -11.98354187419074357
13.98354184369085651     -9.98354184364151465
-6.80972060586084638     -5.99868088399577637
13.98354184368600350     12.01645815636145898
-12.25149103397794370      4.98617940746690458
-13.98354184365625308      9.98617940929035441
-5.23035166440818866     12.99529609812916320
13.98354184369093645     -7.98354184364107944
 8.78738942098351750     -8.98354184364200137
 5.32328780473617869     -0.98354184364735187
 8.78738942095488618      9.01645815636276460
 8.78738942099265508     -10.98354184365963881
-8.78738912480560863      4.98617979417389634
13.62218085097842390     13.98354184369006603
-8.78738912642669590     -3.01382020649374649
 0.11106982242906434      5.98810292345591666
-1.60491542579544277     -4.98354184327778427
10.51944022754270058      2.01645815636252479
 5.32328780580713623      7.01645815635352221
 1.85918461057228379      9.01645541954104601
-1.62098049196554372      4.98810156824160078
 3.59123699821863962     10.01645815631502678
 3.59123699630598958      4.01645815631479497
-10.51944019179351919     -2.01382065137363142
10.51944022851970573      4.01645815636255676
13.98354184366020547      2.01645815636136572
 1.85684583886021271      7.01645678700479358
 7.05533861338145840      6.01645815636280634
-3.35419298672244803      5.98823545101960697
 7.05533861325562750     -1.98354184363740838
-13.98354184369460640     -6.01382059076103292
-7.05533831708159553     -2.01382019873060658
 7.67222348975006163     13.98354184368560205
-8.78738912887790491     -1.01382020605269307
 7.05533861212202407      2.01645815636268688
-8.54177075152656684     -8.99868126615719000
-5.22377130989746075     10.98371264701064831
-13.91092371902115588     11.98486062648900585
 1.85918619069938718     -8.98354184368539954
-3.33696623256832847     -5.98354184465700989
12.25149103612156587     -6.98354184364185837
-13.98354184368906061     -2.01382059075596542
13.98354184366307607      6.01645815636139591
-6.80972060581278527     -3.99868088399571420
-1.73433477054023100     13.02844612148931525
12.25149103601983747     -0.98354184363769215
-5.21343323707840600     -13.20408260043701354
12.25149103613058088     -12.98354184366026765
-12.25149103611841461     -12.98354184370577080
-1.75967484162303478     10.98336216755116013
 5.32328780422975978      5.01645815635287384
-13.98354184368326791     -11.98354184369284248
 3.59123699830682108     -9.98354184368523612
13.98354184368557540     -13.98354184368432840
-8.54177142069251438     -4.99868089249634373
 1.85918619073810665     -10.98354184368551856
 0.12713537121414942      0.01645815974277643
 1.85918618155592075      1.01645815631463243
-6.95602962534588620      9.98371272604257776
12.25149103609075851      3.01645815636233650
 7.05533861338573409      8.01645815636281256
-8.78736632901796355     -12.98358184117772396
10.51944022856137728     -11.98354184366008646
-12.17887291246215931     10.98486062473865488
-12.25149103395182770      0.98617940746651933
 5.32088045111965435     11.02063310336242452
-6.95602963443194966      7.98371272604242677
10.51944022852701188     12.01645815636272019
 8.78738942095467479      7.01645815636266246
-13.98354184369436126     -13.98354184369366138
-13.98354184281073564     -0.01382059075594091
-12.25149103244176096      2.98617940746677313
-13.98354184278050205      3.98617940924407943
-10.27382200712150784     -5.99868127783827099
 0.12678613691300231     -13.98354184369444120
-13.73792365726314912     -7.99868121722682357
12.25149103612132251     -8.98354184364202091
-7.05533831707325909      5.98617980126945781
-5.07766957758406789     -4.99868050180156231
 3.59123699815063135     -5.98354184368521924
12.25149103612420198     -4.98354184363772479
-8.54179075839713242     -10.99871594164743449
-13.98354184365697783     13.98354184368568909
