247    29.97973187261637662
 1.59859133181512103     -10.98986593630753461
13.98986593630575292     -2.00775739404195042
 0.13345947574966857      1.99224260595956637
-0.13345947575381442     -11.98986593630745112
 0.13345947574840358      3.99224260595956792
-3.42811536672042294     11.98986593630816344
-6.89221698186480136      7.98986593630810660
 8.79371351359790765     -5.00775739404121367
-3.59756109089131115     -3.98986593630725617
-10.52576432116816285     -11.98986593630573694
 1.59859133181559465     -6.98986593630695463
 6.79474375452204615     -11.98986593630793784
12.25781512873644452     -3.00775739404128917
 1.86551028332104440     -3.00775739403992093
 0.03598624841995338      9.98986593630817765
-13.98986593630603004     -9.98986593630532305
-13.82042021215536209     13.98986593630516140
 3.59756109088983012     -0.00775739404077229
-0.13345947575370301     -9.98986593630744224
 5.23213867114671949     12.98986593631052422
 6.96418947871859828     13.98986593630818298
10.25884536966090366     -13.98986593630819009
12.25781512873526502      4.99224260595911939
-3.59756109089158560     -9.98986593630747599
-13.82827472342527386      4.00359544529237166
-1.69606455915613363      4.98986593630949393
12.25781512873637702     -11.00775739404135756
 7.06166270602495327      7.99224260595880764
 3.59756109089083509     -4.00775739404083975
-7.06166270602982760     -13.98986593630752395
-8.79371351359894859     -2.98986593630588171
-7.06166270602924318     -5.98986593630742536
-8.63212230071346731      7.00359544529303335
 6.96418947870580318      9.98986593630814923
13.98986593630569253     -4.00775739404194375
10.52576432116524252      7.99224260595836533
-3.42811536672629202      5.98986593630812880
 8.52679456209101794     -10.98986593630788633
-5.32961189846050054     -10.98986593630741559
-3.33064213938698783     -2.00775739404024245
12.25781512873502166      6.99224260595915137
-13.98986593629842901      7.99705682688989228
13.98986593630650965     11.99224260595800118
 7.06166270602795532      1.99224260595878899
-5.16016617429461188     12.98986593631585862
 5.32961189845905992     -1.00775739404028175
-3.42811536672374695      9.98986593630814923
 8.79371351359576892      4.99224260595953417
 8.79371351359660025      2.99224260595944580
 1.86551028331678492      4.99224260596046943
13.98986593630573338     -6.00775739404193665
-5.32961189846025452     -4.98986593630726905
-12.25781512873700940     -8.98986593630555575
 0.13345947575183617     -2.00775739404048492
-1.69606455914525656     12.98986593631482478
10.52576432116729066     -6.00775739404161246
 3.33064213938388454     -13.98986593630784725
-10.36417310828264959      6.00359544529227218
10.52576432116557470      9.99224260595836178
-8.79371351359909070     -8.98986593630596609
 6.96418947871442118     11.98986593630815278
 1.59859133181500535     -12.98986593630756659
10.52576432116712546     -2.00775739404161824
 8.79371351359713671      0.99224260595931457
13.98986593630548647     -8.00775739404192954
-10.35631859700962565     11.98986593630519870
 1.86551028332035784     -1.00775739403974418
-6.89221698186885590      3.98986593630805508
 3.50008786355829482      7.98986593630816522
-13.98986593630607622     -11.98986593630544562
 8.52679456209089182     -12.98986593630800002
-5.06269294695922323      0.99224260596126146
-12.25781512873596313     -0.98986593630457542
-6.89221698186956644     13.98986593630815989
-7.06166270602917656     -1.98986593630741071
-12.25781512873703072     -10.98986593630569608
-5.16016617429648150      8.98986593631234321
-8.79371351359910491     -12.98986593630621655
-8.62426778944017158     12.98986593630827002
 3.33064213938404929     -9.98986593630758080
-12.25781512872724655      8.99705682689146613
-8.63212230071387943      5.00359544529195066
-8.79371351359801068     -0.98986593630576858
-3.42811536671964578     13.98986593630818831
-8.63212230071900599      1.00359544529166533
-13.98986593630597142     -13.98986593630582043
-1.59859133181764368     -3.00775739403944131
 1.86551028331807633      2.99224260596040992
13.98986593630540476      3.99224260595802916
 1.59859133181521451     -8.98986593630746711
-10.52576432115877125      7.99705682688998643
-6.79474375452735213     -0.00775739404006626
 1.86551028331944435      0.99224260596038960
 3.59756109088636133      5.99224260595925973
-3.59756109089140974     -7.98986593630734188
13.98986593630558062      1.99224260595803604
-13.98986593630606734     -7.98986593630527864
-3.59756109089137022     -5.98986593630727437
 3.50008786356430912      9.98986593630817055
-6.89221698186960285      9.98986593630813680
-7.06166270602921831     -3.98986593630741648
12.25781512873493106      8.99224260595915759
 7.06166270602889767     -4.00775739404122788
-1.59859133182125857      2.99224260596091618
-13.98986593630208652     11.99705682688991004
 8.79371351359790232     -9.00775739404122433
 5.06269294695295891     -10.98986593630756659
 5.06269294695290384     -12.98986593630757014
 7.06166270602893054     -6.00775739404124032
13.98986593630558239     -10.00775739404192421
 3.50008786357539226     13.98986593630817232
12.25781512873569135      2.99224260595910962
-12.25781512873643564     -2.98986593630494424
13.98986593630514363      5.99224260595802249
-12.25781512873694190     -4.98986593630550601
 5.32961189845974737     -5.00775739404081488
 5.32961189845748518      2.99224260595991876
-10.52576432116794969     -3.98986593630567121
12.25781512873633794     -1.00775739404128406
11.99089617722970225     -12.98986593630804620
 0.03598624841710109      7.98986593630817765
-7.06166270602949897     -11.98986593630745290
13.72294698479849551     -13.98986593630819364
-5.16016617429700286      4.98986593630969377
-5.32961189846041083     -8.98986593630738184
12.16034190143520810     12.98986593630969288
-8.79371351358534525      8.99705682689188535
 1.86551028332156155     -5.00775739404017006
-12.25781512873506962      1.01013406369610359
-10.52576432116804028     -7.98986593630569786
 7.06166270602606172      5.99224260595880764
 0.13345947575238321     -4.00775739404050579
-6.89221698186682641      5.98986593630808528
 3.33064213938417009     -7.98986593630757458
-6.89221698187250187      1.98986593630803155
-5.16016617429440494      6.98986593630970088
 0.03598624841428098      5.98986593630817765
10.52576432116724447     -4.00775739404161513
 6.79474375452209678     -9.98986593630791653
-10.52576432116798522     -13.98986593630622011
-1.86551028332268132     -10.98986593630743158
-13.98986593629806130      9.99705682688989583
12.25781512873618517      0.99224260595893232
-12.25781512873705914     -12.98986593630574937
-10.52576432116799943     -5.98986593630569253
-6.89221698186891363     11.98986593630815101
13.98986593630526265      9.99224260595800828
-5.32961189846027228     -6.98986593630726993
 1.76803705600161898     12.98986593631284059
-1.69606455915129661      8.98986593631019915
 1.76803705599005245      8.98986593630968756
 3.50008786356791912     11.98986593630817232
 0.13345947575103639     -0.00775739404048469
-7.06166270602939949     -9.98986593630744935
 8.79371351359781173     -3.00775739404120745
-8.79371351359898767     -4.98986593630591013
-0.13345947575360212     -5.98986593630734721
-13.98986593630509390      0.01013406369499846
10.25884536965989646     -11.98986593630819009
-1.86551028332274482     -12.98986593630743869
-1.69606455914739263     10.98986593631209274
10.52576432116715566     -8.00775739404160980
 3.33064213938394627     -11.98986593630762698
-1.86551028332256852     -8.98986593630742092
-12.08836940458417075     12.98986593630889530
-12.09622391585561552      3.00359544529371236
 7.06166270602709467      3.99224260595879299
-0.13345947575365483     -7.98986593630738362
-10.52576432115731464      9.99705682689002018
 0.03598624842538842     11.98986593630817765
-3.42811536672892503      3.98986593630812392
-8.62426778943921590     10.98986593630751152
10.52576432116735106     -10.00775739404160802
-3.42811536672383088      7.98986593630813680
-5.16016617429440494     10.98986593631366659
10.52576432116565996      5.99224260595836888
 5.32961189845476824      6.99224260596014613
-13.98986593630547048     -1.98986593630500175
10.52576432116702065     -0.00775739404162142
-0.13345947575393641     -13.98986593630760922
 1.76803705598750827      6.98986593630938824
 5.32961189845982553     -7.00775739404085041
-7.06166270602934620     -7.98986593630744579
 3.59756109088898413      1.99224260595925173
-10.35631859701298474     13.98986593630523245
-1.59859133181862401     -1.00775739403921438
 5.32961189845626926      4.99224260595995428
-3.33064213938947784      1.99224260595976332
 8.79371351359505837      6.99224260595955105
-3.59756109089166021     -11.98986593630750441
 6.79474375452209234     -13.98986593630813502
 8.79371351359760389     -1.00775739404096853
10.42829109385660757     11.98986593630819542
 8.79371351359317011      8.99224260596032465
-3.33064213938840803     -0.00775739404024227
 8.69624028628544110     10.98986593631022757
-10.52576432116670624      0.01013406369486072
-5.16016617429898528      2.98986593630961695
 5.23213867113481612      8.98986593630951702
-12.25781512872620738     10.99705682689304709
10.52576432116667071      1.99224260595837532
-5.06269294695790339     -1.00775739403919906
-8.63212230071565756      3.00359544529190403
13.89239270900497125     13.98986593630819542
-1.86551028332197322     -4.98986593630646968
-8.79371351359899478     -6.98986593630596165
-3.59756109089174814     -13.98986593630754349
-1.86551028332251101     -6.98986593630730724
12.25781512873645873     -5.00775739404134512
-10.52576432116741145     -1.98986593630513986
10.42829109386388531     13.98986593630819186
-5.32961189846058403     -12.98986593630742448
-1.59859133181999979      0.99224260596079361
 5.06269294695317118     -8.98986593630755060
-1.69606455915385168      6.98986593630959874
-13.98986593630604780     -5.98986593630524222
-5.32961189845982819     -2.98986593630662689
 7.06166270602852908     -0.00775739404122566
-12.09622391585245182      5.00359544529373323
 3.59756109088769227      3.99224260595925884
-13.98986593630307240      5.99705682688988873
 7.06166270602887103     -2.00775739404122744
 7.06166270602894475     -8.00775739404124387
10.52576432116626570      3.99224260595837199
 5.23213867113809705     10.98986593631025421
-13.98986593630485409      2.01013406369499847
12.25781512873651735     -7.00775739404135045
 5.32961189845952799     -3.00775739404046583
12.25781512873625623     -9.00775739404135400
 3.59756109089084264     -6.00775739404086817
-12.25781512872851309      6.99705682689140129
 3.59756109089043541     -2.00775739404079845
-13.98986593630557529     -3.98986593630500508
13.98986593630818831     -12.00775739404191711
13.98986593630576181     -0.00775739404195725
 8.69624028629010759     12.98986593631233966
-10.36417310828755234      2.00359544529226907
 0.03598624842947696     13.98986593630817943
 8.79371351359784725     -7.00775739404121456
 5.32961189845845862      0.99224260595983615
-10.36417310828437621      4.00359544529227218
-10.52576432116811489     -9.98986593630571384
13.98986593630507613      7.99224260595801539
 1.76803705599619909     10.98986593630969999
-12.25781512873698276     -6.98986593630553266
-8.79371351359908182     -10.98986593630608688
12.25781512873388124     10.99224260595935299
