252    30.55459485409999942
10.81319581182265566     -1.72270257280582784
 2.07203064007895232     11.42768192516827774
-12.54524661947968589      1.57806642346400361
-7.34909419677007847     10.27729742704582527
-5.07051990941172903     -10.56672533086545052
 3.86978758043040028      6.30407541427426299
11.28698001830937692     -14.27729742704720906
-14.27729742699942861     -9.42193357653725094
12.54417297756372207     13.27915722296604706
10.81104527085405387     14.27729742704751814
-14.27729742704749505     -11.42193357653725982
-8.51216911448640090     -4.33929281194278182
 1.56135782798129252     14.01142204873269037
-1.77663568548922490     -12.54911568365945129
-11.78437705409442238      5.42768192525688775
-3.88499258161966976     14.27729742704310567
14.27704520899219354     -14.14835485022645045
10.56700272283988973     -12.35702546910397714
 0.25110735316987726     -9.57433493837206484
12.54524661948009268     11.27729742705086124
-4.85617382386755025      1.42768192517232140
-1.47889485727809955     -6.57079502821230665
 2.07202940641540145      1.42768192515473480
-4.85617382386878127     -0.57231807482769825
 0.33997859864201807     -3.57231807516811450
-1.39207220872810478      3.42768192516939640
-6.58822463138552283      8.42768192525321247
 9.04927749754317112     13.33063259039597526
 5.60183838799483436     -4.69592458572642091
-14.27729742704860172      8.27729742704889837
14.27729742704648430      2.27729742704940374
 5.60183972307171008     11.30407541427313234
-1.39207220872932669      1.42768192516938508
-14.27729742704627824     14.27729742704907956
 3.86978891550320814     12.30407541427381801
 7.28750969624551459     14.27729742704981142
 0.25315595032442784     -7.57079502855108011
-10.73033533391655503     -9.29000353539994350
 9.08060728544768381      3.27822936231364315
 2.07151470511298808     -4.57366481029720440
14.27729742704699234     -11.72270257295141960
12.54524661935418450     -6.72270257294971074
 9.08060728544810480      5.27822936231364181
-8.32027543900393241      3.42768192517471393
12.54524661948043907     -8.72270257294977824
-4.85617382381585472      9.42768192525185533
 8.27782088102655145     -12.55056703823952979
10.81319581188759393     -9.72270257290827367
-1.39207220867269266      9.42768192523994841
-12.46953944122826030     -8.27751002823655924
 7.34855781295237964     12.27822936231400952
-9.08114500422710158     -2.42193357671654130
-10.81319581183309531      0.57806642333200042
-6.77825374181602491     -14.13520964864230578
14.27729627103097876     14.27729742704927851
-7.34909419676867248     12.27729742704591764
14.27729742704848448     -9.72270257295131834
-10.81319581190791723     10.27729742704824112
12.54524661947725406     -4.72270257294970364
-4.85617382381720741      7.42768192525163862
 0.33997859884952814      8.42768192515899628
 5.51116212101280833     -8.69424842365165773
 7.34855647787865873      2.27822936231345796
-7.34909419666849306     -1.42193357668322018
-1.39207220873081572     -0.57231807483061481
 1.99250450133910362     -6.57435677735052693
-4.85617382386619045      3.42768192517232162
 0.33997859884686521      4.42768192515885062
-12.54524661947758624      9.27729742704929627
 3.26866174374452179     -14.27729742704980431
 9.08060862052079187     11.27822936231319417
10.81319581182459366     10.27729742720089234
-12.44037851616700330     -14.27729742704920035
 3.86978758043313809     10.30407541427426388
-8.99828452634884357     -10.29000353553726299
 5.60183838800162626      9.30407541427357820
 7.34855647787783450      0.27822936231311879
14.27729742704681470      4.27729742704940374
14.27729742704599936     -5.72270257295060958
14.27729742704673299     -3.72270257295060691
 7.34855647787878752      4.27822936231365336
 1.98315816093479702     -8.57433493871155861
-12.46953944122694224     -12.27751002823659121
 7.25766246119629788     -7.71970413951682044
14.27729742704611660     -1.72270257295060514
-9.08114500433971372      9.27729742704702787
-7.26623371883856084     -11.29000353563875159
 3.86978758041247417     -1.69592458572573745
-10.81319581183309531     -3.42193357666800235
-4.93365013178076683     -2.57081686684943378
-6.78554213500863757     -9.34862886772039658
-10.73033533399349970     -11.29000353540605772
-1.48298480804512844     -10.57079084628404608
 3.86978758042793825      0.30407541427426260
 0.33997859884688503      2.42768192515668213
10.81319581182749268     -3.72270257281223582
-14.27729742704645410     -1.42193357653710772
-3.21094566501160683     -7.57079502821629102
-4.94299647257649788     -6.57079502820938632
-6.78554213499888803     -7.34862886772039303
 2.07202940641643041      5.42768192515766135
-12.54524661947652042     11.27729742704929983
 5.60183838800023715      7.30407541427357643
-7.34909419676661102     14.27729742704624449
10.81319581182311573      2.27729742719824912
-4.94299647258597918     -8.57079502820951511
 5.60183838799888445      5.30407541427357643
-10.24964375014318030     -7.34862886746668131
 7.34855647788090671      8.27822936231445361
 3.86978758042452364     -3.69592458572573745
-1.39207220873255122     -2.57231807483061514
 5.60183838799765876      3.30407541427357687
 5.51116212061838073     -10.69424842365165773
 5.26866174374452179     -14.27729742704971549
-3.27573956561041024     -9.68420561335984154
-8.77320012285679951     -14.27729742704845428
 9.08060728544484874     -2.72177063768635374
12.54524661947738906      3.27729742705034433
-14.27729742704870830     -7.42193357653721542
-2.15294177405578546     13.27729742703257010
 7.34855647788229494     10.27822936231445539
-14.27729742704916838      2.57806642346296044
-3.21094566484909061     -5.57079502821488592
 3.78845765384855770     -5.69427026229001676
-10.24421992208669430     -5.33929281188902305
 3.86978758042916704      4.30407541427426299
 0.26250229072927922     -5.57081686718993918
-14.27729742704749327     -5.42193357653720209
-1.39207220872538673      7.42768192516945369
-9.08114500433827665     11.27729742704703142
10.81319581182321521      6.27729742719883177
 9.08060728544931450      7.27822936231364093
-14.27729742704895166      6.27729742704885485
-8.99828452649760990     -12.29000353553726299
14.27729742704840454     10.27729742704956628
10.81319581182353495      8.27729742720031858
 3.54360662245809044     14.27729742704983273
-8.51759294264427425     -8.34862886758787504
-9.08114500433655714     13.27729742704806881
 0.33997859902766214     -1.57231807516201871
-12.46953944114962098     -10.27751002823658411
12.54524661947742459      5.27729742705035942
-5.65772892562612029     -12.47857929267430421
10.81319647986077470     12.27729858397288432
 8.98971326876602816     -8.71970413951555301
 3.86978758043175253      8.30407541427426388
10.81319581182268230      0.27729742719790312
-3.12412301624611288     10.42768192525035964
-8.32027543895656052      5.42768192525440440
12.54524661943248454     -10.72270257295003226
-3.12412301629500133      6.42768192517073089
 9.28698001830935915     -14.27729742704915061
 9.07829030219340716     -10.71774170401458015
-10.60678931951347792     -13.47857929283887657
14.27729742704685201      6.27729742704941351
-3.70841031826862633     -12.03119023714224589
 7.34855647787549415     -1.72177063768709648
 7.30262138378115377     -9.79381817983833081
-3.12412301629774314      2.42768192517071091
14.27729742704979898     -7.72270257295061135
10.81319581182299494      4.27729742719843475
12.54524661947775321      7.27729742705046867
-12.54524661945881725     -2.42193357653599683
-1.46954851664468666     -4.57081686685234256
12.54524661947590936     -2.72270257294970275
-3.20159932421501603     -3.57081686685484900
-10.81319581181360334     -1.42193357666800235
-5.61704338919687096     13.27729742704772775
-3.12412301629895106      0.42768192517067910
12.54524661947687392      1.27729742705033766
-9.08114500423648430     -0.42193357668166931
-0.42089096649576319     14.27729742704790894
 7.34855647786860988     -5.72177063768715399
-11.97627072973196682     -6.33929281175673776
12.54524661947731623     -12.72270257295004292
-3.12412301629638156      4.42768192517071313
 7.34855647787639565     -3.72177063768711047
-3.12412301624758593      8.42768192525035253
 2.07202940641911493      9.42768192515776704
-10.05232624652614781      4.42768192525556259
-6.58822463143594916      2.42768192517316361
12.54524661947492703     -0.72270257294966345
10.81319581183932321     -5.72270257283010420
-6.78011830693714845     -3.33929281190872285
10.81212003418661816     -7.72270256272864319
 7.26866174374484419     -14.27729742704980787
 3.77911131344426199     -7.69424842365104755
-14.27729742704880955     -3.42193357653711194
 0.25463470866253202     -12.40211002975656562
 2.07202940642481748     -0.57231807486458763
-10.81319581190646240     14.27729742704833349
-12.54524661947647246     13.27729742704932292
-6.58822463143437353      4.42768192517353310
 5.41555815935302309     13.57316857270150834
-1.39207220867123027     11.42768192523995907
 0.33997859884814607      6.42768192515899095
-3.12412301630215516     -1.57231807483187258
-12.54524661947928799     -4.42193357653600216
 5.60183838799642064     -0.69592458572642224
 2.07202940843562411     -2.57231807902115195
 2.24934886676977541     -12.55654141330657936
-1.47889485744047211     -8.57079502821238215
 0.33997859885680987      0.42768192513691888
-2.78330736077390917     -14.27729742704751459
 6.26866174374476604     -12.54524661948097553
-3.88499258163067784     12.27729742704298843
-13.51642786166528687      4.42768192525587168
 9.08060728544580620     -4.72177063768635286
-11.78437705409579195      3.42768192525688731
-8.32027543900545297      1.42768192517423542
-6.58822463138698300      6.42768192525319382
-8.32027543895515187      7.42768192525442217
-12.54524661947820796     -0.42193357653599683
12.54524661947886166      9.27729742705058413
 9.08060728544706208     -0.72177063768635485
-6.58822463143750792      0.42768192517262021
 2.07202940641773070      7.42768192515776615
 4.27196499263637541     -12.42670075259097651
-8.51759294248094001     -6.34862886757000133
-10.81319581190674128     12.27729742704826599
-10.05232624657358542      2.42768192517604975
 5.52050846141708274     -6.69427026229062783
-14.27729742704804217      0.57806642346289339
 1.98315816054147720     -10.57433493871375951
14.27729742704971372     12.27729742704957872
 5.60183838799392930     -2.69592458572642180
 0.33997859889839727     12.42768192523866055
-12.54524661947949049      7.27729742704928384
-5.61704338920049828     11.27729742704462090
-0.76996401020562022     -14.27729742704808480
-4.85617382386479690      5.42768192517232162
-4.78330736077391805     -14.27729742704707583
 3.77911131304985348     -9.69424842365104666
-10.81319581190930279      8.27729742704823934
-6.78554213487837110     -5.34862886762616174
 2.07202940641520073      3.42768192515765513
 9.08060728544755591     -6.72177063768635197
 9.08060728545070361      9.27822936231364004
 5.60183838799740652      1.30407541427357732
14.27729742704724814      8.27729742704950411
-10.05232624652476048      6.42768192525562387
-14.27729742704678095     10.27729742704891791
 1.23003598979438600     -14.27729742704942772
 0.33997859889693816     10.42768192523865700
-14.27382698335484967     -13.42293258141127232
14.27729742704586791      0.27729742704940130
 9.08060728544767493      1.27822936231364404
-4.94299647241617812     -4.57079502820938632
 3.86978758042803461      2.30407541427426299
-14.27729742704605442     12.27729742704902449
 7.34855647787963218      6.27822936231441098
-1.39207220872676229      5.42768192516943682
