253    30.59141778060000050
-9.09955646758698045     -3.49903042687125865
-3.93755377688488295      1.55791419684243793
11.68307328764119646      4.50000000000020517
-10.86575700715560444      1.55791419685179577
-10.83160727514947652      5.61485882056819197
10.83160727515167210     -12.29570889029141689
-7.40165539202255029     -0.44208580315774149
-8.48035631348664332     12.51659254778025243
 3.90340404487454462     -8.29570889028753200
-12.56365808271692508      8.61485882057103858
-0.47345216173698607      7.55791419684440147
10.83160727515326371     -0.29570889029132247
-7.36750566001798468     -2.49903042687145049
 9.09955646758477954     12.29570889029155900
-14.29570889028617664      5.61485882057019925
12.56365808272169815     -7.29570889029141334
-10.83160727515375754     -4.49903042687494814
 5.63545485244447164     -13.29570889029104919
-14.12566296890421746     14.12242021570024697
 3.90340404487462678     -6.29570889028729308
-0.47345216174702343     -2.44208580315762580
-3.93755377683920882      7.55791419692581368
14.29570889029102432     -2.29570889029133518
 6.48692086493436548      1.50000000000041189
 3.02281924980089123      9.50000000001381473
-6.48890080053738405     -10.29570889029036529
 7.36750566001426499     -8.29570889029118064
 5.63545485239786625     14.29570889029158209
 3.02281924979406602      1.50000000000488565
13.41512409521009808      3.50000000000018474
-9.09955646757961922      8.61485882057169405
12.56365808272208362     -3.29570889029137470
-12.56365808271705653      6.61485882057046215
-1.29274837783221841     -9.29570889028693514
 2.17135323730683716     -13.29570889029052339
-3.02479918539941384     -10.29570889028986613
-3.96964748769494724      9.72169477208042920
-14.29570889028956238     -0.49903042686103449
-2.20550296931192236      6.55791419685376109
-12.56365808272259521     -11.49903042687543397
 5.63545485244640076     -3.29570889029104119
-9.09955646758490033     -7.49903042687501031
 0.43930242973804179     -14.29570889029070813
-9.95300241567496791     -12.29570889029066194
 3.90340404487438164     -10.29570889028768832
 9.09955646757310532     14.29570889029156255
12.56365808272269291      8.29570889029154657
-3.02479918539948667     -14.29570889029058023
-2.22630151752088912      8.59465060828056515
-6.48890080053718599     -12.29570889029039726
14.29570889029156788      9.29570889029161762
-5.66960458445385740      2.55791419684236887
 7.36750566001519935     -4.29570889029117708
-14.29570889029147196     -8.49903042687521548
-9.95300241567467658     -14.29570889029087155
-9.09955646758057490     10.61485882058008912
-0.47345216174714783      1.55791419684264798
-14.29570889029143466     -12.49903042687557431
-0.47345216174701482     -0.44208580315750740
-9.09955646758492875     -9.49903042687526700
 0.43930242973811190     -12.29570889029026048
-10.83160727515606148     -0.49903042687119648
11.68307328764119291      2.50000000000020295
 1.29076844222507447     -1.49999999999512967
-5.70169829526248240     10.72169477208310617
 3.90340404487401837     -4.29570889028724689
 5.63545485244701361     10.29570889029158032
10.83160727515298483     -4.29570889029132363
-4.45204067051323982     12.51200272738555874
 1.29076844222516440      0.50000000000487355
-14.29570889028665626      9.61485882057032804
-2.20550296931605816      2.55791419684263532
-7.40165539201760136      3.55791419685145227
 1.29076844222885478      8.50000000001897860
-14.29570889028734548     11.61485882057127661
-14.29570889028457081      1.50096957315040025
14.29570889028989278     -10.29570889029136893
-9.48035631294971637     14.24864335565938944
 8.21897167250338079      2.50000000000024514
-4.75684999296854283     -9.29570889029030312
-2.17624291743847431     10.60696311974865935
 7.36750566001447371     -6.29570889029117975
12.56365808272223461      0.70429110970866038
 7.36750566001402163     -10.29570889029118419
-1.29274837783201280     -7.29570889028677794
 6.48692086493425180     -0.49999999999960371
-12.56365808272257212     -9.49903042687526700
-12.56365808272566831     -1.49903042686993260
 6.48692086493427755      5.50000000000046096
-7.40165539201184153      5.55791419686167565
-0.47345216174700100     -4.44208580315773283
-5.66960458445363358     -1.44208580315769108
 3.02281924979395900     -2.49999999999521094
-3.93755377688479324     -0.44208580315761059
-12.56365808271859130      4.61485882056788199
 3.02281924979392791      3.50000000000495426
 2.17135323730506880     -5.29570889028729752
10.83160727515323707     -2.29570889029132230
 9.95102248007226287      1.50000000000023914
 5.63545485244566802     -5.29570889029104119
10.83160727515285515     -6.29570889029134939
12.56365808272051687     -13.29570889029150216
-0.41634452258494897     11.55709870997446309
-3.02479918540103654     -8.29570889028675040
 1.29076844222467813      6.50000000000506173
14.29570889028982705     -14.29570889029141689
-12.56365808272265738     -5.49903042687501564
 3.02281924979369343      5.50000000000530065
 5.63545485243280453     12.29570889029158032
-12.56365808271815965     10.61485882057108299
 4.75487005736507840      8.50000000000047784
-4.75684999296836075     -11.29570889029030312
-14.29570889029158209     -2.49903042687506538
 1.29076844212607034     10.50000000001936051
-14.29570889029149328     -6.49903042687513643
-10.73378221335851279     11.80642173344762824
 3.90340404487549719     -14.29570889029091418
14.29570889029061576     -8.29570889029135117
14.29570889029074188     -6.29570889029134761
 1.29076844222507137      2.50000000000491829
-12.56365808272093254      0.50096957313949220
 5.63545485244546640     -7.29570889029104030
 9.09955646758281134     -11.29570889029133873
14.29570889029148084      1.70429110970874609
-13.41710403081263259     -14.29570889029085734
-5.66960458443388671      6.55791419687781740
 9.09955646758490211      8.29570889029152525
14.29570889029156788      5.29570889029151726
-9.13370619958647900      2.55791419685136612
 2.17135323730562302     -9.29570889028745562
10.83160727515381261      7.29570889029154479
-12.59780781471874178      2.55791419686181731
10.83160727515134525     -14.29570889029144531
10.83160727515378063      9.29570889029155012
-3.93755377688472352     -2.44208580315764801
-3.93755377688508057      3.55791419684254251
12.56365808272074958     -11.29570889029146308
 6.48692086493425801      7.50000000000046274
-5.66960458444876014      4.55791419685161081
-7.40165539202271194      1.55791419684232979
 6.48692086493439390      3.50000000000043610
-5.63545485244898359     -3.49903042687156640
-3.90340404488014592     -6.49903042687161836
-10.86575700714961101      3.55791419686146781
12.56365808272269646      6.29570889029152969
 9.09955646758490566     10.29570889029155722
-1.39255406220094513     14.29570889028394376
-2.20550296931586498     -3.44208580315769064
-14.29570889029156788     -4.49903042687506982
-10.83160727515598332     -2.49903042687121735
 4.75487005736541946      0.50000000000048106
-14.29570889028785885      3.61485882056795305
 7.36750566001041474     11.29570889030106429
-7.48091018077933168     14.29570889028213898
-0.47345216174840010      5.55791419684440147
 0.43930242973672018     -8.29570889028703817
-10.83160727514813715      7.61485882057075791
 3.02281924979182337      7.50000000000806111
-10.83160727514809984      9.61485882057245966
-6.48890080053695062     -14.29570889029062819
 2.17135323730547647     -11.29570889028764036
10.83160727515191013     -10.29570889029137604
-12.56365808272267337     -3.49903042687501298
-1.29274837783063856     -11.29570889029004199
 4.75487005736536616      6.50000000000047873
-2.20550296931587697     -1.44208580315758139
-9.13370619958073782      4.55791419686147581
14.29570889029156788     13.29570889029182723
-5.63545485244711308     -7.49903042687492594
14.29570889029156966     11.29570889029161762
14.29570889029114156     -0.29570889029132402
-11.68505322324383044     -13.29570889029071701
-5.63545485244444677      8.61485882057389141
 8.21897167250321914      0.50000000000024059
 3.90340404487429637     -12.29570889028806846
 2.17135323730575447     -7.29570889028730640
-9.13370619959188801      0.55791419684284760
-3.90340404488011172     -4.49903042687161836
10.83160727514943389     13.29570889029887404
-0.47345216174733123      3.55791419684292221
 3.90340404484462100     11.29570889032406988
12.56365808272253481     14.29570889029156788
 2.17135323715884043     14.29570889028786418
12.56365808272266271     12.29570889029156788
-6.48091018119824458     12.56365808247137039
 9.09955646758247028     -13.29570889029134229
-5.48091018077915049     14.29570889018888202
-9.09955646758044345      6.61485882056861296
 7.36750566001322493     -14.29570889029127834
-9.09955646758485059     -5.49903042687489751
-11.47980244511995807     14.29570889028479108
 7.36750566001534146     -2.29570889029112246
-3.02479918539942405     -12.29570889029020186
 9.09955646758400505     -5.29570889029130054
-12.56365808272261653     -7.49903042687514443
 9.95102248007227175      5.50000000000024514
-7.36750566001233498      9.61485882057755603
 7.36750566001595519      9.29570889029168335
 8.21897167250339145      4.50000000000024869
 7.36750566001368057     -12.29570889029119130
 3.02281924979401939     -0.49999999999519046
-8.22095160810595260     -13.29570889029060510
 1.29076844222500986      4.50000000000496403
 9.09955646758413295     -3.29570889029127301
 5.63545485244488997     -11.29570889029104208
 7.36750565999037388     13.29570889031453440
14.29570889029097636     -4.29570889029134761
-7.36750566001793583     -4.49903042687145405
 0.43930242973656297     -10.29570889028713943
 4.75487005736548696      2.50000000000048050
-2.20550296931631706      4.55791419684273880
-3.93755377687996022      5.55791419685190569
-1.29274837783067742     -13.29570889029042924
 0.42067356498414998     -6.26393443811482520
 9.09955646758306713     -9.29570889029131031
-2.17135323731121765     -5.49903042687170718
 8.21897167250326355      6.50000000000027356
-5.63545485244906708     -5.49903042687156685
-8.22095160810615511     -11.29570889029054825
 3.90340404477844771     13.29570889036764392
-9.09955646758708170     -1.49903042687125798
10.83160727515214461     -8.29570889029135650
12.56365808272098938     -9.29570889029141334
 4.75487005736532264     -1.49999999999951816
-7.36750566001600049     -6.49903042687494370
-14.29570889028611091      7.61485882057029517
12.56365808272181361     -5.29570889029140712
-2.20550296931593559      0.55791419684243848
-2.43673212149067320     12.58992690524056179
 5.63545485244522748     -9.29570889029104030
-10.83160727515375044     -10.49903042687537180
-3.48091018077914560     14.29570889028455483
10.83160727515372379     11.29570889029167446
-4.75684999296822664     -13.29570889029034220
-14.29570889029150393     -10.49903042687538424
-10.83160727515376287     -6.49903042687498544
 0.38939958747931974     13.38761132372440521
 1.29076844222509401     -3.49999999999523137
-10.83160727515374866     -8.49903042687516574
12.56365808272214224     -1.29570889029134340
 2.17135323725470819     12.29570889028785530
-5.66960458445371085      0.55791419684233812
-7.36750566001196550      7.61485882056953400
14.29570889029156788      7.29570889029154213
 4.75487005736538926      4.50000000000047962
12.56365808272265383     10.29570889029155900
 9.09955646758433012     -1.29570889029127190
 9.95102248007230017      3.50000000000023892
-7.36750566001602980     -8.49903042687502364
 9.09955646758329451     -7.29570889029130765
-12.56365808271403850     12.61485882057129615
-0.47345216183942340      9.55791419684447163
14.29570889028966185     -12.29570889029140623
