255    30.68839519960186379
-8.38241966571005470     -3.93030728137161622
14.34419759978946196      5.73725780206065838
-5.54356360327233855      4.81347313102446250
-9.54356420406819694      4.81347278457948580
 4.61757795903864210     -5.65927544364735979
-5.54356420403773864      8.27757439972711495
10.34598776063273817     -4.65607689885110076
 0.25706919166957443     12.61214679220194057
 2.65580239969003973     -12.61214679193354904
-6.34419759979979592     14.34419759980093190
10.25707132514472164     12.61214679225433599
-0.74292974301485759     10.88009536957325274
-14.34419759979634890     -3.50146816530119320
-13.73269534918319756     -5.40569110327225921
-4.34693041026470617     -7.41441945257410939
-11.34419759978489850      5.68394356193495920
11.65580240019937364     -14.34419759953723883
-9.34419760031029156     -12.61214679193309429
 6.61757558758462761     -5.66235534794569606
10.34419653309111631     -1.19094481235615191
 8.65580239969011878     -12.61214679193102484
-9.54356360359234834     -2.11473009906641662
-1.74293080833063163     12.61214679220198143
 0.65580239968999876     -12.61214679151612472
-14.34419759979613218      7.41599436951022462
-12.34419759979979503     14.34419759978741737
 4.25707030689210253      2.21984130461205886
 9.25707132471541172     10.88009598493331787
-13.34419759979675746     12.61214679221015267
-12.34693041023194660     -7.41443089859601123
-8.34693041026470084     -7.41441945258225310
 9.25707132509870334     14.34419759979677700
-6.34419760049982351     -10.88009598424989299
-14.34419759980093367     -14.34419659754709997
-0.74293080837626335     14.34419759979732412
-3.34693040984325441     -9.14647026036326771
-10.54356420407934358      3.08142197701703768
14.34419759979948239      2.27315618743248438
 1.65306958973528673     -7.41441945235242539
 6.25707034573825815      2.21984138297126465
-10.34419759978349340      7.41599436950310054
 1.25707025840376607      7.41599375411408435
-5.38241966528655968     -5.66235808869287371
 3.61520687584236278     -3.83289987755590866
-4.54356420405949102     10.00962520730855232
 7.34419653261155325      0.54110475865689500
-9.54356420405563100      1.34937116946184776
-2.34693041026470839     -7.41441945255029200
13.34419759973657449      7.46930860960008847
-7.38241966528659077     -5.66235808869602941
 0.25707025797597644      9.14804456143597911
 3.25707025845330378      3.95189213900441549
-2.38241966530673510     -3.93030728110735428
-3.34419760031005220     -12.61214679168929287
12.38147619781589626     -8.13812129392119665
 7.25707132385528819     10.88009598537666633
11.34419866616977934     -2.92299438838978398
 5.65306484260507158     -7.41441671183094808
 7.34419866617063199     -2.92299808773867342
13.69569351002134816     -6.63052955332967997
-6.54356360307950435     -0.38267929114613297
 7.65306484260506892     -7.41441671183665463
-6.34693041026470350     -7.41441945257893753
 5.65580239967974308     -10.88009598436351055
14.01050637830889478     -10.49443706893898920
-0.38241966530636168     -3.93030728063902357
11.38147383896421516     -6.40607184823811515
-9.38241966529035665     -5.66235808918280625
 7.25707025845297782      3.95189337026795773
 0.45643642489662328      1.34937150082058221
 8.34598776063425518     -4.65607936191906280
-0.54356360267103021      6.54552393938677035
 6.65306959015673893     -9.14647026039708777
-13.34419759979870435      5.68394356193985839
 2.25706919167036313     12.61214679220512913
 3.25707025703146735     10.88009659972277277
-5.54356360307793228      1.34937151642183673
-8.54356360365147260     -0.38267929146339014
 6.25707132340176830     12.61214679271400740
10.25707132471859495      9.14804517736620149
-14.34419759979607534      3.95189275435752174
-5.54356420408327644     11.74167601486369783
 8.34419653298788511      2.27315680272202814
-6.54356360363888623      3.08142232366715607
-8.34419759977814479     10.88009598463796301
-10.34419759980118592     -14.34419759979661713
-8.54356420404448968      3.08142197702429588
 5.25707025793007521     10.88009660029588410
14.34419759979744313     12.66546103229475584
-0.54356348798528986     -0.38267935704594591
 9.38147490528171524     -6.40813710097390299
-1.34693040984325552     -9.14647025995548546
 8.25707132395051069      9.14804517780599902
11.34419759932024974      7.46930860986350265
 7.25707025840342634      7.41599498543143199
-2.54356360309467533      6.54552393913813457
-3.54356360307230744      4.81347313155634371
 7.65580239968289611     -10.88009598436532066
-4.54356420408802730     13.47372682243531550
 6.34419653308614873     -1.19094610793826838
12.46957927978227332     -11.76940517717790691
-2.34419759980119302     -14.34419759957825669
 8.65306959015673627     -9.14647026039708066
12.34419759975160780      9.20135941718338302
-11.54356420398647920     -2.11473044571583824
-3.54356420406363748     11.74167601488021084
 4.25707025700083541     12.61214740732825845
-13.34419759977430608      2.21984194679107238
 5.25707132249235531     14.34419759975858000
-12.54356420401019889     -0.38267963816065054
 9.34419653300824393      4.00520761036170736
-2.34419760048491810     -10.88009598388244470
-6.34419759980118947     -14.34419759977179787
-2.54356360227689793     -0.38267929111279853
-14.34419759979713582     -10.87379914976303574
-8.34419759979979503     14.34419759979341435
-7.54356420404309524      4.81347278459236971
-14.34419759979981102     14.34419759977905784
11.25707132518956222     14.34419759979769715
 7.65580240019903968     -14.34419759979376607
-1.34419760031000357     -12.61214679171387587
-13.43607824049536070     -9.09185660600210710
-13.34822717886632937     -12.60982555281067086
 5.25707025840339792      7.41599498537708790
-10.34419759979979503     14.34419759978889530
-2.74293080837626091     14.34419759980093367
 2.25707025797689376      9.14804456257935250
-12.34419759980118414     -14.34419759980059972
11.34419653304002118      0.54110599524231273
11.47827680961245100     -9.96543874074869329
 3.25706919162373199     14.34419759980093545
13.25707132519407594     14.34419759979841302
 1.25706919162373443     14.34419759979740405
12.34419759876102773      2.27315618751664994
14.34419759978329267      9.20135941714281458
 5.61310134877864453     -3.92464776587884945
 4.25707025797656780      9.14804579269954310
 4.25707025840689113      5.68394294768945585
-14.34419759979639331      0.48779113923494360
 0.65306959015674315     -9.14647026016991127
-4.34419759980119125     -14.34419759955301288
-11.34693040981053969     -9.14648170592162479
12.34419866611855632     -1.19094358079134000
-12.34419759978367104     10.88009598464084249
11.25707132514820863     10.88009598468706685
 8.34419653308914810     -1.19094604863624576
12.25707132519362474     12.61214679222979562
-6.38241966530693539     -3.93030728111535144
 9.34419866617046679     -2.92299685145724686
-11.34419759978498377      9.14804517707112730
13.34419759979689957     10.93341022472617574
-8.54356420406680428      6.54552359214755874
 3.65580240019880209     -14.34419759980093545
-1.54356360266763670      4.81347313181580816
 1.65580239952391439     -10.88009598383909093
13.65580240019943759     -14.34419759979926745
-11.34419760031125435     -12.61214679193722787
-10.34419760050155190     -10.88009598425847990
-3.38241966528627547     -5.66235808868816015
12.34598669434614848     -4.65401164613232332
-6.54356420406152317     10.00962520728226224
10.65580239969013476     -12.61214679193490262
 9.68207876495110931     -10.86158543957073341
 2.45643642511044158      1.34937153271875010
-0.54356360263030745      3.08142232422900619
-7.54356360309069984     -2.11473009870854733
 1.45643639737869801      3.08142232427696872
-7.34693040984325219     -9.14647026039159883
 6.25707025840651276      5.68394417781000882
-14.34419759980093367     -7.30991404124183219
 8.25707132466932059     12.61214679247569670
-8.34419759980118769     -14.34419759979116726
-11.38242413439441769     -5.66236129346400574
-12.38241966581167297     -3.93030790596534274
10.38147726413339988     -8.14018654665698094
 5.65580240019880254     -14.34419759980093190
14.34419759980093900     -1.19300883363506482
-10.34419759977924436     10.88009598463669292
 0.45643639733236319      4.81347313181943726
-5.34419760031011393     -12.61214679190578458
-2.54356360263238246      3.08142232422657436
 1.65580240019880365     -14.34419759979621567
-2.54356360365893330     10.00962555395524056
-9.34693040984325130     -9.14647026039634881
 3.65306721405910206     -7.41133680753255675
-5.54356360265215287     -2.11473009846864457
-9.34419759975897790      9.14804517705791120
-1.38241966528624860     -5.66235808866440493
-12.34419759979603626      3.95189275437250664
 7.25707132424199397     14.34419759979819631
13.34419759935298089      4.00520699474376762
-12.34419759978639419      7.41599436950297264
13.41833750854159746     -2.96579846904397204
 1.45643651222574011     -0.38267932514618896
-14.34419759979145148     10.88009598463806071
 3.45643651239491234     -0.38267922446359587
-0.34693041026471089     -7.41441945210958409
-0.34419759980119458     -14.34419759947319051
-9.34419759979664555     12.61214679221563983
-7.54356420404235983      8.27757439970232234
-11.54356420405746952      1.34937116943551882
-10.38241966581167652     -3.93030728191433365
-3.54356360365515277      8.27757474638342039
12.34419759930083593      5.73725780228267102
-1.54356357512370757      1.34937150077917734
 2.61758033471377027     -5.66235808780723371
-7.54356360364030820      1.34937151609906847
-8.34419760050001891     -10.88009598425461277
10.34419759856156595      5.73725780273265062
 6.25707025835724906      9.14804579297364207
 1.61758033469367168     -3.93030728024338183
-0.34419760048132880     -10.88009598404387468
 9.65580240019917291     -14.34419759979767584
-7.34419759979662690     12.61214679222604218
 9.34419653261203997      0.54110599493614475
 4.65306959015674071     -9.14647026039205890
-11.34419759979664732     12.61214679221722612
 0.45643667138879451     -2.11473022460791205
 2.45643753121778241     -2.11473062025263658
-10.34693041026469906     -7.41441945307079475
-10.54356420399657779     -0.38267963814112416
 0.61758033471376861     -5.66235808820223241
-6.54356420367689928      6.54552359194983246
 6.65580239969011878     -12.61214679193836652
-4.38241966530678706     -3.93030728111231831
-12.34420753041195340     -10.88010171755190569
11.34419759861954446      4.00520699510706013
-3.54356360228355260      1.34937151645630005
-1.54356360223094291     -2.11473009865514427
-3.54356360264755121     -2.11473009846767912
14.34419759980093012     -4.73858810456848456
 4.65580239969011878     -12.61214679193837362
-14.19773070833974415     -1.50683851303312277
 2.25707025840689068      5.68394294654700705
 9.25707132395809573      7.41599437023637531
14.34419759980093723     -8.52247100211655351
-4.54356360265070425     -0.38267929090060282
-1.54356360309911000      8.27757474670957194
-5.34693040984325307     -9.14647026038675648
-13.34419759978504416      9.14804517707271003
 3.65580239956636577     -10.88009598429326452
13.34598669438471674      0.54007367690041896
 2.65306959015674204     -9.14647025967813576
-7.34419760031012103     -12.61214679192836918
 8.25707025840651276      5.68394417786434403
 3.25707025840377318      7.41599375525669124
10.34419653298802899      2.27315680278116572
14.34419759979820341     -12.46640313576189563
 5.25707039417560384      0.48779054743612515
 4.54356265130421377     -2.06141587983906982
-4.54356360363319212      6.54552393880184624
 1.25707025698576480     10.88009536957655499
-4.34419760049731707     -10.88009598422789459
 5.25707025845330467      3.95189214014718448
-4.54356360271134019      3.08142232377906211
