258    30.89123891830000090
 4.05331461372426904     12.44561945913551604
-14.44561945913650902      6.82966396185672231
-4.07129025702156078     -13.17074269682572485
-2.33588756424167432     -10.17028305195346860
14.44561945913702594     -10.78629153542722996
12.71356865156691107      7.44561945913140466
12.71356865156748484     -0.55438054086860566
 1.14283780897838660      3.82966396184692615
-5.78536542129734688     -0.17033603815300732
 4.05331461372102986     10.44561945912963985
 2.87488861654910144     -3.17033603814971254
-11.06864588023566043     -7.30797793119754679
 4.05331461372127588      6.44561945912963186
 2.87488861654921246     -1.17033603814969855
 4.05331461372204593      4.44561945912963008
-12.80069668780509851     -8.30797793119658223
 1.12821751968134620     -10.17028303621910013
-10.98151784399839670      8.82966396185613611
-10.98151784401562736     -3.17033603828480492
-14.44561945913636869     -9.44561982404155387
 4.05331461372426727     14.44561945913616974
 9.24946703642894974      5.44561945913122170
-4.05331461372853230     -1.17033603815311715
-7.51741622886608862      2.82966396184694746
14.44561945913433831     14.44561945913315526
 1.14283780897836906      1.82966396184679270
-2.87488861655136541      8.44561945913572742
 8.13294079777389101     -11.44561945914629852
-2.32126380615948058     -0.17033603815309217
-0.60383674761076811     -11.17028303625761332
-14.44561945913673640      2.82966396185672053
-4.05331461372836532      0.82966396184689384
 9.80309184682578305     -3.17033603814803611
-1.14283780898207632     13.44561945913592460
11.53514265439466868     -2.17033603814795706
-10.98151784404428177     -1.17033603822046217
-2.53028757327952158     -14.44561944722365432
-9.24946703642955370      7.82966396185605706
-2.32126380616944594     -4.17033603817110521
 1.14283780897059217     -2.17033603816639609
-4.06767102266281277     -11.17074597153055393
-14.44561945913646284      8.82966396185672409
12.71356865156698568      9.44561945913140733
13.26719346196361649     -3.17033603814785403
-5.78536542129802811     -2.17033603815428977
 1.14283780895326847     -4.17033603819620069
-11.53514265439537034     13.44561945913642020
14.44561945913605250     10.44561945913157253
-7.51741622886619787     -1.17033603815306431
10.98151784399912501     -8.78629153542710739
11.59704241291070304     -13.44561945914793455
 6.33899023168771514     -5.17033603814824083
-14.44561945913648238     10.82966396185672409
-12.71356865159326333     -0.17033603818600015
-5.78536542129710352      3.82966396184699986
10.98151784399781228      6.44561945913130785
12.71356865156647409     11.44561945913140733
 2.32126380615546335     11.44561945913538992
 8.07104103925679262     -4.17033603814809606
-5.88965489360732075     -12.33794617353495582
 7.51741622885919369     12.44561945913117285
-1.14283780898199483     11.44561945913550538
 8.07104103925686012     -2.17033603814809251
 4.40088999021048721     -10.44561945913748602
 9.24946703642961943      1.44561945913122036
-4.05331461372319968      6.82966396185569025
-0.79675104701601884     -13.44819721314836691
-14.44561945913748424      0.82966396185671953
14.44561945913699752     -8.78629153542713226
-14.44561945912953504     -5.17033603834334610
14.44561945913459944     12.44561945913271650
14.44561945913608270      8.44561945913151213
10.98151784399854591      0.44561945913129880
 5.78536542129058695      5.44561945913024648
10.98151784399540176     14.44561945913433298
 7.51741622885999572      4.44561945913113732
10.98151784399918363     -10.78629153542713404
-2.32126380615937578      1.82966396184691682
 4.40088999018390670     -12.44561945913748602
 6.33899023168785369      0.82966396185181723
 4.40088993033345943     -14.44561945913748602
-9.33661467496919251     -10.30801270198204911
-9.33659504680402108     -6.30797797599316556
 7.51741622886152960     -8.78629153542681074
 2.32126380615118144      9.44561945912747447
-0.58921299859065901     -1.17033603815318799
 8.07104103925678373     -0.17033603814809156
-5.78536542129718168      1.82966396184699942
-14.44561945913639356     12.82966396185672764
-4.60693942412006407      9.44561945913603829
13.32909322048578460     -14.44561945913718759
 0.58921299858672582     10.44561945913514478
-8.07104103925771632     11.44561945913622480
-2.87488861655101502     10.44561945913574874
-14.44561945912432144     -11.44561982404158762
-2.32126380615931405      3.82966396184692570
-9.24946703645371926      1.82966396181476387
 9.80309184682571200     -1.17033603814802967
14.44561945913624257      2.44561945913148726
 4.60693942411846091     -0.17033603814917883
-4.06793490303098437     -7.17028303622894292
12.71356865156813321     -9.78629153542720331
 6.40088999021048721     -10.44561945913681633
 9.24946703642879164      7.44561945913122170
-10.98129535112924060     -11.44600456200155492
 2.86026807390062965     -9.17028259736890128
-12.71356844087187632     -12.44561945913479128
14.44561945913644330     -1.55438054086853983
-14.44561945912293410     -3.17033603834327238
-5.61229298125717513     -14.44561939887488755
-1.14283780898727994      7.44561945912686074
 5.78536542129056475      7.44561945913024825
-7.51741622886626359      0.82966396184693769
-10.98151781812747174     -5.17033608313689097
-6.33899023168887510     10.44561945913615553
 7.51741622886067873      2.44561945913113732
-12.71356865156755411      3.82966396185619962
 5.78536542129012243     11.44561945913025269
14.44561945913634382      0.44561945913147566
 2.66883770124670905     -13.44562192127268219
 2.87488861654955796     -7.17033603814971698
-7.51741622886096561      4.82966396185568669
-4.06793836273501430     -9.17028303623361118
-9.24946703644791768     -4.17033603828683130
-0.58921299859054477      0.82966396184683633
-2.87488861655092887     14.44561945913615197
-11.06864541718292649     -9.30797793119751660
 5.78536542129122644      3.44561945913015455
 5.78536542129037734      9.44561945913024914
 9.24946703642858381     11.44561945913124212
 9.24946703642950752      3.44561945913122170
-2.87488861655087469     12.44561945913576118
-7.60407520309262885     -11.30801267838826796
 9.24946703643041879     -7.78629153542677166
 4.60693942411841029     -2.17033603814918008
-5.87249299454237050     -6.30797793108298244
 2.87488861654928618      0.82966396185031177
-9.80309184682648116     14.44561945913640244
 9.80309184682572088     -5.17033603814803921
-5.87251306486645674     -8.30801269322769365
 7.51741622885995930      6.44561945913113821
-9.24946703642954660      9.82966396185618585
 9.24946703642874013      9.44561945913122258
-0.58921299859046494      2.82966396184686930
 4.60693942411818380     -6.17033603814920806
-2.32126380615961381     -2.17033603815309206
10.98151784399757425     10.44561945913132028
-7.60456384654378947     -9.30801273808092056
-14.44561945517602375     -13.44561982404336753
-2.32126380615933536      5.82966396184698610
 0.58921299858203746      8.44561945912707657
14.44561945913692647     -12.78629153542724417
-7.43065761888826870     -13.61282287729022578
-10.98129534419310538     -13.44600456541481570
-7.60454426512712356     -5.30797793114693928
-9.24902225970405745     -12.44561945621659582
-12.71356865155045845     -4.17033603834377598
-12.71356865156725036     11.82966396185629954
-9.24946703647267654     -2.17033603821574417
 0.58921299858666565     14.44561945913615908
 7.51741622886158467     14.44561945913632783
-4.05331461372824453      2.82966396184693281
10.98151784399834519      4.44561945913130785
10.98151784399750497     12.44561945913133627
 6.33899023168765119     -7.17033603814824616
 2.66883776110557669     -11.44562192126651823
12.71356865156728411      3.44561945913140200
-7.60454380207434788     -7.30797793114689842
 4.60693942411827440     -4.17033603814920006
-4.60693942411978163     13.44561945913607026
 6.33899023168791054     -1.17033603814820286
-12.71356865156726990      9.82966396185627111
 9.86499160534807551     -12.44561945913710588
 9.24946703642510393     -9.78629153543604602
 1.14283780895354470     -6.17033603819668031
-14.44561945913068612     -7.17033603834339583
-4.06793515637686198     -5.17028259737230833
12.71356865156807991     -7.78629153542708075
14.44561945913609513      6.44561945913149525
-10.98151784399858322      4.82966396185605706
-12.71356865156735694      7.82966396185626312
12.71356865156522709     13.44561945913333645
-2.33588410454238726     -8.17028305195644933
-9.24902224136704021     -14.44561945626320565
 1.14283780897828713     -0.17033603815324475
-12.71356865156084126     -6.17033603834378397
12.71356865156256966     -11.78629153543668373
-9.24946703642966384      5.82966396185599667
-9.80309184682655577     12.44561945913630119
12.71356865156717930      5.44561945913140377
-6.33899023168876319     12.44561945913615553
14.44561945913611822      4.44561945913148993
-4.60693942411993440     11.44561945913604717
10.98151784399935948     -6.78629153542676811
 6.40088999018410920     -12.44561945913695133
-14.44561945913658185      4.82966396185672142
 9.24946703642778623     13.44561945913168621
 4.65504073155468490     -8.28755884882346905
-10.98151784399838249     10.82966396185625690
-4.05331461372818680      4.82966396184693458
-4.05331461372847546     -3.17033603815311960
12.71356865156828242     -5.78629153542678054
-2.33562020654058777     -12.17074595715737395
-12.71356865156771576      1.82966396185579327
-12.71356843691948235     -14.44561945913479661
-5.87249345759513197     -4.30797793108303395
14.44561945913700640     -6.78629153542712604
14.44561945913715917     -4.78629153542672725
-7.51741622886074712      6.82966396185593272
 2.32126380615556416     13.44561945913584822
10.98151784399845177      2.44561945913130740
 0.58921299858166354      6.44561945912687229
-0.60383355033139630     -7.17028261312063453
12.71356865156739246      1.44561945913140200
-12.71356844088727556     -10.44561945913475043
-9.24946703646009460     -0.17033603819639934
 1.12821726629950181     -8.17028259742476060
 8.13294077105925695     -13.44561950537184636
-1.14283780898218845      9.44561945913520873
 6.33899023168784659     -3.17033603814821330
 9.86499160532352803     -14.44561945913716450
 7.51741622885970351     10.44561945913116219
-5.78536542129204889      5.82966396185562097
-12.71356865158614546     -2.17033603828762223
 2.32126380615079864      7.44561945912687140
-7.51741622886761185     -3.17033603815306719
-5.78536542129189879      7.82966396185600200
-12.71356865156741378      5.82966396185623736
-13.26719346196418670     14.44561945913653389
-5.87202442139997416     -10.30801263354848984
-10.98151784399887276      2.82966396185585811
 4.05331461372131230      8.44561945912963807
11.53514265439471309     -4.17033603814796194
 8.07104103925667360     -6.17033603814812537
-10.98151784402289088      0.82966396181413327
 6.40088993033500664     -14.44561945913707390
-0.58921299860031451     -3.17033603816968190
10.98151784399785491      8.44561945913131318
-8.07104103925761507     13.44561945913622480
-9.24946703642988410      3.82966396185574887
 4.60693942411840585      1.82966396185083457
-7.51741622886070981      8.82966396185611657
-9.33659458375126583     -8.30797797599311671
 2.87488861654898775     -5.17033603814971610
-6.33899023168860509     14.44561945913618395
-0.58921300766948392     -5.17033605387893047
 0.93678553202212866     -12.44561945912757039
-14.44561945912985124     -1.17033603824398247
 0.58921299858675547     12.44561945913572742
 2.32126380615073558      5.44561945912679857
-2.33588434882197049     -6.17028259739654050
 5.78536542129298770     13.44561945913580203
 2.87488861654922179      2.82966396185031233
 7.51741622885980743      8.44561945913114265
 0.93678547215849728     -14.44561945912821344
-0.60383328791115809     -9.17028303625999541
-0.58921299859045928      4.82966396184698077
-10.98151784399847131      6.82966396185612723
