261    31.02051386759999829
 0.66074008456502598      6.51025693377942183
12.77820612621095542      0.48974306622460334
-5.85000289593836964      4.00299064498003698
-14.51025693378167247      5.00299064498240842
-6.26746314570924579     10.51025693378195314
-9.73156476084696287     12.51025693378208992
 5.85000289593692635     -3.51025693378025183
-7.99951395327794490     13.51025693378204906
-9.31410451107505999      4.00299064498207358
-0.65385047323059053     -4.99700935502043020
12.77820612621258611     -13.51025693378133496
 2.81025114190688408      3.00299064498071777
-14.51025693378165826     -10.99700935502113808
-11.04615531864370936      9.00299064498237200
-0.65385047323057544     -0.99700935502040822
-1.07131072300255226     11.51025693378174353
-12.77820612621327712     -1.99700935502105104
-2.38590128079948327     -3.99700935502037868
14.51025693378037751     -2.51025693377542547
14.51025693378152859     -8.51025693377992809
-6.27435275704497819     -10.51025693378122305
-14.51025693378153925     11.00299064498243951
 5.85000289593737222     -5.51025693378025316
 7.58205370350904762      8.49841759524269946
 9.31410451107544901     -7.51025693377969450
-12.77820612621259322     10.00299064498239687
-7.58205370350614594      5.00299064498201052
-4.11795208836840221     -4.99700935502031651
 9.65187689247701819      1.13983607304091739
-11.04615531864393496     -8.99700935502106347
11.46026477902359808      1.99408033072815472
-11.46361556841589646     13.51025693378200465
13.19231558659248549      2.99408033072816337
-2.80336153056961557     14.51025693378192116
-14.51025693378190518     -6.99700935502110966
-12.77820612621289165     -7.99700935502112209
 0.65385047323062306     -10.51025693378094061
-11.04615531864382660     -10.99700935502106347
 2.39279089213624330     11.51025693378055514
 9.31410451107417359     -1.51025693377896886
-14.51025693378146819     13.00299064498253898
-5.85000289593746015     -1.99700935502032095
 4.19818461579872970      6.37081111717027682
 5.85000289593778344     -7.51025693378025494
-12.77820612621260210      8.00299064498239332
 4.11795208836831161     -14.51025693378113779
-4.11795208836940230      5.00299064497988066
12.77820612621286145     -7.51025693377953552
-7.58205370350607311     -6.99700935502053767
-9.31410451107491433     -7.99700935502060162
 4.11795208836852300     -8.51025693378066883
 0.65385047323062540     -14.51025693378117332
 2.39279089213388030      5.51025693377938186
-12.77820612621265717     -11.99700935502116117
-2.80336153057147497     10.51025693378174175
 2.81025114190778114      1.00299064498071266
11.04615531864801170     10.49841759524060159
 7.58205370350556418     -2.51025693377983083
 2.81025114190792857     -0.99700935501929255
 7.84757548426521900      6.13853060965897068
-5.85000289593717859     -7.99700935502051014
 7.91982608490772932      2.13983607304031809
11.04615531864292599      6.49841759523170825
11.04615531864387989     -12.51025693378103654
14.51025693378153036     -14.51025693378136339
-5.85000289593836964      2.00299064498001922
-2.80336153057166859      8.51025693378162984
 4.12484169970359993     10.51025693377785331
-5.85000289593721945      6.00299064498195367
14.51025693378105430      8.49841759523111051
 4.54230194947629062      2.00299064498163393
-9.31410451107607607      0.00299064497991804
-2.81025114190695957     -14.51025693378125325
11.05304492997663068     14.51025693378214321
 1.07820033433736473      4.00299064497960710
 5.93023542336707532      7.37081111717119786
 9.31410451107479354     -3.51025693377922421
-4.11795208836824855      7.00299064498190216
-14.51025693378176662     -8.99700935502113275
 5.85000289593735001     -13.51025693378103298
-6.27435275704470019     -14.51025693378129233
 4.26823224547906666      4.37203816118548705
 7.58205370350618146     -12.51025693378094239
-1.07820033433818718     -13.51025693378105608
11.04615531864403088     -4.51025693377862247
 7.58205370350602781     -4.51025693377986325
14.51025693378213965     12.49841759524688101
11.04615531864412858     -6.51025693377927617
14.51025693378067949      6.49841759523094975
-7.58205370350725527      1.00299064498001700
-6.26746314570902729     14.51025693378209702
-9.73845437218255583     -14.51025693378162096
-4.11795208836938098      3.00299064497985801
 6.27435275704667283     -0.99700935501733934
 8.00640356461510372      0.00299064498343866
 0.66074008456919775     14.51025693378155168
-1.07820033433825113     -11.51025693378095482
 5.85000289593763423     -9.51025693378026382
-6.27435275704482276     -12.51025693378124259
-9.73845437218260024     -12.51025693378152859
-1.07131072300077190     13.51025693378185188
 4.11795208836867133     -6.51025693378065373
12.77820612621259144     -3.51025693377786796
 5.85689250727329558     11.51025693377643577
-13.19566637598470749     14.51025693378213433
-2.38590128079949704     -5.99700935502037957
14.51025693378075054      4.49841759523092666
-4.11795208836843507     -2.99700935502031474
-11.47050517975146988     -13.51025693378166537
 9.31410451121995742     11.49841759548473696
 0.65385047323063317     -6.51025693378090242
12.77820612636070940     13.49841759550226783
-2.38590128080040431      2.00299064497963197
-11.04615531864379641      5.00299064498233381
-0.65385047323052725     -2.99700935502043020
11.04615531879113988     12.49841759548800368
-2.38590128079951524     -1.99700935502037846
-7.58205370350634755     -2.99700935502031962
 7.58205370364830067     10.49841759548029252
-7.99951395327807457     11.51025693378204906
11.46026477902291596      3.99408033072815583
-9.31410451107465498     10.00299064498232937
-7.58205370350724817      3.00299064498004009
-11.04615531864487643     -0.99700935502021637
 2.39279089213781004     13.51025693378056580
-2.81025114190714698     -10.51025693378098680
-4.11795208836841109     -6.99700935502031651
-12.77820612621275309      6.00299064498233736
 9.31410451107527315     -5.51025693377922643
 0.65385047323057832     -8.51025693378090509
 7.58205370350669217     -8.51025693378021053
-8.00640356461368974     -13.51025693378147174
 4.54230194947734045     -1.99700935501836807
-2.38590128079966890      0.00299064497962198
-2.38590128080039321      6.00299064497965151
-5.85000289593730383     -5.99700935502033250
-7.58205370350709984     -0.99700935502026122
-11.04615531864393851      3.00299064498207091
14.51025693378153036     -6.51025693377917403
12.77820612621131247      5.49841759523080231
-5.85000289593730827     -3.99700935502033028
 9.65187689247627034      3.13983607304093448
 4.12484169970640746     12.51025693377992987
-4.11795208836859938     -0.99700935502029209
-6.26746314570902729     12.51025693378209702
 5.85689250727534549     13.51025693377988901
-11.04615531864363298     11.00299064498243240
-14.51025693378154990      9.00299064498242352
-5.85000289593827727      0.00299064497983414
-7.58205370350597718      7.00299064498223522
-12.77820612621283303      2.00299064498206558
-14.51025693378213077     -4.99700935502110788
12.77820612621285434     -9.51025693378032599
12.77820612621703766     11.49841759524034224
-4.53541233814029887     11.51025693378183767
 0.66074008456494049      8.51025693377942183
-9.31410451107516479     -3.99700935502043109
-4.53541233814043032      9.51025693378183057
-9.31410451107488946      6.00299064498229562
-11.04615531864494393      1.00299064497993862
 0.66074008456618671     10.51025693378150372
-1.07131072300400065      7.51025693377953285
 6.27435275704586637      1.00299064498283297
 2.38590128079946462     -13.51025693378106851
12.77820612621198926      7.49841759523142493
 9.32099412241113967     13.51025693377627945
-9.31410451107483617      8.00299064498231871
-8.00640356461380343     -11.51025693378138115
11.04615531864419253     -8.51025693377993342
-14.51025693378214143     -0.99700935502102617
-14.51025693378169557      3.00299064498212287
-12.77820612621277441     -9.99700935502114518
11.04615531864351041     -2.51025693377817927
11.04615531864418188     -10.51025693378071146
-14.51025693378158721     -12.99700935502115584
 6.00028305304741139      5.37203816118640987
 7.58205370350612817     -14.51025693378125858
-4.11795208836939519      1.00299064497982848
 2.39279089213383989      9.51025693377938275
-0.65385047323076850      1.00299064497959289
 2.38590128079951569     -9.51025693378096726
-1.07131072300271857      9.51025693378153214
-14.51025693378160142      7.00299064498241286
11.04615531864368450     -14.51025693378138470
14.51025693378100634     10.49841759523112117
-2.80336153057138215     12.51025693378184833
-2.38590128080037767      4.00299064497964086
-12.77820612621325402     -3.99700935502110699
14.51024733647343368     14.51025361975506911
 2.38590128079954811     -11.51025693378100812
14.51025693378174708     -12.51025693378128700
 9.31410451107364779      7.49841759523166207
-7.58205370350602692     -8.99700935502058563
-5.85000289593701872      8.00299064498210910
12.77820612621189156      9.49841759523145335
-9.31410451107616133      2.00299064498010271
-12.77820612621274599      4.00299064498227608
-9.31410451107491077     -9.99700935502081300
-4.54230194947589538     -13.51025693378115911
-9.31410451107500492     -5.99700935502060162
10.97325401131665856     -0.37199414313665702
-9.31410451107591797     -1.99700935502036403
-12.77820612621300000     -5.99700935502111765
 4.12484169970678316     14.51025693378047876
-4.54230194947613519     -9.51025693378114667
-11.04615531864405220     -6.99700935502105192
-4.53541233813992850     13.51025693378242387
-12.77820612621379404      0.00299064497989151
14.51025693378133674     -4.51025693377830361
-9.73156476084678879     14.51025693378211656
-11.04615531864440037     -2.99700935502105192
-2.81025114190707281     -12.51025693378106318
14.51025693377994585      1.48974306622469443
-7.58205370350623653     -4.99700935502034227
 2.38590128079956809     -5.51025693378095038
 2.81025114190801961     -2.99700935501930577
11.04615531864286559      8.49841759523170914
 7.58894331484221496     12.51025693377636294
-14.51025693378164405      1.00299064498192481
12.77820612621278862     -5.51025693377888715
 0.66074008456790512     12.51025693378150372
 5.85000289607729940      9.49841759548022324
 9.57962629183505676      5.13853060965902220
-7.58205370350582886      9.00299064498223522
14.51025693378005776     -0.51025693377533032
 4.11795208836857807     -12.51025693378080561
 9.31410451107495341     -13.51025693378112535
-11.04615531864375910      7.00299064498233470
 1.07820033433832663     -3.99700935502049726
-13.20255598732042124     -14.51025693378168135
 7.84757548426640739      4.13853060965862696
-0.65385047323150869      5.00299064497966395
-4.54230194947600019     -11.51025693378114667
 4.11795208836826188     -4.51025693378062886
 1.07820033433835660      0.00299064497950407
 5.85000289593758982     -11.51025693378044501
-1.07820033433827489     -7.51025693378084913
 7.58205370350646923     -6.51025693377987213
14.51025693378155701     -10.51025693378066528
-12.77820612621264473     12.00299064498240931
 4.19818461514715402      8.37081111856311644
-14.51025693378213255     -2.99700935502110521
 9.31410451107509729     -11.51025693378079140
-11.04615531864416056     -4.99700935502105192
 4.11795208836854520     -10.51025693378073456
-2.81025114190718872     -8.51025693378081804
 9.31410451107899817      9.49841759524083962
12.77820612621292540     -11.51025693378109516
12.77820612621106910     -1.51025693377540082
 1.07820033433818252      2.00299064497950452
 9.31410451107548987     -9.51025693378035086
 2.38590128079948238     -7.51025693378095127
 1.07820033433840856     -1.99700935502049703
 4.54230194947719390      0.00299064498163184
 2.39279089214618690      7.51025693377938186
 0.65385047323063261     -12.51025693378094417
-0.65385047323151291      3.00299064497960755
-1.07820033433832974     -9.51025693378085180
 6.00028305304847454      3.37203816118640587
 7.58205370350652608     -10.51025693378025672
 7.58894331484432438     14.51025693378016790
