262    31.06169087179999977
-14.53084543587674204     14.53084543586578015
-7.53084543586722077     12.79879462830128389
12.53084543587676869     -6.23815921499130699
 4.06859163835012350     -9.33469301315973077
13.53084543587675093     -7.97021002256020239
-0.93140836165498730     -11.06674382072348095
-2.97352503270022739     -0.65079632211061733
 7.51745121704752073     -1.04980931226695184
-1.01339421880219427      6.29982149501391042
-10.93140836177922637     -7.60264220549926151
-7.93140836166924590     -5.87059139802317542
-13.49132583472508173      2.38428250756364468
-12.93140836163160934     -14.53084543587777588
 3.50405699822793970     12.79879462830644599
-2.01339421880027736      4.56777068744388615
-13.66360667206888913     -1.12653463349340721
 1.06859163834703663     -7.60264220558688830
-1.97352503270124302     -2.38284712968024914
 6.50405699823141692     14.53084543587735666
 3.50405699822776517      9.33469301316868361
-7.93140836175414421     -12.79879462823410918
12.51745121704879971      7.61044472557758933
 0.98660578119782916      6.29982149501253730
-10.93140836163158980     -14.53084543587332966
-4.93140836165390084     -7.60264220558399195
-4.97352503270022783     -0.65079632210913907
 3.02647496729977217     -0.65079632211918592
-12.53137307889399210      4.13884533247824393
-2.01339421880479064      8.03187230258544993
 0.50405699822729255     11.06674382073769536
-7.01339421880225711      2.83571987987799812
-6.01339421880560643      8.03187230260231821
14.53084543587396205     11.06674382073567742
-9.01357227688701101      2.83582269398076958
 9.50405699822826655     12.79879462830660231
-4.53084543587666477     14.53084543587770305
10.06859163836298521     -9.33469301316772082
 6.02647496729966825     -2.38284712969298695
14.53084543587755917      7.61824724556004540
 2.06859163834636428     -9.33469301315615674
14.53084543587245570     14.53084543587368316
 7.51745121704862029      2.41429230287104701
-6.53084543586260047     11.06674382072905338
-9.53084543586476940      9.33469301316210043
-0.01339421880475916      8.03187230258428642
 8.50405699822811201     11.06674382073766871
-5.93140836175349229     -12.79879462823457636
 5.06859163836844395     -14.53084543587751298
13.51745121704914254      9.34249553314665349
 5.51745121704818153      2.41429230287118379
 6.06859163834965631     -12.79879462829778625
 1.02647496729977239     -0.65079632211342642
-2.93140836163156626     -14.53084543587486088
14.53084543587697475     -6.23815921499141623
11.53084543587724653     -1.04200679228457127
 1.50405699822746164      9.33469301316888966
-5.93140836165549068     -9.33469301315319555
-8.01339421880356717      4.56777068746337989
-12.06414893604893734     -2.32725731200246377
-3.01339421880090974      2.83571987987536822
-9.93140836175434494     -12.79879462823226532
-2.93140836163647256     -4.13854059043812761
-10.53084543587667810     14.53084543587330124
 1.06859163836844040     -14.53084543587702449
 7.06859163835287596     -11.06674382073073737
 3.06859163835133986     -7.60264220559015147
-8.53084543587666744     14.53084543587377908
10.51745121704870201      4.14634311043978965
-14.53084543587050881      7.60264206463974190
12.51745121704873220     11.07454634071537036
-8.93140836163648189     -4.13854059043485734
 0.02647496729888196     -2.38284712968179191
 5.50405699822778161      9.33469301316859656
-14.53084543587145028      4.09290739952277427
-6.93140836163647212     -4.13854059043564781
-6.97352503270022872     -0.65079632210788974
 0.98660578120030107      2.83571987987183816
 9.51745121704870023      5.87839391800875344
 5.06859163835332271     -7.60264220559270054
 8.06859163836310955     -5.87059139802980301
 0.06859163834581158     -9.33469301315505895
 2.50405699822743655      7.60264220559999604
-5.97352503270140112     -2.38284712967754997
-6.93140836165397012     -7.60264220558340398
-8.93140836163157736     -14.53084543587420008
-14.53084543586930621     -7.33017224622232177
-3.97352503270737412      1.08125448546387570
10.50405699823141958     14.53084543587733712
-7.53084543586136590      9.33469301315936484
 6.51745121704851726      4.14634311043986692
-10.53084543586933286     11.06674382073154206
13.53084543587748989      5.88619643799116865
 2.50405699822778827     11.06674382073757990
 0.06859163834450854     -12.79879462829285863
-10.93140836177732389     -11.06674382067612683
-0.97352503270022761     -0.65079632211195793
-0.93140836163156460     -14.53084543587559807
-10.53084543586238198      7.60264220559184434
-0.93140836163647289     -4.13854059043959932
14.53084543587747035      4.15414563042207341
-0.49594300177257250     12.79879462830668047
13.53084543587111988     12.79879462830551340
-2.01339421880754310     11.49597391772551269
11.51745121704868424     12.80659714828423468
 2.98660578120078535      2.83571987987035889
-5.01339421880229441      6.29982149501579514
-1.93140836165267649     -5.87059139801636398
 2.50405699823140271     14.53084543587735311
-11.53084543587242017     12.79879462829903147
-12.78901333346374614     -10.32559351934151515
-14.53084543587726607      0.67565762221858117
 9.51745121704862029      2.41429230287092489
 7.06859163836844751     -14.53084543587761246
-6.93140836163157470     -14.53084543587430844
-2.93140836165538010     -11.06674382072261231
 4.50405699823140271     14.53084543587733179
-10.53137317171206533      4.13823600920304724
 7.51745121704859276      5.87839391800870015
-1.97352503270737434      1.08125448546240310
-1.01339421880690717      9.76392311015556125
-14.53084543587425692     11.06674382072879226
10.53084543587732469      0.69004401528454595
-9.93140836181120434     -9.33469301308710442
 0.06859163834759466     -5.87059139801767849
-7.97352503270737500      1.08125448546581349
 5.06859163834981707     -11.06674382072879403
-10.93140836163648189     -4.13854059031891008
 3.50405699822726913      5.87059139803102070
-1.49594300176863748     14.53084543587784516
10.51745121704863095     11.07454634071532062
-10.97352503269299184     -0.65079093851666003
 8.06859163835400750     -9.33469301316249833
-9.97352975587332402     -2.38284447300721514
11.53084543587737976      2.42209482285339250
13.53084543587692501     -4.50610840742251550
 3.06859163836844218     -14.53084543587738686
-8.93140836177407493     -7.60264220553715919
 3.06859163836352611     -4.13854059044905576
 1.50405699822769878     12.79879462830641579
 6.50405699822780115      7.60264220559972959
 2.06859163835210236     -5.87059139802083418
11.51745121704871444      5.87839391800871613
 8.51745121704869668      4.14634311043987935
-4.93140836165551111     -11.06674382072222507
 4.06859163834574744     -12.79879462829534553
13.53084543587746680      2.42209482285312871
 1.98660578119980791      4.56777068744105463
 8.51745121704859720      7.61044472557757512
-11.53084543586759203      5.87059139802597230
-4.93140836163156937     -14.53084543587442745
-12.53084543586994748      7.60264220559349369
-12.79616649668508721     -8.32560631131823570
-9.97352503270013280      1.08125986905633997
 4.50405699822699201      4.13854059046198230
 1.06859163836352655     -4.13854059044536005
-9.53084543587180555     12.79879462830204062
 8.06859163835284576     -12.79879462829967629
 2.02647496729903542     -2.38284712968763790
 7.50405699822812711     12.79879462830656678
 3.06859163834548143     -11.06674382072594476
14.53084543587741351      0.69004401528419501
10.51745121704869490      7.61044472557763285
-9.53084543585935151      5.87059139802032970
-5.93140836165302776     -5.87059139801453789
-5.01339421880119751      2.83571987987673024
-3.97352503270133095     -2.38284712967903722
-4.93140836163647212     -4.13854059043702449
 8.53084543587686994     -2.77405759985295131
11.53084543587627664     -7.97021002255992972
-14.53084543587779009     -5.33017224622230756
 9.06859163836304560     -7.60264220559879877
-5.97352503270737412      1.08125448546511560
-4.01339421880944691     11.49597391774230815
14.53084543587786293     -13.16636244526570465
 9.53084543587724475     -1.04200679228428550
-8.53084543585884703      7.60264220558899950
-14.51843489691001210     -11.33013374048231903
-3.93140836165511676     -9.33469301315357392
 8.51745121704846397      0.68224149530204936
 2.06859163834508042     -12.79879462829464032
-11.53084543586767552      9.33469301316125666
 4.02647496729913090     -2.38284712969138646
-7.93140836175388131     -9.33469301309468591
10.06859163835411408     -12.79879462830039749
 6.50405699822803296     11.06674382073762253
 5.06859163836352788     -4.13854059045036582
-13.53084543587253386     12.79879462829679859
12.53084543587703159     -2.77405759985357570
 5.50405699822742811      5.87059139803072405
 2.02647496729262500      1.08125448545957781
-12.53084543587270439     11.06674382072728235
-6.93140836175460695     -11.06674382066495177
14.53084543587712218     -2.77405759985374356
-4.01339421880487723      8.03187230258616403
-12.53084543587674027     14.53084543587399757
 9.06859163835399862     -11.06674382073142660
 9.53084543587657507     -4.50610840742199859
 5.50405699822797967     12.79879462830647796
 5.02647496729977217     -0.65079632212287997
-14.53084543587439725     -9.33017224622232533
-6.01339421880119307      4.56777068744628068
 4.06859163835454130     -5.87059139802312036
-0.93140836165367102     -7.60264220558583403
11.06859163836297277     -11.06674382073663487
-14.53084543587694633     -2.92872688920552759
 6.06859163835301096     -9.33469301316175759
-8.53084543586690636     11.06674382073221885
-1.93140836165453100     -9.33469301315422229
-3.01339421880692315      9.76392311015627534
13.53084543587725364     -1.04200679228465387
 7.50405699822786953      9.33469301316864808
 6.51745121704828367      0.68224149530236533
-12.93138769985675829     -4.12944956771467986
-3.01339421880219982      6.29982149501507038
12.53084543587744193      4.15414563042227769
12.06859163836302606     -12.79879462830548675
-8.97352503270022872     -0.65079632210718985
-0.01339421880024688      4.56777068744244907
 7.06859163836352966     -4.13854059046068201
11.51745121704873753      9.34249553314648473
10.53084543587698008     -2.77405759985333722
12.53084543587625355     -9.70226083012883933
-3.93140836165284657     -5.87059139801545626
-5.01339421880692537      9.76392311017195702
-9.93140836174304908     -5.87059139795031726
-5.53084543586618604     12.79879462830002623
-14.53084543587777944     -13.33009523474230740
-1.93140836165552354     -12.79879462829204861
-3.01339421882259995     13.22802472531878060
 7.06859163835417625     -7.60264220559352299
-1.01339421880024960      2.83571987987352880
-4.01339421880044345      4.56777068744517400
12.53084543587075217     14.53084543587481470
-7.01339421880313818      6.29982149503201594
-3.93140836165571672     -12.79879462829153880
 1.06859163834519699     -11.06674382072436025
 6.06859163835454574     -5.87059139802442864
-6.53084543587666655     14.53084543587565669
 4.50405699822766969      7.60264220559974735
 8.50405699823141781     14.53084543587730693
-12.47279808399672341     -12.57371834827303481
11.06859163836847237     -14.53084543587751654
-8.93140836177691355     -11.06674382065035012
-11.49132592754339477      2.38367318427018171
-13.53084549892182764      9.33469297675935650
11.53084543587684152     -4.50610840742237073
-2.93140836165387597     -7.60264220558492898
-12.58697000911685571     -6.33545002683224556
-7.97352503270140289     -2.38284712967678569
-12.51720433822696599      0.63716050994599605
 0.02647496729262543      1.08125448546104685
 9.06859163836845106     -14.53084543587761779
13.53084543587631927     -11.43431163769770542
-13.55924959949875586      5.85449972792648854
 9.51745121704860253      9.34249553314645809
 4.50405699822789352     11.06674382073754082
10.53084543587634236     -6.23815921499101034
13.06859163836850612     -14.53084543587780608
 0.50405699823139594     14.53084543587743127
 4.02647496729262500      1.08125448545381775
12.53084543587734778      0.69004401528430748
14.53084543587688771     -9.70226083012904184
