266    31.25298966580351490
 4.50177991981779613      1.76744499258902099
-9.43034241018760788      1.62649483291484165
 7.69829160260450607     10.12955891768037020
-9.43034241018785480     -2.37350516708558601
 1.03767830448033149      5.76744499232766650
14.62649483290176811     -12.59466893261091158
 0.78876277425910213     -8.62649483283833796
 1.03767830452850940     -4.23255500767235393
-0.94328803328173505     -11.62649483288639907
-11.16239321775663917     -5.37350516708738457
-14.62649483290176100      0.62649483290178920
-12.89444402532677536     -6.37350516708864490
-2.67533884084732643     -12.62649483289212426
 8.12944413101467944     12.64862048872869238
-0.94328803328043220     -13.62649483289560415
 4.23673660195371671     -8.59906688451040324
 2.79599923580552012      8.81586270759042634
 7.69829160262696899     -2.59466893248946651
 4.25286438941825296     -14.62649483289851560
12.89444402535616518     -11.59466893257060782
 4.66532781491629844     10.64864595197166786
-5.96624079500151350     -6.37350516701917424
-12.89444402532342338      9.62649483291492380
 1.03767830452905696      3.76744499232766428
14.62649483289751728     12.14475372421396848
 9.44901681208877875     -13.62649483286376828
-11.16239321776566129     12.62649483293792052
-7.69829160259697076      2.62649483294451525
14.62648928891638356     -14.62624229706378287
-0.70509304439326104      0.74864223313328360
-12.89444402532666167     -10.37350516708873727
 4.50177991977609437      5.76744499259356047
11.16239321775524118     -0.59466893247279018
-14.62649483290041630      2.62649483290178720
 2.83277414823887774     12.89444402533705158
 9.43034241022834330     -9.59466893255342157
 7.70083821708742278     -10.59906688451797585
-2.50213917975523703      7.62649483327011346
14.62630613464138030     14.62647960717210793
-2.13533069518481700     14.27073743614068135
 4.25286438939516209     -10.62649483284125473
11.16239321776010485      6.12955891768227712
-14.62649483290120855     -5.37350516709824966
-7.69316208412446478     14.62649480274292380
-9.43034241018432873      5.62649483291500285
-2.67533884086387852     -8.62649483286909380
11.16493983221441688     -12.59906688453695267
 7.69829160260951006      8.12955891766030270
 1.03291886058753724      9.76743932926807013
-6.13944045598206678     -14.62649483289832908
 9.43288902465404178     -11.59906688452195667
-7.69829160260167455      0.62649483294439190
-9.43034241018530928     -0.37350516708534437
-5.96624079501060489     -8.37350516701920888
-2.50213917970508248      3.62649483326971511
-12.89443773502690149     13.62650572799132753
 5.83277414825169682     14.62649483288705987
 2.68121013385302831     10.90019520697377686
-11.16238056543773460     14.62649483289823671
 7.69829160266124202     -8.59466893255035380
 5.96624079509447292     -7.59466893254671049
-0.70509304439473841      2.74864223313336042
-4.23418998734770113     -5.37350516685429547
-2.50471557305384618     11.63094406019451021
-12.89444402532684997      3.62649483291224684
-14.62649483289876962      8.62649483290177521
 5.96878740952057285     -9.59906688451408385
-0.16722585177446830     14.62649483289878205
 4.50177991979396541      3.76744499259187959
-11.33559287868992094     -13.62649483290093855
-7.69829160260126333     -9.37350516705613224
-11.16239321775714188     -11.37350516708765547
-11.16239321775399596      6.62649483291371588
11.16239321776782489     -8.59466893250229624
 4.50177991946449563      7.76744499259369725
-2.50213917970730781     -2.37350516673041989
12.89885265964815453     11.13715632381028087
14.62649483289921015     -8.59466893249980579
-12.89444402532615896     -4.37350516708848769
-9.60354207112148117     -12.62649483290011965
11.16239321779478288     -10.59466893255763509
12.89444402532966727      5.12955891768319283
-2.50213917970730826     -6.37350516673041856
 2.52081358184404891     -11.62649483287250440
 9.69793234250905911      4.76744499261611487
-9.43034241018742847     -8.37350516708607273
 9.43034241019885755     -5.59466893248865915
-9.43033905686172957     11.62650064110674997
-12.89444402532691392     -8.37350516708866088
-9.43034241018552777      7.62649483291500285
 7.96588153494818485      1.76744499260816434
-5.96624079500800608      3.62649483298132758
-4.23418998733850938     -7.37350516685616242
12.89444402532597245     -1.59466893247097907
-4.40738964841656600     -11.62649483289259500
-0.70509304439459730     -5.25135776686811084
-7.69829160260183532     -3.37350516705588710
12.89444402589029082      9.12955891865439462
 4.50177991981965953     -0.23255500741099919
11.42998315008824406      1.76744499261014543
-9.43034241018767005     -10.37350516708609405
 7.71696600452849424     -12.62649483284889484
 1.02699514621913890     12.03429267217983600
12.89444402532539868      0.40533106752911435
-12.89444402532599376     -12.37350516708902859
-5.96624079500836224      7.62649483298594877
 1.03767830453220622     -0.23255500767235457
 0.78876277428575214     -14.62649483290029018
 2.76972911224123974     -1.23255500743017943
-2.67533884084657592     -14.62649483290048558
 3.83277414825162799     14.62649483289856889
-4.10343553859433197     14.62649483289889751
-5.96624079501175597     -4.37350516701915559
 4.25286438941049028     -12.62649483287728636
 6.23383072737649790      2.76744499260680721
 1.83277414822553197     14.62649483289822960
 4.23418998749322650     -4.59466893249660924
-14.62649483290134178     -7.37350516709825587
-5.89829995485749237     13.74418535559792787
 2.50213917995483737     -5.59466893254998254
-12.89444402532426537     11.62649483291600028
-9.43034241018321673      3.62649483291498909
-4.23418998734369811      4.62649483314896237
 2.52081358185151050     -13.62649483289468400
-11.16239321775738524     -9.37350516708754533
-12.89444402532350331      7.62649483291265895
-14.62649483290041097     -1.37350516709821990
 5.96624079505915983     -3.59466893249141606
 1.03767830453348764     -2.23255500767235437
-0.70509304439700871     -3.25135776686685807
-14.62649483290021557     -11.37350516709828163
-2.50213917970668875      5.62649483326983013
-5.96624079500879123     -2.37350516701891845
 7.96588153494121443      3.76744499261414223
-4.23418998734228147      0.62649483314686649
14.62649483289886199     -2.59466893247624997
-6.13944045598675903     -10.62649483289486341
-12.89444402532242684      5.62649483291250885
 9.43034241018236408      7.12955891766695071
 5.98491519697727536     -13.62649483288135066
11.16239321828152953      8.12955891859873780
 4.83277414823943996     12.89444402532107681
-12.89444402532709688     -0.37350516708817916
-5.96624079500805315      5.62649483298378161
14.62649483281799689     10.12955892331459573
-13.06764368625842820     -14.62649483290159047
 6.23383072738851940      0.76744499259219745
 5.98491519696188767     -11.62649483284497087
13.16203395766033069      2.76744499260458943
 7.69829160262948342     -4.59466893248947983
14.62649483289873054      8.12955891768353744
 7.69829160263294732     -6.59466893249384523
 9.43038684375292036     11.12955891717362888
14.62649483289973773      4.12955891768325856
 2.76972910757957802      6.76744500006929695
 4.50177991982114811     -2.23255500741108959
-2.50213917970246591     -0.37350516673029749
-5.96624079501161919     -0.37350516701891856
-14.62649483290176100      4.62649483290178498
-9.60354207112034075     -14.62649483290018537
-4.23418998734442109     -3.37350516685361157
-14.62649483290067920     -3.37350516709824966
12.89444402532576639      7.12955891768790639
-5.96624079505617022      9.62649483298749686
-7.87149126355288864     -11.62649483289962227
-9.43034241017884511     -4.37350516708561798
 7.71696600453703230     -14.62649483289739294
 2.76972911221475826      4.76744499258048737
 9.69793234251437219      2.76744499261287302
-7.69829160259891054     -1.37350516705561199
-9.42795542442046397     13.63061862014748016
11.42998315008489385      3.76744499261020716
-0.94328803331126421     -7.62649483284092611
-11.16239321775752913     -1.37350516708697468
11.16239321776657434     -4.59466893248662789
-2.50213917970429423     -4.37350516673041945
 6.23383072739040855     -1.23255500740780621
-0.70509304444500409      6.74864223313351452
-7.69829160259816536      4.62649483294456321
 1.03767830453080800      1.76744499232764518
 6.39737862243356492     11.64864595206106124
 7.96588153495911300     -0.23255500740485302
 9.43034241019719310     -3.59466893248745745
-11.16239321775291948      4.62649483291359154
14.62649483290110908     -4.59466893248825503
-11.16239321775629278     -3.37350516708730686
-6.13944045598274801     -12.62649483289751728
 9.43034241017454988      9.12955891766710614
-4.40738964841349556     -13.62649483289697727
-7.69829160259172340     -5.37350516705592618
-0.70509305611094419      8.74864223313352873
 2.52081358182836279     -9.62649483283766472
-7.69828845755637747     12.62650100559434918
12.89444402533448653     -3.59466893248417696
 2.76972911223971163      0.76744499256983056
11.16239321776513016     -2.59466893248498076
-4.23418998734240937      2.62649483314865773
14.62649483289728103     -10.59466893252244368
-14.62649483290140040     -13.37350516709828163
12.89699063976151194     -13.59906688457529533
-2.67533884085092888     -10.62649483288683960
-2.50213915791731711      9.62649490725746659
-9.43034241018682273     -6.37350516708576098
 2.76972911223779406      2.76744499256986876
-7.69829160264211154     10.62649483295794717
 7.96588153491880835      5.76744499261430477
 2.76972911224227536     -3.23255500743039015
11.04978762435677098     12.35334366222472369
-0.70985248833616610     10.74863657007679940
-7.87149126355171802     -13.62649483289966490
-4.40738964842117564     -9.62649483288915064
-0.70509304439632248      4.74864223313351452
 9.43034241020026620     -7.59466893249862629
11.55522298610636156     14.62649483289758834
-4.23418997706182765      8.62649485104492442
-14.62649483289749952      6.62649483290178054
12.89444402533278300     -7.59466893249550878
 0.78876277427620589     -10.62649483286735830
-0.94328803329349775     -9.62649483286692664
 5.96624079491586290      9.12955891744441672
-11.16239321775608850      0.62649483291316543
 1.03767829399817368      7.76744499232768248
14.62649483290049268     -6.59466893249343666
 0.77263498681357334     -6.59906688451264234
-7.69829160260090717      8.62649483294495489
-5.96624079500683102      1.62649483298131181
14.62649483289841079      6.12955891768342465
-4.23418998734191820      6.62649483315490873
-14.62649483290103980     -9.37350516709826564
 5.96624079506346128     -5.59466893249448560
11.16680185375011014     10.13715632091565944
-11.16239321774295945     10.62649483293752617
-11.16239321775732485      2.62649483291337837
14.62649483289792407      1.40533106752399872
 6.23383072732713561      6.76744499262780597
-0.84318333030309289     12.74418734281612053
-4.23418999794265538     10.62649485109727543
 4.23418998752515829     -6.59466893254747522
-7.69829160260071532     -7.37350516705592796
-0.70509304439201859     -1.25135776686674105
-14.62649483290015340     10.62649483290176988
-14.62649483290139152     12.62649483290176633
 2.50468579438422045     -7.59906688451069812
 6.23383072735360422      4.76744499260790988
-2.50213917970360988      1.62649483326971023
12.89444402533447231     -9.59466893250701780
-5.96624080554703795     11.62649485109934488
-12.89444402532585343     -2.37350516708846770
 0.78876277428516939     -12.62649483288982388
12.89444402533334433     -5.59466893249039732
11.16239321776561866     -6.59466893249250141
-11.16239321775718629     -7.37350516708747872
-9.43034241018687425      9.62649483291536434
-4.23418998734730501     -1.37350516685360957
-14.62649483284735652     14.62649483290176100
11.18106761963571394     -14.62649483290176278
 9.69399856717897990     13.89448140242733842
14.62649483289781394     -0.59466893247600439
-7.69829160259953227      6.62649483294465025
-12.89444402532564737      1.62649483291198504
-4.23676638063988076     12.63094406016479709
 9.69793234251924829      0.76744499261032384
12.89006880074910200     13.13713703467329097
 9.43034241019481279     -1.59466893248745745
-11.16239321775508131      8.62649483291387220
 7.83277414825178120     14.62649483289917995
