269    31.31476241920000092
 9.46118267280711400     -11.65746110262816870
 0.86602223585871874      1.44772587292438448
-5.99266305281929323     -8.66515264133723129
 9.46155471728817155      6.55226864074333015
 6.06184873390954415     12.65737572009654421
-14.65738120956077495     -5.65738121748580536
-11.25799798725352474     -3.55284393038288160
-12.92533040224247642     11.55284392990987463
-14.65738036401759281     -13.65739740784074741
-4.26540862872530457      6.55226864358896233
 0.86602540648718673     13.65681690163700956
 4.33012384692335583     -6.55341372762546026
11.19327958954390567     -8.65738121799729932
-7.79389953769497890     -3.55284941333421012
-12.92533357029468988      9.55283844177415631
 9.52594717969269311     14.65738120956038415
12.99004878955125086     -1.55284393034517887
 0.86602223570002435     -6.55341373397534799
 0.86602540113345639     -8.55341921719599085
-12.92533040166106240     -6.65738121805760485
-9.44330427448752729     -14.65738120956159740
 7.79389953539321922     -0.55283844228677204
 0.86602540624159507      9.65680592312319597
-7.79389954146925579      0.44716155914946010
 7.72950707450858854      3.55226314616262195
-7.79389953769994914     -1.55283844745009203
-2.59775028199500380     13.65738120827198010
 9.52594717454166151     -1.55284393013188593
-12.92533040199917593     13.55284393034819601
12.92533040195050908     -7.65738120960277602
11.19360552411439791      7.55226864202969228
-11.19328276346155882      8.55283844049844433
-12.92533356756691632      1.55169883974739786
-14.65738120956158141      2.55170432266286440
11.19309509580176609     -14.65738120956070034
-14.65738120956033086     -11.65738121865350863
-11.19360552106266482      6.55226864493960814
-2.59807621367489272      3.44773135590246582
 2.59807620870717226      4.44773135639475470
-9.46118265755755239     -6.65746112119320355
-4.32980109193882789     -1.55284392382322434
11.19328276003006373     11.55283843945193389
-2.59807304539147887      1.44772586822458882
-4.33012385225015528      0.44772586699447448
 2.52851837237925103     -9.66522725843265640
 6.06184872856915913      0.44716155900329224
-14.65738120956388357     12.55284393033850954
-7.72471397080921296     -11.66515262371071593
 0.86602540033161690     -4.55340823956285234
12.92533040197205274     -3.65738120960259794
-2.59807303954717872     11.65681141260896503
-0.86602540612386347      2.44773135586327495
 2.59807621027633173     12.65681689508965313
-2.59807627909136318     -12.77703519156524337
 2.59807303966830627      0.44772586641135692
-7.72918114859342076     10.55283844097718671
14.65738120956414470     -4.65738120956241719
11.25799798198483970     -2.55284393034960777
14.65738120956542012     -12.65738120956541124
12.92533357040031028      2.55169883717603829
-4.26540862846164437      4.55226864309157797
-14.65738120956528689     -3.65738121748579825
-0.86602540872061884     -9.55341922115891684
-0.86569947516501744     14.65738120955310286
 4.32980108886860027     -2.55284393046596492
-4.26056930391224054     -11.66522723043591192
-5.99745626693772316      9.55227413306404394
 0.86602540344446699     11.65681689380762087
 4.32980109191905882     13.65738120301911529
-12.92533040233341346     -8.65738121806929861
-2.59807621026766311     -0.55227961594437658
-9.52595034527174711     -4.55284941332055038
 9.45217456570111558     -13.67290383113073915
 7.72950707811977367      5.55226315293277928
-11.19328276378754872      2.55169884631146804
-6.06217465979959425      1.44772586703087369
-2.59807304542409190     -6.55341372907413966
14.65738120956144641      5.55170432757988941
 4.33012385068909555      3.44772587345732129
 9.46118266302293875     -7.65746110261966617
12.92533040197365679     -11.65738120960505064
-9.46118265687655402     -8.65746112119323463
14.65738120956541835      7.55283294344630995
-9.46155471727552388      5.55226863837822648
 9.46118266301394151     -5.65746110261957824
-14.65738120956519808     -9.65738121865338073
 7.72913184536296161     -6.65746112009796409
 2.59807304312267240      2.44772587345280535
-7.72471387057339154     -7.66515262370046813
-6.06185189571811112     -2.55284393038788870
14.65738120955357182      1.55169334933835312
-14.65738120956541657     -7.65738121748580536
11.25799798724948175     13.65738120953694867
-12.99004879480210128     -2.55284393034695611
-0.86602540034294817     12.65681690035744467
 4.33012384693170915      1.44772586694045446
-14.65738120955001556     10.55284392943551808
 2.10922355950334994     -14.34370634931001653
 2.59775028812969122     14.65738120956541835
 9.52595034295966059      0.44716155771773425
-12.92565632790018171      5.55226864367284545
 2.59807304543714457     10.65681141088748518
12.92533040195954541     -9.65738120960286395
-2.59807621384589371     -8.55341921692366114
-0.80130701360179024      6.55226864357293071
 4.32979792131243357     -0.55283844153747597
-5.99745943601908582      5.55226864311247770
 5.99266306359219225     -7.66515261470199505
 4.33012385226725982     11.65681141216759364
 4.26061226958824424     -10.66515262127298591
 6.06184872859648571     -5.55284941975004731
 4.26540862858245085      7.55226863591683362
-11.19323351524871235     -7.65746103437886472
 7.72950707458380304      9.55227412500212480
-9.52594717967678584     -2.55284393039646718
-6.06217465982250303     -6.55341372777397435
-9.52594717463437846     13.65738120918621412
-11.19323351456779037     -9.65746103437887804
-14.65738120955930057      0.55169335682791087
-0.86602540645851422     -1.55227962245651829
-5.99266307318681157     -10.66515264134154961
14.65738120956063462      3.55170432500077782
11.19360552109798412      5.55226863422932482
11.19328276297038727      1.55169883693528221
 0.86602540040127496     -0.55227962122833962
 4.26061225981448999     -8.66515262127234109
11.19327958954118074     -4.65738121798624949
12.92533356757937213     10.55283843941800370
 4.26540862871773285      5.55226863561253570
 9.46155788213256166      8.55227412496726735
-12.92514596695516182     -14.65738120956538104
-12.92533040166198965     -4.65738121805722116
14.65738120954402746     -6.65738120956247315
 0.13397469364702411     -14.65738120952888401
11.19327959929034577     -12.65738121807107319
 0.79646756495828641     -10.66522725875756628
-11.25799798722556488     -1.55284393036020529
 7.79389953770806709     13.65737572662760435
-9.46155788211920701      3.55226315419802319
 0.86602540115846804      5.44773135642969564
-11.19323351456559479     -11.65746103437894554
12.99004879480345309     14.65738120956288881
-2.59807304314031340      9.65681140573128616
12.92523818858355966     -13.65754092817753751
 0.86602540114077231      3.44773135639032224
11.19328276357576790      3.55169883846712509
 6.06185189571890692     14.65738120955602852
-14.65738120956541835      4.55170433578377764
-9.46123195622950597      1.55169884629270216
 5.99266307336336279     -9.66515261470199505
 2.59807304311652398     -7.55341373423934392
-7.72950707450412544      8.55227413305972917
11.19327958955764757     -10.65738121800053051
 7.72913187557257952     -12.65746112052884165
 7.79389953546795855     -4.55284941854207936
 9.52595034526555651     12.65737572660297872
-2.53335782116816111      5.55226864356858929
 9.46123195622591595     10.55283843293121038
 2.59807621379832421      8.65680592310127572
14.65738120956444668     13.55284392241807012
-4.26540546315203262      8.55227412651134067
 2.52851839150029134     -11.66522725843274344
 5.99745627069966947      4.55226315267509474
12.92533040201190886     12.55284392238949032
-7.72950707456185437      2.55226315417760485
14.65738120956149437      9.55283295648032116
12.92533040195039007     -5.65738120960269075
 5.99745626775615648      8.55227412371826290
-6.06184873392065260     -0.55283844088565548
 5.89786304235219738     -13.81380835029485787
 7.79389953613560582      1.44716155900780730
11.19327958954067270     -6.65738121798719096
-7.72950707801641812      6.55227412603200055
-12.92533040578212500      3.55170432922695056
-5.99266317341763077     -12.66515264134177166
 7.79389954146579012     11.65737572007465772
 7.79389636728746016     -2.55284393067854509
14.65738120956268808     -2.65738120956169688
12.92533040575673020      8.55283294995915178
-4.26056920430997899     -9.66522722942349866
-2.59807621027112301     -4.55340824483751216
-11.19323351457023286     -5.65746103437751469
 4.33012385299366809      9.65681141086515993
-11.19327959466756361     12.55284392993649867
-9.46123195542445927     11.55283844225534295
14.65738120437944580     -14.65738120956541124
-0.86602540114786397      8.65680592281192673
-5.99745626772025719      3.55226315543729987
 0.86569947517957779     -2.55284393039499147
-4.32979792120287765     12.65737572052981541
-7.62991367797290998     -13.81380872039201968
 7.72913184537740960     -8.65746112010006996
-4.33012385294067581      2.44772586826057692
 6.06184872801693153     -3.55284941831227652
-0.86602542533319682     -11.77703527156345942
-0.86602223575961668     10.65681140605842003
-0.86602540640789560      4.44773135642533823
-9.46118275711882184     -12.65746112119323463
-0.86602540344714085     -5.55340824612791284
-14.65738120955767876      6.55283295157628931
-7.79389636724671764     14.65738120954553203
 9.46155788193074088      4.55226314641677376
 9.46118266303731126     -9.65746110262190349
-4.33012385299505542     -7.55341372907056119
 2.53335782116903019      6.55226863564747930
-11.19328276299379787     10.55283844223832013
 6.06217465982341075     10.65681141214538385
-12.92533040165199054     -12.65738121806934124
 0.86602540640875791      7.65680592279069927
-4.32980108882762682     14.65738120954827117
 7.71125346673944190     -14.65738120955723467
 9.52594717473806440     -3.55284393090767425
 4.08447242535460653     -14.65738120956122259
-2.52851840157025398     -10.66522723779033832
-4.32980109190871243     -3.55284393689957989
14.65738120956223867     -0.44830665112768547
-2.53335782115841734      7.55226864359417238
-7.72471387057074921     -9.66515262370059780
 9.46123195614632806      2.55169883822536336
-0.86602540649231607     -3.55340823827257113
-7.72950707527955316      4.55226315546108218
-6.06184872803641106     13.65737572180718296
 2.59775028200402636     -3.55284393168585577
-14.65282697684999214     14.65276487423224516
-12.92533040199019112     -0.44830664320994118
14.65738120956125101     11.55284392235562763
 5.99745943613508192      6.55226863587517006
-6.06184873388548962     -4.55284941984590841
 6.06217465449806703      2.44772586694482319
-1.86602530635298347     -14.65738120954435253
-14.65738120956267210     -1.44830664320401747
 2.59775028204437985     -1.55284392917543679
-9.46155788180265489      7.55227413259147085
 4.26061229025689947     -12.66515262127298591
-5.81652308145330288     -14.65738120955448487
-0.86602540340823642      0.44772038528454067
 7.72950707530492753      7.55227412368330508
 2.59807303947967494     -5.55341372740861328
-11.19328276000880074      0.55169883972840839
-4.33012385224800678     -5.55341372778368747
-9.46118265687410265     -10.65746112119323463
-9.46123195616103629      9.55283844096328316
12.92533040211941220      0.55169334909109424
-9.52595034524838091     -0.55283844741459276
-11.19360552411432508      4.55226863711297103
 0.86602539114196198     -12.77703525613732793
-12.92533040165398717     -10.65738121806930394
 4.32979792115275064     -4.55284941953306621
14.65738120954394930     -8.65738120956290835
-0.86602540627760505     -7.55341921692262463
-7.79389953541156633     12.65737572146992918
 7.72913185493091959     -10.65746112048096528
 6.06184872813880560     -1.55283844283161243
-4.33012384692727537     10.65681141228195727
12.92533040273569256      4.55170432629237265
-11.18422520825445154     -13.67290423568123003
11.25799798210807801     -0.55284393012740485
12.92565632792365093      6.55226863551662664
14.65738120955220936     -10.65738120956314638
-3.84127419390377511     -14.34370648593813335
11.19328276377474651      9.55283843289647017
-11.25799798198579360     14.65738120956292079
-12.92533040272003042      7.55283295284354317
-6.06184872858066193     11.65737572019170543
-14.65738120955494672      8.55283295412186284
-7.79389954146232800     -5.55284941983213098
 5.99266309403237774     -11.66515261470200571
-2.59775028812970854     -2.55284393033531609
-5.99745627071984799      7.55227412650456831
