275    31.72769695947540214
 0.86386474543567671     -7.92076121169910774
 3.86384847973575329      9.66769605682275213
 6.86384847973541934     11.39974686439270535
-4.13615152026424848      9.66769605703032298
-11.86384847932789022     -5.19621386096486670
-14.86384847973770285     -6.92826466827090925
-4.13607987006880684     -2.73949282583659404
-14.86384847973680579     13.85634502255129519
12.86384847973653223     14.86384847958226452
14.86384847958300881     -7.92647063665719820
-3.13615151961876304      1.00744201856593674
-2.13615152026453670     13.13179767216825766
 0.86392012879722213     -11.39974686438498708
 6.86389709109565338     -14.86384847958628619
-0.13615152024838059      6.20359444165795004
11.86384849119747464     -13.12470681442542819
13.86384849593931001      2.73949281276010614
11.86384849105401962      2.73949281847680792
-0.13607987024311041     -9.66769605622681105
 1.86384848039866613      2.73949282606797295
-1.13615152026275279      4.47154363408047484
11.86384847973624979      9.66769605672347510
-13.86384847988524349     12.12429421489671277
 9.86384847973619294      9.66769605674769394
 9.86384847976293422      6.20359444150094408
-11.86384847933347686     -8.66031547607232177
-9.86384847938493436      1.73198936936979986
-12.86384847973615031      6.92814179191176294
 7.86384847973556500     13.13179767198155723
 9.86384956450370964     -6.19650295115938032
 1.86384847973575263      9.66769605683729694
-6.13607987006906086     -2.73949282584425458
-2.13607987025193635     -9.66769605625927753
-5.13615152026626642     14.86384847973623735
-4.13615152024884924      6.20359444169050089
 2.86384847973539491     11.39974686441733631
-6.86384847929532338     -0.00006143824959700
 4.86386474552920589     -4.45665959667626765
-2.13613525447420693     -2.72460878894035652
-10.13607987028064983     -9.66769605637536600
-9.13607987018752610     -7.93564524871347743
-3.13613525446904706     -0.99255798136804341
12.86384847973727119      4.47154363261379029
-7.86384847931689013      1.73198936932110703
-1.13607987015889766     -7.93564524859665710
13.86384847973616274     13.13179767195283709
-12.86384847935772591     -6.92826466851740985
-3.13615152026275279      4.47154363410461109
-2.13615151961821459      2.73949282613469203
 2.86384847973578927      7.93564524924369064
-8.13607987028042423     -9.66769605633599127
 8.86384848063180009      1.00744201809334566
 5.86386474571710536     -2.72460878906792336
11.86384956406790536     -9.66060456655683986
12.86384847977909018     -11.39265600018153357
-4.13607987026194746     -9.66769605628753936
-5.13615152026423782      7.93564524946144001
 5.86386474541826086     -9.65281201997295568
-5.13607987120277443     -11.39974686442273999
 8.86384847973580392      7.93564524915452818
-3.13615152026423782      7.93564524928783221
 8.86386475087694237     -0.99255798185657884
13.86386014275406886     -9.66061132267565448
-10.86384847929959463     -3.46416305341204289
 6.86384847973726053      4.47154363397585808
-9.13607987100016317     -14.86384847969972967
12.86384847973542911     11.39974686434534945
 0.86384847973724821      4.47154363406012756
-10.86384847930490949     -0.00006143824527869
 9.86384956406118896     -9.66060457940825756
 3.86386474521882439     -13.11691363957707246
-1.13615152026461597     11.39974686444457497
10.86384847977908841     -11.39265601338950518
-7.13607987120277354     -11.39974686443752105
-5.13607987097771090     -14.86384847969822331
13.86384848171274520      6.20359443907516273
 5.86384847973575329      9.66769605679859367
-8.86384847973350887      3.46404017713992562
-13.86384847934582609     -5.19621386092828352
14.86384847973727830      4.47154362980583020
-12.86384847973770285     -10.39236628340866098
10.86387367144632421     -14.86384847958573197
-14.86384847973377177      3.46404017663703812
 4.86386474544093872     -7.92076121185615456
12.86384847959955202     -4.46236894724372135
 0.86386474560688808     -0.99255798142566232
 2.86384847973577594     14.86384847959814159
-1.13613525448305386     -4.45665959651442112
-10.86384847973613077      6.92814179227616567
 2.86386474564246107     -0.99255798147296070
 4.86384848038828643      1.00744201840680048
-5.13607987016100953     -7.93564524865510812
-5.13607987006366873     -1.00744201826248236
12.86384956443274596     -7.92855375919204342
14.86384847973548595     11.39974686432487871
-10.13615152026643074     13.13179767216681704
-7.13615152026626731     14.86384847973580570
13.86982062976479924     -13.12815399647879921
-2.13615152024857613      6.20359444168060747
-3.13607987007957112     -4.47154363341218986
-10.13615152034748057      9.66769605698158330
14.86384847952404442     -0.99255800492446433
11.86384957235257431     -6.19650294705055149
-12.13607987111732989     -13.13179767221813776
13.86633077063362762     -2.72888742213607838
 4.86386474566336258     -0.99255798152790209
-9.13615152026626731     14.86384847973579149
10.86384848063600117      1.00744201692061375
-2.13615152026424804      9.66769605686389433
 8.86386474552921477     -4.45665959710877946
10.86384847973620538     14.86384847957189947
-8.13615152026641475     13.13179767216682770
14.86384847973770107     -11.39266886731520856
12.86385661515826051     -0.99826263608036414
10.86384956452653050     -4.46445214358927522
 8.86388538127062553     -14.85700456524155477
-11.86384847981778634      8.66019259979790235
 6.86384849771103145     -11.39292424534061787
11.86384848052337659      6.20359444099135171
-6.13615152026628952     13.13179767216690941
-3.13615152026461663     11.39974686459942532
-1.13615151961874239      1.00744201854357152
10.86386475092433912     -0.99255798301367515
-14.86384847973770107     -10.39236628350416147
-8.13615152026618738      9.66769605702870294
 0.86384847973538637     11.39974686443912866
10.86384847973583412      7.93564524911809777
 7.86384847973608547      9.66769605677485266
-14.86384847973659262     10.39224340705547789
-3.13615152026624333     14.86384847973623735
-11.13615152026644672     14.86384847973572043
13.86384848815013093     -6.19441982413134706
 2.86384847973724810      4.47154363403077060
-4.13615151962506555      2.73949282615807155
-5.13615152026275279      4.47154363410300171
 0.86384847973576406      7.93564524925632941
 4.86390861007282993     -14.85706056497628147
-6.13607987010993394     -6.20359444105268931
-4.13607987010801192     -6.20359444101185975
 5.86384848052831753      2.73949282589542031
-6.13607987101010366     -13.13179767210298188
-0.13607987099660238     -13.13179767207293658
-12.86384847930556141     -3.46416305338265440
12.86386107556952396     -14.85675035637764374
-13.86384847965257805     -12.12441709102674814
-13.13607987120273890     -14.86384847973770285
-10.13607987103364927     -13.13179767214326787
-6.13615152024903043      6.20359444188378362
 7.86384847975190393      6.20359444154941020
-3.13607987120277576     -11.39974686442102403
-1.13615152026422916     14.86384847973697099
14.86384847973665124     14.86384847958307454
-13.86384847976187018     -8.66031547585373751
-5.13607987008432865     -4.47154363342918959
 4.86384847973583145     14.86384847958509603
10.86384847973726941      4.47154363383066844
-13.86384847968326817      1.73198936908872780
14.86384847969553213     -14.86384847958385258
 8.86384847973542023     11.39974686437994400
-8.13615152028608080      6.20359444187873343
11.86385661407304859     -2.73031344325120084
 9.86384849606151626     -13.12484640673287295
-2.13607987100651364     -13.13179767206071347
 8.86384847977911328     -11.39265642512058285
 7.86384956403977675     -9.66060499153561558
-7.13607987017062406     -7.93564524868187604
-11.13607987120277087     -11.39974686459993158
-8.13607987102991714     -13.13179767210627702
-8.86384847930227515     -0.00006143825621540
 1.86384847973549594     13.13179767201017079
 0.86384848038146900      1.00744201850884707
 9.86384848090107802      2.73949282552257456
-13.86384847981783786      8.66019259943951880
10.86384847973542023     11.39974686435283679
 2.86386474439141736     -11.38486282743989442
 6.86386474606799002     -0.99255798164969766
-1.13613525444143737     -0.99255798139039286
 3.86384847973550283     13.13179767199373593
 3.86386474560510917     -2.72460878906354731
-14.86384847969968348     -0.00006143847073302
 3.86386474550450432     -6.18871040423092289
 4.86384847973539891     11.39974686439857443
-0.13615152026424787      9.66769605685434996
14.86384847973584300      7.93564524781805325
-5.13615151961881100      1.00744201858051108
 9.86384847973564760     13.13179767196210967
-13.86384847975739909      5.19609098424210725
 3.86386474535279323     -9.65281201937699151
-7.86384847928676489     -1.73211224582342993
-12.13615152039715461     13.13179767209073567
 1.86384847975178292      6.20359444164574558
-1.13607987095882046     -14.86384847966363942
-11.13607987100490959     -14.86384847973010537
 8.86384847973726053      4.47154363391221921
 0.86392012905134952     -14.86384847961426203
-6.13607987026705803     -9.66769605631336582
-5.13615152026613586     11.39974686459811259
-12.86384847973657308     10.39224340741366959
 8.86384847973605972     14.86384847958316513
 5.86384849869229630     -13.12497505347618798
 1.86386474558360993     -2.72460878901122250
14.86384847899316419      1.00744199535922352
-11.86384847975739554      5.19609098433051830
 9.86386474984150041     -2.72460879002540102
13.86384848074860798      9.66769605608832627
-10.86384847973374512      3.46404017677517473
-0.13615151961125591      2.73949282610818079
 7.86384848073121123      2.73949282572307684
 3.86384848041857332      2.73949282601192889
-1.13607987120277687     -11.39974686437715157
 6.86384848050420615      1.00744201828502522
-4.13615152026626376     13.13179767216735705
-0.13613525450991024     -6.18871040409880546
 7.86384850018587489     -13.12497505149936927
-7.13607987009310119     -4.47154363347000050
-6.13615152026612609      9.66769605702922696
10.86384956439160909     -7.92855375879314206
-0.13615152026451355     13.13179767202943715
 7.86386474550461134     -6.18871040486438950
-9.86384847975737955      5.19609098469502051
-11.86384847962100686      1.73198936914120583
-6.13615151965546701      2.73949282617708167
-14.86384847973770107     -13.85646789854648198
-7.13615152026275279      4.47154363432282942
 4.86384847973726053      4.47154363398780053
 6.86386474552921122     -4.45665959675254619
-4.13607987100845431     -13.13179767210675486
-7.13615152026560651      7.93564524944315508
-3.13607987095889618     -14.86384847967163125
-14.86384847973621426      6.92814179182328349
-3.13607987016041090     -7.93564524863738097
 1.86386474549064785     -6.18871040415896889
 0.86384847973577428     14.86384847960341204
-8.13607987011003786     -6.20359444107677938
-9.86384847929058495     -1.73211224583240986
-13.86384847962342626     -1.73211224599677149
12.86384927085094709      1.00481340948536846
-13.13615152026665100     14.86384847973611478
 0.86386474552467885     -4.45665959654944732
 4.86386474439141647     -11.38486282750099221
-14.86384847966397338     -3.46416305354277432
-0.13613525444920421     -2.72460878896488490
-1.13615152026423671      7.93564524927967518
-9.13615152026628330     11.39974686459754949
 5.86386474550452963     -6.18871040431040242
 1.86386474535142899     -9.65281201931663624
 2.86392012905202309     -14.86384847958518662
 1.86392012958668563     -13.13179767150931809
-11.13615152026628863     11.39974686459738251
-2.13607987010493927     -6.20359444099649426
-12.86384847960668232     -0.00006143843599791
 6.86386474544300107     -7.92076121240790609
12.86384847973583945      7.93564524910112379
-12.86384847973375223      3.46404017668681341
-7.13615152026628330     11.39974686459802200
 2.86386474543583480     -7.92076121176015668
-7.13607987097995355     -14.86384847969097578
 5.86384847975186485      6.20359444160055329
11.86384847973583057     13.13179767196541015
 2.86384848038733253      1.00744201846101755
-9.13607987120277265     -11.39974686447671282
 6.86384847973579415      7.93564524920011749
-9.86384847927609165     -5.19621386096742466
 8.86384956439123606     -7.92855377164538844
-11.86384847929058672     -1.73211224582242385
 2.86386474552869208     -4.45665959661198219
 7.86386474771456534     -2.72460878826843667
 3.86384847975183110      6.20359444162324625
-9.13615152026560828      7.93564524945947092
-8.86384847928040998     -3.46416305339599884
 5.86384847973550372     13.13179767198822034
 6.86384847973593448     14.86384847958333566
14.86384847960270150     -4.46236901156786114
 4.86384847973579237      7.93564524922471204
-10.86384847930432862     -6.92826466852014722
