288    32.57199860913414113
13.55394849693736781     -15.28599930456553935
-6.59282224197485878     -0.34477662097423256
 3.22205346655266434     12.28599442695222876
 6.62574526666690122     -11.28599930454746669
-9.39415594849154623     15.28599930456707412
-3.02590236652222266     -0.54900309558766958
-10.08545687107424449     -2.29364186673270609
-6.59282163839719981      7.65522233355316928
 9.09844905016433714     -5.54901043312283271
-3.02590240536899513      1.45099702371100037
 1.42959289070936646      7.18798827443925337
 1.48999988587901200     13.28599923028827412
 2.17025005619421263      0.45099690436672502
-15.28599930456444334      2.71400069543289746
-11.82189768935456797     -3.28599930466426260
10.08984688180258971     -11.28599930455287748
-1.29385579519737814     -9.54901043303019392
 4.95410145811595015     15.28599930456348410
12.56255066539080190     -3.54901043316943543
-10.08545687109132238     -8.29364186673271497
-4.86077142187953370      0.65522337917383899
 4.89369445912480128      3.18798819364807606
-15.28599930299781384     -15.28599930456707412
-7.19654721629358995     12.34093785078029804
-4.85613704597020135      6.64968050639722552
-0.24204533232700365     12.28598954928991738
-0.24424967687346591     14.28982709674077967
 7.36639824256724918     -8.54901043314968945
-3.70615539586691245     10.28600418249404846
13.55394849701564652      6.18798819358407393
-10.08545138764328541      3.70635813325979990
 8.35780170657727872      7.18798819358571439
 7.36640247895702061     -0.54900309574834338
 4.89370009147095963      9.18798819364014285
 8.35779889045502600     11.18799307134581866
-15.28599930455922085     -9.28599930456708300
-1.97410184694757262      7.28598954936519227
 5.63435167134039983      0.45099690434365802
 3.16164365149557947     -15.28599930455900058
-2.30243336815667776     -15.27608057636014749
10.15025388070827184     14.28599930451586530
15.28599930456605271     -6.28599930463031775
13.55395131308638845      8.18799307121448017
 2.17025005618405675     -3.54900309563372707
-1.29385155896159931     -1.54900309560199489
15.28599930456394418      9.18799794881190302
-13.55394849698523529      3.71400069541539368
-1.97408769141287532     13.28600418234896630
-13.55394849697916904     -8.28599930458509348
 8.41820307318327288     13.28599930443986388
-15.28599930456707412      6.71400069543289302
-15.28599930454077338     -3.28599930456709277
-0.24205097103445733      8.28598954925506348
14.29460147293668371     -4.54901043320926401
 8.35779607423107507      1.18798819359355190
-8.35195698688072241      4.70635282325829785
-6.59282224199888400     -8.34477662097448203
-15.28599930455275313     -7.28599930456708567
13.55394849695060522      0.18797843829045313
 0.43819923140341599      1.45099693422462139
15.28599930455536438      5.18798819352726515
-10.08554572980575692     -12.29364186475875620
-6.59137592915315018      5.65522285607203568
15.28599930456611311     -0.81202156178755469
10.08984969800162190      8.18799307127529197
-1.97409613993997790     11.28598954936598986
-3.02590236651586553     -2.54900309562730065
-7.20096435362523923     10.34094272856179586
-6.59282224199558442     -6.34477662097447404
-13.54775223778898052     -14.29680916037737681
 5.63435167133487091     -1.54900309565634187
 8.35779607423621940     -10.28599930454820921
 6.62574808288516337     10.18799307134747245
-1.29385158342690243      2.45099699881645483
-3.02590660282231694     -12.54901043311504516
-13.55394849697330528     -6.28599930458495670
 5.63434743502005198     -7.54901043311154307
-3.02590660278927537     -10.54901043299056163
15.28599930456496558     -2.81202156178757345
 1.49000547508918402      9.28598954917790742
-13.36953965428589441     15.28599930456453571
 3.90230086377213237      1.45099690435106154
-4.30240877271315725     -15.28599930456247336
-0.30245794886546767      6.18798832987322545
-8.35340329811377202      2.70635334621241519
10.08984688180276201     -13.28599930455298761
-15.28599930323307809      0.71400069543290079
-8.93301374212478549     11.34094518645794381
-0.24204533243824999     10.28598954924968645
 1.49000547517720272     11.28598954917791630
11.82190050558037697      5.18798331591328665
-11.82189768011059172     -1.28599930466384071
15.28599930456707945      3.18797843821245941
 4.95410427416091093     13.28599442688412324
13.55394849695941417     -7.28599930456495137
 4.89369445910258527     -12.28599930455561662
-10.08545687108062516     -4.29364186673271497
 4.89369445920332247      5.18798819364807517
-4.86077143442711535     -7.34477662097948958
-3.70616103447069722      8.28600418250039006
 5.63434743507174218     -5.54901043301845576
11.82189768945727160     13.18799794901981315
11.82189768938409813     -8.28599930455698086
 7.36639966279830727     -2.54900797327818429
12.56255066528530406     -5.54901043316943454
-10.08545687108708577      9.70635813325228192
11.82189768933759488     -0.81202156163310757
-5.44039365096185090     11.28983197442946640
-11.80435370748183566     -15.28599930456305245
 6.62574526667011821     -15.28599930456222999
-8.35340329970551210     -1.29364665378757770
-13.55394849688841319     -2.28599930458483103
13.55394849703897187     10.18799794888865762
-8.35340329971876372     -5.29364665378757060
13.55395131311822254      4.18798331585954564
-11.82189768938951424      4.71400069536893973
10.08984688180527911     -15.28599930456293521
 4.89370009138088147      7.18798819364014374
-11.82189768935731955     -5.28599930466655099
-11.82194234486371798     -13.28607664609970662
 5.63434885522515483     -3.54900797327077644
13.55394849695317738      2.18797843829045258
10.83049985771136825     -6.54901043316067177
-3.70613849902576042     12.28600418242520220
-6.59282630157126093     -10.34477934484328543
15.28599930456495315      7.18798819361818531
 3.16164365153483340     -13.28599930455771272
-11.82189368891528503      2.71400069533337662
 9.09844905022153405     -3.54901043303911878
-13.55394849698817694      5.71400069541553091
15.28599930456126010     -8.28599930463785483
-1.97410177853973412      9.28598954936552978
-13.55394849698656401     -12.28599930458546119
 0.43819923140066647     -0.54900306579927138
 3.16164928382094645      8.18798819365562913
-1.29385437505261702     -7.54900797326685069
-13.55394849697071002     -4.28599930458484302
 6.62574526666854791     -13.28599930456082845
 2.17024581986604481     -11.54901043315911302
-15.28599930456665490     -13.28599930456707590
-5.55965560018234051     15.28599930456680589
 4.89369445909233036     -14.28599930457762390
-15.28599930456641687     14.71400069543310529
 6.68615508170602890     12.28599442684187970
-5.44041054780450661      9.28983197450080667
-1.29385155894945103     -3.54900309563164340
15.28599930455798095     -12.28599930463825807
-11.82189768936768637     -9.28599930466712209
-11.82189768941393559      8.71400069540623612
 1.42959281205478783      5.18798824907507861
-0.30245796360018978     -15.28599930456245204
11.82190050553552574      7.18799307118276243
-3.02590269522227517      3.45099768734180268
 5.63434743499790702     -9.54901043314888476
10.08984969802058274     10.18799307133986964
-10.08545687109416633     -10.29364186673271497
 8.41820307316294958     15.28599930455842326
-10.08545687108705202      7.70635813325228280
13.55394849699888304     14.18799794906743550
 2.17024581993381416     -7.54901043301853836
 3.90229662745062367     -8.54901043311059006
 6.62574526676942899      4.18798819364224961
-10.80761422883016820     12.45996436647397232
 3.90229804764759880     -4.54900797325574224
 0.43819924860575776     -2.54900309560795479
-13.55394849698394921     -10.28599930458509348
-3.76908021454124853     14.39502243146574756
11.82190050556139660      9.18799307129115661
 0.43819926147033755      3.45099693422619236
13.55394849695212756     -1.81202156170954631
-4.86077673747169303     -11.34478149859379670
-1.29385579527266348     -11.54901043308174913
-13.55394849698818760      7.71400069541555133
13.55394849694549819     -13.28599930456500822
 6.62574526669031272      2.18798819364224695
-4.86077143440860659     -1.34477662097900974
 1.42959284394391184     -14.28599930451953526
-12.56755519723758496     13.45383639404176002
11.88230468824961150     15.28599930456368305
-8.35340329045737739      0.70635334621241874
-6.59282224199100764     -4.34477662097443940
 8.35780170648719789      5.18798819358569840
-6.59282223272470702      1.65522337902576955
-1.97850482891658364     15.28599930456707945
-8.35340329971284312     -3.29364665378757415
-6.59282223988350147      3.65522337902577110
 3.22205346663875103     14.28599442696545552
10.08985251410193840      6.18798819350913654
 6.62575089903650127      8.18798819363437502
 3.90230086376719454     -0.54900309564893823
-8.17876672990269427     -15.28599930456707412
15.28529773701943917     15.28527790569300926
-9.99156021931841387     -14.44114442395975750
11.82189768937160324     -14.28599930455707856
13.55394849694918236     -9.28599930456496558
-1.29385155895293558     -5.54900309563505889
 0.43819643251053214     -6.54900797325693063
15.28599930456555178     13.18799794906000855
 9.09845047042071897     -1.54900797337091212
10.08984688180642841     -9.28599930454692135
 9.09844905013578398     -7.54901043314905973
 2.17024724008018044     -5.54900797325826733
-13.55394849548687297     -0.28599930458469386
-13.55394849698530102     11.71400069541589950
-8.35340269612840025      8.70635230073941813
-4.86077142523880745      2.65522337917392459
 7.36639824264820309     -4.54901043303147556
 1.49000547516201776     15.28599930456539546
-4.86077143441925852     -3.34477662097941453
10.83049985784380276     -2.54901043313154396
 2.17025005621060485      2.45099690436698925
 2.17024581988672693     -9.54901043311922493
11.82190050549019666      3.18798331591308370
-15.28599930456409339     10.71400069543303601
-11.81596515168827111     10.72381983814822171
13.55394849702316762     12.18799794901332945
-11.82189768941011287      6.71400069539961031
-8.35340329972352080     -7.29364665378756705
-4.86077143442384063     -5.34477662097942563
-10.08545687108386879      5.70635813325228280
-15.28599930446443977     -1.28599930456709588
-7.47690577432846393     14.71665602522014460
15.28599930456416978     11.18799794896476207
10.83049985773828006     -4.54901043313155640
-8.92859660479314243     13.34094030867643887
 4.95410427412765486     11.28599442685832877
-3.02590236651913180     -4.54900309563029293
-15.28599930455252398     -5.28599930456708922
15.28599930455921019     -10.28599930463800760
-15.28599930454582179     12.71400069543308220
15.28599930455123967     -14.28599930464008061
11.82189768937418783     -12.28599930455700928
 8.35779607423299531     -12.28599930455235167
-4.86077425053484635     -9.34478149859529772
-1.29385149946437217      4.45099701500581002
10.08984969787676711      2.18798331598960516
-6.59283963061282474     -12.34479516765543394
 3.90229662750338324     -6.54901043301960684
15.28599930456461387      1.18797843821244964
 0.43819501237033576     -8.54901043302817598
 0.43819924861671150     -4.54900309563638316
-15.28599930455997047      8.71400069543302358
-1.29385579527624284     -13.54901043315459752
-11.82189768776911087      0.71400069533653865
-11.82189768936315311     -7.28599930466666379
 0.43819501227357038     -12.54901043312156261
-6.59282224198519362     -2.34477662097425821
-8.35349768604868359     -13.29364665180594862
 3.16164365164253303      6.18798819366355701
-11.82189768936951779     -11.28599930466888246
-4.86077673755850626     -13.34478149859380203
 6.62575089894642577      6.18798819363437502
-10.08545687108653510     -6.29364186673271497
11.82189768937384322     -10.28599930455698441
11.82189768934008711      1.18797843836703687
-3.02590236651606537     -6.54900309564502958
10.08984406569425474      0.18798331597126680
-10.08545686182706191     -0.29364186673269144
-1.29385160758655338      0.45099698864754978
-13.55394849531828427      1.71400069541532751
 8.35779889045674018      9.18799307133111043
 8.35779607423800286     -14.28599930456016232
-6.24058775130851195     -14.79258036802773724
-11.38184780138857910     15.06445676254238997
 3.90230086376171581     -2.54900309564893801
-15.28599930456359957     -11.28599930456707945
-2.96549539753410141      5.54899823451766139
 8.35779607431100224      3.18798819359360674
-15.28599930456707412      4.71400069543289391
10.08984688193229573     12.18799794894371402
-8.35340329972650331     -9.29364665378756349
-8.35340882733698287     -11.29364665377991983
 2.17025005618929834     -1.54900309563333005
 3.90229662743375494     -10.54901043315706843
11.82189768949809050     11.18799794893735999
10.08984969796552811      4.18798331598965490
 3.16164365156407134      4.18798819366355612
 6.68615226563805898     14.28599930448222644
 3.22205628272205402     10.28598954913631403
 7.36639824258836295     -6.54901043311054387
-13.55394849697947102      9.71400069541584621
-4.75322743093230393      4.65232985838051416
 0.43819501231901609     -10.54901043312124465
-10.08545686948455078      1.70635813326731256
13.55394849694769199     -11.28599930456496736
-3.02590518262026764     -8.54900797326897433
-8.35340269612462194      6.70635230073942168
-5.43597651364560264     13.28982709667655548
