290    32.61966767607137285
13.57778303046682744     10.30983383803487108
-4.91753785637745189     -13.30983383803568643
13.57778303039227907     12.30983383803488529
-11.84573663665745435     -13.30982613046370311
 8.93901936118471951     -13.31009477634605709
 4.91751565827227299      1.30985693409651915
 1.45340569609598358      7.30987139158013299
-4.91753768974305938     -15.30983383803568643
 8.38163048123088394     -2.69016616196400626
10.11368141529441722      2.30983383803359077
10.11368133253652601      0.30983383803353698
-6.65065942008554778     -2.30795085593930782
-14.15832357139668751      8.32916113563546467
13.57778303046114488     -5.69016616197631198
11.84573222289859551     -2.69016616196767311
-7.21910458242562392      8.30983383808982268
-7.20684834209558378      6.30987139222914095
10.66983979185403264     -12.30796620864579261
 8.38163060766103563     13.30983383803599729
-8.38163060777402791     -3.30981848561516578
-10.69422195382544061      8.32916113274089476
13.57778303043805046      2.30983383803214171
 2.00959115587213466     -5.30795685260022765
 7.20573815915378368     -8.30796623926809730
10.11368139947211553     -5.69016618942735963
 8.38163060773067770      5.30983383803599374
15.30983383803568820     -11.92576625530852574
-8.95115528719124676     15.30983383799334874
-14.43728841481405034     15.30983383759577698
-0.29088185196866245     14.30985872037251205
-2.01069591907564993      5.30987139162346899
 8.38163060775954705      7.30983383803599729
-4.91860861251551817     -1.30795085594130844
 7.34221663542871372     -14.51434601885600095
 0.27861534304856744     -14.30983472880698137
-3.74274672687504806      2.30987139202804004
15.30983383803546793     -8.69016616196997660
-8.38271022763069062     -1.30795085588946547
 4.90775812822779045     15.30983382802826398
 8.38163060775871394     -4.69016616196400182
-5.47479753452335949      3.30987139214070725
-15.30983383803568998     -7.30981848563912351
10.66983979201579658     -8.30796620864577484
-3.75500265193032101     12.30983420614561119
-8.95115539431508722      7.30983383795709418
11.84573222286842409      3.30983383803237086
 1.45340569620064342      1.30987139157740518
-2.01069591902107048      9.30987139162346544
-15.30983383803568998     -11.30981848564563563
11.84573222286434202      1.30983383803235109
-11.84573222289982297     -9.30981848564238135
-11.84573224154482141     -11.30981869533628625
 1.45340569618423388     -0.69012860842322188
 5.47491769395949479     -13.31009459112210713
-1.45450704629310557     -5.30795094099360210
 8.38163060763527312      9.30983383803599729
-15.30983383793359387      2.69391677486048442
-7.21910458219894924     10.30983383820539423
-15.30983383801312669     -3.30981848554809410
 3.74286697156514325     -10.31009442311015256
-8.38271022761049700      2.69204914414848018
15.30983383803473075      7.30983383803347753
-6.64957976302833664     -6.30981855001381575
 0.27861995784813248     -8.30982449965481962
-3.18547823812767783     -6.30981857752311370
13.57778303046372059      6.30983383803315867
 2.01066537388330691     -9.30983383801015485
12.24502133213938215     -13.54036351274227101
10.11368129084467782     -1.69016616196648028
-6.64958383831603861     -12.30982547984542030
12.43177368114147008     -11.35855651801540311
-12.42627271015717483     11.32916122128574266
 7.20573813157056087     -10.30796628684049310
10.11368141532738996      8.30983383803778786
 6.64956638378185083     -1.69014314440633551
-13.20476740071568322     13.43315454544792686
-10.69422185146224891     12.32916113275011405
 0.27861460894588419     -10.30983391184999576
-13.57778505427200777     -14.30983026998185359
 4.91751565823748749      3.30985693418570692
-3.18655780485006401     -0.30795085610858897
-10.11368546560755455     -14.30982550089584748
 8.93778890351004129     -11.30796634855241045
-11.84573222289484207     -3.30981848555888902
 4.91751537163568564      5.30985743064976035
 3.18545653528192929      0.30987133696726621
 8.38163060772321344      3.30983383803599107
-10.11368141531811737     -2.30981848556946234
13.17720949335256009     -15.30983383803568820
-6.65065942003920973      1.69204914411977714
 3.74164195696057833     -6.30795686382662080
 3.18545643528541556      8.30987151001727753
-10.11368148508236686     -10.30981860645537296
15.30983383803526543     -4.69016616196994551
-8.38271022762194207      0.69204914414376584
-11.84573222277692750      4.69391677483927960
-11.84573222287406224     -1.30981848554648228
11.84573222289781746      9.30983383803510200
-1.45343598666399187     -15.30983383802061049
-10.11368536318461331     -12.30982550089483141
10.11368089358455435     14.30983474156482593
 5.47369276453515585     -5.30795686383645648
 2.01066692632918764     -15.30983383801224029
10.11368141532904019     -3.69016616196650515
-13.57778303046526247     -8.30981848563643055
-15.30983383766793615      4.69391677871062818
 6.64956642209900028      0.30985685576137922
 4.91751532191173446      9.30985751654935001
 6.64956638458805482     -3.69014314450298819
-5.48705367207839068     13.30983383794882968
-13.57778303045624746     -4.30981848557188219
 3.74163656166520475     -8.30796620849569400
13.57778303046313617     -3.69016616197552816
-10.11476103518820757     -0.30795085586465248
-1.45450699722902299     -3.30795085619970797
 7.20696858571192855     -12.31009472070802424
-6.64957980019707673     -4.30981848560241954
 8.38162948889211989     15.30983383803568643
-0.27864511148943594      4.30987139160571786
-2.01069591907056822      3.30987139162346988
11.84573215237134214     -0.69016616196767011
-4.91860861248795977     -3.30795085596165217
-15.30983383760764482      9.96440549254725561
-5.47479753447214446      7.30987139214085424
-3.74274672688879839      4.30987139202804048
 4.91751553670776609     -2.69014308739899732
-13.57778297926320299     -10.30981857433289584
 5.50722359927441474     -15.30983366144790914
10.11368141532707554      6.30983383803366049
 0.27753981917652359     -6.30795776887870385
-13.57778310324233928     -12.30981861169654401
 4.91751557723171917     -0.69014308032003169
 5.47368736929253785     -7.30796620859694279
-3.18548700620638581     -12.30983391182484610
15.30983383796306896     15.30983383803490483
11.84573222289526839      5.30983383803241882
-4.91753298155041652     -11.30982554220720182
-4.91752899263777010     -5.30981848561909953
-11.84681184385294728      2.69204914610388668
-11.84681184294345258      0.69204914448524646
-8.95115539014279804      9.30983383796052877
-13.57778303046991653     -6.30981848563375713
-12.42627276350629373      7.32916113619134624
-2.02295205688599067     11.30983383804205644
 4.91751526170682940     13.30985762835168451
-8.93889914964373311      5.30987139219169002
-10.69422195794165198      6.32916113271972591
-10.69422195370330009     10.32916113274656666
-13.57778303133631326      3.69391677655275874
11.17720948882007370     -15.30897775838784547
 6.64956612986573958      6.30985751610710022
 9.17720967195185189     -15.30983364033537519
 8.93778894350475284     -9.30796627948364375
-3.18548683863944015     -14.30983391182909514
 8.38163048041908532     -0.69016616196400649
 2.01066572716924341     -11.30983383801159192
-3.74274672687173160      6.30987139202811331
-0.27864511137954001      0.30987139159685867
-0.29089609976382991     12.30983399802503442
 1.44206574135908361     15.30983380585857745
13.57778303043541790      0.30983383803201403
 6.64886727498149099     14.31106703516683432
-0.27864518167673125     10.30987151560251469
 7.20573817688382601     -6.30796620863576063
 6.64956618024204804      4.30985742879768541
-4.91753298918340587     -9.30982540782047074
-4.91752901756693728     -7.30981865759663574
-8.38163060777391955     -7.30981848562186620
 1.45340569609581860      5.30987139157991805
-6.64957986657525257     -8.30981860058286159
-3.74274672683791687      8.30987139202814795
-0.27864511149157190      6.30987139160636890
 6.64956606886374768     12.30985762159317431
-5.48704914882463690     15.30983383794649377
10.11368141529905706      4.30983383803364184
15.30983383803366493      3.30983383803347486
-7.20684834208953351      4.30987139216563619
 6.64956647750990104      2.30985691388572878
 0.27754376138871184     -4.30795094098600195
-15.30983318575479935     -13.30982563487250658
-15.30983383801495457     -1.30981848552233271
-1.45343137184215698     -7.30982540399576664
13.57778303046563906      8.30983383803317999
 3.74164196782135061     -4.30795684503283649
 4.91751532091756527     11.30985751832327324
 8.38163060763986500     11.30983383803599729
 5.47368735152626495     -9.30796623916652699
 8.93778896738401762     -7.30796623819959024
-12.42627280523398348      9.32916120881756328
-5.48705377470502764      9.30983383793295616
 2.00959114933441407     -7.30795686372743081
 3.18545642814449925     10.30987152243798910
14.24352166569278566     -13.61780004667126320
-1.45450699721408250     -1.30795085619269136
-2.01069591893693955      1.30987139162347144
 3.18545646947079852     -1.69012870382891678
-15.30983382034222018     -15.30983380595471566
11.84573222281010985     15.30983383803515174
15.30983383803375553     -6.69016616196997660
-10.11368141534772569     -4.30981848560681069
-7.21910373898105462     14.30983512081986575
-11.84573530655886664     -15.30983295058943483
-12.43728841480805514     15.30983383741747694
-1.45343605871574355     -13.30983383802035647
15.30983383803568820     11.30983383803490128
13.57778303046768187     -1.69016616196803571
-10.11368141533703735     -6.30981848561140346
-6.64958861026479298     -14.30983393101484324
-3.75499812764753660     14.30983420615972790
 6.64956612850024431     10.30985751824760399
-3.18548214223242265     -8.30982546839542380
-10.11476103517302327      3.69204914418035957
-8.38163947151529598     -15.30983383803557452
-1.45343624124902249     -11.30983383801954290
-2.01069591905833134      7.30987139162346722
 3.18545651094981075      6.30987137896206463
13.57778303038664802     14.30983383803519082
11.84573222281631111     13.30983383803515174
14.13394140715726977     -10.30796620863933200
15.30983383803492437      9.30983383803349263
-14.38418448427002261     11.73730517235858706
-6.64958375517426248     -10.30982547984195641
-8.95115538995104565     11.30983383796151109
-6.65065942006656030     -0.30795085588108762
10.11368141521300501     10.30983383803789266
-8.38163460682667605     -11.30982541219456827
-13.57886265056272457      1.69204914461579592
13.57778303045077628     -7.69016616199016578
 0.27754381034543790     -2.30795085620937890
 3.18545643239143272     12.30987152248629357
-8.38163063371533035     -9.30981867458979906
 2.01066564994948171     -13.30983383801200404
-11.84573222291069783     -5.30981848561703362
15.30983383803336828     -15.30983383803549458
10.11368141523612429     12.30983383803790865
15.30983383803280340      5.30983383803347486
11.84573222289106909     -6.69016616197428071
-15.30983383759869021     13.51020485217195066
-15.30983383802223408     -5.30981848559378200
 4.91751532220468857      7.30985751604621115
-3.75500286470898992     10.30983383844676737
-15.30983383802992037     -9.30981848564400494
-0.27864511145819137      8.30987139160638932
 3.74286691100736935     -12.31009444775286354
-10.11368137377109377     -8.30981855762616206
15.30983383803545728     -2.69016616196994462
-0.27864511135750175      2.30987139160517563
 3.18545652313736039      2.30987135803152777
-13.57778303045216894     -2.30981848553398983
 6.64956612953825310      8.30985751645398629
-3.18655780485359008     -4.30795085610858486
 0.27861479896246122     -12.30983391185599274
 8.38163052064047420      1.30983383803599285
-15.30983383800724873      0.69018151447816856
15.30983383801062914      1.30983383803347531
-3.18548221658778585     -10.30982546839771352
-3.18655780483408879     -2.30795085610858708
 1.45340561791157885     11.30987153258323552
-8.38163459252217891     -13.30982557336978367
15.30983383803568643     -0.69016616196652447
-2.02294700535281180     13.30983383803567754
-10.69422185086813748     14.32916113275101289
 3.18545651533130059      4.30987137159816580
-5.47479753450608708      5.30987139214072368
-7.21910447996358240     12.30983383824604793
-4.91860861246203385      0.69204914405878792
 1.44115470470991669     13.30983401224655793
 3.74360425451408974     -14.31137087339685188
 1.45340562752895375      9.30987151039439276
12.40189059957535633     -9.30796620866191304
-1.45343131231029732     -9.30982544854259153
 3.17569928500789889     14.30984772186624454
11.84573222281386329     11.30983383803510733
10.66983979197343047     -10.30796620864578550
-15.30983383759897798      6.69391677871087332
11.84573222289344763     -4.69016616197425318
11.84573222289535366      7.30983383803475917
-8.38163060775674573     -5.30981848561877356
 1.45340569622630866      3.30987139157930654
13.57778303046402257      4.30983383803216658
 2.00959456897447009     -3.30795094097568043
-8.95115528771269986     13.30983383796205644
-2.02294710549788093     15.30983383803567577
-13.57778302969313700      5.69391677923977912
15.30983383796825592     13.30983383803490483
-11.84573222288988781     -7.30981848563977632
-10.11476103519702363      1.69204914417852725
-5.48705367257322330     11.30983383793530628
 5.47491779768475517     -11.31009458055914862
-13.57778303043657431     -0.30981848553337926
