294    32.82717512630348011
-10.21743514044433887     10.31577793208326099
13.68153675558287219      6.41358756314749545
-0.26663900188747791     12.67066737002732069
 1.57669040156648532     13.44664205412600744
 5.15167657355898712     -13.41358756314741463
 6.97267907942131782      0.10525931069276596
-11.94948594801537034      7.31577793207491656
 1.53393269251832809     11.44706826876730510
 1.68757495842248861     -15.41358756314985001
 0.10967277705980664     -6.00000000000278177
-5.08156380015296083     15.41358756315002232
10.34782899626452490     -14.41358756314854972
-8.61577818868618373      3.10525931071190975
11.94948594801256547     13.41358756315017509
 8.48457108304529939     15.41358755518350421
-10.27771622285438013     14.41358756314911638
10.21743514044401557     -6.20306894176420798
 3.50857746428446138     -3.89474068930822837
-11.94948594801278929     -9.10525931069294536
-10.28263206835912769      6.21051862138104394
-8.48538433287740723     11.31577793208665383
-11.94948594800412067     -1.10525931066943106
 1.77652665671453769      5.10525931069333971
-6.97267907942233656     -12.41358756314991219
 6.75313046861621036     12.41393961735433216
-0.04447584914755648     -10.41358756314721923
 8.55058126078816017     -11.30832825245905937
-10.21743514044637458     12.31577793208712812
11.94948594801313035     -9.20306894176444956
11.94948594801385866      5.41358756314734979
-13.68153675558151505     -12.10525931069326333
-1.93349288154361365     13.77592668072110094
-1.77652665671504639     -13.41358756314941836
-8.61577818868566148      1.10525931070907690
-5.08647964564709376     -3.00000000000326494
-6.88372738111767735      2.10525931071122141
-6.75333352530750819     -6.10525931069056060
-11.94948594802260544     13.31577793210600369
-13.68153675557337579     -2.10525931067011296
-15.41358756315163880      5.31577793207174043
-6.81853045321595186     -2.00000000000323741
13.68153673819933580     14.41358759325689753
 8.48538433287635740     -9.20306894176623658
11.94948594801245711     -3.20306894176353651
-3.41962576598072898      6.10525931071442063
15.41358756315044332      0.79693105823670696
13.68153675558144045     -4.20306894176341395
-5.02128271773871671     -5.10525931069040695
-1.68757495841222993      5.10525931071374472
13.68153675558144045     12.41358756315008449
-13.68153675558172466     -8.10525931069292049
-1.62237803050928608     -5.00000000000316103
 1.77652665671433851      3.10525931069333527
-8.55058126079149794      7.21051862138320132
-15.41358756315071155     -7.10525931069280503
-0.04447584914837244     -8.41358756314721923
10.43678069455913615      2.10525931069285965
-10.21743514044579015     -4.10525931068971328
 4.98354145424193806     15.41358752053848491
12.01468287592519424     -13.30832825246029572
 8.48538430210512473     11.41358761644472963
 3.50857746428325390      2.10525931069321270
-12.00976703042316274     15.41358756314946277
13.68153675558161986      8.41358756314969192
 3.09906137108404556     14.74371080012235424
 3.50857746428343020      6.10525931069332817
-10.21743514044363188     -12.10525931069293648
-15.41358756314916079     11.31577793208638560
 6.75333352530743003     -8.20306894176631296
 1.77652665672604737      7.10525931071323846
 1.68757495842143679     -13.41358756314757272
15.41358756315039713     -11.20306894176598256
 3.41962576599025336     -14.41358756314790135
 6.75333352530629050     -6.20306894176472223
-13.74673368348814328      2.00000000000248690
-3.41470992049766808     10.30832825244471529
-8.70472988699025763     -15.41358756315023371
 0.04447584914631712      0.10525931069170370
-15.41358756315067602     -5.10525931069254302
-6.88372738111711335      6.10525931071693684
-8.54566541528783397     13.41358756314501655
-6.88372738112788696      0.10525931068977513
-11.94948594801289765     -7.10525931069281835
-5.08647964565341670      9.21051862138263111
-0.78542196293329358     15.41358756315117162
 1.68757495842146654     -11.41358756314696699
-15.41358756314913414     -1.10525931068173477
-3.41962576598110513      4.10525931071373584
 3.41962576599020185     -12.41358756314725476
13.68153675558277627      4.41358756314739420
 6.97267907942164289     -1.89474068930723516
-8.54566541528521562     15.41358756314915190
-3.41962576597808665      8.10525931071770600
-1.68757495842244087     -0.89474068930852724
-13.68153675558208349     10.31577793208326277
-10.21743514044567824     -2.10525931068967997
10.43678069455935642      0.10525931069285900
13.68153675558143334     10.41358756314985889
10.21743514044346313     -4.20306894176368218
 5.24062827185316760     -2.89474068930793260
-10.43678069455973301     -14.41358756315056233
 0.04447584914758013     -3.89474068931035333
-3.08156380015296083     15.41358756315173828
-15.40123775656026162     -15.40282556886012166
-15.41334570732451681     15.41357568264179001
 0.04447584915796170     10.10525931071377492
-6.81361460771883554     14.41358756314481226
 5.02128282885901456     11.41358775561386274
 6.88372738112778215     -12.41358756314676981
-8.48538433287893135      9.31577793207720894
15.41358756315036516     -5.20306894176337043
-10.21743514044779921      8.31577793207718763
11.94948594801341812     -11.20306894176754220
-1.68757495842361172      3.10525931069398675
-0.04447584914627221     -14.41358756314961198
-15.41358756314976119      7.31577793208037264
-13.74673368349525404      4.21051862137823552
-12.01468287591104378      1.00000000001673417
 1.68757495842109373     -9.41358756314675205
 3.50857746428326145      0.10525931069318853
-13.68153675558169802     -10.10525931069292227
-3.41962576599023071     -1.89474068931042594
-13.68153675558124149     -14.10525931069331840
-6.81361460771905936     12.41358756314481049
-10.34782899625419006      2.10525931070969952
 6.81853045321936335     -10.30832825245892437
11.94948594801253527     11.41358756314992462
11.94948594801255304      9.41358756314978251
-11.94948594801516784     -3.10525931068863326
-3.41962576599133472      2.10525931069196126
 0.04447584914645318     -1.89474068930854633
-3.41962576599127654      0.10525931069154794
15.41358756315174006      3.41358756314747813
-13.68153675557276117     -0.10525931066864781
 8.48538433287607674      7.41358756314732847
-13.68153675558025739     12.31577793208645666
11.94948594801241981     -1.20306894176351054
-4.98561533004657775     13.41140581797469089
 0.04447584915742010      8.10525931071375716
10.21743514044495171      6.41358756314730449
-8.48538433287652616     -3.10525931069038164
10.28263206835634591     -12.30832825246025131
-6.88372738111736648      4.10525931071230499
15.41358756315052858     -7.20306894176339529
-13.68153675558414761     -4.10525931068847516
15.41358756315033673     -1.20306894176334644
 8.48538433287530047     -7.20306894176450552
15.41358756315074530      7.41358756314945300
12.07987980383246907     -15.41358756315016976
-10.28263206834252053      0.00000000001612652
10.21743514044422874     -8.20306894176448331
-1.68757495842253125      1.10525931069179273
 5.02128271759511335      9.41358756339383262
-1.77652665671629073     -11.41358756314747680
-3.50857746428585449     -10.41358756314768996
 6.75333352530719733      8.41358756314745726
 5.24062827185233093      3.10525931069286942
11.94948575211145325     15.41358756315024081
-11.94948594801323516      9.31577793208319882
-6.75333352530604891     -10.10525931069261851
-6.75333352530730391     -8.10525931069083150
 5.02107970452888264     13.41393977248847946
 0.04447584915711541      6.10525931071320915
-3.35442883807820103     -4.00000000000323208
 8.70472988699023809      5.10525931069280592
13.68153675558139426     -0.20306894176339618
13.68153675558140492     -10.20306894176588841
15.41358756315174006      5.41358756314747946
15.41358756315032252     -3.20306894176336376
 8.48538433287498428     -5.20306894176440426
 8.70472988699050276     -0.89474068930720041
-15.41358756314925849     -3.10525931068182004
15.41358756315019995     15.41358756315043443
-6.97267907942135423     -14.41358756315021417
 5.24062827185255031      7.10525931069291961
-5.08156380015381437     11.41358756313851863
15.41358756315174006     -15.41358756315174006
 6.97267907942128762      4.10525931069280325
 6.88372738112699434     -14.41358756314895295
10.21743514044347023     -2.20306894176366752
 6.97267907942137555      6.10525931069282990
12.16883150212823672      1.10525931069289518
10.21743513322430275     12.41358757565441095
-15.41358756314991219      9.31577793208075278
-6.81853045322262741      8.21051862138321020
-11.94948594801243580     -13.10525931069310346
-10.21743514044388590     -10.10525931069291872
-3.50857746428408124     -12.41358756314936684
-13.68153675558413696      6.31577793207472205
-6.75333352530964603     10.31577793207653571
-5.15167657354892228      3.10525931071153316
 5.02128271773714374     -5.20306894176503665
 5.08647964565041111     -9.30832825245905937
11.94948594801255126     -5.20306894176353651
-10.34782899625501429      4.10525931071204031
 8.48538439734675443     13.41358771896562274
-8.61577818868542522      5.10525931071372696
-5.24062827185352909     -11.41358756314978962
 1.77652665671520604     -0.89474068930828499
15.41358756315062983      9.41358756314947165
-8.48538433287480842     -11.10525931069282279
13.68153675558150617     -6.20306894176345036
-3.28923191016980310     -6.10525931069034478
 5.24062827185238511     -0.89474068930714790
15.41358756315053213     13.41358756314974876
-8.48538433287644445     -5.10525931069051708
 1.21457803706671497     15.41358756315173650
10.21743514044521639     -10.20306894176635382
-15.41358756315063339      0.89474068931826767
 3.28923191016922312     -6.20306894176706169
-10.21743514044576173     -6.10525931068975947
-8.55058126078475134     -1.00000000000310774
13.90088230969715433      2.10525931069282590
 6.97267907942128229      2.10525931069278771
12.16883150212806619      3.10525931069290895
-8.70472988699106764     -13.41358756315016798
 8.61577818869579026     -13.41358756314827616
-0.04447584914730084     -12.41358756314728495
-5.24062827185271196     -13.41358756314979495
 1.77652665671663623     -4.89474068931004958
15.41358756315055523     11.41358756314953027
 8.70472988699018480      3.10525931069280592
 8.70472988699021677      1.10525931069280547
 6.75333352530738207     10.41358756314751943
-13.68153675558187388     -6.10525931069272687
15.41358756315132617     -13.20306894176796852
 5.15167657355897290     -11.41358756314664546
 5.24062827185236380      1.10525931069285344
 5.02128271773841650     -7.20306894176651991
-15.41358756315174539      3.10525931068499972
15.41358756315018219     -9.20306894176538037
 5.24062827185244284      5.10525931069288053
-3.28923191016956018     -8.10525931069036965
 1.77652665672656429      9.10525931071330064
-5.02128271773857993     -7.10525931069054284
-10.21743514044399070     -8.10525931069278194
-15.41358756314946277     13.31577793208640337
10.21743513510753587     10.41358757239231103
-5.15167657356007425      1.10525931069168815
 1.77652665671539856     -2.89474068930851702
13.68153675558136584     -2.20306894176341039
 3.50857746428411987     -1.89474068930822193
 3.41962576599010593     -10.41358756314655487
-15.41358756315053391     -11.10525931069308925
-3.50857746428369666     -14.41358756314986600
13.68153675558198046     -8.20306894176402501
-5.15167657355908126     -0.89474068931036910
10.21743514044503343      8.41358756314734535
 8.48538433287442828     -3.20306894176393442
-1.77652665671492582     -15.41358756315009870
 3.50857746428334716      4.10525931069321981
-5.15167657354777475      7.10525931071764205
-1.77652665671711407     -9.41358756314745371
-1.62656645786292864     11.20417587176210894
10.21703018103681515     14.41428895680578570
-12.01468287592781792      5.21051862138072508
-1.72303749303553300      9.16920507806255536
-11.94948594801271824     -11.10525931069300043
13.74673368349414027     -14.30832825246017315
-8.48538433287636273     -7.10525931069060412
-12.16883150212873588     -15.41358756315041489
 0.04447584914521589      2.10525931069375183
 1.62237803051211626     -7.30832825246000528
-8.48538433287507665     -9.10525931069279082
 8.48538433287616201      9.41358756314735245
-6.75333352530762276     -4.10525931069042027
-5.15167657354965325      5.10525931071448102
-11.94948594801318364     11.31577793208332317
11.94948594801394925      7.41358756314741463
 3.50857746431122974      8.10525931074064765
 3.28923191029572637     12.41358756336601488
-5.24062827185238067     -15.41358756315026923
 1.77652665671430765      1.10525931069332262
-11.94948594801528330     -5.10525931068864836
 6.75333352530592634     -4.20306894176465384
 6.73405627527692108     14.44627273733297734
-5.02128271773830814     -9.10525931069062899
-3.29342033751906360     12.30943518245589097
-1.68757495841146654      7.10525931071375716
-15.41358756315062983     -9.10525931069292938
-1.68757495842135197     -2.89474068931044570
 3.28923191000989545     10.41358756336597224
-13.68153675558090399      8.31577793208077232
 5.15167657355836539     -15.41358756314967593
-1.55718110260076226     -7.10525931069007832
 8.61577818869574763     -15.41358756314917500
-15.41358756315039358     -13.10525931069325978
-12.07987980383103910      3.10525931069597716
 3.35442883808141268     -8.30832825245927431
13.68153675558230198     -12.20306894176757595
 0.04447584914529949      4.10525931069396322
-13.68153675559196714     14.31577793210719740
10.43678069455915036      4.10525931069286010
11.94948594801294917     -7.20306894176413337
