297    32.99017086473216409
 5.10278058695854142      8.79814916299880956
-6.92820323027654705      7.94476646066608705
-15.49508543236597191      9.09138375834396584
15.49508543236608382      2.79814916298888683
-10.29893300965798808     -4.49508543235835223
-3.37072977938568874     -14.49508543236463431
10.29893300966211278      5.79814916299350713
15.49508543236544611     -9.20185083701191076
-12.03098381722693233     -3.49508543235831670
 0.09337183575188954     -14.49508543236473201
 3.37072977938944751      7.79814916299840988
13.76303462479658712     -10.20185083701202622
-13.76303462479602757     -8.49508543235832470
-1.37552406922600912     15.49508543236556157
 7.02157506602719650     -14.49508543236499136
-5.19615242270354205     -1.34846813468392668
 6.83483139452409372      1.79814916299342165
-10.39230485455082942      7.94476647649142897
-8.56688220209178830     -11.49508543236249558
-8.66025403784132308      0.65153186531602192
-1.82542264331899595      6.79814916299566185
-1.73205080756817664     -7.34846813468873705
-5.28952425845801510      0.79814916299385785
-1.82542264332039172     -1.20185083700636919
13.76303462479730655     -14.49508543236591684
-1.82542264332037063      2.79814916299448146
 6.83483139452142829     -4.20185083701108386
 5.10278058695846681     10.79814916299883798
 0.00000000000057477     -6.34846813468852034
 8.56688220209014339     -3.20185083701080320
-6.83483139452336985     -14.49508543236435720
13.85640646055106728     -12.34846813468914206
 3.55747345088946298     -14.49508543236481906
 8.75362587359611055     -15.49508543236495584
-12.03098381722974253     -13.49508543236222913
 1.63867897181772726      6.79814916299871896
 8.66025403784427006     -11.34846813468971227
-15.49508543236605185     -13.49508543236441938
 1.63867897181749078      2.79814916299402272
 1.63867897181720701      0.79814916299401861
 3.55747345088974054     -12.49508543236445846
-13.76303462479585882     -4.49508543235830516
-3.77152728739236220     10.34849122849897718
-10.29893300966076630     -12.49508543236238722
-15.49508543236574276     -15.49508543236537506
-1.73205080756590735     -3.34846813468412785
-12.03098381722696253     -5.49508543235833269
-5.41000149617961856     13.49540110601440546
-6.83483139452272592     -8.49508543236251157
12.03098381722839605      2.79814916298899341
-6.92820323027228735     -4.34846813468440008
-8.56688220209163909     -9.49508543236244584
-1.73205080756821017     -5.34846813468836135
-8.56688220209191975     -13.49508543236278157
13.76303462479528150     13.79814916300158423
 3.37072977938622920      1.79814916299377425
-15.49508543236598612      7.09138375834394274
15.49508543236602165      0.79814916298867367
 0.00000000000056588     -8.34846813468896087
 1.63867897181781763      4.79814916299403471
-10.29893300966058156     -10.49508543236233216
-13.85640646054807767     -0.34846813468492055
-3.55747345088841715      3.79814916299593941
-10.29893300965982661     12.09138375834486823
12.03098381722763577     -9.20185083701209017
-1.63867897181617250     -9.49508543236313862
-0.09144952413116535      9.80147133832186057
-3.37072977938574025     -12.49508543236412805
-12.12435565298306450      4.94476646066589076
-5.10278058695451442     -15.49508543236472491
 0.70352626443839505     15.49508543236568947
 5.10278058695570103      6.79814916299386685
 3.37072977938654450      3.79814916299377536
-12.03098381722956134     -11.49508543236215452
10.29893300966215897      7.79814916299375760
 8.66025403784442283     -13.34846813468982063
11.80325811514883050     13.25209368993769843
-3.46410161513471682     -4.34846813468425619
-6.92820323027630813      9.94476646066609327
-8.66025403784111525     -3.34846813468432325
15.49508543236438918      6.79814916300117389
-1.82542264332024562      0.79814916299366978
-1.63867897181691191     -15.49508543236487945
 5.10278058695531112      2.79814916299358485
 3.71794416322029120     13.77143920223910634
 1.73205080756937924     -5.34846813468839510
 8.56688220208979878     -5.20185083701197648
15.49508543236546210     -1.20185083701190121
15.49508543236568414     -11.20185083701193030
-0.09343455328343550      7.79825779832315469
13.76303462479652850     -2.20185083701190898
 6.83483139452138033     11.79814916300922967
-8.56688220208925877     -7.49508543235845170
-8.66025403784534475      8.94476646066636505
-15.49508543236608737      0.79814916298743677
-13.76303462479717332     -14.49508543236483327
-12.12435565298287798      6.94476646066589698
-0.09337183575124622      3.79814916299427452
 8.56688220208978279     -7.20185083701202355
-10.39230484541018029     -0.34846813468417875
-8.87428525057727136     13.49508556519027458
12.03098381722853638     -15.49508543236609093
-10.29893300965907343     10.09138375834485402
-1.63867897181688460     -13.49508543236448865
15.49508543236609093     -13.49508543236576585
10.29893300965922442     11.79814916301056016
-1.82542264331932902      4.79814916299566008
 6.83483139452776278      9.79814916299956629
15.36414225663533450     15.38549205095908334
 1.82542264332065596     -15.49508543236496472
-5.19615242270749977      8.94476646066579306
-15.49508543236608382      2.79814916298797867
-5.19615242270782485      6.94476646066577263
-12.03098381722720056     -9.49508543235841707
12.03098381722811183     -1.20185083701111139
 3.46410161513777837     -10.34846813468987747
-6.92820323027242946     -0.34846813468394705
-13.76303462479736694      1.79814916298770178
-8.75362587359589028      2.79814916299365990
 1.73205080756890539     -9.34846813468988103
 3.37072977938370411     -4.20185083701076767
-13.76303462479852335     -12.49508543236205682
-15.49508542664167443     13.09138383044914100
12.70454168777630066     15.49508543236498426
12.03098381722822552      0.79814916298899397
15.49508543236536617     -7.20185083701190099
-12.03098381722822019     -15.49508543236547276
13.76303462479726747      3.79814916298899652
 5.19615242270654498     -9.34846813468966253
10.29893300966202752      3.79814916299333971
 1.63867897181491551     -3.20185083701060780
 2.70352626443839750     15.49508543236608027
15.49508543236479596     12.79814916300123429
-5.10278058695393710     -9.49508543236266433
-5.37446848404837763     15.49508543236417246
 0.09337183575193009     -12.49508543236436076
-5.28952425845764473      4.79814916299534211
-10.39230484541001154     -2.34846813468436499
-1.63867897181688038     -11.49508543236409608
-5.10278058695376302     -7.49508543236266256
 0.00000000000059432     -4.34846813468823878
 1.63867897182076572      8.79814916299874739
-5.28952425845706653      2.79814916299531813
-5.10278058695453929     -13.49508543236426661
 8.66025403784420789     -9.34846813468955595
 5.10278058695249914     -5.20185083701099327
 3.37072977938385376     -2.20185083701071660
-10.39230484541435118      3.94476646066560743
-8.66025403784535897      4.94476646066540138
12.03098381723095400      6.79814916299361993
 3.46410161513812698     -6.34846813468861537
 5.28952425845827445     -15.49508543236498781
10.70454168777629889     15.49508543236085423
-5.19615242270347633     -5.34846813468450577
-13.76303461474318190     14.09138382474246853
 6.83483139452457156      7.79814916299387839
-10.29893300965808223     -6.49508543235835845
-0.09337183574975849      5.79814916299628713
 9.76989796109535291     13.72691092056158269
 8.56688220209323781      4.79814916299349115
-12.12435565297895756     -1.34846813468449245
13.76303462479540762      7.79814916300128846
12.12435565298202000     -11.34846813468944227
-5.10278058695408898     -11.49508543236285618
10.29893300965865244     -8.20185083701204043
10.29893300965932212     -0.20185083701095988
-0.09337183575162269      1.79814916299425587
-3.46410161513472170     -2.34846813468402216
-0.33599890239370006     13.78646393316737218
12.03098381723092025      4.79814916299338101
 6.83483139452415678      3.79814916299364258
-8.87355634951404681     15.49508543236608382
12.03098381722501919     10.79814916300466443
 1.64060128343770306     10.80147133832187301
 5.10278058695264747     -3.20185083701088313
-8.56687028753485791     11.09140280980458471
10.29893300965851743     -4.20185083701167361
 3.37072977938532503      5.79814916299641414
 1.82542264332090243     -11.49508543236438740
12.03098381722743682     -5.20185083701183792
-6.92820323027684015      5.94476646066601688
 5.28952425845846719     -13.49508543236471958
-10.29893300965818881     -8.49508543235841351
-5.50357809496109507     11.34849122849922587
-13.76303462479596718     -2.49508543235830516
-7.14205230374817646     12.49540110601338583
-15.49508542699362224     11.09138382429364356
 4.73236206200217691     15.49508543236608382
 1.63867897181736644     -1.20185083700657702
 6.83483139452133948     -2.20185083701056339
10.39230484541319299     -12.34846813468963056
-8.66025403784558279      6.94476646066636238
-3.37499627664044199     15.44914098979042905
-12.03078177931442205     13.09173375382059490
-15.49508543236512814     -9.49508543235834424
-8.66025403784124670     -1.34846813468408122
15.49508543236608382     -15.49508543236608382
-3.37072977938517226     -10.49508543236292546
-8.56688220209209739     -15.49508543236462010
15.49508543236543900     -3.20185083701190099
-5.19615242270352962     -3.34846813468414517
-10.39230484541030108      1.65153186531584462
-10.29893300966072722     -14.49508543236295921
-7.12401241697833942     14.52601576087770674
 0.09337183575210488     -10.49508543236424707
-8.56688220208912021     -5.49508543235844371
-7.02157506602698955      1.79814916299368943
15.49508543236433944      8.79814916300120409
-3.46410161513695813     -6.34846813468858162
 6.83483139452151622     -0.20185083701056333
-2.33547110956773141     13.74051948041617521
13.76303462479701523     -0.20185083701115675
-15.49508543236534486     -1.49508543235834424
 1.73205080756932306     -7.34846813468874238
-3.55747345088920897     -0.20185083700626530
-0.09144952413117159     11.80147133832188722
13.76303462479555861      9.79814916300139949
-6.83483139452285027     -10.49508543236260039
12.03098381722541887      8.79814916300357375
-13.76303462479588546     -6.49508543235830960
15.49508543236525071     -5.20185083701190099
 6.92820323027535068     -8.34846813468952575
13.76303462479980588      5.79814916299358174
-15.49508543236482261     -3.49508543235834424
-13.76303463778581282     10.09138378084109711
15.49508543236608737      4.79814916298909022
 6.71845187488909623     15.25961302390428109
-13.76303461426986630     12.09138382183429528
-7.02157506602687675      3.79814916299370209
-12.03098382799212374      9.09138377698894473
-10.39230484541408295      5.94476646066570957
 5.19615242270658140     -11.34846813468999471
 1.82542264332070303     -13.49508543236457569
-6.92820323027237173     -2.34846813468408477
12.03098381722751142     -3.20185083701183792
 8.56688220209340123      8.79814916299396010
 3.37072977938604135     -0.20185083700622627
-13.76303462479728523      3.79814916298811456
-13.76303462479623185     -10.49508543235833180
-15.49508543236526137     -11.49508543235834779
-15.49508008831247707     15.49508111358596452
10.29893300965641068      9.79814916300418481
 8.56688220209070295     10.79814916300994021
 5.19615242270649969     -7.34846813468948490
-2.03947647982365954      9.34849122849867697
-15.49508543236608205      4.79814916298825445
-3.55747345088804012      5.79814916299594785
10.39230484541340260     -14.34846813468963056
 6.92820323027540663     -10.34846813468968918
-3.55747345088903133      1.79814916299382821
-3.37072977938492135     -8.49508543236290592
-6.83483139452305011     -12.49508543236273894
 5.10278058695253378     -1.20185083701037798
 5.70738917534913881     13.53390530088088717
 3.37265209100653474     11.80147133832194939
-13.85640646055185776      5.94476646066603465
 7.77666687246795085     13.56250341668994075
-3.46410161513878334      7.94476646066548220
10.39230484541308464     -10.34846813468955062
13.76303462479636863     -6.20185083701190898
 8.70454168777628645     15.49508543236399838
-15.49508543236478353     -5.49508543235834424
 3.37072977938963536      9.79814916299875982
-6.83483139452029764     -6.49508543235856894
13.76303462479578243     11.79814916300141547
13.76303462479635797     -4.20185083701190898
-12.03098381722702115     -7.49508543235833269
-3.77152728739242260     12.34849122850039471
 6.83483139452089450     -6.20185083701193118
 8.56688220209035478     -1.20185083701080342
-10.60597151541979954     14.49571671779696835
-12.33838665096351406     15.49508542750987239
 8.56688220209295181      2.79814916299349115
 5.10278058695503223      0.79814916299358496
 6.83483139452445609      5.79814916299365635
10.29893300965938785      1.79814916298922522
-2.03947647982391222     11.34849122849973568
10.29893300965866487     -6.20185083701202533
 3.46410161513769310     -8.34846813468961990
-0.09337183575142331     -0.20185083700642545
-12.12435565297924001      0.65153186531550733
12.03098381722755583     -7.20185083701204487
10.29893300965913205     -2.20185083701097595
-12.03098381722857013      2.79814916298783434
 1.72485780062862792     13.43459712932018491
15.49508543236456681     10.79814916300120586
 6.92820323027549723     -12.34846813468991655
 8.56688220209053064      0.79814916298919580
-0.09337183575157437     -2.20185083700647288
-15.49508543236496827     -7.49508543235834424
-12.03098382921344367     11.09138377910301898
 8.56688220209332840      6.79814916299367056
 5.10278058695538927      4.79814916299383398
13.76303462479648232     -8.20185083701197293
13.76303462479720352      1.79814916298886485
12.12435565298217455     -13.34846813468944582
-13.76303462479661199      8.09138375834437618
