299    33.05864883794505005
 1.79118365671454094     11.52932441896901850
12.06522280383470402     -8.66279373878614933
 6.86907038112877633      2.33720626121548758
-13.79727361140333031     -11.85491189654165822
-0.01128073791956105     -11.77814196586609441
12.06522280383466139     -4.66279373878611825
13.79727361139865671     14.52932441896640015
 6.49991132425691287     -13.62842890094912818
 5.13701957355992356      1.33720626121543384
15.52932441897252502     -8.66279373878608538
-8.60112118869686348     15.52932441897197791
 6.86907038112795476     -7.66279373878645043
 1.67291795842222557     -0.66279373878473180
-5.25528527184869354     -4.66279373879284176
 6.86907038112848145      6.33720626121577890
-15.52932441897235094     -8.85491189654153743
 3.52323446428305553     12.52932441896966331
-0.05913284914670248     -3.66279373878499692
-0.05913284914674383      2.33720626121523534
 0.05913284914662524     12.52932441897068472
 6.86907038112821056     -9.66279373878652414
-8.66025403784909997      3.43326534008485407
-12.06522280383481949     11.52932441897062610
 8.66025403783989844      9.43326534008811457
-3.46410161514216064      4.43326534008550599
-13.79727361140469455      2.52932441896757965
 6.92820323027139118      8.43326534008747331
13.79727361140365893     -7.66279373878606673
-8.60112118869685283     -10.85491189654729993
 1.79118365671513580     13.52932441897132065
13.79727361140338182      0.33720626121418301
-10.39230484541799626      0.43326534008407575
-1.73205080757321928      5.43326534008572093
13.79727361140311359     10.33720626121735897
-8.66025403783742220     -4.75885281767348545
 8.71938688698863018     15.52932441897155158
 3.19897383976140670     -14.97868733673606378
 5.13701957355970951      5.33720626121555419
13.79727361140360209     -3.66279373878588066
 1.67291795842084068     -4.66279373878730219
-12.06522280383599011      3.52932441896788118
13.79727361140364472      6.33720626121666886
-6.86907038112950996      6.52932441896814186
15.52932441897236515     -0.66279373878563808
13.79727361140355413     -1.66279373878584824
-1.67291795842300361      9.52932441896851401
-13.79727361140382769      4.52932441896967575
-3.52323446428444376     -1.66279373878498471
-5.19615242269968114     -6.75885281767351298
-6.92820323028006957      2.43326534008511830
 4.50657108238259507     -13.46535014658660501
 6.86907038112804713     -11.66279373878652414
-12.12435565297314000     -6.75885281767701684
13.07889820820317794     -15.52932441897253035
 8.60112118869688302     -4.66279373878625947
-6.86907038112850454      8.52932441896998661
15.52932441897252502     -6.66279373878600456
 3.40496876598997122     -7.66279373878738124
-15.52932441897000437      1.52932441895891702
 6.98733607942018509     14.52932441897080018
-15.52932441897224081     -10.85491189654153743
12.06522280383488166     -12.66279373878643355
10.33317199626583438     -9.66279373878622216
 3.46394750999742840     -11.75861757049075074
-5.13701957355960293     11.52932441897053728
 8.66025403783874026     13.43326534008830109
15.52932441897252502     -4.66279373878584291
-12.70349908951687290     -15.52932441897226745
 6.92820323027019835     12.43326534008771311
-13.79727361140024833     -3.66279373880713344
-8.71938688698663000     -2.66279373879308068
-11.83874690097328930     -13.34473433056796843
 8.60112118869721165      7.33720626121607022
-10.33317199626619676      6.52932441896988180
-3.40496876599096154     14.52932441897129046
 6.86907038112789170     -3.66279373878642556
-12.12435565298249429     -0.56673465992352756
-1.67291795842209345     13.52932441897096005
 7.12167995450336466     -15.52932441897252680
-13.79727361140366071     14.52932441897146099
12.12435565297725582     11.43326534008891926
15.52932441897214666      9.33720626121739983
-6.71144012913300347     -15.35127639636245256
15.52932441896852822     13.52932441896570026
15.52932441897253035     -12.66279373878608538
-3.46410161513061121     -11.75885281768423596
 1.67291795842215829      1.33720626121527264
-8.66025403783526926     -6.75885281767706747
-8.66025403784868075     -0.56673465991515914
15.52932441897196547      3.33720626121447905
-0.00000000000420748      4.43326534008595363
15.52932441897214666      1.33720626121439068
-13.79727361140236042     -1.66279373880399883
 1.73205080756453778      7.43326534008620943
-1.73205080757318974      3.43326534008566719
10.33317199626582017     -5.66279373878620529
 1.73205080756475982      5.43326534008618633
-10.33317199626607952      8.52932441897027438
 8.60112118869693631     -8.66279373878626302
 6.86907038112863599      4.33720626121563857
-3.77313360367318040     -13.73483339199599484
10.33317199626575089      8.33720626121666442
 5.12167995450336466     -15.52932441897252502
-13.79727361140369624     12.52932441897070071
 1.27626772501944896     -15.52932441897252325
 0.05913284914641703     14.52932441897159421
 8.60112118869681197     -2.66279373878624925
 3.46410161513308656     10.43326534008653184
13.79727361140380815     -13.66279373878634118
 3.40496876598982512     -5.66279373878711123
 6.86907038112789969     -5.66279373878642556
 5.13701957355891548     -6.66279373878673642
15.52932441897176119     11.33720626121776931
-13.79727361140374597      6.52932441897012872
-13.79727361140368735      8.52932441897036320
-5.25528527185316463     -2.66279373878525583
12.06522280383471291     -10.66279373878621506
-10.39230484541317345     -1.56673465992277139
-12.06522280383354584     -8.85491189654311839
-5.19615242271108624      1.43326534008529993
-8.60112118869722764      9.52932441897031524
 5.25528527185224181     15.52932441897246818
-5.19615242269826982     -8.75885281768169754
12.06522280383475199     -6.66279373878611825
-6.98733607941761736     -3.66279373879292125
-0.72373227498054993     -15.52932441896802906
 3.39792999101833804     -9.67501106034380953
-6.92820323027995855      0.43326534008511841
-13.85640646054245551     -5.75885281767664114
-12.06522280383357426     -10.85491189654316990
-13.85640646055175473      0.43326534007581713
 1.79118365671496282     15.52932441897217331
 3.46410161513352755      6.43326534008639861
-1.73205080757324881      7.43326534008575912
12.06522280383467560      7.33720626121674524
-1.73205080753657437     -10.75885281772781354
 9.10028908135322823     -15.23759522409066314
-12.06522280383438428     15.52932441897198501
-8.60112118869716546     11.52932441897054616
-12.12435565298725315      1.43326534008341233
-12.06522280383490475      7.52932441897018734
 3.46410161513338233      8.43326534008651052
10.39230484540851940     10.43326534008856044
-6.86907038112825941     14.52932441897139704
-10.39230484540641797     -3.75885281767367019
-15.52932441897252502     -6.85491189654153743
10.33317199626556970      0.33720626121381908
-5.25528527185343375     -0.66279373878518522
-8.60112118869835029      5.52932441896807969
-6.92820323026715545     -9.75885281768171353
 1.67291795842209545      3.33720626121530684
-1.73205080756343066     -8.75885281767611623
 3.40496876599107434      0.33720626121533642
-10.33317199626601202     10.52932441897049465
-3.52323446428424392     -3.66279373878517278
-1.79118365671559143     -0.66279373878485137
-15.52932441897240423     15.52932441897173632
-6.86907038112838464     12.52932441897071314
 8.60112118869755982      3.33720626121569497
11.07889820820317972     -15.52932441897192284
-15.52932441897251081      9.52932441897045912
-3.40496876599084297     12.52932441897073979
-0.00000000000423107      6.43326534008599804
-3.46410161514221926      6.43326534008550954
-0.05913284914669610      0.33720626121523095
12.06522280382938916     15.52932441896773241
-10.39230484540421529     -7.75885281767696799
-12.06522280383486390      9.52932441897045379
10.33317199626573135     -3.66279373878619552
 8.41202794673344378     -12.95275428713863519
10.33317199626599425     -13.66279373878647441
 5.19615242270248956      7.43326534008690221
-15.52901686243722779     -15.52930775996624924
 5.19615242270161470     11.43326534008719797
 5.13701957355990757     -0.66279373878474668
12.06522280383516232      3.33720626121574249
-6.92820323026850104     -5.75885281767341439
 1.73205080756433438      9.43326534008621920
13.85640646054582703     12.43326534008945572
-1.79118365671549662     -2.66279373878485837
 1.67291795842217250     -2.66279373878485792
-6.92820323028011309      4.43326534008512230
 3.40496876599099485      2.33720626121534503
-0.05913284914792872     -5.66279373878764947
15.52932441897252502     -10.66279373878608538
-1.79118365671562474      1.33720626121514941
-9.75384163143407079     -13.76916797356037314
-3.46410161512772685     -9.75885281768414536
-10.70349908951687290     -15.52932441896782834
-15.52932441897253035      5.52932441896997240
-1.67291795842210345     11.52932441897042715
-5.19615242271114486      5.43326534008533724
-13.79727361140366959     10.52932441897057814
 2.15635026736496727     -13.27195476064706092
10.39230484540734700     14.43326534008930118
-1.79118365671542912     -4.66279373878527270
-5.13701957356065364      7.52932441896817739
-15.52932441897252502     11.52932441897061722
-8.66025403784899339      1.43326534008484052
-8.66025403783532965     -8.75885281767716783
 5.13701957355987027      3.33720626121543784
12.06522280383439671      9.33720626121706943
 5.13701957355920591     -8.66279373878675329
-15.52932441897253035      3.52932441896937821
-8.70349908951687290     -15.52932441896965443
-5.19615242271110755      3.43326534008532303
13.79727361140392006      4.33720626121597164
 0.21806316715038884     -13.76494879422342343
 3.52323446428369502     14.52932441897189619
-12.06522280383304135     -2.66279373880348880
12.06522280383436296      1.33720626121399833
13.79727361140367314     -5.66279373878588554
-3.40496876599180753      8.52932441896823157
-12.06522280383503976      5.52932441896982585
-6.98733607942215418     -1.66279373878545789
12.12435565297651685     13.43326534008938289
15.52932441897252502      5.33720626121644681
 8.60112118869760423      1.33720626121539921
15.52932441897235449      7.33720626121710140
-6.86907038112782953     -11.85491189654705657
10.33317199626637439      2.33720626121558483
 8.60112118869741060      5.33720626121586683
-3.46410161513245818     -7.75885281767637736
10.39230484540805044     12.43326534008866346
-12.06522280383494206     13.52932441897104887
-1.75976732100801203     -13.44194699164593665
 1.72077006962066426     -10.77814196581641148
-5.13701957355962779     13.52932441897092275
12.06522280383449264     -0.66279373878611214
 1.67291795842107627     -6.66279373878742032
15.52932441897252502     -2.66279373878576520
-8.60112118869715125     13.52932441897105598
-10.33317199626573313     14.52932441897157823
 0.00000000000395183     -9.75885281767870438
10.33317199626614880      6.33720626121611108
-10.39230484541828403      2.43326534008411821
-2.72155672186501363     -15.43606414108520042
-3.46410161514213799      2.43326534008547535
-6.92820323026573881     -7.75885281767839885
 3.40496876599104281     -1.66279373878484593
-10.33317199626595340     12.52932441897078775
-0.00000000000444726      8.43326534008603801
-15.52932441897252502      7.52932441897029747
 5.25528527185162542     13.52932441897019622
-0.05913284914203099     -7.66279373879790526
-12.12435565297337980     -4.75885281767698665
 5.13701957355886041     -4.66279373878670622
-6.86907038112836066     10.52932441897033122
-8.60112118869737152      7.52932441896996973
13.79727361140360919     -11.66279373878617420
 5.13701957355893502     -10.66279373878693093
 8.66025403783936909     11.43326534008821227
-10.33317199626607596     -11.85491189654670130
 5.13701957355884797     -2.66279373878670400
-1.79118365671106239     -6.66279373879765480
10.33317199626566030     -1.66279373878619197
-10.39230484540429167     -5.75885281767696178
-5.19615242269802469     -10.75885281768169932
-15.52932441897246463     13.52932441897108262
-15.52932441897163329     -0.66279373880465908
-13.79727361140329300     -9.85491189654161204
12.06522280383509660      5.33720626121608532
 1.67291795844353475     -8.66279373882831827
 5.19615242270218225      9.43326534008690665
-15.52932441896934890     -2.66279373880728842
13.79727361140317932      2.33720626121424857
 3.40496876599094511      4.33720626121535702
 0.05913284914579311     10.52932441896871296
10.33317199626578464     -7.66279373878621151
-7.75759440391212962     -13.64670570749051315
-1.67291795842243696     15.52932441897209692
 6.86907038112874435      0.33720626121533254
-5.13701957355942440     15.52932441897210403
 6.86907038112781709     -1.66279373878642556
10.33317199626632998      4.33720626121589348
15.48622202416816940     -15.38324191529053131
13.79727361140334274      8.33720626121713160
12.06522280383458501     -2.66279373878611292
-15.52932441896961357     -4.66279373880729686
-5.76159343389772260     -13.52029317762255367
13.79727361140357900     -9.66279373878617420
 8.60112118869671249     -0.66279373878624626
 8.60112118869687059     -6.66279373878626302
-3.52323446428454456      0.33720626121501779
-0.05913284914666162     -1.66279373878477488
 6.92820323027069218     10.43326534008754436
 3.40496876598983578     -3.66279373878696113
-5.13701957355965000      9.52932441897004168
-4.71938116874930991     -15.52932441897162263
-10.33317199626409888     -9.85491189654405808
 8.60112118869700382     -10.66279373878666270
-10.33317199626719862      4.52932441896802995
15.52932441896750504     15.52932441896663640
-13.79727361140318287     -13.85491189654167421
-3.52323446427986653     -5.66279373879296344
-13.79727361140341024     -7.85491189654160848
-3.40496876599088871     10.52932441897024773
10.33317199626598537     -11.66279373878647441
-15.52932441897240423     -12.85491189654166000
