300    33.09115493884109327
 8.61930482348032179      4.60001177517995341
 8.61930482347868399      0.59333889385486904
12.08147585428124060      0.59667533451561583
-12.08147585428129567     -5.53890458808932351
-10.34942504671269781     -4.53890458808878261
-12.08147585428091020      8.73225525712412498
 5.15520320834593626     12.60001177518208948
 6.88725401591115549      3.60001177518040993
 5.15520320834373624      8.60001177518109827
15.54557746941939733      0.59667533451481847
 1.69110159320457654     -3.40666110614757667
 5.15520320834441659     10.60001177518196513
-1.77300002193315143     -3.40666110614747009
-8.69927266787088271      0.59667533451779942
-13.81352666185006228     -6.53890458808952690
-12.12242506864845559      4.66446529581515978
15.54557746941834573     10.60334821584629950
-5.19422183837447715      8.66446529581780567
-1.73205080756759178     -5.47445106745331866
-10.43132347543845029      3.59667533452002575
10.34942504671238694     -10.40999754681081235
-0.04094921436431898     -4.40666110614755091
-12.08147585428126369     -13.54557746941841856
15.54557746941891594     12.60334821584643805
13.81352666185036782     13.60334821584704734
-1.77106943759615354     -1.40332466548364043
-6.88725401591165998     -12.54224102875452473
-5.23517105273261762      4.59667533451876764
-0.03901863002728392     -0.40332466548362722
-6.96722186030226087     -0.40332466548265011
12.08147585428216964     -5.40999754680904932
-6.92627264594191683      7.66446529581531699
-8.65832345350552401     -1.47111462678843563
 5.15520320834258250      4.60001177518099613
12.08340643861957631      8.60001177517886717
-8.69927266787033560      2.59667533451867039
-15.54557746941891239      6.73225525712387007
15.54557746941892837     -11.40999754681124756
12.08147585428108073     12.60334821584771170
-13.81352666184998590      5.73225525712386741
10.34942504671217733      1.59667533451596988
-12.08147585428112158     -15.54557746941878627
 5.15520320834226808      0.59333889385270977
10.39037426107785755     -12.47778750811671955
15.54557746942054663     -15.54557746942004925
 3.42315240077544658      9.60001177518211612
-0.04094921436315464      7.60001177518334181
 1.69303217754181445      2.59667533451712140
-6.88725401591197883     -8.54224102875384084
-5.15520320834310475     -9.54224102875384617
15.54557746941947194      2.59667533451483834
10.43132347543922478     -14.54557746941785723
-1.77300002192270512      8.60001177519955107
-10.35135563104948098     -10.54224102875428137
 6.88532343157556070     -8.40999754680915146
13.81352666185026656      1.59667533451537524
12.08147585428117665     -11.40999754681096867
 6.88725401591116260     -2.40666110614752382
 5.15520320834229473     -1.40666110614750739
-0.03901863002698885      1.59667533451699217
 0.03901863002717956     -14.54557746941799223
-1.73205080757252827     10.66780173647962648
15.52164842618260643     14.70966728690370573
 0.04094921436323409     -8.54224102875343227
-10.34942504671196417      9.73225525712456196
-1.69303217754080171     -13.54557746941643437
 0.00000000000127505     -6.47445106745335419
-10.34942504671212404      7.73225525712396422
-15.54557746941878982     -5.53890458808919739
13.81352666185085809      5.59667533451538546
 2.91858206179633584     15.54557746942054841
-3.46410161513642079     -4.47445106745323518
-15.54557746941886620     12.73225525712415518
10.34942504671224306      3.59667533451602761
-3.42315240077450111     -6.54224102875333191
-5.15520320834329038     10.73559169778933686
-1.77106943759564750      2.59667533451739185
 8.61737423914445166     -7.40999754680915057
 0.04094921436318909     -10.54224102875349267
 3.42508298510931208      3.59667533451951105
-12.96980718572041269     15.54557746941864593
10.35135563104756073     -0.40666110614516354
-6.88532343157585824      9.73225525712662964
-10.35135563104960710     -8.54224102875397406
-12.08340643861771824     -11.54224102875542002
-13.81352666184996281      9.73225525712398287
-13.81352666184997346     -4.53890458808897534
-10.35135563104884504     -12.54224102875543778
-8.61737423914345513     -15.54557746941871699
 8.61930482348090976      6.60001177518000315
-6.88725401591079489     -14.54224102875615010
 3.42315240077383409      5.60001177518157167
 6.92627264594032077     -10.47778750811633053
-13.81545724618657545     -10.54224102875536317
-0.03901863002683797      3.59667533451751087
13.81545724618530002     -2.40666110614525364
 6.88725401591175235      5.60001177518048898
10.34942504671111507     11.60334821584955201
 3.50312024516439857     -12.54557746941681096
-13.81352666184995570      7.73225525712387096
-6.88725401591186692     -10.54224102875405222
 3.42315240077344818     -2.40666110614756157
 1.69110159320623654      8.60001177518257620
 3.42315240077455440      7.60001177518160720
13.81352666185098954     -4.40999754680891076
-1.69110159320532683     -11.54224102875412150
-2.28021501120293602     13.37683943153278499
13.85447587621569276     -14.47778750811671777
-10.14824188754462142     13.72211086406607095
-5.23517105273336103      0.59667533451731236
 5.19422183837227358     -9.47778750811489168
-13.81352666185029854     -8.53890458809040886
11.33629974876329882     15.54557746941459939
-12.08147585428119974     -1.53890458808803099
-15.54557746941863172     -9.53890458809169495
-5.15520320834333301     -5.54224102875323954
-3.42315240077391492     11.73559169778849665
 6.88725401591228170      7.60001177518052007
 6.88725401591116881     -4.40666110614763706
 1.69303217754156243      0.59667533451642663
 7.35069131416523103     15.54557746941794782
 8.69927266787057718     -13.54557746941742380
13.81352666185028255      3.59667533451538457
-13.81352666185009426     -14.54557746941850205
 6.88725401591110131     -0.40666110614737344
10.34942504671252728     -8.40999754681061518
 6.88725401591272046      9.60001177518093662
 3.42508298511037035      1.59667533451656229
10.35135563104949874      5.60001177517946935
-15.54557746941890350      8.73225525712388695
15.54557746941864060     -3.40999754680664591
-12.08340643861833996     -9.54224102875423164
-12.08147585428107185     10.73225525712420669
-15.54557746941889818     10.73225525712392248
-6.96722186030196777      1.59667533451778199
 0.94046057936833882     15.25055984154576727
 5.23517105273295869     -13.54557746941738472
-13.85447587621130339      1.52888537321303275
 8.61737423914361322     -9.40999754681059031
 8.61930482348001092     -3.40666110614757578
 8.61930482347996652     -1.40666110614739437
 8.61930482348004112     -5.40666110614765838
-8.61737423914414435     -5.53890458808940789
13.33629974876344804     15.54557746941859264
12.16337428300784218     -15.54557746941831731
 8.61930482348249960     10.60001177518003601
-1.03766090305993264     15.54557746941870811
-12.16337428300758994      2.59667533451971577
13.81352666185001610     -12.40999754681131861
-3.42315240077451977     -8.54224102875333990
 8.61930482348144800      8.60001177518003601
-10.34942504671248997     -2.53890458808839403
15.54557746941908825     -5.40999754681028122
15.54557746941952701      4.59667533451485699
 1.69303217754065649      4.59667533451991694
-13.81352666185028077     -12.54557746941813789
-10.34942504671347940     11.73225525712699557
 1.69110159320461406     -1.40666110614748341
-13.81352666184968214     -0.53890458808725672
-3.42315240077400951     -12.54224102875445901
 0.03901863002784037     -12.54557746941598495
10.35135563105104772      9.60001177517946935
-10.96980718572040914     15.54557746941839547
-3.42508298510940046     -14.54557746941694241
-8.61737423914330769      8.73225525712414630
-4.25833649363131439     13.67185705940511653
 3.42315240077346639     -0.40666110614742129
-3.50312024516470588     -0.40332466548307300
10.35135563104888057     -4.40666110614758910
-8.61930482348074456     -9.54224102875403624
-13.81352666185008182     -2.53890458808802411
-1.69110159320561682     -7.54224102875338342
-8.97985613344528133     15.34534058583004423
 5.15520320834230006     -5.40666110614765660
 3.43020162268065887     13.61212319664331893
-5.15713379267750582     -15.54557746941831553
-12.08147585428153903     -7.53890458809017705
13.81352666185025058     -6.40999754681043843
-8.61930482348083338     -7.54224102875374314
-5.23517105273360173     -1.40332466548304158
-15.54557746941842566      0.46109541191333675
-1.77106943759539304      4.59667533451806953
13.81352666184923272      9.60334821584659615
-8.69927266786957354      4.59667533452006083
-10.39037426107416628     -0.47111462678803118
15.54557746941895324     -9.40999754681095091
12.08340643861769514     -3.40666110614745810
-1.69303217754137680     -15.54557746941855001
-5.15520320834265355     -13.54224102875487112
-0.04094921435072967      9.60001177520320681
-12.08147585428100435      6.73225525712396866
13.81352666185006761     -10.40999754681098821
-15.54557746941918417      4.73225525712385675
 1.73205080757013152     -7.47445106745339327
13.81545724618819726      7.60001177517838933
 9.34349553146411971     15.37607422013912029
-3.42315240077424887     -10.54224102875392788
 6.88725401591116970     -6.40666110614767437
13.81352666184969813     11.60334821584698517
-15.54557746941908292     -13.54557746941829599
-3.01378299211493328     15.23745170102386126
-5.15520320834298573     -11.54224102875417124
-3.46410161514178760      9.66780173648029084
-10.39037426107958240      5.66446529581516600
13.81352666185020617     -0.40332466548463813
 3.50312024516443632     -14.54557746941810059
-5.19422183836831941     -3.47111462678938398
-6.88532343157526583     -4.53890458808940611
-8.65832345351073407      6.66446529581521485
 5.23517105273306704     -15.54557746941854113
 5.15520320834231249     -3.40666110614758555
-13.81352666184919187     13.73225525712400774
 1.69110159320520381      6.60001177518232840
-6.92627264593686576     -2.47111462678881377
 5.15520320834228141     -7.40666110614766637
-0.00000000000340117     11.66780173647919128
-6.88725401591172481     11.73559169779018596
-15.54557746942054841      2.59667533450933075
 8.65832345350908739     -11.47778750811653303
-5.23517105273308747      2.59667533451784172
 6.88725401591415576     11.60001177518095439
 8.69927266787020947     -15.54557746941826757
-6.25829844873653229     13.68419310949092704
-3.50312024516505316     -2.40332466548361490
 5.29658430862645702     15.28792193426293622
 3.42315240077340510     -6.40666110614763262
-6.96722186030146950      3.59667533451870769
-6.96722186030066482      5.59667533452021715
-1.77106943759584157      0.59667533451694943
-11.98613105575365800     12.91576071095875555
12.08340643861873076      6.60001177517886006
12.12242506864665614     -13.47778750811697002
 3.41924609420149395     11.60677646018767106
10.34942504671333019     -6.40999754680913192
-15.54557746941913621     -11.54557746941807395
15.54557746941787499      8.60334821584611475
-13.85447587621744603      3.66446529581535785
10.35135563104881662     -2.40666110614744300
 1.77106943759583824     -13.54557746941760676
13.81352666185017242     -8.40999754681077860
-15.54557746941865659     -1.53890458808720410
 3.42315240077344107     -4.40666110614762374
-13.81352666185006406     11.73225525712400774
-12.12242506864264513      0.52888537321265616
-5.15520320834339429     -7.54224102875330527
-1.69110159320566766     -9.54224102875340385
-15.54557746941870278     -3.53890458808857788
-3.50312024516449538      1.59667533451733923
-8.61930482347984750     -13.54224102875572200
15.54557746941904384     -7.40999754681073419
-8.61737423914433798     10.73225525712738282
-15.54557746941883067     -7.53890458808978270
 1.69110159321953768     10.60001177520457816
 6.96722186030192248     -12.54557746941703478
12.08147585428125304      2.59667533451564481
 1.54909356280271626     12.93283499045817031
-15.31766712739205261     15.39964306548237261
-8.61930482348060245     -11.54224102875430980
12.08340643861642683     -1.40666110614524653
 3.50312024516527476     -10.54557746941511276
 6.96722186030162316     -14.54557746941775598
-3.50312024516376530      5.59667533451894439
-0.03901863002788173      5.59667533452050581
-5.23517105273184669      6.59667533452032284
12.08147585428127790     -9.40999754681083544
15.54557746941915752     -13.40999754681125822
-10.34942504671230168     -14.54557746941861929
-3.50312024516332121      7.59667533452451771
10.39121148618209922     13.67246297392422605
12.08147585428141646      4.59667533451564569
 1.69110159320454057     -5.40666110614758466
 6.88725401590983743      1.59333889385497618
-6.98990508117007980     15.54557746941750729
 5.23517105273328642     -11.54557746941661556
-6.88725401591222663     -6.54224102875322799
-8.20780784715642220     13.23763616410459676
-1.77106943759620616      6.59667533452146326
 6.88725401591572606     13.60001177518107340
-0.30409292214792111     13.68496519992754301
 3.46410161513899251     -8.47445106745342436
-10.43132347543928518      1.59667533451868704
-10.34942504671276531     -6.53890458808992658
 5.15713379267786909      2.59667533451895016
-12.08147585428140225     -3.53890458808841180
 1.77106943759578650     -15.54557746941862639
-15.54557746941882179     -15.54557746941882890
-3.50312024516423115      3.59667533451790078
 5.15520320834307988      6.60001177518099791
 1.77300002193207717     -9.54224102875350155
10.35135563105009737      7.60001177517946935
 1.77106943759639002     -11.54557746941527085
 8.65916067861028971     12.67246297392907017
15.54557746941940977     -1.40332466548519763
12.08147585428142357     -7.40999754681055567
-8.61737423914381573     -3.53890458808878039
-0.04094921436425661     -2.40666110614749851
15.54557746942029084      6.59667533451485788
 8.61737423914326683      2.59667533451619148
-4.98990508117006737     15.54557746941782881
12.08147585428043769     10.60334821584764775
