304    33.13240207799999837
 3.45915578646106781     -15.56620103898214857
-0.00000000000006397      4.51921965644262436
15.56620103897884455     15.56620103897769702
 6.91831157288334175     -5.52349069122330238
 8.64788946610103970     13.55765896946898685
-13.83662314576108088     -13.55765896946492255
-6.91831157287327070     -11.54911689987869394
-8.64788946610585540      5.52349069127796444
-3.45915578645381361     12.55338793465721281
-1.72957789323466016     11.54911689988243317
-10.37746735932073605     -13.55765896941260351
10.37746735932932829     -9.54057483035945708
 3.45915578644117616      4.51921965646894996
-8.64788946610095977     13.55765896946888915
-1.72957789323001743     -14.56193000422756079
15.56620103898154284     -10.54484586509352972
-15.56620103898172047     -0.50213551735328732
12.10704525252156749     11.54911689988772316
-3.45915578646101496      2.51067758693183585
-12.10704525256051767     -10.54484586511321531
 0.00000000000000578     -5.52349069128004189
-10.37746735932730147      8.53630379555178642
 1.72957789321706268     -0.50213551735703088
 1.72957789323471922     11.54911689988244916
-1.72957789321910815     13.55765896940530979
10.37746735932310749      4.51921965649979374
13.83662314577717289      6.52776172602240035
12.10704525255145647     -0.50213551738028783
-3.45915578642061394     -11.54911689989109114
 1.72957789321904642     13.55765896940551229
-13.83662314576857888     -3.51494862172988087
-13.83662314577676078     -11.54911689989320323
 8.64788946611023590     15.56620103898347196
-15.56620103898237417     -8.53630379553503893
 1.72957789323534761     -6.52776172602693805
-6.91831157289091259     -15.56620103898062801
 5.18873367967384880      3.51494862171745082
12.10704525255613007     -12.55338793466564340
-12.10704525253995811     -4.51921965648897395
-15.56620103898297103      3.51494862167491595
-6.91831157288288789     12.55338793469224434
-10.37746735930395481     -7.53203276080328443
 0.00000000000007551     -13.55765896947129079
 8.64788946609709264     -14.56193000418249639
-8.64788946610042686     -4.51921965644465917
-15.56620103898366025     -6.52776172602954663
 5.18873367964348109     -10.54484586512221966
-5.18873367965431864     -0.50213551740539664
-10.37746735930729436     -5.52349069124059699
 6.91831157288127674      4.51921965651244584
-0.00000000000009637     -11.54911689990350787
 5.18873367965048349     -12.55338793464711955
 6.91831157288277154      0.50213551735396278
-8.64788946609888676      9.54057483031130182
13.83662314576534769     -9.54057483031356490
-5.18873367964341359     -10.54484586512235111
-10.37746735930295827      2.51067758693444798
-1.72957789320745614      7.53203276080920237
 3.45915578645814437     -7.53203276079543738
10.37746735934070941      6.52776172602568749
 3.45915578645949928     10.54484586511723876
15.56620103898367091     -6.52776172602941429
-15.56620103898220009     -4.51921965651425683
 8.64788946610462084     -12.55338793463245928
 1.72957789323263156      1.50640655217290753
15.56620103898294971     -14.56193000423541228
 6.91831157289102094      2.51067758693926457
-6.91831157287482856     -1.50640655217783603
-10.37746735931604114      0.50213551736678042
-12.10704525252571884     -14.56193000421179207
10.37746735931609443      0.50213551736674555
-5.18873367964146048     15.56620103898237950
-13.83662314576448971      8.53630379560059360
 6.91831157287318632      6.52776172602934146
15.56620103898304031      3.51494862167490929
-0.00000000000003621      2.51067758692440623
-3.45915578642165533     -1.50640655215694919
12.10704525256134367     -2.51067758693408916
 6.91831157287967091      8.53630379553639251
 1.72957789322278366     -8.53630379554234331
-3.45915578644969379      0.50213551739440054
-3.45915578642346544     14.56193000420556594
-13.83662314576250552      4.51921965644780510
-5.18873367967866361     -6.52776172602277160
-15.56620103898188745      5.52349069122231562
-6.91831157287973397      8.53630379553650265
-12.10704525252759112      3.51494862169987865
 6.91831157288556309     -7.53203276081899187
-5.18873367964216747     -2.51067758692938936
15.56620103898235463     -8.53630379553496077
15.56620103898135987     -2.51067758694435916
10.37746735933293962     -3.51494862169314048
12.10704525255991371      7.53203276080043604
12.10704525252348063      1.50640655216178510
 3.45915578642172017     -1.50640655215678154
12.10704525253169450      9.54057483035188625
13.83662314577677144     -11.54911689989328849
10.37746735930247510     -15.56620103898110408
 5.18873367966501675     -8.53630379559137431
-5.18873367964852861      5.52349069126417103
 8.64788946609844444      3.51494862173424849
 0.00000000000002258     12.55338793463046265
-8.64788946609925446     -8.53630379560295260
-12.10704525252341313      1.50640655216187924
 1.72957789320668964     -10.54484586510698918
10.37746735930310571      2.51067758693451060
-0.00000000000000107      6.52776172601420424
-15.56620103898336183      1.50640655218040331
 0.00000000000003668     10.54484586513440902
-15.56620103898174889     -12.55338793469246994
-5.18873367966699117      9.54057483032244136
12.10704525253993857     -4.51921965648886381
-15.56620103898282892      9.54057483037699861
-3.45915578642022625      6.52776172602342886
15.56620103898185015      5.52349069122269043
-5.18873367964496524      7.53203276078861883
-6.91831157288614307     10.54484586509721744
 8.64788946609570175      1.50640655213948893
-15.56620103898161034     13.55765896940033421
-13.83662314577719776      6.52776172602217919
-13.83662314575534502     12.55338793463773150
-5.18873367967812893      1.50640655215354946
 5.18873367966053056     -4.51921965645478352
15.56620103898161567     -12.55338793469273995
-10.37746735930263675     -15.56620103898111829
-8.64788946609831832      3.51494862173433464
12.10704525252558561     -14.56193000421200878
15.56620103898356433     11.54911689987824452
 8.64788946609025366     -6.52776172601920113
 3.45915578643228772      8.53630379557442787
-10.37746735933489006     14.56193000421822070
 1.72957789320470923     -2.51067758693524601
12.10704525252107366     -6.52776172602461990
15.56620103898161567     13.55765896940009441
-8.64788946610868514     -10.54484586513184752
-0.00000000000009128     -9.54057483031074227
-13.83662314574999463     10.54484586512825750
 8.64788946610587672      5.52349069127787917
-12.10704525256006825      7.53203276080044759
13.83662314575881069      0.50213551741480911
 3.45915578644386823     -13.55765896944350501
-15.56620103898162810      7.53203276082234741
-13.83662314574724839     -15.56620103898275609
-0.00000000000008141     14.56193000418036831
-3.45915578642969823     -9.54057483033820120
 8.64788946610030429     -4.51921965644475154
-13.83662314575369479     -5.52349069127316472
 8.64788946609052900     11.54911689989760148
 5.18873367966701871      9.54057483032238451
 8.64788946609874998      9.54057483031129649
13.83662314576836572     -3.51494862172975520
-15.56620103898283425     -14.56193000423542827
-10.37746735930874564     12.55338793467409531
 6.91831157287480014     -1.50640655217774921
 1.72957789321274280      5.52349069122834013
12.10704525253400909     -8.53630379555975694
 5.18873367965814047     13.55765896945764304
12.10704525254271857     13.55765896942378568
15.56620103898220542     -4.51921965651405877
13.83662314575371077     -5.52349069127296932
-1.72957789322836830      3.51494862168337185
 8.64788946610314291     -0.50213551741872009
15.56620103898337781      1.50640655218031294
-3.45915578644117039      4.51921965646908408
-6.91831157288550358     -7.53203276081875828
-1.72957789323536182     -6.52776172602696292
 5.18873367965435683     -0.50213551740519768
-8.64788946609051834     11.54911689989744161
-5.18873367967488974     -14.56193000419836281
-5.18873367967856236     11.54911689989192602
 8.64788946609940901     -8.53630379560299168
-8.64788946610318376     -0.50213551741884299
-10.37746735934000064     -11.54911689988568924
-1.72957789320674760     -10.54484586510705668
 1.72957789322052546     -4.51921965650760704
 5.18873367964154486     15.56620103898235108
-15.56620103898144691     -2.51067758694422460
-1.72957789321390143     -12.55338793468749259
10.37746735930879893     12.55338793467401715
 3.45915578642965871     -9.54057483033826514
-12.10704525255616915     -12.55338793466561675
 1.72957789320756672      7.53203276080911177
 5.18873367964493593      7.53203276078844919
 6.91831157287624343     14.56193000423424699
12.10704525256118025     15.56620103898141316
12.10704525252776165      3.51494862170004962
-8.64788946610461018     -12.55338793463250546
-13.83662314577442132     -1.50640655214850239
-6.91831157288273069      0.50213551735369910
 5.18873367964859789      5.52349069126392855
12.10704525256063135     -10.54484586511332367
 6.91831157288295628     12.55338793469237046
-1.72957789322286648     -8.53630379554220298
13.83662314575101071     -7.53203276078118034
-8.64788946609558096      1.50640655213937413
 0.00000000000008198     -3.51494862173504385
 1.72957789323003452     -14.56193000422745598
-6.91831157287754905     -3.51494862167622513
10.37746735930319808     10.54484586511142297
-6.91831157288120480      4.51921965651264212
 8.64788946610869047     -10.54484586513172140
-6.91831157288150500     -13.55765896940187965
-5.18873367966048971     -4.51921965645466805
 3.45915578644970756      0.50213551739455664
13.83662314576100805     -13.55765896946501137
-8.64788946610801368      7.53203276077724482
-8.64788946609731823     -14.56193000418250882
 6.91831157288613241     10.54484586509738442
-5.18873367967382393      3.51494862171755651
-12.10704525255142094     -0.50213551738012763
-10.37746735932298314      4.51921965649970314
13.83662314576445951      8.53630379560049590
 3.45915578642055044     -11.54911689989088686
-13.83662314575877694      0.50213551741496387
13.83662314577435914     -1.50640655214863561
-12.10704525253171404      9.54057483035195553
 3.45915578642517207     -3.51494862170784561
13.83662314575529351     12.55338793463753788
 8.64788946611013642     -2.51067758692465182
-1.72957789321279432      5.52349069122846714
 3.45915578642024535      6.52776172602318283
 1.72957789320426758     15.56620103898070795
 6.91831157287884402     -9.54057483037533594
 5.18873367967490928     -14.56193000419819050
 8.64788946610800835      7.53203276077713024
 3.45915578645375810     12.55338793465742420
-0.00000000000000310      0.50213551742134055
10.37746735932071651     -13.55765896941261772
 5.18873367967855703     11.54911689989217827
 5.18873367967810495      1.50640655215369845
-6.91831157287318721      6.52776172602946314
-1.72957789322467614      9.54057483036920928
-8.64788946611020748     -2.51067758692466914
10.37746735933499664     14.56193000421826689
10.37746735930404895     -7.53203276080322226
 6.91831157287750198     -3.51494862167624778
-13.83662314576523933     -9.54057483031358089
-3.45915578643223842      8.53630379557446162
-5.18873367965053323     -12.55338793464734337
10.37746735934000242     -11.54911689988562173
15.56620103898185725     -0.50213551735357786
-12.10704525256157638     -2.51067758693414156
-13.83662314576882579     14.56193000418677741
 3.45915578646094080      2.51067758693191445
 6.91831157287330711     -11.54911689987861401
-6.91831157287879872     -9.54057483037550469
12.10704525255797925      5.52349069124766689
-15.56620103898156060     -10.54484586509347466
-12.10704525252150709     11.54911689988803580
-8.64788946611016840     15.56620103898347374
-10.37746735934072184      6.52776172602580917
-3.45915578645579602     -5.52349069125437264
13.83662314575004615     10.54484586512804967
-13.83662314575099295     -7.53203276078132333
-15.56620103897885521     15.56620103897776985
-1.72957789320446165     15.56620103898065466
-1.72957789323267153      1.50640655217284825
 0.00000000000005222     -1.50640655213550589
-3.45915578646096744     -15.56620103898215568
-12.10704525252099195     -6.52776172602484639
-10.37746735933306930     -3.51494862169307476
-3.45915578644394550     -13.55765896944375903
-10.37746735933854936     -1.50640655216571973
-10.37746735932919329     -9.54057483035938247
-3.45915578645822963     -7.53203276079533968
-6.91831157289094723      2.51067758693924992
13.83662314576262453      4.51921965644785750
10.37746735932719488      8.53630379555184859
 1.72957789322477984      9.54057483036926079
-13.83662314574801577      2.51067758692729193
10.37746735933848186     -1.50640655216570263
 0.00000000000000018     -7.53203276077382178
-12.10704525256098663     15.56620103898140606
 5.18873367964216392     -2.51067758692934184
15.56620103898176311      7.53203276082246198
 6.91831157288145171     -13.55765896940165760
-12.10704525253389541     -8.53630379555965213
-8.64788946609022702     -6.52776172601907501
 5.18873367967868226     -6.52776172602304161
 0.00000000000003780     -15.56620103898358209
 0.00000000000009058      8.53630379560399710
 3.45915578645586885     -5.52349069125451564
-1.72957789320459399     -2.51067758693533394
-6.91831157287619369     14.56193000423421680
-6.91831157288335419     -5.52349069122309011
 3.45915578642345434     14.56193000420568495
 6.91831157289091792     -15.56620103898058360
-10.37746735930326913     10.54484586511160948
15.56620103898291596      9.54057483037689735
-5.18873367965816445     13.55765896945748850
 1.72957789321389588     -12.55338793468731851
-15.56620103898359275     11.54911689987836709
-5.18873367966506382     -8.53630379559133168
-12.10704525254264041     13.55765896942376436
 1.72957789322826727      3.51494862168342159
13.83662314576889507     14.56193000418672057
-1.72957789321701716     -0.50213551735711937
-3.45915578645941135     10.54484586511714816
13.83662314574808150      2.51067758692728482
13.83662314574715602     -15.56620103898268681
10.37746735930728548     -5.52349069124058545
-12.10704525255783182      5.52349069124751590
-1.72957789322043265     -4.51921965650748092
-3.45915578642510946     -3.51494862170777322
