305    33.36564190539999686
 0.09436368454253900     -4.68282095271507970
 3.55846529969445635     -14.68282095268375187
-14.47455724512988517     13.91094779246194513
15.68282095268185117     -15.68282095268236453
12.21871933754442097     -3.68282095268175613
-7.02221684923162659      7.31657247067005745
-7.02256691483785378     -12.68282095271366750
12.21871933754412076      0.31717904731829222
-1.80640758621591191      2.28201047771463950
-1.65431921968277407     -1.71219842026003533
10.48666852997564192     -4.68282095268192577
 3.55846529969871606     -4.68282095268259901
-5.37977107722521275     15.68282095268429899
-1.64689942503328579     -9.69894962816855077
-7.01253762813065773      9.31654904870262968
12.21871933754590955     10.31717904731837976
-10.48666852997413734      1.31717904731549917
12.21871933754469808     -7.68282095268200038
-5.26964008226400971      8.28014637851798874
-7.02256691133995226     -6.68282095873027782
-10.48666852995848231      3.31717904731576274
15.68282095268237519     -5.68282095268184140
 6.76348793163450157     11.87214674736196507
13.95077014511297975     -12.68282095268202347
-3.54526347133508102     -4.70587664740116818
 3.55846529969460601     -12.68282095268375187
 8.75461772240610436     -7.68282095268212206
 0.09436368455591511     -12.68282095268422793
-9.54696271643661554     15.68282095268455478
-8.75461772239739133      2.31717904730188007
10.48666852997516763     -10.68282095268210163
-6.46336689683115484     14.00180337403362785
 5.29051610726929145     -11.68282095268348719
-10.48666478897186671     -14.68282743229424270
13.95077014511309166     -0.68282095268157073
-8.75461772239954961     -9.68282095269811904
-12.21871933754463591     -9.68282095268387444
 3.62549836204100373     13.94201169009468799
13.95077014511275948      3.31717904731844904
-13.95077014511366720     -6.68282095268394905
12.21871933754364292      6.31717904731834157
 0.09436368456128216      5.31717904731670732
13.95077014511485380     11.31717904731986124
 8.75461772240626246     -9.68282095268212828
15.68282095268238763     14.75161670843664830
 7.02256691483685458      3.31717904731838287
-15.68282095268236986     -15.68282095268473419
 1.82641449252754362      8.31717904811134012
-10.48538458964944553      9.31939957957092879
 8.75461772240261382     -15.68282095268347476
-9.47382860604273702     12.17932842776675351
-10.48666852997613042     -2.68282095268464982
-13.75786348766254008     11.71591350546750121
-8.75460983815322713     -15.68282095268381227
-5.28213360544933241     -3.69748248504646959
-5.28213360544099508     -5.69748248504646959
15.68282095268341259     10.31717904731912760
12.36383022232364226     12.53439787787229598
 8.75461772240599601      4.31717904731798896
-15.68282095268206433      2.31717904731536217
-1.80071914058335358     10.27175221615324396
-7.02248497974821539      3.31703711815125946
 8.64074634940792663     15.66516911884538388
-4.37977107722146464     13.95077014511692681
 1.82641449212530360     -13.68282095268381227
-15.68282095268465781     12.31717904731537949
-15.68282095268362042     -9.68282095268466136
-5.29057099508840167     -13.68291601518187228
15.68282095268212295      0.31717904731816915
-12.21871933754381523     -5.68282095268386378
12.21871933754430550     -1.68282095268175591
 2.64082424773398117     15.68282095265513298
-7.02248497975028663     -0.68296288184875253
 7.62549836204101261     13.94201169012472441
-15.68282095268330423      6.31717904731536706
 5.29051610726853383      0.31717904731759600
-1.36947341474271234     12.22470565234781326
-10.48666852997620147     -10.68282095268465604
 7.02256691483770723     -2.68282095268223575
-13.95077014511363700     -8.68282095268395082
 1.82641449212399554     -15.68282095268384957
-12.21871933754340311      0.31717904731617008
-7.00567840793449470     -2.68289226538805003
 5.29051610726832955     -7.68282095268243292
13.95077014511245395      7.31717904731845792
 1.77264459052008938     10.31645611686354691
-8.75461772239218483     -7.68282095269811904
 3.55846529969996750     -2.68282095268259901
 5.29051610726844679     -9.68282095268255283
-0.00279787397843593      9.39569335954998230
12.21871933754408701     -11.68282095268203769
-8.75461772239873248     -5.68282095269811904
13.95077014511351088     -6.68282095268187515
-1.66044773218660846      4.27667729726414514
13.95077014511337943     -4.68282095268167353
13.95077014511358904     -8.68282095268199505
 0.09436368455455509     -14.68282095268426524
15.68282095268368082      8.31717904731820923
 0.09436368498876214      7.31717904805920050
-13.95077014511430136     -4.68282095268394816
-3.39249853977716187      5.27667729728093970
-12.21871933754479933      4.31717904731627478
 8.75461772240548797      8.31717904731799962
-13.95077014511432267     -2.68282095268379450
12.21871933754379214      4.31717904731833357
-13.95077014472540178      9.31717904751206127
 5.29051610726786326     -5.68282095268243292
-13.95077014511231539      1.31717904731627988
 7.02256691483791418     -4.68282095268226506
-12.21871933754265527      2.31717904731625302
12.21871933754490414     -15.68282095268333620
15.68282095268242848     -7.68282095268184495
-15.63411353694676720     15.59351669769486826
-10.48666852996733923     -0.68282095268451115
 3.55846529969954295     -8.68282095268259901
13.91283263195794895     15.68282095268275711
10.64066845108143156     15.68282095268324028
 5.29051610726842636      2.31717904731759727
 5.29051610723798760      6.31717904736937097
-15.68282095268279797      0.31717904731535568
-8.75461772241500569     -13.68282095269935006
-8.74424011804568657     10.31715211007227140
-3.54526347134450592     -6.70587664740136979
-1.82165583638079620     -13.69130004832342706
 8.75461772240615410      2.31717904731798718
 7.02256691483740170      1.31717904731776891
 3.55846529969943948      3.31717904731740676
15.68282095268182452      4.31717904731817370
 1.82641449213135765     -9.68282095268379805
15.68282095268252974     -9.68282095268190623
-5.25996086116209760     10.28012295655055652
-10.48666852996975329     -8.68282095268465604
 7.02256691480168715      7.31717904737843750
10.48666852997579113     -6.68282095268205190
-1.66044773216511432      8.27667729726414159
10.48666852997462762      9.31717904731882207
10.48666852997590482     -14.68282095268354581
 1.82641449213038287     -7.68282095268294185
-7.54696271643661554     15.68282095268459919
-5.27107122708947085     -15.68282095268465604
-0.36947341474269724     13.95675645991668112
 5.29051610726363730     -15.68282095268349430
 1.82641449213039730      4.31717904731712032
 5.29051610726384336     -13.68282095268349430
 8.75461772240573133      6.31717904731799873
-7.01545286328994600     -14.69523145058209934
-3.38637002724708891     -0.71219842024568547
-7.02245714441160285     -10.68282095571843726
-12.21871933752928996     -15.68282095268403786
-5.12936867384552908      6.28507145962890323
10.48666852997512322     -8.68282095268205545
-3.53845839377921356      3.28201047772928955
-7.46903428735396080     11.91218310103874778
10.48666852997465782      7.31717904731824120
12.21871933754405326     -9.68282095268202703
 8.75461772240667990     -3.68282095268207232
-15.68282095268318876     -5.68282095268465248
-1.65431921966992634      0.28780157973996390
13.95077014511310942     -14.68282095268210874
 3.55846529969872982      5.31717904731806801
 8.75461772240511316     10.31717904731800139
 7.02256691483300788     -14.68282095268358134
-3.37977107721937697     15.68282095268462051
-13.95077014511336877     -0.68282095268375564
15.68282095268195953      2.31717904731817326
-13.95077014500455803      7.31717904750453929
10.48666852997545895     -2.68282095268190268
-3.45437917510459336     -14.84638207969038426
-3.37895023259621574     -8.69894962815687478
 7.02256691483815931     -12.68282095268350318
-8.75461771711131043     -3.68282095269811949
 0.07870524673986000     -6.68287296050258206
 4.63261304060954338     12.20587265804458710
10.48666852997516052      1.31717904731816327
-15.68282095268365239     -3.68282095268464760
-12.21871933746297856      6.31717904745721004
-8.46096873410338368     13.90389065622233034
 8.75461772240648628     -1.68282095268206344
14.09588102986887215     13.53439787791327831
12.27675054151950107     14.53250126088108907
-2.37977107722141534     13.95077014511454294
 3.55846529970026149     -10.68282095268375187
-1.37977107721937697     15.68282095268459564
-10.48666852882331568      7.31717904748633696
-11.47381947117353285     12.17328362148047560
15.68282095268222776     -1.68282095268183074
-8.75461772238958069      0.31717904730188018
10.63177941475521493     11.53439787787151793
-3.53845839379309446      1.28201047772902532
-3.38637002726450120     -2.71219842024609115
15.68282095268239473     -3.68282095268183651
-13.95077014511433511     -10.68282095268395793
-3.39249853974467852      7.27667729728240076
 1.82641449213000584     -5.68282095268293119
 5.29051610726873189     -1.68282095268240428
-12.21871933754466255     -13.68282095268402188
-3.53276994816277856      9.27175221617151379
-5.46336689682793697     12.26975256646660917
 8.75461772240638325      0.31717904731795138
 0.64082424773398139     15.68282095268459564
-5.27532852789699280      0.29040464008086680
 0.09436368455477728      3.31717904730529778
13.95077014511295665     -10.68282095268201992
 0.09436368456223651     -8.68282095268422083
 7.02256691479604456      9.31717904738732550
 3.53713205568315381      9.35495394728881813
-6.99186775503128555      5.31680275080697040
12.21871933754349548      8.31717904731835667
 1.82641449212917961      0.31717904731708979
-15.68282095268338772     -11.68282095268468801
15.68282095268191689     -11.68282095268190623
-8.75461772239946967     -1.68282095269811971
13.95077014511292823      1.31717904731843571
-8.75461771338463812      8.31717903387474777
-15.68282095252877006     10.31717904731537772
 5.29051610726894150     -3.68282095268243070
-8.75461772239775726     -11.68282095269811904
-15.68282095268319232     -13.68282095268471110
-5.12324016135101079     -1.70380425789380974
-5.29046122466657742     -11.68291601819424663
-11.54695358149512074     15.67677614643995909
13.95077014511324620     -2.68282095268165266
 5.29051610720698129     10.31717904738071034
-10.48666852997538790     -6.68282095268465337
-5.28213360545016286     -7.69748248504646959
-7.02256691134717670     -4.68282095873026538
-5.27532852788317363      2.29040464008086664
 7.02256691483729689     -8.68282095268227927
-10.47457551501277706     13.91094779246181012
-13.95077014511423030     -12.68282095268420306
 7.02256691480731998      5.31717904736915248
 1.62764347096134054     13.84940589011938172
10.48666852997498466      3.31717904731817592
-13.95077014510762758     -14.68282095269430521
-15.68282095268373766     -1.68282095268464738
-12.21871933754473005     -7.68282095268386911
-3.55370664394687008     -12.69130004831838221
 8.75461772240709202     -13.68282095268340726
10.39202083786821262     13.58024456996650287
-7.02256691134780731     -8.68282095873061799
-13.95077014511367963      3.31717904731628010
 0.09436368453763794     -2.68282095270537457
-10.48666852997540921     -12.68282095268467202
 8.75461772240687530     -5.68282095268211940
-15.68282095268326870      8.31717904731536706
-1.66044773218634267      6.27667729726414336
-1.63768712301492503     -15.68282095268339660
 8.75461772240634595     -11.68282095268230236
 5.29051610723173038      8.31717904737941005
-10.48666852997567389      5.31717904731584401
-12.21871933754453465     -1.68282095268383047
12.21871933754394668      2.31717904731832158
 1.82641449213048013      2.31717904731711721
 3.55846529969907621     -6.68282095268259901
 4.64082424773398117     15.68282095265328913
 0.08853214788617800      1.31718577470771803
 0.62704434349278204     12.08983396616514128
15.68282095268173038      6.31717904731817992
13.95077014511260494      5.31717904731844904
15.68282095267761100     12.31717904738368574
-1.65431921967153128     -3.71219842026003466
 2.63440301835900881     12.12127533552472336
-1.81321266376905377     -5.70587664741275802
15.68282095268192933     -13.68282095268190623
-12.21871933754546902     -11.68282095268397924
 7.02256691483747719     -10.68282095268228815
 3.55846529969952652      1.31717904731740476
 6.64082424773399715     15.68282095268444998
-12.21871933754546724     -3.68282095268386112
-5.27532852789491358      4.29040464008086619
-8.75461771464654248      6.31717903387469182
-12.21871933641011410      8.31717904745845971
 0.09436368455123409     -10.68282095268422260
 0.09436368456116227     -0.68282095268441989
12.21871933754457196     -5.68282095268186094
-3.37895023266337180     -10.69894962815738282
10.48666852997528309     -12.68282095268219933
-15.68282095268293475     -7.68282095268465692
 5.62549836204100373     13.94201169006121788
-7.02248497973968533      1.31703711815125035
-13.54694444655364727     15.68282095268465604
10.48666852997481769      5.31717904731822166
 3.55846529969973924     -0.68282095268259535
 1.82641449212961993      6.31717904731766566
13.95077014511483959      9.31717904731845792
-5.11582036670194817     -9.69055546580183602
 1.82641449213089913     -1.68282095268293030
12.21871933754416339     -13.68282095268222420
 7.02256691483712814     -6.68282095268226595
 1.82641449212050411     -3.68282095268293119
 8.79118793082645489     12.31684467433068875
 7.02256691483751005     -0.68282095268223264
-15.68282095268319765      4.31717904731536262
10.48666852997534349     -0.68282095268190302
 1.82641449212454976     -11.68282095268379805
-13.95077014503763202      5.31717904744803160
-12.21871933712513503     10.31717904745850234
-8.75445384525437831      4.31717904058795288
-3.39656276818089120     11.66191736113222532
-1.64689942502084419     -7.69894962816812356
 3.55846529966834835      7.31717904736988967
-1.64689942502751063     -11.69894962816863782
-10.48666852996360710     -4.68282095268464982
-12.47456638007137819     13.90490298621727483
 5.29051610726777533      4.31717904731834690
