306    33.43377537052626991
12.25278607012330490      6.28311231473812004
10.52073526255496638     -6.71688768526240665
-1.60362039042837745     -9.71688768526312963
-13.98483687769258665      2.33915675676330403
-7.06217782649244796     -9.70734577837072798
 3.66904054247479250     15.71688768526314739
-13.98483687769382122      8.33915675676331247
12.25278607012383603     -11.71688768526249547
13.98483687769270922     -2.71688768526222812
 1.86048122470943378     -7.71688768526319180
 8.78868445498610384     -1.71688768526230495
-13.98483687769325101     -9.69780387148156109
13.98483687769227402      5.28311231473821685
-3.60353079674361609     -9.69795710914859299
-5.33567119799699885     -14.71688768525988422
12.25278607012386622     -7.71688768526242352
10.52073526255419367      7.28311231473843979
-1.60362039042837790     -7.71688768526313051
 8.78868445498562778      4.28311231473780651
10.52073526255496105     -8.71688768526240665
10.52073526255479763      1.28311231473793774
-12.10798254173065835     13.63477257187609659
-10.53270730160262225     12.34781327631183601
-15.71688768526115076     -12.69780387148355949
-7.06166744642811661      6.34782531136164252
-6.39150387409163301     15.71688768525984159
15.71688768526230362      2.28311231473669762
-9.35486320175690267     13.96419295833540275
-13.98483687769295081      4.33915675676330626
-12.25824065551281272     -4.68841520225828567
10.52073526255493974     -14.71688768526262159
 5.32458283984717973      4.28311231473667497
 5.32458283984782010     -11.71688768526318469
12.25278607012342746      4.28311231473811294
 7.05663364741616306      9.28311231473821152
 7.05663364741696775      1.28311231473756693
-12.25278607012418064      7.33915675676395463
-3.60353079674361876     -7.69795710914839670
 5.32458283984752256      0.28311231473671034
-2.39173549430345878     15.68645041863932299
-14.04597266855947346     10.43826685450365765
13.98483687769273764     -12.71688768526257896
-3.60362039042877091     -15.71688768526103530
15.71688768526216684     -3.71688768526325219
 7.05663364741704502     -8.71688768526257185
 7.05663364741667110      5.28311231473772658
-10.52073526255554903     -7.69780387148139233
-10.39106169652290568     15.67483397253706912
-3.60362039042844051     -13.71688768525933000
-3.60362039042835836     -11.71688768525828372
 7.05663364741708943     -14.71688768526266244
 0.63853671397938438     14.00281013174996581
 8.78868445498597417     -15.71688768526271041
-10.52618984794401058     -3.68841520225814712
 0.12843041713796435      7.28311231473790155
-3.60284680713584082      4.33873366624212675
 0.12843041714049397     -6.71688768526309765
 5.32458283984532610     10.28311231473662168
-5.33434374877515172      9.35596857674810778
-12.25278607012443466     -10.69780387148174583
11.66776118892729563     15.71688768526288094
 7.05663364741706722     -12.71688768526260027
-8.39150387409162946     15.71688768526314028
15.71688768526205493      8.28311231473664655
-15.71688768526226454     -2.67902653303717875
 8.78868445498490658     10.28311231473883325
-1.60362039042853866     -3.71688768526313185
 3.59253203227856543     -4.71688768526363766
-3.60229294118683452     10.35596857671455773
 5.66904054266499013     15.71688768526258251
 0.12843041714056272     -10.71688768526320423
 3.59253203227877727     -14.71688768526383662
-5.33012701892354457     -10.70734577837071377
 9.71588234171542275     12.05520262813780441
13.66776118892728675     15.71688768526314917
15.71688768526314384     12.28311231473661458
11.71003254157973927     12.20805870548615424
10.52073526255490243     -10.71688768526250968
 6.66962543580694955     13.98517469760659537
 7.65248552022708495     11.93604832652459180
-7.06191462313538487      2.33006511186389886
 0.12843041713280826      9.28311231474133081
15.71688768526217395     -9.71688768526320246
-15.71688768526179558     -6.69780387148025191
-15.71688768526284186      9.33915675676313661
-10.53147082366056964     -1.67932355735883765
15.71688768526210467     10.28311231473663057
 0.12843041714036660     -4.71688768526309765
13.98483687769275363     -4.71688768526239155
-12.26475810917093412     11.34781327631085901
-7.06772200556563046     -13.71688768525914170
 1.86048122470944399     -9.71688768526318114
13.98483687769264350     -0.71688768526205837
-7.06166744642771249      8.34782531136430350
-5.35486320175688668     13.96419295832816410
 0.12843041713997366      1.28311231473716814
 1.86048122470946087     -15.71688768526314739
-7.06736920852306039     -1.67932355735872396
-8.79942001609178881     -2.67932355735901684
 5.32458283984767711     -5.71688768526323710
-7.06639455636601177     10.35596857672441118
 8.78868445498606654     -3.71688768526230806
 5.32458283984765135     -3.71688768526325441
 5.32458283984701186      6.28311231473665721
 3.59253203227660656      9.28311231473635523
-0.35544351281314102     11.99624155754827015
15.71688768526190394     -13.71688768526316871
14.64881839726527168     13.97403750410356160
 0.12843041714054457     -8.71688768526319002
-0.39196711451532529     15.71688768526314206
-10.52627944162930973     -13.70734577837226631
-5.32961663885974168      7.34782531136273587
-12.25278607012367971      5.33915675676395018
-13.98483687769285488     -5.69780387148024303
-13.93567312587272866     12.44692337405377280
 1.86048122470933741     -3.71688768526321489
10.52073526255498770     -2.71688768526232050
 3.59253203227839668      1.28311231473635967
 1.86048122470943245     -5.71688768526320334
-13.98483687769262751     -11.69780387148293599
15.71688768526221658      4.28311231473668119
-15.71688768526215441     13.53737695224678816
 5.32458283984815672     -15.71688768526315094
 8.78868445498603812     -9.71688768526239066
-7.06736920852329220     -3.67932355735969452
15.71688768526223257     -1.71688768526326885
-3.60326759338579405     -5.67932355736019456
-13.99011785341025238      0.33006511186186677
15.71688768526222368     -7.71688768526321844
12.25278607012382714     -13.71688768526259317
-13.98483687769337003     -1.67902653303693450
-3.35509482196861875     13.93375569171149841
10.52073526255493441     -12.71688768526253988
-1.60362039042864324     -1.71688768526313229
-8.79942001609182789     -0.67932355735850813
 3.59253203227863072     -6.71688768526363678
-13.98483687769294725      6.33915675676330981
-10.52073526245200341      4.33915675694192515
 7.67021032894773125     15.71688768526314917
12.25278607012381471     -15.71688768526268731
-8.57721833325211769     11.73635397576479455
-3.60284680713670014      6.33873366624264367
-12.25806704584154971      1.33006511186218268
-10.52627944163016949     -11.70734577837088786
 8.78868445498594042     -13.71688768526260738
-6.36223325063215750     12.22790790680681994
 5.32458283984660241      8.28311231473663945
 8.78868445498602036      0.28311231473775622
 7.05663364741698285     -10.71688768526257185
15.71678148818970122     15.68599145378400017
 7.05663364741682564      3.28311231473762355
-12.25781986926252465      9.34782531114032444
-8.79422863406133359     -10.70734577837074397
-1.60362039042843918     -13.71688768526313140
-12.25278607012441867     -8.69780387148141365
-15.71688768526252922     -0.67902653303712734
-12.25824065551276831     -2.68841520225791797
-12.25278607012436005     -6.69780387148092959
-15.71688768526168190     -4.69780387147991085
-1.60362039043900073     10.28311231473720078
-1.60362039043031213      6.28311231473686505
 5.32458283984789738     -13.71688768526316871
-5.33531840095460552     -4.67932355736006755
 0.12843041714043330     -14.71688768526326641
 1.86048122470932409     -1.71688768526322666
13.98483687769273942     -6.71688768526241287
13.98483687769267547     -14.71688768526265001
-15.71688768526155044     -10.69780387148256295
-5.33531840095438170     -0.67932355735832484
-8.79396543070371450      1.33006511186294341
 8.78868445498608608     -5.71688768526232760
-15.71688768526133728     11.53737695224667803
 5.32458283984776060     -7.71688768526321933
-8.78868445485936434      5.33915675698367842
 3.59253203227778384      7.28311231473635612
 1.86048122470944000     -13.71688768526315805
-7.06772200556526187     -15.71688768526095714
-12.25278607012370280      3.33915675676394885
 0.12843041713918263      5.28311231473744591
 3.59253203227863915     -10.71688768526363589
-15.71688768526129820      1.33915675676294255
-4.39150387409163567     15.71688768526030167
 5.32458283984753145     -1.71688768526327240
-12.39061951895414282     15.71688768526313495
12.25278607012389109     -3.71688768526236579
 1.86048122470899724      4.28311231473673804
 3.59253203227819728      3.28311231473635878
-1.60362039042850846     -5.71688768526313140
 8.78868445498522632      8.28311231473839094
15.71688768526215085     -5.71688768526323532
-7.06736920852316164      0.32067644264187339
-1.60362039042942506      4.28311231473686593
 3.59253203227811069      5.28311231473635790
-8.79422863406117195     -12.70734577837098200
-10.52576906169421456     10.34782531114130322
-10.52073526255563429     -9.69780387148159839
-3.60326759338605784      0.32067644264263845
-8.79977281313388637     -14.71688768526022884
12.25278607012382714     -1.71688768526217617
13.98483687769219230      9.28311231473826659
 8.78868445498580897      2.28311231473779852
-7.06208823280679709     -7.68841520225950248
-15.71688768526259672      7.33915675676311885
 1.63853671398163647     12.27075932418239823
 0.12843041713965897      3.28311231473721543
-10.52576906169308124      8.34782531114130499
-15.71688768526166058      3.33915675676298518
-3.60326759338629987      2.32067644264353801
-10.52601623827285060      2.33006511186254173
 7.05663364741700505     -0.71688768526247393
-1.35642227122637893     13.86089942973226741
 2.66904054256844203     13.98483687764020900
-2.36368161015690914     12.13306013623954627
12.25278607012387155     -5.71688768526239333
-4.36235416089946693     12.20591639821897978
15.71688768526163571     -15.71688768526315094
-5.33558160431244666     -8.69795710914850240
-5.33003742523795410     -6.68841520225937014
-15.69580298300018661     15.71136270126692303
-10.52601623827239585      0.33006511186252457
 0.12843041714031300     -2.71688768526299507
-5.32986381556687494      3.33006511186455034
15.71688768526208158      6.28311231473666432
-12.25833024919830549     -12.70734577837218104
-8.79371825401828566      9.34782531132672290
 1.86048122470752486      8.28311231473671405
 7.05663364741697663     -4.71688768526257007
-1.60362039042835813     -11.71688768526312963
-13.99029146308156690     -3.68841520225806718
-3.60326759338585845     -3.67932355735984062
-8.78868445498675221     -8.69780387148158418
-1.60362039042907800      2.28311231473686682
 3.54707034535178201     11.50899510393943181
13.98483687769223494      7.28311231473825593
 7.05663364741694465     -6.71688768526257096
-7.06217782649234227     -11.70734577837089851
 1.86048122470923105      0.28311231473676152
10.52073526255459868      3.28311231473796905
-13.93567312587350315     14.44692337405377280
 7.05663364741704413     -2.71688768526249946
10.52073526255496283     -4.71688768526232227
15.71688768526228053      0.28311231473671444
 0.12843041714016096     -0.71688768526295232
 1.86048122470865085      6.28311231473672560
 9.66898575893750944     15.64691068569080912
-13.98483687769239836     -15.71688768526158064
-12.25806704584115714     -0.66993488813783264
 4.66904054256862278     13.98483687774844952
-5.33489761470500934      5.33873366624166135
 0.12843041714051431     -12.71688768526323443
 8.78868445498544482      6.28311231473792731
-7.06208823280675713     -5.68841520225922714
-12.25833024919795378     -14.70734577837274060
 8.78868445498593331     -7.71688768526238977
13.98483687769239481      3.28311231473821064
-1.60362039044515559      8.28311231473718657
12.25278607012371346      0.28311231473797294
-8.79413904037548022     -4.68841520225890118
12.25278607012324983      8.28311231473818488
-15.71688768526193947      5.33915675676311263
 1.86048122470948951     -11.71688768526316871
 8.65589276740054636     13.75120442717695290
 3.59253203227843931     -0.71688768526363933
 1.66904054247465239     15.71688768526283297
-15.71688768526203539     -14.71688768526052904
12.64881839726527168     13.97403750410326495
 5.32458283984772152     -9.71688768526320246
-10.52073526245188084      6.33915675694291281
-10.53182362070241496     -15.71688768526088076
12.25278607012391063     -9.71688768526248658
 3.59253203227848950     -2.71688768526363855
13.98483687769256001      1.28311231473812315
 8.78868445498593687     -11.71688768526245461
10.52073526255446545      5.28311231473798948
10.65004296726461952     13.90406050452507358
-5.33531840095454957     -2.67932355735943517
15.71688768526201940     -11.71688768526318469
-7.06191462313600038      4.33006511186412446
 1.86048122470793231     10.28311231473670340
-1.60362039042882465      0.28311231473686715
10.52073526255492730     -0.71688768526220892
-3.60326759338590596     -1.67932355735902084
 1.86048122470909272      2.28311231473675003
-8.79371825402065532      7.34782531132065930
 3.59253203227865558     -12.71688768526374247
13.98483687769282469     -8.71688768526243685
-3.60229294118794785      8.35596857671032645
 3.59253203227859164     -8.71688768526363589
12.25278607012360865      2.28311231473805254
10.52073526255395031      9.28311231473868936
-1.60362039042875004     -15.71688768526313140
-15.71688768526209046     -8.69780387148099976
-8.79413904037560634     -6.68841520225928310
12.25278607012323562     10.28311231473819554
-13.98483687769320838     -7.69780387148100509
-7.35486320175690267     13.96419295832849805
 7.05663364741646237      7.28311231473780918
-5.33567119799699796     -12.71688768525870650
-8.79396543070452630      3.33006511186350140
13.90791045674323101     11.41004658207125821
 5.66962543571127942     12.25312389009297043
13.98483687769281758     -10.71688768526244395
 5.32458283984728009      2.28311231473669274
-5.33531840095483201      1.32067644264283524
-13.99038105676686250     -13.70734577837276724
-10.52618984794431611     -5.68841520225898645
