308    33.58162467900000081
15.14171309660055087      6.88553469382829686
-7.20918766050755178     -10.59465991676767160
 2.85821898003189023     -7.09335230873046019
-1.11670092605933902     -6.77761291536621435
-12.19198505567736568     -12.06495799791491308
-10.20918766051687676     15.79081233948317120
-4.20918649739679118     12.32671005280161403
-3.20918649359496566     10.59465924305007611
-0.20918649739679021     12.32671005281472354
14.79081233948188512     -3.66645668649244083
11.79081233948312679     15.79081233948015139
-3.17202987783089174      3.64547878109086954
-9.20918649367100173     10.59465924309237295
-13.70260229033502064     -6.78332111281017358
 1.85821898003035901     -5.36130150116187831
13.79081233948200591      1.52969573621524324
-8.20918766052584914     -12.32671072433050341
 9.82797012217472243      5.37752958866338027
 5.79081233948014695     -12.32671072434300186
15.79081233948062213      4.99379735135802250
-1.20918766052027071     -14.05876153191277211
 2.82797012217414823      7.10958039623227478
15.79081233948012297     -15.79081233947874452
 4.82797012217323473     -3.28272444918222961
12.79081233948204677     -0.20235507135452482
 8.82797012217423038      7.10958039623217175
 1.79081233948013185     -12.32671072434317949
-2.20731871939811963      8.86153141746689066
15.79081233948201124     -1.93440587892360982
-14.00928303587654078     -0.77355904184364943
13.79081233948312679     15.79081233948047824
-15.79081233948078911     -11.79457867505605151
-10.20918649739681250     12.32671004911347623
10.82797012217621280      7.10958039655719620
-13.67241860091148986      7.43399340815124088
-3.17202987782758150      0.18137716594075054
12.79081271367974004     14.05876131586850519
-5.20918731036926097     14.05876132973880566
13.79081350260305960     12.32671095856655441
-5.20918649359928754     10.59465924304021911
-3.20918766052345772     -14.05876153191047173
 1.79081350260321015     12.32671005281488519
-6.20918766051687587     15.79081233947842122
 6.79081233948059104     -10.59465991677217644
-1.17202987782585510      7.10958039623246396
10.79081233948187979     -3.66645668649301149
 6.79081350641558501     10.59465924304473994
 0.79081269597598181     14.05876132608989337
11.79081233948278751     -8.86260910920094247
 4.79081270108972301     14.05876132313756166
-15.79081233948335417     10.56590233191544748
-2.20918766051687543     15.79081233947147567
 9.82797012217324806      1.91342797352440530
 9.79268128060189191      8.86153141746686224
-0.20918766051986915     -12.32671072434267323
 3.79081350260321148     12.32671005281481236
-5.20918766052347060     -14.05876153191483802
 9.82797012217345411     -1.55067364161327781
-15.79081233947940710     -3.78122670047901543
11.82797012217326582      1.91342797352473371
-11.17200442295271046      7.09948986378697366
12.79081351975827197     10.59465925514944651
 1.82797012217325761     -1.55067364161336374
 7.79081233948274310     -8.86260910920386458
10.79081233948080687     -10.59465991677179986
-10.20731871939813828      8.86153141746443573
-10.17200442296277174      1.90333744107384284
 6.79081270332823284     14.05876132184497429
-6.17202987782939694      1.91342797350090454
 7.82797012217472243      5.37752958866301078
 9.79081233948277863     -8.86260910920101885
 3.79081233948312679     15.79081233948036811
-2.11670092604346616     -8.50966372294425533
 0.82797012217323362     -3.28272444918226647
 6.82797012217337862     -6.74682606431990717
12.82798218543277180      7.10966377066961730
15.79081233948323870     12.32455399821390074
 2.82797012217323340     -3.28272444918303519
-5.20918766050744608     -10.59465991672315610
11.79081233947982632     -15.79081233948117280
-0.20918766051687321     15.79081233947949947
12.82797012217325872      3.64547878111162538
-0.17202987782779833      1.91342797352401983
 1.82797012217472421      5.37752958866306052
-9.20918766050756687     -10.59465991675009811
-1.20918730530369589     14.05876132682788260
 1.79081233948312679     15.79081233948041962
 9.79081350260322658     12.32671005281467203
-4.11670092607440719     -5.04556210781519088
-4.20918766051687587     15.79081233946728524
 8.79081233948080687     -10.59465991677387997
 6.82797012217324983      3.64547878109330936
-10.07806836612796175     -5.07580352081329078
-12.17200219670174910     -1.56374833435611849
 2.79081269928291142     14.05876132418072366
 5.79081233947943375     -15.79081233948074114
11.79081233948201124     -1.93440587892366000
 3.82797012216447818     -5.01477525675696700
13.79081233948060969     -12.32671072434062154
-14.05601295127175732     -12.78980281195873658
-2.17202987782674173     -1.55067364162798915
10.79081350641948767     10.59465924304247331
-0.17202987782527543      5.37752958866311470
 3.79268128060188037      8.86153141746690132
-15.79081233948317298     12.56669495340806542
 7.79268128060188214      8.86153141746687112
-11.17444781756903183      0.16987734797126000
 0.85821898003186903     -7.09335230873565603
 8.82797012217327826      0.18137716595551082
12.79081233948186203     -7.13055830163082582
-2.11670092607438542     -5.04556210780585879
-3.20918766050702198     -10.59465991676735186
 7.79081233948312679     15.79081233948033436
 2.82797012217324717      3.64547878109332757
-14.17185849255629115      5.39159894627739256
 5.82797012216555910     -5.01477525675554148
-11.17200442295948548      3.63538824864462029
-12.17200442295212959      5.36743905621775497
-8.20731871939812052      8.86153141744858885
-1.17202987782834622     -3.28272444919793838
 8.79081233947988849     -14.05876153191144695
-8.20918649739679473     12.32671005281233967
 3.82797012217324273      1.91342797352444616
-8.17200442295385621     -1.56076417405877255
-4.20918766052083715     -15.79081233948235763
 7.82797012217324273      1.91342797352441818
-4.20918766052313043     -12.32671072433127613
12.79081233948054575     -14.05876153190994593
-13.85184282829412261     -2.77998299526809589
10.79081233948054397     -14.05876153191187328
-11.17200219670122507     -3.29579914192479029
 4.79081233948057417     -10.59465991677386754
-15.79081233948313923      6.56590233191534711
11.79081233948178031     -5.39850749406197217
 2.79081233948055507     -10.59465991676513674
 9.79081233948056706     -12.32671072434289705
-3.20918730679944852     14.05876132768262465
-13.93865842150672663     -14.78635682183278099
 3.85821898004596120     -8.82540311632388530
 0.82797012217414812      7.10958039623234050
-4.09527097093121473     -8.80165786239382086
-5.17202987782585755      7.10958039623153137
-0.14178101995405867     -8.82540311632405050
10.82797012217344701      0.18137716595563333
 7.82797012217325872     -1.55067364161335508
 5.79268128060188037      8.86153141746689599
15.79081233948279817     -8.86260910919985179
-13.64316392306854908     13.82912457167001286
10.79081270741171750     14.05876131948734020
-5.09527097096413950     -7.06960705475737239
-8.20918766053051918     -15.79081233947942842
 1.82797012217321186      1.91342797352445371
14.79081233947952079      3.26174654378938023
 3.82797012217325738     -1.55067364161333621
14.79081233948120655     -14.05876153190916256
-8.09527097093121384     -8.80165786239387415
-1.17202987782840307      3.64547878109255663
13.79268011846051500      8.86368747074479124
11.82797012217472243      5.37752958898392031
-5.17202987783185897      3.64547878107719203
-8.20918766051687676     15.79081233769354675
-2.20918766051986992     -12.32671072434364667
-12.17200442296797469      1.90333744108050928
-9.20918733347865803     14.05876134107637654
-0.17202987782674203     -1.55067364161337506
-7.17202987783189183      3.64547878106860157
 1.79268128060188014      8.86153141746696882
-7.17200442295301244     -3.29281498162716701
-2.20918649739679118     12.32671005281397747
12.79081233948188512     -3.66645668649261047
14.79081233948084417     -10.59465991677075181
 5.82797012217492938     -8.47887687188968009
 4.82797012217322674      0.18137716595555944
-13.20732633834851377      3.63646797838616997
-6.09527097097271486     -5.33755624719320743
-9.17200442295567697      0.17128663350905748
-4.17202987782527490      5.37752958866299124
 5.82797012217325694     -1.55067364161334442
-12.20918649739681250     12.32671005281802756
-2.17202987782869794      1.91342797352325777
-6.17202987782527401      5.37752958865024056
-11.21345105219303484     10.59218902262390394
-0.11670092606134450     -5.04556210779617942
-7.20918649365042619     10.59465924306620721
-9.20918766053402571     -14.05876153189735867
-7.20918766053384630     -14.05876153190849287
-6.20731871939811963      8.86153141745367634
-0.20918766052069881     -15.79081233948189933
-5.17202987782758150      0.18137716593210237
 2.82797012217322186      0.18137716595553899
11.79081350260322836     12.32671005281467025
-15.79081233948311791     -7.78122670047901543
-4.20731871939811963      8.86153141746614637
 8.82797012217341681     -3.28272444918214079
 7.79081233948016560     -12.32671072434238724
-14.20918766051735815     15.79081233948187801
12.79081233948081398     -10.59465991677159025
14.79081233948198815     -7.13055830163030802
 2.79081233947973395     -14.05876153191228894
-12.20668156226245848      8.81105149498518259
-3.11670092606564619     -6.77761291538043054
10.82797012217325872      3.64547878109360690
-11.07806836622112279     -6.80785432832839454
 6.82797012217324539     -3.28272444918222961
 9.79081233948177676     -5.39850749406228569
-15.79081233948317120      8.56590233191534978
-10.20918766053058135     -15.79081233946826046
-15.79081233947933072      0.21729556063943170
 8.79081350641873804     10.59465924304290496
-15.73645305476134304     -1.78196556991979294
13.79081233947983698     -15.79081233947937513
-1.20918649359392893     10.59465924305022355
-9.07806836612971857     -6.80785432838372717
-14.05876153191433708      9.56590233191547767
 0.79081233948055452     -10.59465991677403451
 0.79081350640735282     10.59465924304966933
 4.82797012216621724     -6.74682606432484899
-2.17202987782527490      5.37752958866324526
 6.79081233947988849     -14.05876153191207401
-9.17200442300433316     -3.29281498159850816
 0.79081233947972940     -14.05876153191183953
-15.79081233948313567      4.21729556063943267
-6.20918766053045523     -15.79081233947973573
-12.20918766053058313     -15.79081233947870899
11.79081233948057417     -12.32671072434085069
-0.20731871939811974      8.86153141746708606
-7.20918732952108865     14.05876134080875062
 0.82797012217308696      0.18137716595563358
-9.17202987782586021      7.10958039621397386
-7.17202987782585755      7.10958039621905602
11.79268128060191323      8.86153141779513120
-1.17202987782758150      0.18137716595501752
-14.05899040249166632     11.56629864266164098
-9.17200442295876783      3.63538824864571763
-14.05876153187559474     -4.78122670043587217
15.79081233948201124      1.52969573622102706
 1.79081233947932317     -15.79081233948096852
-10.17200442295212959      5.36743905621843087
-12.08081125877674644     -5.07739002893841551
 7.79081350260321592     12.32671005281470400
 3.79081233948013230     -12.32671072434253290
 6.82797012217422683      7.10958039623220284
-12.07806836608159351     -8.53990513597784506
-6.09527097093121384     -8.80165786234608483
13.79081233948201124     -1.93440587892344773
15.79081233948322449      8.77727203629664920
-5.17181409833034422     -3.31314723101939590
-7.09527097096828641     -7.06960705476503737
-4.17202987782674128     -1.55067364163689958
-15.79081233942341456     -5.78122670047901543
 9.79081233948312679     15.79081233948007323
13.79081233948182295     -5.39850749406152364
-15.79081233948146767     -13.79457867505606039
15.79081233948090279     -12.32671072433974047
-3.17202987782585621      7.10958039623223748
-15.79081233948278218     14.56669495340807785
13.82797012217472421      5.37752958868213859
 7.79081233947974017     -15.79081233948107865
15.79081233948315344     15.79081233942729412
-6.20918649739679296     12.32671005279805065
 1.85821898004595165     -8.82540311630815744
 3.82797012217472377      5.37752958866305431
 4.79081350641482739     10.59465924304518403
-12.20918766051732085     15.79081215938126803
-2.20918766052075322     -15.79081233948137886
-6.20918766052318816     -12.32671072434564508
-13.77126456262812937     -10.77387105288003966
 3.79081233947938179     -15.79081233948137175
-7.17200442295445662      0.17128663351045251
-8.17202987782527401      5.37752958864465480
-10.07806836608159351     -8.53990513598038881
 4.79081233947973750     -14.05876153191165656
15.79081233948184426     -5.39850749406134334
-11.20918745332846456     14.05876141229399856
-10.17200442300615038     -1.56076417403067969
 5.82797012217324273      1.91342797352443617
 8.79081233948168084     -7.13055830163169979
-3.17202987782880408     -3.28272444920699558
-6.17200442295361817     -1.56076417405794010
-4.17202987782937651      1.91342797350933980
 0.82797012217230348      3.64547878109283863
 6.82797012217324095      0.18137716595554199
13.79081233948279284     -8.86260910919965106
 9.79081233947980145     -15.79081233948038054
 8.79081270553667515     14.05876132056996042
 5.79081233948312679     15.79081233948031837
-11.19198505566048674     -10.33290719035570326
-10.20918766052625770     -12.32671072432377457
-1.20912398690443190     -10.54611226370485078
-15.79081233947852603      2.21729556063943267
 4.82797012217421706      7.10958039623223303
-8.07806836612790136     -5.07580352081589936
-14.05379617946011450      1.22594554180908855
10.79081233948170215     -7.13055830163122284
-15.79081233948315344     -9.79457867505605151
14.79081233948483387     -0.20235507135271238
 8.82797012217325694      3.64547878109328760
-8.17200442295627205      1.90333744107828151
14.86658418692485917     10.55091301931587644
 5.82797012217472332      5.37752958866303743
 7.82797012217339017     -5.01477525675102420
 5.79081350260321148     12.32671005281471821
 2.79081350641424475     10.59465924304562101
-11.30844212777457258     -14.00376399786656023
-14.06263310785907628     -8.78790268776754502
 4.82797012217324717      3.64547878109332268
14.79189767178808168     14.05813536818204490
-15.66812918248098896     -15.79081233948234519
