311    33.76382195400000086
-3.75755532399919012     -4.88191097695582332
15.88191097696847187     -7.99403018850196467
 3.17064790578824729     -12.88191097782521588
-15.88191097698163112     -13.88191097698072696
-14.14986016940868474     -0.88191097694267118
-0.29345370886477296     -4.88191097697522203
15.88191097698163290      2.00596981149804021
-0.29345370884697408     -6.88191097697523535
-10.68575855427575938     -8.88191097695466603
 4.95779633812229292     15.88191097698016918
-14.14986016916419231     11.11808902346152017
-7.22165693911806095     11.11808902305248736
 4.97872279555408870      3.97299556461593317
-8.95370774670285741      0.11808902305466562
-10.68575855427386934     -2.88191097694777243
11.92357255579151598      1.94394039429147369
 7.09505665769476135     10.93246848042172203
 6.63689485002166268     -6.88563578818112720
15.88191097696689091      7.88191097698165688
-7.22165693914341311     -14.88191097696949505
-8.95370774669404490      6.11808902305469093
-3.75755532400466086     -10.88191097696575049
-8.95370774668927538     10.11808902305470070
-0.29345370885391342     -2.88191097696796739
-14.14986016941026392     -14.88191097697987786
-0.29345370887544175     -12.88191097698055287
15.38767417095907675      3.94394039423984832
10.19151149839037629      4.94395814776999654
-14.93907901162795682     15.88191097697593612
-10.68575855427332755     -6.88191097694888221
-3.02825103145172925     15.88191097696426191
10.21555810053522784     -8.93795718012421325
10.19151149836839210      0.94395814776992060
-3.75755532398890946      5.11808902304746294
-10.68575855426761834      3.11808902305686297
10.68574830439088430     -0.99401243497190350
-2.02550451591420533     -15.88191097698093834
 3.17064790629184934      1.11808902302973401
12.41780936183963213     -15.88191097697762721
10.68576880427677978     12.88192873042182285
-14.14986016941073288     -8.88191097694963894
15.88191097698119414     13.88191097698170928
10.68574830438175027     10.88192873052687304
 7.17434328961432666     12.98436769189452988
10.68574830436393697      8.88192873052671139
-5.48960613157333732     -11.88191097696614129
 8.58059764033062500     -15.88191097698171994
-3.75755532399294800     -2.88191097695581888
-0.29345370884472388      9.11808902304299984
-12.41780936183868889      2.11808902305801716
-5.48960613155054311     10.11808902305005020
-15.88191097697654364      4.11808902305791857
12.41780936180371420      7.88191097704166843
-12.41780936183586981      4.11808902305804114
 6.63474951948083280     -12.88201114887828069
 1.43859709871939034      6.11808902303968516
-5.48960613156184696      2.11808902304947111
 8.35973911557767302     -13.89414300459555918
-2.02550451642079699     -1.88191097696144749
-14.14986016941285740     -10.88191097695602139
-14.14986016941046643     -6.88191097694930054
-5.48960613155309662      8.11808902305003244
-5.48960613155907318      4.11808902304967628
-10.68575855425953058      9.11808902305687319
-5.48960613157348920     -9.88191097696560661
-0.29345370885450028      3.11808902304166624
-15.88191097697730925      0.11808902305782762
-7.02825103145174968     15.88191097697574961
-10.68575855427205568     -0.88191097694488085
 5.36470023465220702     11.93539751541660365
 4.90272763048849303     -9.88196106377256100
 3.17064790629353599      9.11808902303646107
10.68574830437867895     -2.99401243497191993
12.41780936181080364     -7.99403018845085978
 8.78712990438927299     15.88191097698164356
-8.95370774669158109      8.11808902305470070
-8.95370774669695635      4.11808902305467406
-2.02550451642435236      2.11808902304335467
-8.95370774669998326      2.11808902305466606
-3.75755532399370784      1.11808902304418334
14.14986016937453961      8.88191097703847099
-12.41780936185133122     12.11808902391794085
-5.48960613156523891     -3.88191097695092413
12.41780936181400996      0.00596981154964571
14.14986016938781610     -0.99403018847764513
-7.22165693913582452     -4.88191097694839904
 4.97872279555122965      9.97299556461621250
-8.95370774670478831     -5.88191097694824983
-10.68575855427643262     -14.88191097697302467
-2.02550451641524099      8.11808902304567681
-12.41780936182975559      8.11808902305839020
 1.43859709926427559     -5.88191097698439780
-5.89075211323829429     14.07744654565133580
11.92357255581370268      5.94394039429153942
 6.72093881886667255     -10.88386916076237831
-14.14986016941107927     -4.88191097694880849
14.14986016939269931     -4.99403018847816504
-3.75755532400599579     -12.88191097696880405
 4.90272762952676455     -11.88196106377256100
 3.17064790629353643     -0.88191097697118837
-2.02550451640796636     12.11808902304587399
13.67965197759492035     -12.93797058272780731
 6.74871081700638697     -15.07929608382311315
-3.75755532398271930      9.11808902304813529
-10.68575855451821432     11.11808902350836803
 1.43859709871689634     -7.88191097698976328
 6.87246312125600323     15.30393942961437403
 5.41459168700555349     13.93477512932118145
14.14986016939824331      1.00596981152304821
 1.43859709870784314     -3.88191097698169774
 3.17064790628634174      5.11808902303631807
10.19151149839530213      2.94395814776998144
11.94760117005278488     -9.93797058270261147
 6.71289001505968130      4.96932084021428988
-8.95370774670730718     -7.88191097695383291
-14.14986016940154379      7.11808902305828095
-12.93911060234648680     15.87066989711409093
 6.71289001505300487      8.96932084021430143
15.88191097698090459     -9.99403018850196467
 3.17064790667831087     -10.88191097770107518
-15.88191097697875875     -15.88191097698078380
-2.02550451641824658      6.11808902304499558
15.88191097696836707     -15.88191097698118526
 3.18749937282851992     11.12544992978947889
 1.43859709869987951     -11.88191097699170662
-2.02550451644409968     -13.88191097698093834
10.16263307913189884     -12.94807434348522968
 4.97872279554407449      5.97299556461594339
-7.22165693913865248     -6.88191097695300158
-5.48960613156270050     -1.88191097695091680
 5.47295960154730121     -3.96497501812613740
-12.41780936183259954      6.11808902305838931
-7.87140609276928060     13.79994012524236346
-0.29345370886036320     -8.88191097697526821
-15.88191097697368015     14.11808902305810776
-0.29342485705581089     -14.88196095039738509
-15.88191097697083265      8.11808902305797098
10.59826087417244089     15.03349700479342310
12.41780936180800055     -5.99403018845084912
12.41780936181424089     -3.99403018845061242
-2.02550451643087603     -7.88191097696841325
-2.02550451643341756     -9.88191097696843279
-5.48960613158149791     -15.88191097698159027
15.88191097697094101      0.00596981149803846
-2.02550451643732821     -11.88191097696843279
14.14688592461958372     14.88708030410412064
 1.43865482222119345     -15.88191097698096144
 4.97872279554840436      7.97299556461613435
14.14986016939558411     -6.99403018847840574
-15.88191097696632070     12.11808902305805091
-8.95370774670445435     -3.88191097694791720
-15.88191097697885112     -9.88191097695098009
-7.22165693912656259      5.11808902305226887
-8.95370774671071956     -11.88191097696712539
15.88191097697970555     -13.88191097698097742
 4.90272763050665539     -5.88196106377255834
-8.98369661225785698     15.46211033321025141
 1.43859709871228536     -1.88191097696332799
-15.88191097697957588     -5.88191097694956522
-15.88191097697864329     -3.88191097694640952
 1.43859709873297015     12.11808902303969937
-3.75755532391455382     -14.88191097715141353
15.41170278517161307     -11.93797058274132006
12.41781960993611911     13.88192873372931224
-8.95370774668570313     12.11808902305471314
15.88191097698164889     -1.99403018850196201
-10.06599826617432925     13.78025923102261530
 3.17064790629836946      3.11808902303142199
 3.17064790629069559      7.11808902303641755
 8.45227024923056192      1.95651707246209416
10.68574830439106371     -4.99401243497207314
10.49920350108453171     -15.31715301902021409
-7.22165693914555717     -8.88191097696624254
 3.17064790669476704     -8.88191097768756244
 4.97872279554854735     -0.02700443538407132
 4.90266979574268458     -13.88196106293650978
 1.83429169388758306     14.07855472979548672
-12.41780936184101414     -1.88191097694476306
-14.14986016939867675      9.11808902305831914
-3.75755532400226455     -8.88191097696574872
 7.20712682103959779     -4.96864974252783576
 8.95794753946471367     13.88921899487621481
-8.95370774671399161     -9.88191097696702592
-3.75755532397927894     11.11808902304875701
15.88191097697806775     -5.99403018850196467
-7.22165693912100437      9.11808902305247138
 3.17773804507767421     -14.89419158772765428
10.19151149839951742      6.94395814777005072
-3.75755532400800840     -6.88191097696574694
15.88191097697616350     15.88191097698170928
11.92357255581886477      3.94394039429152254
-12.41780936184195205     -5.88191097694843013
 4.90272763051318083     -7.88196106377256012
 8.45227024923491754      5.95651707246209305
-12.41780936184570905     -13.88191097697236032
12.41780936179117134      9.88191097704172527
-3.75755532399097758     -0.88191097695581877
 6.71289001505139904      2.96932084021428633
10.21555036246016357     -10.93797058266151367
-7.22165693912380036      7.11808902305246605
-3.75755532399131376      3.11808902304668401
-0.29345370883944960     11.11808902304510838
 8.94650705521362966     -3.98145351027972927
 4.91682399373153611     -15.88191097697938936
 3.17064790627363857     -2.88191097697636023
-15.88191097697762366     -1.88191097694299780
-15.88191097697821341     -11.88191097696211962
 8.45227024922597003      3.95651707246209350
-2.02550451642161633      0.11808902304334803
-14.14986016941004188     -2.88191097694524911
 1.43859709872635411     10.11808902303968694
-12.04300520450729017     14.08265560299784092
-0.08947443984040800     13.51391890601636803
-0.29345370886247812     -10.88191097697528953
-15.88191097697374410      6.11808902305793723
12.41780936180297168     -1.99403018845056379
-5.48960613157702149     -7.88191097696557375
-10.93914219306504165     15.88191097697069587
 1.43859709871725117      4.11808902303668756
-14.14986016941632485     -12.88191097697450438
-12.41780936185089601     -11.88191097696852694
 8.46031905305000897     -9.89667292849971680
-5.48960613156965049     -5.88191097695311793
 6.71289001504854355      6.96932084021429876
 8.84976962949180823     11.89214675286945777
-12.41780936184176376     -7.88191097694964782
 8.94650705522657042     -5.98145351027972882
-8.95370774670857017     -15.88191097697640153
-12.41780936183964812      0.11808902305736098
-10.68575855427983434     -12.88191097696707565
-5.02825103145173014     15.88191097697637488
-0.29345370884703181      1.11808902304166469
-10.68575855427047294      1.11808902305685987
-2.02550451641200713     10.11808902304576563
-7.22165693912945805      3.11808902305224933
14.14986016939874602     -2.99403018847767299
 8.45227024920399650     -0.04348292753790522
 3.60118449743687608     13.08831387236197763
10.68574830438479140     -6.99401243497225344
 4.97872279552542452     -2.02700443538415609
-14.14986016940745550      3.11808902305820990
 8.94650705522268552      9.89448765520965878
14.14986016749221598     12.88191098030735304
11.94760117001150768     -13.93797058270263101
 2.96363615130744984     15.72918524462763834
-10.68575855426173149      7.11808902305687052
14.14986016936834190      6.88191097703153698
-5.48960613157289767     -13.88191097697225018
-5.48960613154745758     12.11808902305006974
13.65562336339744753      4.94394039427633736
-3.98251058387391943     13.47854085591471041
13.67965197760838869     -10.93797058272569878
-7.22165693913574458     -0.88191097694839915
-12.41780936184126105     -15.88191097698026866
 8.45227024922270687      7.95651707246209305
 1.43859709872277142      8.11808902303968516
-2.02550451642630369     -3.88191097696190557
 3.17070567375473900     -4.88191097676734564
-10.68575855427341992     -4.88191097694779153
-3.75755532398569203      7.11808902304747804
-2.02550451642145601      4.11808902304499558
-2.02550451643758134     -5.88191097696841325
-10.68575855426460208      5.11808902305686431
-0.29345370885370919     -0.88191097695833520
 3.17064790667664864     -6.88191097766677018
-15.88191097696807041     10.11808902305797631
-14.05880696030229693     13.29496807245544687
15.88191097697532506     -3.99403018850196201
 1.43859709821261306     -13.88191097781351324
 1.43859709872240726     -9.88191097698976684
12.40939138630365157     15.88191097687768938
14.14986016938606461     -8.99403018847855051
-5.48960613156541388      0.11808902304908316
 1.43859709871896602      0.11808902303667207
12.41780936180770034     11.88191097704354071
-7.22165693914231532     -10.88191097696630649
-0.29345370884792799      7.11808902304250601
 1.43859709872628683      2.11808902303667912
-1.02938753347951240     15.81449646462173675
-12.41780936182765771     10.11808902305858204
-8.95370774671093628     -13.88191097696712895
 8.94650705522648870     -1.98145351027972905
-14.14986016940462044      5.11808902305827473
 6.71289001505564009      0.96932084021427445
 8.46030399451261772     -11.89667292844302793
 4.97872279554647612      1.97299556461593251
-14.14986016940805413      1.11808902305818370
 6.71289001502989269     -1.03067915978579960
-10.68575855428290389     -10.88191097696698328
15.88191097697592369     11.88191097698166487
-15.88191097697958476     -7.88191097694956522
-8.95370774670490732     -1.88191097694790543
14.14986016937371183     10.88191097703855981
-12.41780936184467521     -9.88191097695464826
 8.37627508416318456     -7.89843955591938496
15.88191097697669285      9.88191097698166132
-5.48960613155635802      6.11808902304997115
-7.22165693913303919     -2.88191097694839904
 0.96947596449228224     15.88191097697609599
11.94760117000633315     -11.93797058270262923
-15.88191097697710319      2.11808902305788660
 6.63689484999701573     -8.88563578818126132
-12.41780936184267858     -3.88191097694789367
 7.20712682105178715     -2.96864974252778158
-0.29345370885072392      5.11808902304180258
-7.22165693913247431      1.11808902305224400
13.65562336337523597      2.94394039426576537
15.88191097698163290      5.88191097698165688
-7.22165693914160123     -12.88191097696724263
14.14986016940341784     -14.88191097696875076
-2.08720196267569591     14.11713715281273451
