315    33.97735563959999894
10.52457622307114349     -3.98840629021591964
-5.45403518829753153      9.98867781978263203
-15.98867781978032099     11.99374926099730132
12.40237125382296313      1.98894935871208434
-5.45403518829785927     11.98867781978265334
-9.06047458950421714      3.99374926099731375
12.52457620463946597     -9.98867781978075620
-14.25662701221130568     -13.00625073900266493
 5.06047462636586420     -15.98867781978171543
14.14541015573263572      3.00822748864435008
-15.98867781978085034     -14.00625073900278394
-5.59637297436607195      5.99374926099730310
-14.25662701221122575     -1.00625073900263384
-2.13227135922850941     -0.00625073900267939
-0.40022055165944992      0.99374926099743999
-9.06047458950439299     -6.00625073900269690
15.87746096330184109      2.00822748864491363
-12.26003344932523120     -15.98867781978255564
-1.86772860391024276     -15.98867781978238689
 3.20621884954803837      8.98867781978329639
12.41575944310685742     11.98888059351367552
-1.98993357315954422     11.98867781978264446
-15.98867781978014513     -2.00625073900276130
15.98867781978432134     11.99385146915427391
-0.25788276559037460     10.98867781978270841
 1.33183025590944393     -0.00625073900254537
14.14541015884154262      9.00820353482970937
-12.26003344932462724     -13.98867781978251479
-10.79252539707329106     -1.00625073900264650
 1.47416804197886497      5.98867781978271552
-14.25662701221058093     12.99374926099746119
14.25662701221083672     -12.98867781978544933
-1.86772860391017681     -13.98867781978234248
-12.38223841857518792     15.98867781978295177
-12.52457620464214116      5.99374926099727556
 1.59637301122786401     -15.98867781978230695
 1.47416804198194495     15.98867781978285407
10.40929277871865821      7.98893737521305702
-0.25788276559027573      8.98867781978270664
 3.20621884954915304     12.98867781978332658
 5.06047462636567147     -11.98867781978161418
-3.86432216679727691      2.99374926099736482
12.52457620463906807     -3.98867781978036495
 3.32842381879669347     -10.98867781978178293
-14.25662701221121864     -5.00625073900263384
 6.79252543393471608     -10.98867781978126779
-10.79252539707327330      0.99374926099735794
-7.32842378193523114      2.99374926099737149
10.52457622307153784     -9.98840629022022952
 4.93826965711720334      9.98867781978351310
-14.25662701221137674     -9.00625073900265072
12.40237125382290451      5.98894935871249068
-9.06047458950390272      7.99374926099731997
-3.86432216679739637      0.99374926099736482
 4.93827210696236563     15.98867781978208846
-2.13227135922876965     -6.00625073900268269
-15.98867781978052527      7.99374926099724714
14.14531931732047809     13.00811330188301618
-7.32842378193506150      4.99374926099737149
12.52457620463937893     -7.98867781978074554
14.14541015573246341      5.00822748864435408
-1.86772860391022855     -9.98867781978232649
-3.86432216679707530      4.99374926099737682
 6.79252543393468677     -8.98867781978126601
15.98867781978043645     -5.98867781978472280
-15.72413506446356202     -15.98867781978262670
 1.47416804197971540     13.98867781978279723
 6.67032046468645312      4.98867781978406555
 1.59637301122776587     -13.98867781978225899
-10.79252539707332659     -9.00625073900267203
-15.98867781978043645      5.99374926099724625
-0.13567779634111893     -14.98867781978229452
 1.33183025590936888     -2.00625073900256634
14.15233168066686531      7.00821551173163826
-10.79252539707272618     10.99374926099739191
15.98867781978061764     -11.98867781978473168
-0.40022055165974063     -3.00625073900256901
-7.18608599586716235     12.98867781978274394
-10.65018761100606071     12.98867781978280789
-15.98867781978060698     -12.00625073900278217
-7.06388102661701556     -12.98867781978233360
-10.79252539707283454      8.99374926099737415
15.88698904421205249     13.99126464446944063
-2.13227135922808930      5.99374926099732175
15.98867781978468550      4.00513279707445413
12.42736794055331373     15.98867781978172964
-7.32842378193543009     -1.00625073900266693
-14.25662701221118311      8.99374926099739547
12.40228041541084991     13.98883517195102755
-3.59977941147920655     -14.98867781978233005
 8.52457624150319049     -3.98867781978098979
-12.52457620464223886     -4.00625073900274931
12.52457620463938426     -5.98867781978065050
-8.79593183418661084     -15.98867781978244196
-5.59637297436659598     -6.00625073900271556
-12.52457620464225485     -0.00625073900273834
-7.32842378193549404     -7.00625073900268625
-3.86432216679762242     -3.00625073900264494
-10.79252539707308323      4.99374926099736616
14.25662701221096640     -10.98867781978544933
-3.72198438072861393     10.98867781978267288
-14.25662701221120088      2.99374926099738259
-8.79593183418594293     -11.98867781978237623
-3.59977941147910796     -10.98867781978232472
-14.11428922614480364     14.98867781978295532
-12.52457620464168819     11.99374926099738659
-3.86432216679764418     -5.00625073900265249
-10.79252539707330527     -7.00625073900266848
 6.52798267861845183     -1.00625073900123496
-5.33183021904814680     -13.98867781978237446
 8.52457624150294002     -1.98867781978093627
 3.32842381879665927     -8.98867781978177760
 5.06047462636566880     -13.98867781978170122
 1.47416804197868334      9.98867781978272973
 6.79252543393414410     -2.98867781978125269
12.52457620463939136     -13.98867781978100133
-10.52798264175556220     -14.98867781978239577
 8.26003348618723088     -0.00625073900092098
-12.52457620464236676     -10.00625073900276796
 3.32842381879644256     -4.98867781978175007
-10.79252539707319336      2.99374926099735861
-14.25662701221120621      0.99374926099737071
15.98867781978024283     -3.98867781978472147
10.40237125382308392      3.98894935211953117
 8.52457624150360793     -9.98867781978119851
 6.52798267861804593      0.99374926099876482
 3.06388106347864708     -1.00625073900201589
 3.06388106347857070     -3.00625073900202278
-5.33183021904843635     -15.98867781978238689
-14.25662701221153839     -11.00625073900266493
-3.59977941147906977     -12.98867781978232649
-9.06047458950429707      1.99374926099731309
-12.38223841857528029     13.98867781978285230
-12.52457620464225840     -8.00625073900275908
-10.79252539707295533      6.99374926099737415
-0.40022055165977255     -5.00625073900257167
-0.40022055165912712      4.99374926099745586
10.52457622307143481     -7.98840629022014603
12.40237125382308569      3.98894935871249112
-14.25662701221111739      4.99374926099738303
10.40237125693199260      9.98892539832948145
-9.06047458950437168     -2.00625073900269069
-9.06047458950379969      9.99374926099734040
 4.93826965711705501      3.98867781978345270
10.41575944310607760     11.98888058694653935
 6.79252543393441766     -4.98867781978125269
14.20802287887429216     15.07803629281665359
15.98867781978057856     -13.98867781978473168
10.52457622307144014     -13.98840629022038051
-5.45403518829709721     15.98867781978279901
12.40237125693201747      9.98892540489789660
-9.06047458950438234     -8.00625073900271111
-5.33183021904797005     -11.98867781978235492
 5.06047462636532153     -3.98867781978158664
 8.40237127225577396      9.98867781978326796
-15.98867781978030145      1.99374926099724381
 1.59637301122749720     -7.98867781978223324
-12.52457620464200794      7.99374926099727645
-14.25662701221088469     10.99374926099739724
-3.72198438072848115     12.98867781978268887
 3.32842381879680094     -14.98867781978201918
-5.59637297436621406      3.99374926099730043
15.98867781978059455     -9.98867781978472635
 6.67032046468738393     10.98867781978412062
-5.45403518829767453     13.98867781978272085
 8.52457624150348536     -7.98867781978108837
 8.52457624150357240     -11.98867781978132818
-3.59977941147914660     -8.98867781978232294
-12.52457620464235788     -12.00625073900276796
-0.25788276558921602     14.98867781978284519
10.52457622307145968     -5.98840629021633841
 3.06388106347956635      0.99374926099798588
 6.67032046468628437      6.98867781978406732
-9.06047458950409279      5.99374926099731375
-2.13227135922816791      3.99374926099732175
 5.06047462636561285     -7.98867781978159641
 4.93826965711816168     11.98867781978352376
 4.93826965711721932      5.98867781978345981
-15.98867781978022151     -6.00625073900276796
-2.13227135922871991     -2.00625073900268003
-7.32842378193548516     -9.00625073900268625
-0.13567779634125426     -12.98867781978229097
-8.79593183418637992     -13.98867781978239755
-9.06047458950436280     -4.00625073900269424
-12.52457620464191024      9.99374926099727645
-3.72198438072800553     14.98867781978270308
-8.91813680343590498     15.98867781978298197
-0.25788276558997059     12.98867781978278479
 4.79593187104841867      1.99374926099817928
 5.06047462636563594     -9.98867781978161062
-14.25662701221119377     -3.00625073900263384
-7.32842378193476840      8.99374926099737237
-8.91813680343672033     13.98867781978271729
-5.59637297436656755     -4.00625073900271378
-5.59637297436588810      7.99374926099730398
 8.40237127225553593      3.98867781978438751
14.25662701221093442     -2.98867781978544134
10.52457622307149876     -11.98840629022023485
-5.33183021904800736     -9.98867781978235492
 3.20621884954820002      6.98867781978329283
10.52457622307128382     -15.98840629022039295
 1.59637301122754693     -9.98867781978223590
-15.98867781978035474     13.99374926099733329
-15.98867781978042046      3.99374926099724581
-0.25788276559004025      6.98867781978269598
 6.67032046468629769      2.98867781978406510
-15.84634003371427902     15.98867781978279012
-5.59637297436657377     -8.00625073900272000
15.98867781978468727      7.99932177043868098
 1.59637301122747721     -5.98867781978223324
-2.13227135922872524     -4.00625073900268003
-15.98867781978019487     -4.00625073900276618
 8.40228041541078952     13.98883517194987114
 3.32842381879662641     -6.98867781978177227
15.98867781978042757     -7.98867781978472458
 4.93826965711848676     13.98867781978358416
-7.32842378193546296     -5.00625073900268269
-15.98867781978038494     -8.00625073900276796
-10.52798264175532239     -12.98867781978239577
15.88411625170243546      9.99658661979646723
 6.67032046468641493      8.98867781978408864
-3.72198438072847804      8.98867781978267288
 4.93826965711707633      7.98867781978350333
-14.25662701221112805      6.99374926099738481
-1.98993357315916031      7.98867781978258318
15.98867781978200853     15.98867781978472458
15.98867781978069580     -15.98867781978473168
-3.86432216679695983      6.99374926099738659
 8.42736794055059590     15.98867781978054836
10.42736794055060301     15.98867781331754578
-5.59637297436649828     -0.00625073900270246
 8.40237127225539027      1.98867781978438485
10.40237125382290451      5.98894935212400448
 8.52457624150335747     -15.98867781978185754
 8.40791391932240195      7.98868248898178557
10.26003348023381889     -0.00597920755648096
-0.13567779634132277     -10.98867781978228919
-3.86432216679766993     -7.00625073900265960
12.52457620463878918     -1.98867781977933045
14.25662701221104989     -4.98867781978544134
-8.91813680343611459     11.98867781978269242
-9.06047458950446760     -10.00625073900273598
15.98867781978298552      0.01132218021527914
 8.40638984532195188     11.98873721931856373
-0.40022055165919335      2.99374926099744609
 3.20621884954821201     10.98867781978332125
-10.79252539707329284     -3.00625073900264939
-7.06388102661731665     -14.98867781978233538
-10.79252539707341008     -11.00625073900267381
-13.99208425689445967     -14.98867781978254321
14.15879834501699364     11.00815872344560553
 4.79593187104922247     -0.00625073900182851
14.25662701221060402     -14.98867781978548130
 6.67032046468767703     12.98867781978412062
 3.20621884954806724      4.98867781978327240
-12.52457620464220334      3.99374926099727512
 1.33183025590914150     -4.00625073900256723
10.52457622307086460     -1.98840629021590209
14.14541015573278138      1.00822748864434431
-5.59637297436655246     -2.00625073900270445
-7.18608599586661789     14.98867781978276348
-7.32842378193533861      0.99374926099736371
-3.86432216679757579     -1.00625073900263518
 1.33183025591028370      1.99374926099746452
 1.33183025590978277      3.99374926099746652
 3.06388106347916889      2.99374926099800431
-1.86772860391026563     -7.98867781978232649
15.98867781978064073     -1.98867781978472125
-7.32842378193495581      6.99374926099737149
-7.18608599586698560     10.98867781978271552
-7.32842378193545940     -3.00625073900266937
 1.47416804197897044     11.98867781978272973
 5.06047462636541834     -5.98867781978159197
-2.13227135922841127      1.99374926099732108
12.40929277875702219      7.98893738179981217
-15.98867781978053237     -10.00625073900277151
 6.79252543393450203     -6.98867781978125446
 6.79252543393464769     -14.98867781978155023
 8.52457624150349424     -5.98867781978100577
 4.79593187104763263     -2.00625073900182871
14.25662701221105166     -8.98867781978544222
14.25662701221125772     -0.98867781978543934
-1.98993357315898067     13.98867781978264624
10.40237125382295247      1.98894935211920054
 1.59637301122760467     -11.98867781978223590
-1.98993357315846198     15.98867781978277236
-1.98993357315942210      9.98867781978260894
12.52457620463944110     -11.98867781978095692
-12.52457620464225307     -6.00625073900275908
 3.32842381879674321     -12.98867781978178471
15.88091135346093452      6.00222728375656711
-5.59637297436635350      1.99374926099729755
12.52457620463927945     -15.98867781978127844
 8.40237127225535474      5.98867781978439417
-10.79252539707330527     -5.00625073900265338
-14.25662701221120976     -7.00625073900263740
-1.86772860391017503     -11.98867781978234248
 6.67920558079007520     15.00422333137678699
-15.98867781978022684     -0.00625073900275945
 1.47416804197899265      7.98867781978272973
 3.20621993481442713     14.98867969951618662
 6.79252543393469743     -12.98867781978136726
12.26070517881414723     -0.00613691719518800
-10.65018761100556155     14.98867781978282387
10.40228041541082860     13.98883516543211059
-15.98867781978047375      9.99374926099724981
-0.13567779634142246     -6.98867781978225988
-0.40022055165955639     -1.00625073900256057
-7.06388102661691519     -10.98867781978233360
-12.52457620464223353      1.99374926099726957
-0.13567779634136426     -8.98867781978228741
 8.52457624150350846     -13.98867781978148450
-9.06047458950436813     -0.00625073900268743
14.25662701221099127     -6.98867781978544222
-12.52457620464223709     -2.00625073900274398
