322    34.36374360469999800
-12.71777018720559127     -2.18187180234319822
13.26299192632865065     -15.18187180234273193
16.18187180234297173     -2.57207778996280290
-9.25366857206700288     -6.18187180234286693
-14.44982099477348036     -13.18187180234332345
10.98571937963638412     -9.57207778996293079
 6.56054501613314134     14.18187180234402156
-10.75996305955904653      4.18187180234346556
14.44982099477412696      4.42792221003719977
-9.02791225198681779      5.18187180234370448
 0.59341453422304613     -3.57207778996301695
12.71777018720523422     -4.57207778996284908
-7.52161776449784814     -13.18187180234284739
 7.52161776449856223      6.42792221003708963
-5.78956695692914103     -8.18187180234272304
10.98571937963635392     -5.57207778996286951
 7.52161776449861641     10.42792221003708875
-2.87068708091494695      2.42792221003690489
-12.73050426740185515      1.83986690739295788
10.98571937963636991     -7.57207778996286862
10.98571937963630063      2.42792221003712960
 4.05751614936073945      0.42792221003704622
-0.36765821414247774     10.18187180234388478
-7.52161776449827801     -3.18187180234276967
-1.13863627334596185     -0.57207778996301195
-16.18187180233014999      5.86160561730894347
10.02464663127103783     16.18187180234389189
-9.25366857206671334     -14.18187180234293443
-16.18187180234362543      7.93619145266200832
 9.25366857206748250     -6.57207778996288638
-16.18187180234385991     -2.18187180234386346
 9.25366857206744697      7.42792221003711717
-5.78956695692890388     -16.18187180234287581
-4.60273788848342580     -2.57207778996353165
 7.52161776449883934     -9.57207778996330561
 7.52161776449853914     -1.57207778996290726
12.71777018720548469     -12.57207778996330916
14.44982099477411808     -9.57207778996287750
-16.18187180234298239     -10.18187180234387590
 7.52161776449857022     -3.57207778996290681
 5.78956695692967926      7.42792221003707898
-10.98571937963675715     -1.18187180234311917
 9.25366857206771698     -10.57207778996330383
 4.05751614936074567      4.42792221003704523
-14.44982099477364201     -9.18187180234325062
-14.44982099477333470     -15.18187180234340161
10.98571937963638412     10.42792221003713138
 6.33478869605311434     -15.18187180234280476
 9.79889031119086873     -15.18187180234283140
 2.32546534179182984      3.42792221003703723
-9.25366857206677906     -12.18187180234293443
-16.18187180233876177     14.04673065951324595
-3.83175986391266798     16.18187180234387412
-10.98571937963616385     -3.18187180234311917
-14.47189419928525922      6.89889853499655104
12.71777018720528929      9.42792221003718112
 1.36439259342517660     15.18187180234396649
-10.98571937963576950     -11.18187180234312095
-9.02791225198744485      7.18187180234447098
14.44982099477415183     -7.57207778996284908
13.48874824641077375     16.18187180234385636
-2.09970902170919338      7.18187180234397093
10.98571937963659195     -11.57207778996330738
12.71777018720523600      5.42792221003717756
-10.98571937963586009     -9.18187180234312095
-5.78956695692921564     -6.18187180234272304
-2.32546534179144126     -6.18187180234262890
-5.56381063685237720     11.18187180234614431
-4.60273788848375176     -0.57207778996312675
-5.78956695692932222     -4.18187180234272304
-4.05751614936005378     -15.18187180234282430
-14.44982099489630478      8.93619145287335037
-14.44982099477375570     -7.18187180234325062
16.18187180234298239     -4.57207778996280467
-14.48292917068128816     10.99146105684013186
 1.13863627334650674     -14.18187180234272304
 8.29259582370400850     13.18187180234407307
12.71777018720524310      3.42792221003717534
-14.44982099477658899      0.81812819765867861
-7.52161776449806041     -7.18187180234279499
14.44982099477413762      2.42792221003719888
 5.78956695692970325     -4.57207778996292546
11.75669743884170160     15.18187180234417788
-5.78956695692901846     -12.18187180234275502
 2.32546534179183517      1.42792221003703723
 2.32546534179186448      5.42792221003703723
 7.52161776449852315      4.42792221003709052
 1.36439259342857100      9.18187180234395228
16.18187180234298239     -0.57207778996279846
-16.18187180234072997     16.18187180233937639
-3.83175982927801329      6.18187180234387323
-16.18187180234304279     -8.18187180234387590
 3.09644340099745818     10.18187180234393452
12.71777018720530350      7.42792221003718023
-2.32546534179123654     -14.18187180234271949
14.44982099477409676     -3.57207778996282022
 7.52161776449851338      0.42792221003709202
 9.25366857206742388     -0.57207778996288217
-3.83175982928236225     14.18187180234387412
 6.56054501613521079     12.18187180234393630
 1.13863627334650208     -10.18187180234265199
 1.13863627334649742     -12.18187180234267863
 9.79889031119089537     -13.18187180234266087
16.18187180234308542      7.42792221003725395
 3.09644340099432558     16.18187180234411215
 2.87068708091536084     -15.18187180234276390
 5.78956695692964196      3.42792221003707898
-7.52161776449793074     -11.18187180234281719
-2.32546534179121034     -16.18187180234290068
14.44982099477455861     14.42792221003725750
-10.75996305955920285      8.18187180234401090
-9.02791225198938285      9.18187180234462197
-10.75996302984095188     12.18187185381960269
-5.56381063684784216      5.18187180234552347
10.02464663127299005     14.18187180234389189
 4.05751614936083715     -5.57207778996295300
-12.71777018720453611     -14.18187180234323108
-0.36765821414370892     14.18187180234388478
-9.25366857206710236     -4.18187180234286515
 1.36439259342640917     11.18187180234395761
-4.05751614936021898     -9.18187180234267153
10.98571937963648892     12.42792221003713315
14.99504273389751141     -16.18187180234282252
-14.44982099477450888     -3.18187180234324796
-14.44982097806926191     13.04673063058130644
-0.59341453422249368     -7.18187180234262179
10.98571937963633260      6.42792221003713138
-12.71777018720434960     -16.18187180234335543
 5.78956695692972989     -6.57207778996292546
10.98571937963633793     -3.57207778996286995
-2.32546534179136666     -8.18187180234262890
 9.25366857206743276     -2.57207778996288194
-4.05751614936010441     -13.18187180234269107
-4.60273788848415855      1.42792221003748376
 3.09644340099505211     14.18187180234396649
-9.02791222227188683     13.18187185381975368
-10.98571937963570022     -13.18187180234312272
 8.06683950362201507     -12.18187180234262712
-12.73984339182617020      7.89889853522705732
 2.87068708091536129     -9.18187180234262179
 6.56054501613290864     16.18187180234403044
 0.59341453422292467      2.42792221003698172
 5.78956695692961620      1.42792221003707809
 4.60273788848423226     -14.18187180234273903
12.71777018720524310     -6.57207778996285708
 2.32546534179218645     -6.57207778996334557
 4.05751614936107963     -7.57207778996331626
 3.09644340099532922     12.18187180234394695
-10.79939160280698829     16.18187180234166789
-5.56381063685858201     13.18187180235605638
14.44982099477419446      6.42792221003720510
 4.60273788848422072     -16.18187180234279410
10.98571937963630774     -1.57207778996287018
-10.75996305955859356     10.18187180234405176
-5.56381063685020294      7.18187180234570732
-9.25366857206685367     -10.18187180234289713
 9.25366857206741678      3.42792221003711761
12.71777018720529284     -10.57207778996296987
-12.71777018720502106     -4.18187180234319822
-7.29631531154086943     16.18187180233031341
 9.25366857206743276     11.42792221003721487
-10.98571937963591338     -7.18187180234311917
16.18187180234322398      9.42792221003729836
-7.52161776449817143     -5.18187180234277367
 9.25366857206741678      1.42792221003711739
-9.79889031119045839      0.42792221003577130
-12.75858089575221577     14.11430122963521860
-0.36765821414422151     16.18187180234388478
-0.36765821414026767      8.18187180234388656
14.44982099477430992     10.42792221003724684
-2.09970903048027857     15.18187181752848680
16.18187180234306055     -8.57207778996285441
 5.78956695692963574      5.42792221003707898
-1.13863627334601647      5.42792221003701503
-12.73984339177521719      5.89889853489464500
 4.82849420856416955     13.18187180234401268
 5.78956695692964018      9.42792221003716868
-10.75996305955305488      2.18187180234302014
 4.05751614936081051     -3.57207778996295255
16.18187180234304634     -6.57207778996284908
16.18187180234311739     -12.57207778996298231
14.44982099477418913     -11.57207778996293790
-10.98571937963602885     -5.18187180234311917
-14.46255507496341330      2.83986690740565839
-10.98571937963554035     -15.18187180234313161
-4.60273788848482646      3.42792221003832509
-16.18187180234319200     -6.18187180234387146
12.71777018720520402      1.42792221003717557
-14.44982099477355320     -11.18187180234325773
-5.78956695692906642     -10.18187180234275324
-16.18187180234223632     12.04673065951286048
-16.18187180234394162      3.86160561713017358
 6.33478869605313477     -11.18187180234263067
-4.05751614936014970     -11.18187180234268752
 7.52161776449861641     -7.57207778996290770
 0.59341453422299117     -1.57207778996301739
-0.59341453422243329     -9.18187180234262179
 7.52161776449852582      2.42792221003709141
-0.36765821414270949     12.18187180234388478
-14.44982099480528248      4.86160561718260809
12.71777018720520580     -0.57207778996282421
-5.56381063685064881      9.18187180234613365
11.53094111875971706     -16.18187180234291134
-7.29586141471112359     14.18187185383568583
-9.02791225198452274      3.18187180234366584
-12.71777018720478658     -8.18187180234320266
-0.59341453422236756     -15.18187180234273903
16.18187180234307831     -10.57207778996292902
 1.13863627334645612     -8.18187180234264311
-2.09970902171167806     11.18187180234403932
-2.09970902171285445     13.18187180234405176
-2.09970902171141782      9.18187180234398070
-16.18187180234229672     -16.18187180234387768
-1.13863627334601647      1.42792221003698794
14.44982099477409498      0.42792221003719710
-6.33478869605266404      0.42792221003681558
-14.44982099477338977     -1.18187180234132128
-3.83175982928171166     12.18187180234387412
 4.05751614936078209      8.42792221003705500
12.71777018720540298     11.42792221003719533
-5.56403742585288619     15.18226461756642998
-12.75087836355882231      9.99146105606689083
-16.18187180234254896     -14.18187180234387590
-14.44982099477386939     -5.18187180234325062
-2.87068708091479818     -1.57207778996309533
-7.29586144441922890      8.18187180234561673
-7.29586144441846596      6.18187180234462108
 5.78956695692996171     -8.57207778996330738
 6.33478869605313744     -13.18187180234275679
14.44982099477408433     -1.57207778996282044
 2.87068708091537017     -13.18187180234268929
-16.18187180233942257      1.81812819767337031
 5.78956695692963841     -0.57207778996292202
 2.87068708091538038     -11.18187180234268752
-9.25366857206734394     -2.18187180234280875
-16.18187180234405886     -0.18187180234386346
-2.32546534179130626     -10.18187180234262890
 2.32546534179189646     -2.57207778996296987
-7.29586144441611584      4.18187180234447986
 9.25366857206745586      5.42792221003711717
-14.49063170257478461     15.11430123092788058
 2.32546534179194708     -4.57207778996297520
 1.13863627334647610     -16.18187180234280120
 7.52161776449859509     -5.57207778996290592
-12.71726211671903428     -0.18099189603968999
10.98571937963639833      8.42792221003713138
 4.82849420856394040     15.18187180234402867
-4.05751614936029448     -7.18187180234267064
-9.04785294410357288     15.21641024072094872
 4.05751614936071192      2.42792221003704567
 0.59341453422291968      0.42792221003698216
-12.73050426742039676      3.83986690746536929
 9.25366857206751270      9.42792221003711717
-9.25366857206658722     -16.18187180234300726
-3.83175982928046288     10.18187180234387412
 5.78956695692967038     -2.57207778996292191
 8.29259582370202253     15.18187180234408373
12.71777018720520402     -2.57207778996283665
-16.18187180234330924     -4.18187180234387057
11.53094111875973660     -14.18187180234272837
16.18187180234301437      3.42792221003721131
10.98571937963633971      4.42792221003712960
-0.59341453422236723     -13.18187180234270528
14.44982099477426374     12.42792221003724862
-12.71777018720486296     -6.18187180234319822
 2.32546534179184139     -0.57207778996296266
16.18187180234309253      5.42792221003724240
-8.06683950362170066      1.42792221003654030
-1.13863627334560347     -4.57207778996341041
 7.52161776449855335      8.42792221003708875
-7.52161776449797514     -9.18187180234280120
-12.71777018720464092     -12.18187180234320977
-7.29586144442150797     12.18187180234574463
 9.25366857206750382     -8.57207778996288816
-1.13863627334588102     -2.57207778996302672
-4.05751614936037619     -5.18187180234265732
-16.18187180234283318     -12.18187180234387590
16.18187180234304989      1.42792221003721109
-7.29586144442097417     10.18187180234564870
-2.87068708091450864     -3.57207778996346059
-10.75996305955579757      6.18187180234356326
 8.06683950362198310     -16.18187180234282252
-0.59341453422237833     -11.18187180234264488
 4.82849420856629319     11.18187180234400735
 0.59341453422329704     -5.57207778996336867
 2.32546534179185382      7.42792221003706565
 0.59341453422292034      4.42792221003698128
14.44982099477419446      8.42792221003722908
 4.05751614936076432     -1.57207778996295300
16.18187180234359346     13.42792221003738540
12.71777018720524133     -8.57207778996287750
-10.75973599725147878     14.18226498275233105
-2.32546534179124853     -12.18187180234265554
-1.13863627334596074      3.42792221003698794
16.18187180234321687     11.42792221003733033
16.18187180234326306     -14.57207778996339620
 1.36439259342612562     13.18187180234396649
-12.79939160280702026     16.18187180233700673
-16.18187180233817912      9.93619145415989991
10.98571937963630063      0.42792221003712966
-12.71777018720470132     -10.18187180234320444
-6.33478869605323247      2.42792221003732234
14.44982099477437387     -13.57207778996330561
-6.33478869605234962     -1.57207778996361358
 4.60273788848423937     -10.18187180234264666
-2.87068708091489011      0.42792221003690489
-2.87068708091488611      4.42792221003690489
 0.59341453422295487      6.42792221003698039
12.71777018720523955     13.42792221003741737
-3.83175982928026038      8.18187180234387412
 9.25366857206746474     -4.57207778996288372
14.44982099477411985     -5.57207778996283398
-5.78956695692892165     -14.18187180234280298
-9.25366857206690163     -8.18187180234288647
16.16409472541736747     15.74770393084140352
 8.06683950362199909     -14.18187180234280120
-7.52161776449778419     -15.18187180234285627
 4.60273788848427046     -12.18187180234267508
-9.02791225199028879     11.18187180234552791
 4.05751614936073945      6.42792221003704523
-12.75087832891819417     11.99146105606692991
-8.06683950362126012     -0.57207778996367198
