323    34.44394240009999919
 4.04543723988986947     -1.31646448367284963
-5.89280181429088934     13.22197119936209830
-14.48992039246908448     -15.22197120004461368
16.22154803179749294     -16.22197120004715742
 7.50953885503513874      2.68353551634197318
-6.46255442921364764     -7.55109080741813443
-14.48992039247647057      6.11982712452493693
 2.31339726345869323     -12.31648326865424004
-16.22197120004228665      5.11982712451902966
-14.48992039247206165     -9.22197120004336846
-11.02581877731478244      0.11978958522392839
-16.22197120004717874      3.11978958518161154
-12.75786958489667811     -16.22197120004227244
 6.23156467899801747     10.22198997079949123
-11.02582961413155438      2.11980835486746244
11.01628068465303478      8.76132326981635678
-16.22197120004076254     -14.22197120004560489
 5.09638561662464085     -16.22197120004263837
-4.73051445884119293      1.44892796290004289
-16.22197120004393156     15.11982712590738309
-14.48992039247433539     -7.22197120004334980
-4.09761554705250397     -13.22197120003040283
-16.22197120004335247      9.11982712580739374
-7.56171716219010204     -13.22197120004175730
-4.73050362165679061     -4.55109080740709082
-9.29377880656066324      3.11980835488693398
14.48992039247324826     -7.22197124481941000
-12.75786958492428091     13.11982712587582611
-2.42871103594307503      9.22195242969002926
 4.04543723987230752      2.68353551632728093
-6.46256526604079884      0.44892796226043213
-8.19460523679494734     -2.55109080740773964
 7.99787822181676944     13.29964503106397267
 0.46564880107478007     -13.55109080740695404
-4.73051445846271346     -2.55107203774470781
-16.22197120004308601      1.11978958518161154
 9.28421958185311880     -8.23869456224062091
 4.49949219431767666     11.22195242975083040
-14.48992039248406805     12.11982712585978916
11.01628068470824218      0.76132326992115706
-4.73050362164095173     -10.55109080742250782
-14.48992039247107755     -11.22197120004337556
 0.46564880106530487     -9.55109080740107608
-16.22197120004269166     13.11982712587755273
-14.48993122928472133      4.11980835484605379
-2.99846365089957656     -1.55107203773468094
-11.02581877771596375      8.11982712518550542
 9.73819844110447974     12.29966841273073008
 7.50954968616309770     -11.31648326457957232
12.75786958488749079     -12.22197124484996245
 2.76741971211551840     14.22198997030676182
 7.50953885503586882     -3.31646448365860058
-9.92665604435251581     -7.55109080742598238
-12.75786958490229850     -10.22197120004190829
-9.35690342904598893     15.22197120002504178
11.01628068470934885     -5.23867673007884527
-12.82100504416562714     15.22197120002847193
 5.77748804745243927      5.68353551633722276
-4.09762638422183034      4.11980835555865266
-1.26641284331908177     -4.55107203773456259
-7.62485262148718945     16.22197120004265258
 7.50953885502792229     -1.31646448365809965
 9.28421958184476281     -0.23869456224059843
-6.46256526603160086     -1.55107203774470448
 9.28424017260438816     -12.23869456213466123
 2.31338643271162780     -6.31646448432101959
-16.22197120004128834     -10.22197120004558535
 5.77748804767763424     -6.31646448460446752
 1.03971761566035936     15.22948461838429779
 0.46563796384646555      4.44892796293460790
12.75786958488725453     -6.22197124484902009
-14.55305585172594185     16.22197120004333115
-4.09762638426282244      8.11980835555868019
 2.31338643229611796      3.68353551631495213
-2.99845281407519160     -9.55109080741693894
14.48992039247558239      8.77802875518179704
-14.48992039248459562     10.11982712582497257
-11.02581877772879970     10.11982712519728089
-7.56172799898216574      2.11980835490174790
-2.36556473947613011     -16.22197120003226445
 6.40036967689829073     16.22197120004581450
-5.82967719184175515      9.11980835554132163
-12.75786958490149559     -14.22197120004225646
16.22197120003949777     -0.22197124481499736
12.75786958488676426     -0.22197124484792530
-5.82967719178248078      3.11980835554131453
12.75786958488005673     -4.22197124484843567
 5.77749887976810861     -12.31648326661410842
-9.29376796976411335     -12.22197120004153881
11.01628068470176380     -3.23867673007884305
-5.82967719182173205      7.11980835554132163
-11.65870685192367873     -4.55109080742399374
 0.46563796386907941     -1.55107203709365726
-7.56171716259536275     10.11982712522140204
16.22197120003991699     -4.22197124481499841
14.48992039245843522      2.77802875518126235
-5.82966635462457283     -12.22197120003593085
-6.46255442921975742     -5.55109080741732797
-8.19460523678534791     -6.55109080742302208
16.22197120004429394     -10.22197124481499841
12.75786958488087208     -10.22197124484930164
14.48992039247615615      6.77802875518133607
 5.77748804746233890      3.68353551633531762
12.75786958490579259      7.77802875517876036
 5.77748804744087785      7.68353551633739507
-7.56171716218362810     -15.22197120004193671
-6.46255442922605639     -3.55109080740772942
-4.16075100636996442     16.22197120004267745
12.75786958487769418      1.77802875515237768
11.46609791491008146     13.30682451206306638
-16.22197120004651438      7.11982712452303623
 0.46563796424458626     -5.55107203774360514
16.22197120004437210     11.77802875518523074
 4.04543724027645357     -5.31646448431398611
-11.02582961451939170      6.11980835549110846
 2.77608462330523897     16.22197120004720006
 9.28421958185941953     -4.23869456224059871
 5.77748804745514821     -0.31646448366474911
16.22197120004377169     -2.22197124481499841
-12.75786958527622517      7.11982712516535532
-12.75786958490365564     -8.22197120004173598
 9.28420509901214963      7.76130543770696413
11.01669928065932957     -13.23867668627322303
 7.50953885502665575      4.68353551634530874
 7.50953885502022711      0.68353551634193155
-4.09762638424175041      6.11980835555865443
-9.29376797015619616      9.11982712520371130
-11.02581877733258864     -11.22197120004078918
 4.04543723987761616      6.68353551632765441
 1.03539057919499422      9.22195242972469664
-4.09761554704652475     -15.22197120003385962
 7.50976461511355975     -13.31685467414117596
-2.99846365089347211     -3.55107203774408475
-4.73051445846847418     -0.55107203773439384
11.01628068469895361      2.76132326992118005
-9.29376796975910580     -14.22197120004159565
14.27186476560363282     16.22197120004389603
 7.50953123279589274      8.68354871830445418
-13.39075765949204921     -5.55109080742904837
-7.56172799940155738      8.11980835552560620
12.75786958487258538      3.77802875515242143
 0.46564880106845791     -11.55109080740673022
 0.46563796385455031      2.44892796293085535
-1.26640200649721479     -12.55109080741232930
-9.29376797016904455     11.11982712521308159
11.01628068469684685     -1.23867673007884260
14.48992039247234587     -1.22197124481900365
 5.77748804746315159     -2.31646448366522417
14.47067138965281607     -15.25531149570708855
12.75785531283651864      5.77802875510411607
 7.06147413588810213     -15.84991325904534953
 9.28421958184323870      5.76130543775940129
-16.22197120004507909     -0.88021041481838846
-2.99845281406883890     -11.55109080741696381
 9.28421958185836793      1.76130543775940152
16.22197120004717874      5.77802875518505221
-9.29377880655137467      1.11980835488693398
 9.28421958180311790      9.76130543765452607
-12.75786958490110301     -12.22197120004195092
 9.28421958185854557     -6.23869456224061825
16.22197120003230708      1.77802875518502979
12.75753707896038591     11.77852171302266626
-14.48992039247179164     -1.88021041481078965
-5.89280181392863334     15.22197120002464388
 4.04544806985014027     -9.31648326661471060
 4.04543724011279870     -7.31646448461151433
-8.19461607360361022     -0.55107203775007441
14.48992039247229258     -9.22197124481955122
 9.28421958186015672     -10.23869456224064578
-2.99846365128173575      2.44892796291658543
11.01628068470843402     -7.23867673007884971
-5.82966635461238436     -16.22197120004162585
12.71979474683857170     -16.22197120004360116
 6.22717261616776696     14.22948461837094669
-12.75786958489493372      1.11978958520451188
-4.73050362164728355     -8.55109080742250782
-14.48992039247111840     -13.22197120004345372
-16.22197120004603477     -6.22197120004558535
 5.77748804747534805     -4.31646448367312274
-7.56171716219596579     -11.22197120004027227
 1.03539057915405053     13.22195242972503770
-2.36557557667790475      7.11980835556737013
-11.65870685192994571     -2.55109080742319083
16.22197120004585713     15.77802875518528936
 4.04543723990264681     -3.31646448367974500
 0.46563796424448178     -3.55107203772392888
 8.00615125401504457     11.29966214190260132
-1.26641284371746021      3.44892796292543435
12.75808120780227384     -14.22233769689643701
-2.42870019917333613     15.22197119939709253
 2.76744138673455575     12.22195242974027884
-14.48992039284664912      8.11982712516276806
-11.02581877733056004     -13.22197120004574877
16.22197120002967807      3.77802875518505221
-1.26640200651871404     -6.55109080740659078
13.19889615187787513     14.30552880761875123
16.22197120004516790     -8.22197124481499841
 5.77749887741940604     -10.31648326661408710
 7.50953885508186314      6.68353551646182797
-13.39075765949548469     -3.55109080742902705
16.22197120004643267      7.77802875518518988
 4.49949219434657977      9.22195242974994223
-0.63351393190894190     -15.22197120002036641
-9.92665604435794968     -3.55109080741802252
-9.29377880694036484      5.11980835550816327
-5.89280181427798500     11.22197119935659870
-1.26641284333021820     -2.55107203773400704
 0.46563796385919076      0.44892796292207265
-1.26641284370950968      1.44892796292238013
-11.08895423660695023     14.22197120001080428
 5.77749887977431076     -14.31648326661415283
11.01628068469371868      4.76132326992118404
-2.99846365126891579      0.44892796290593162
10.87317870113034779     -15.45385064978257539
-11.08895423660453616     16.22197120004305759
-1.26640200650943791     -8.55109080741118355
 4.04544807103063953     -13.31648326864892695
11.01628068471010025     -11.23867673007885237
-9.29376796975259900     -16.22197120004193849
 2.31338643270346944     -4.31646448432088103
 6.23152132727365515     12.22198997034206158
-9.29376796976388420     -10.22197120003861137
-5.82967719180071509      5.11980835554132163
 4.49947051969461498     13.22198997032445966
-14.48992039248300046     14.11982712589351330
11.01628068465217325     10.76132326981639586
14.48992039246341079      0.77802875518107784
-4.73050362164568661     -6.55109080740834049
-11.02581877733404525     -9.22197120004078030
-6.46255442921445677     -9.55109080742545835
-12.75786958492546752     11.11982712584198119
-4.16075100671342479     12.22197119937687226
14.48992039246708430     -11.22197124481975550
-16.22197120003990278     -16.22197120004564397
-7.56172799936047380      4.11980835552552627
-4.16075100673211118     14.22197119937959187
 2.31338643231383667     -0.31646448368523944
-9.35690342904836747     13.22197119999296078
-11.02581877736568750     12.11982712585793820
 7.50953884815040862     -7.31646449689530076
 9.28421958185132468     -2.23869456224059826
16.22197120004445736      9.77802875518521475
-15.12280846706264192     -4.55109080743201488
-16.22197120004122795     -12.22197120004558535
 4.04543723988163162      0.68353551632721710
-0.63352476909375777      6.11980835557674130
-7.62485262185177159     12.22197119934814502
 4.04544807102446935     -11.31648326864885590
-12.75788042170959180      3.11980835485159691
-11.65870685192189171     -6.55109080742684036
-11.02582961414019103      4.11980835486863484
-9.29377880696062419      7.11980835550861624
-16.22197120004594950     -2.88021041481838846
 2.31339726937747114     -8.31648325432362512
-9.92665604435472737     -5.55109080742387029
 2.31339726346498598     -14.31648326865454912
12.75786958487626777     -2.22197124484806308
10.28190929377797325     16.22197120004689808
 9.72992540890620639     14.29965130189209788
-9.92665604436691851     -1.55109080741304339
-2.36557557665778173      5.11980835556734082
-12.75788042171906156      5.11980835485162444
 2.31338643231281349      5.68353551631495968
14.48992039244119745      4.77802875518130676
-5.82966635461778626     -14.22197120003666093
16.22197120004098636     -6.22197124481499841
 5.77748804058550647     -8.31646449690247280
-12.75786958528788873      9.11982712518029182
 2.76744138677795481      8.22195242973588414
-16.22197120004324589     11.11982712584282140
-14.48992039246982166      0.11978958518921062
16.22197120004192428     13.77802875518525383
14.48992039247358576     12.77802875518200310
12.75786958490570377      9.77802875518010950
 9.02656265515072853     -16.22197120004697979
-1.26640200650307455     -10.55109080741132743
 7.50953885487678541     -5.31646448396317961
12.75786958488627576     -8.22197124484917197
14.48992039247372077     10.77802875518199954
16.22197120004011595     -12.22197124481499841
12.27688702969055790     16.08032433911058234
 2.31338643230557217      1.68353551631479048
-7.56172799938150675      6.11980835552552715
-4.16076184352454082     10.22195242967647211
-2.99845281408249598     -5.55109080739771699
 9.28421958184817520      3.76130543775940129
11.01626620504744558      6.76132326986877086
 2.76744138675688234     10.22195242973680962
-1.26641284370021645     -0.55107203709437658
 0.46564880105353107     -7.55109080740076610
 1.03539057917466959     11.22195242972470552
-2.99845281408168862     -7.55109080741682170
-16.22197120004221915     -8.22197120004558535
 1.09853687564669800     -16.22197120004329562
-14.48992039247324293      2.11978958518921967
-7.62485262148745591     14.22197120000711479
-0.69666022838422381     10.22195242970739493
 1.03539057921504241      7.22195242972468066
-0.69664939137661808     14.22197119979168178
 3.09746124613565543     -16.15638643759541893
-8.19460523678236719     -8.55109080742378147
-2.36556473948093293     -14.22197120002575943
14.48992039247346497     -13.22197124482038255
14.48992039246597052     -5.22197124481910091
 5.77748804744583566      1.68353551633531651
 9.28465876855437422     -14.23869451832903366
 2.31339726345531549     -10.31648326864933196
-8.19460523678909425     -4.55109080741807048
-0.69666022840477759     12.22195242970763296
 2.31338643232935670     -2.31646448368736335
-2.42871103596364124     11.22195242969029039
-2.42870019915319046     13.22197119939689181
 4.58822715009734683     15.37572096365377305
 7.50953884815459993     -9.31646449690209799
11.01628068470311028     -9.23867673007885237
-11.02581877732473892     -15.22197120004736881
-0.69666022836389185      8.22195242970739137
-12.75786958489226741     -0.88021041479575968
16.22197120004558712     -14.22197124481499841
14.48992039246280150     -3.22197124481906139
 4.04543723988881077      4.68353551632728315
-0.69664939197950271     16.22197120004675952
 8.34113948533594218     15.73884331774443268
