330    34.66538565569999975
-16.33269282783647469     14.33269282783580501
 0.75612669485029904     -1.98977195622624103
-2.47628636728470175     14.33269282783558474
14.60064202026777735     -4.01022804378460140
-4.44002572784966620     -2.98977195621327851
-0.75612669485675732     -13.33269282783479426
-9.40448959756103697     16.33269282783722076
 9.48479853956637520      9.13941648637443294
 9.40448959756081315     -9.01022804378462361
 7.78541949430340541     12.21373242900773803
 7.67243878999439488     -6.01022804378054953
-14.60064202026658187     -15.33269282782363341
-9.41043516512590550     -10.32246478404045220
16.33269282783786380     -1.01022804377896280
-6.17207653541852252     -1.98977195621324343
 4.21428274242860912     -3.99999999999264322
-9.40448959756714764     -8.31223674027541648
11.14248597269357788      4.02045608755815476
-12.86859121269874962     12.33269282783564513
-14.60064202026782887      5.33269282783564957
-13.10027976569363872      4.01022804378691688
 4.21428274242289191     -6.00000000000238654
 5.94633354999862895     -0.99999999999057476
-12.86859121269805506     -2.31223674026328885
 4.21942049318040269     14.01162592024548559
-9.63617815055623517      0.01022804378682649
-11.13654040512915167     -3.31223674026337545
-2.70797492028038089     -1.98977195621374325
 7.67838435756641147     -1.99999999999253308
11.36822895812509771     -16.33269282783611942
 9.41638073269378850      3.01022804377532660
-0.75612669485691797     -15.33269282783520460
11.13654040512996168     -6.01022804378450015
 7.46265106821932189     16.33269282782865872
-14.60064202026756064     13.33269282783581389
-4.21428274242024958     -9.32246478404247725
-5.95227911756076011     -14.33269282782978316
 0.97592411271181112     -16.33269282783564336
 0.75612669485756479      6.01022804378680053
-2.48223193485695992     -10.32246478405218149
 2.48817750242922031      9.01022804378817099
 4.22022830999941334     10.01022804378817810
-16.33269282783155418     -16.33269282783045284
-9.40448959756103520     12.33269282783558474
-2.48817750242301328     -12.33269282782973875
11.13654040512975563     -8.01022804378472308
 7.67838435756071647     -4.00000000000241940
-6.17207653541798162      2.01022804378676190
 4.44002572784925409     -16.33269282783601284
-2.70797492028017706      8.01022804378682274
12.86859121269154294     13.26860492894580190
14.60064202026763169     -8.01022804378494335
14.60658758783561417     -0.00000000000034373
-7.90412734298689834      1.01022804378678610
-12.86859121269879580     10.33269282783559184
 4.22022830999753751     12.01022804378817810
-2.48223193484902671     -6.32246478404181467
 2.48817750242662772      3.01022804378682851
-4.20833717485440939     13.33269282783702003
-7.67243878999214690     11.33269282783552612
-16.33269282783652798     -10.31223674026382930
-14.60064202026772762      9.33269282783566467
-0.97592411271863333     -2.98977195622615177
-11.14248597269580721     -13.32246478404362300
-2.70797492028020326      6.01022804378673214
 9.40448959756103520     -7.01022804378442910
 0.75612669485975603     10.01022804378819231
 2.48817750241918345     -0.98977195622625169
-11.13654040512988352     13.33269282783566467
14.60064202026991431     -2.01022804378056952
 0.75612669485776030      2.01022804378678277
-5.94038798242199739     16.33269282783718523
11.21090377955964357     12.14964453013763013
 0.97592411271193302     -14.33269282783515486
 9.47885297189603016     11.14964452992770916
12.94295458713847857     11.14964453015483947
-12.86859121269957384     16.33269282783730603
 0.75612669485746820      0.01022804378625468
-5.94038798242327815     10.33269282783550835
 5.95227911756922001      9.01022804378915154
-0.97592411271115720      1.01022804378670217
-16.33269282783641074     16.33269282783612653
-7.90412734298697028      3.01022804378678721
-4.44002572784899119      1.01022804378672793
-7.67243878999121076     -3.31223674026367743
16.33269282783370002     11.26860492894849131
14.60064202026738300     -10.01022804378494691
12.94295458715355096      9.14964453013510060
-11.13654040512912680     -1.31223674026337567
12.90720854254554872     15.33269282783254006
-9.40448959756101921     10.33269282783551191
 5.94038798242546395     -7.01022804378045539
 5.94633354999182107     -5.00000000000245581
11.36822895812640866     -14.33269282783611942
-14.60064202026698510     -1.31223674026319115
11.14248597269856589     -2.00000000000226352
16.33269282783274434      9.03068413136588610
-2.48223193485122673     -8.32246478404261048
-2.47628636728509477     12.33269282783516374
 9.48479853956729713      7.13941648637422155
-12.86859121269884199      8.33269282783557941
 4.44002572784989002     -12.33269282783548526
12.87453678027221926      1.00000000000915756
13.10027976569517882     -15.33269282783630594
12.87453678026145809      7.02045608758531525
-12.86859121270503259     -10.31223674027524773
-0.97592411270920099     11.01022804378826159
-4.21428274242588241     -11.32246478405217438
-12.86859121269822559     -8.31223674026331416
-7.67838435755819404     -11.32246478404248968
 7.90412734298731223     -14.33269282783611587
 7.75274773187990807      6.13941648617318059
14.60064202026729419     -12.01022804378495046
14.60064202026758018     -6.01022804378479414
-16.33269282783669496      8.33269282783573040
-14.60064202026698510     -5.31223674026324844
-4.44002572784907912      7.01022804378673925
-4.21428274241888001     -7.32246478404048240
-12.86859121269806749     -6.31223674026331416
-7.68432992512931445     -15.33269282783035692
-16.33269282783619403     -2.31223674026316184
-9.63617815055591187      2.01022804378682673
-6.17207653541794343      8.01022804378676412
 5.94633354999753827     -2.99999999999254818
14.60064202026080515     14.26860492894766885
 4.22022830999825072      8.01022804378817810
16.33269282783690812     -3.01022804378475151
-4.20833717485318815     15.33269282783703780
 0.75018112729038355     -5.99999999999200817
-11.13654040512997767      7.33269282783553944
16.33269282783663812     -7.01022804378493269
12.86859121269867501     -7.01022804378478526
16.33269282783669496     -5.01022804378489450
 2.70797492028466591     -9.33269282783153642
 4.45950520876889112     16.33269282783593113
-6.17207653541798784      6.01022804378676323
-4.44002572784908356      3.01022804378673081
-14.60064202026778091      7.33269282783566467
-7.67243878999215223      9.33269282783547816
-16.33269282783608745     -6.31223674026316939
 4.22022830999587750      4.01022804378768960
14.60064202026591040      4.01022804380702969
-16.33269282783592047     -4.31223674026316939
 2.48817750242646474      5.01022804378682896
 5.95227911756768790     11.01022804378930786
-7.90412734298685926      7.01022804378678721
-11.13654040513609367     -9.31223674027533121
12.86859121269835882     -13.01022804378484921
-0.97592411271123281      3.01022804378672415
-7.67838435755685733     -9.32246478404037582
-0.97592411271130408      5.01022804378675435
 9.51747030185449283     13.21373242903861112
-14.60064202026760327     15.33269282783582810
-2.70797492028786690     -3.98977195622553671
 9.41043516513636646      1.00000000000946621
 2.48223193485965021     -4.99999999999260503
-11.36822895812477263      3.01022804378687692
16.33269282783624377     -11.01022804378497710
12.86859121270438422      3.01022804379415199
11.14248597270438523      2.00000000001096634
-7.67838435756375759     -13.32246478405233781
-11.36822895812508527      1.01022804378687225
-5.94633354998917874     -10.32246478404250745
 0.75612669485975459     12.01022804378823139
 5.95147130074925013     13.01162592024541631
16.33269282783616561     -13.01022804378497710
-2.70797492028102438     10.01022804378825626
-16.33269282783585652      1.68776325973686947
 9.41043516513533440     -0.99999999999248057
12.86859121269885620     -5.01022804378452769
-16.33269282783584231     -0.31223674026315018
 7.67243878999210249     -8.01022804378433406
16.33269282783576060      5.01022804380629516
-4.20833717485523717     11.33269282783696319
-7.67243878999127382     -5.31223674026367831
-4.44002572784912797      5.01022804378673214
-2.70797492028017350      4.01022804378670195
-16.33269282783656351     12.33269282783575882
 7.68432992513209978      4.01022804378779174
 0.75018112729188902     -3.99999999999064126
-2.70797492028009135      2.01022804378669040
 2.48817750242867053     13.01022804378819586
-6.17207653541803047      4.01022804378676323
-9.41638073269376896     -16.33269282783806986
-14.60064202026735813     -9.31223674026329284
-4.22022830999433651     -15.33269282783512644
 6.17207653541995427     -11.33269282783581033
-9.40448959756106007      8.33269282783550835
12.87453678025505432      5.02045608757101292
-0.75612669485405604     -11.33269282782987020
16.33269282783023968     13.26860492894850552
11.13654040513219812     -4.01022804378063569
-0.74423555971588673     13.33269282783538934
-11.14248597269485153     -11.32246478404042733
-0.97592411271133728      7.01022804378675790
 0.98781524785317365     14.33269282783544263
-12.87453678026348136     -12.32246478404088919
 7.68432992512577062      2.01022804377382913
 6.17207653541818324     -15.33269282783590448
-0.97592411271211954      9.01022804378825803
-9.40448959756182923     14.33269282783717280
11.21090377958214113     10.14964453013076451
-16.33269282783800946     -12.31223674028358239
-0.74423555971572297     15.33269282783540888
 7.90412734298700048     -16.33269282783611942
-14.60064202026764058     11.33269282783566467
14.60064202026147662     12.26860492894762977
-12.86859121269806749     -4.31223674026331150
 4.20833717485621417     -8.01022804377980968
 0.97592411271212898     -12.33269282783463083
11.13654040512945542     -12.01022804378481013
-14.60064202027377256     -11.31223674027549819
-11.13654040512993149      9.33269282783554210
 2.72366022831003107     15.33929351043334677
 7.67243878999180584     -10.01022804378441577
 5.96107813849071988     15.01160284727949445
-14.60064202026695845      0.68776325973685237
 7.90412734298872000     -12.33269282783600573
 0.98186968028203703     -8.32246478405340362
-14.60064202026698332     -3.31223674026320580
-9.41043516512723066     -12.32246478404285739
-14.60658758782819255     -13.32246478404930023
-16.33269282783646048     -8.31223674026318449
 2.48817750242565117      7.01022804378817099
-2.48817750242561475     -16.33269282783553678
12.86859121270112993     -3.01022804378073028
-7.67243878999301110     13.33269282783706267
-0.97592411271143376     -0.98977195621380765
 2.70797492028077524     -13.33269282783507670
-5.94038798242215016     -4.31223674026395187
-9.41043516513232525     -14.32246478405299506
-9.40448959756017366     -2.31223674026353265
 0.98781524785204833     16.33269282783742682
-2.48817750242560454     -14.33269282783487419
-9.63617815055583549      4.01022804378682629
-2.70797492028005049      0.01022804378664580
 7.67838435756752702      0.00000000000939124
 4.22022830999456389      6.01022804378817810
 5.94038798242297617     -9.01022804378391129
-5.94633354999491726     -12.32246478405224721
-11.13654040512920851     -7.31223674026339499
 4.22022830998803666      0.01022804377379077
-11.14248597269688368     -15.32246478406082169
14.60064202027641045      8.03068413134226589
-11.13654040512915522     -5.31223674026337545
-14.83233057326279791      3.01022804378694309
-4.20833717485947734     -5.31223674027719461
14.63925935011447343     16.33269282783246013
-7.90412734298738240     -0.98977195621321468
-16.33269282783694720      4.33269282783571885
12.87453678026749948     -1.00000000000222822
16.33269282783388121      3.01022804380519249
-16.33269282783669141      6.33269282783571885
-4.44002572784907290      9.01022804378679076
11.14248597269299346      6.02045608758454698
14.83233057326401116     -16.33269282783640719
16.33269282783543019      1.01022804378243447
 0.97592411271492407     -10.33269282783003895
 4.22022830999520870      2.01022804378628583
14.67500539470932885     10.14964453015786461
 9.63617815055615701     -15.33269282783617271
-5.94038798242923338     -6.31223674027567494
-5.94633354998789709     -8.32246478404034562
-12.86859121269890593      6.33269282783557852
 2.48223193485364169     -7.00000000000174083
-13.10027976569393715      2.01022804378691555
 9.40448959756062841     -11.01022804378468045
-12.86859121269868211     14.33269282783582099
 9.41043516512960920     -3.00000000000237410
 2.48817750242633995      1.01022804378626430
-12.86859121269804085     -0.31223674026327797
 2.70797492028063269     -15.33269282783554033
14.60064202026724978     -14.01022804378499131
-7.90412734298691078      5.01022804378678721
 2.70797492028123132     -11.33269282783454379
-6.17207653541795853      0.01022804378675934
-11.13654040512988885     11.33269282783554210
 5.95227911756402506      3.01022804378639419
16.33269282783033916     15.26860492894856058
-9.63617815055576621      6.01022804378682629
-9.40448959756018432     -4.31223674026353265
-16.33269282783519216     -14.33269282781986398
-0.75018112728797182     -9.32246478405236445
12.86859121269844941     -11.01022804378484921
 5.95227911755693295      1.01022804377375897
 7.75274773188219513      8.13941648617318236
16.33269282783655996     -9.01022804378494868
11.17515773497704679     14.33269282783188459
-5.95227911756263239     -16.33269282783614429
-2.47628636728395213     16.33269282783653154
-7.67243878999216555     15.33269282783706622
-4.44002572784909066     -0.98977195621327219
 6.17207653541857582     -13.33269282783581922
-16.33269282783657417     10.33269282783573217
-14.60064202026720359     -7.31223674026326975
-9.40448959756023584     -6.31223674026353265
 2.48223193486083860     -2.99999999999071409
-4.22022830999191356     -13.33269282782971210
 4.44002572785127470     -10.33269282783546750
-7.67243878999822115     -7.31223674027548576
11.17515773497378540     16.33269282783188814
16.33269282783795973      7.03068413132951076
-5.94038798242330923     14.33269282783702003
 5.95227911756395844      5.01022804378907249
12.86859121269859862     -9.01022804378478526
 4.44002572784950722     -14.33269282783552079
-12.87453678026047399     -14.32246478405151890
 2.48817750242863767     11.01022804378818698
-11.36822895812468381      5.01022804378687692
-0.75018112728124520     -7.32246478404371270
11.21684934713628579      8.13941648637525539
 4.21428274242975398     -1.99999999999065459
-11.13654040513062604     15.33269282783733978
 0.75612669485672368      8.01022804378818520
-5.94038798242410238     12.33269282783699872
16.33269282783612297     -15.01022804378500020
 9.31890440159730460     15.58816374020030082
 9.63617815055751592     -13.33269282783614607
11.14248597270423247      0.00000000000760390
 9.41043516513166267      5.02045608757129891
 9.40448959756331604     -5.01022804378062681
 7.81733147186885713     14.26707375965117564
-0.98186968027742005     -4.99999999999014921
 5.95227911756781047      7.01022804378907249
11.13654040512958510     -10.01022804378481013
14.60658758782444266      6.02045608757013451
14.60064202027226621      2.01022804379242004
-12.86859121270231121     -16.33269282783426135
 0.75612669485760220      4.01022804378679965
 7.75274773187959454     10.13941648617318414
