333    34.82446705760000327
-9.48403029850823565     -7.81588905442305037
16.41223352877943142      7.32452687741569264
-2.60951729457593240     -3.72818240307438176
-16.22325979636751470     -16.20909013854586078
-0.87749515550230051      3.27186725057687244
 4.31868593569099790     -3.72818240307915838
14.68018272121054224      8.32452687741592889
14.68296329338393313     -5.77599167315299145
 9.51202911773126125     -4.73303275983400340
-14.68296329338624062     13.36442425869341299
 0.85458432055892386     -1.72818240306931359
 7.80566971728444603     12.41223352877499586
-2.60951729458569970     -7.72818240307788873
 9.48683953917087486     -8.77604132679717175
-9.48403029850358159      6.35952424829264640
 2.58382588746039499      3.27666795369102637
11.21610977456317215      4.32447722377664245
-7.80566971728480841     -6.72818240307105953
11.23148513601702092      0.29817223716646446
-9.53772052485447830     -3.72818240306623583
16.41223352877953445     11.32452687741852593
 9.53772052485315314     13.41223352877529074
 2.60954596306859088      9.41218387513607269
-11.26977133242159113     -4.72818240306929116
-12.94813191363404137     -11.81588905444516868
-11.21608110607230913      5.35952424829231777
 4.34156810214743327     14.41223352877795172
-2.55841692484904604     -11.82036146277010680
-14.68018272121167733     -8.81588905442739801
-4.34156810214821220     -4.72818240306853799
14.68018272121291368     14.32452687742333275
12.94813191364232274      9.32452687741711017
-2.60951729459023252     -9.72818240309199567
14.69277751048740477     -1.70667811959034887
 4.30590563240303670     -9.75833514857533402
 9.48403029850735457      7.32452687741215680
-14.68018272121057421      1.35952424829283203
-0.88027572767467677      5.27666795369571417
-9.48405896699687467      8.35957390193629024
16.41223352877989328     -2.72818240306533477
14.68018272120726309     -9.78089168355934824
16.41223352877802100      3.32452687740271280
-14.68018272121215340     -0.64047575170829429
 6.02553194668217351     -10.77984154641200476
 8.25441472688660660     -14.62352545704402473
-2.55863630889741067      6.36437460504900798
-16.41223352877935682     -5.81588905442612170
-4.34156810214425093      3.27181759693742702
-0.87746648701258079     -6.72818240308477389
14.51402561262412405     -14.08263121892489877
-0.83918029061073729      7.38587888853378161
 9.48683953917462652      3.31967652065218921
-9.53772052485330057     -5.72818240307032944
-9.53772052485080302      0.27181759693728841
-14.68018272120990275     -10.81588905443194548
13.00182213998998648     15.41223352877689123
-4.31868593569385339     15.41223352877423736
 0.85458432055912426      0.27181759693154445
-7.75197949093972660     -8.81588905442369075
 1.94881488611985154     -14.68018272120917622
-9.47535678125932534     -16.41223352877990749
 7.77997831016248220     -5.73303275983417748
-6.01992868337637699     -9.81588905443326531
11.21608110607582454     12.32452687742212305
-0.85455565206795270     11.41218387513817945
-16.41223352877947406     16.41223352877855746
 2.60951729457880299     13.41223352877752362
 4.34156810214773525     12.41223352877693742
-11.21889034674079610     11.36437460505169206
-9.48403029850534551     -9.81588905442934667
-16.41223352877839048     -9.81588905443114612
-11.26977133242290030     -2.72818240306544713
-12.94813191364121785      8.35952424829290663
14.68021138969670680      2.32447722376931498
12.94816058213180376      3.32447722377620236
 2.55894167738306066     -12.77551863046168812
 4.31868593569615644     -1.72818240306970794
-7.47216289549034496     -16.41223352877911879
 0.85199446394153566     -9.73265481141489097
11.25520121115645189     -16.41223352877833008
-12.96350727509921974     14.38592854217773009
-16.41223352877939590      6.35952424829363938
 7.75478873160603044      4.31967652065273366
-6.05070807477412309     14.41218387513899835
-6.02273792403423158      8.36437460505141672
-14.73387294755676180     -2.72818240306389503
12.94816058213598531     -8.78084202990851992
 9.25520121115645189     -16.41223352877817732
12.94813191364243998     11.32452687741820085
 0.87746648701243779     12.41223352877317154
-8.47375983837551594     -14.68110569872061077
14.68018272121089041     12.32452687741894160
 0.85458432057583777     -5.72818240311860816
15.25520121115645722     -16.41223352877880259
 6.07361890971644414     13.41223352877722874
-11.21610977456571590      9.35957390193636840
 9.50955401617928509     -12.82437824317731234
-6.07361890971528240      0.27181759693288426
 7.75197949093825489     10.32452687742179620
-4.29046773241455703     -12.82036146277635780
-0.87746648700914887      1.27181759693259111
-2.60951729457847215     -1.72818240306877025
 7.76738352088623429     -7.75453704330897686
-2.60954596306881603      4.27186725058096339
16.41223352877989328     15.32452687742678954
-6.07361890971771956     -5.72818240306795889
-14.68018272121352119     -4.81588905442069937
-11.21608110607241038      3.35952424829216190
 7.77229325166925999     -9.80576508976199257
 4.33082628254019308     -7.75849041380683691
-16.41223352877875641     10.35952424829379659
-14.68021138970310879     11.35957390193701499
11.24405125681410489     -1.72338169994794166
-6.01992868336699249      4.35952424829048635
-9.48683953917187139     10.36437460505174357
 4.28790654429125873      8.32447722378290500
-10.47374349347715317     -14.67301987084010761
-11.23148513602189880     13.38587888853745334
-7.75197949093571914      3.35952424829011775
 2.59160340334827621     -6.73683750549749760
-0.85458432055622668     13.41223352877365471
 4.30328190574699487      4.29817223717596164
-9.49943432845372016     12.38587888853623475
-12.95094115430887882     12.36437460505310426
14.68018272121103429     10.32452687741762887
-9.51478102141988202     16.41223352878004960
-0.87746648702316177     -8.72818240308886750
 9.51202911773042281     -0.72333204631857351
 7.77753187710942040     -11.82432858952374488
-16.41223352877814534     14.36922496181302122
14.68018272121033796      6.32452687741544661
 4.14409909628971018     -14.34834823028512396
 9.48403029850482504      9.32452687741774255
-14.68018272120934320     -14.81588905443204496
-7.75197949093478922      5.35952424829239860
-4.31587669502564264     11.40738317201448204
 0.87746648701008656     16.41223352877867825
-4.30328190574732439      9.38587888853581198
 7.76738352088377226      2.29817223717427010
 4.34156810214930200     10.41223352877047326
-7.76738352088493045     11.38587888853608021
 7.80566971728458903     16.41223352877901576
-14.68018272121046408      3.35952424829283247
-6.03533271331607679     10.38587888853603936
 7.78275888233620172     -1.72813274943331829
 6.02273792403771413      5.31967652065400110
-14.68018272121070389     -6.81588905442680559
 9.48403029850713075     11.32452687742179975
-16.41223352878009578     12.35962355557800763
14.69277751049365399     -3.74968668655084070
-4.34156810214748834     -2.72818240306853355
-9.51202911773133764     14.40738317201639518
-6.07361890971294471      2.27181759693710861
 4.29099248494985375     -11.77551863045804836
-12.94813191364317895     -9.81588905442805526
12.96350727510063017     -0.70187741646291324
-14.68018272121005374      7.35952424829283558
-6.01992868337915432     -11.81588905444984405
-11.21608110607239084      7.35952424829282048
14.73387294755718457     16.41223352877988972
-12.94813191364111127      6.35952424829251939
 0.85458432056320399     -7.72818240311915972
11.21889034673985641     -7.77604132679712290
-14.69277751049088288     15.39072924529682140
-13.47532409082110405     -16.41223352877928932
-9.48403029850457990      2.35952424829008711
-4.34156810214675470     -0.72818240306773918
-2.58382588745684494     10.40738317201422802
16.41223352877881325     -14.78089168355523064
13.25520121115645544     -16.41223352877138097
-6.04792750259438261     12.40738317201475382
-2.60951729457787929      0.27181759693233482
-2.58660645963661784     12.41218387513855781
 2.55863630890259319      7.31967652065866847
 0.85455565206624295      2.27186725057629424
 2.57123109817844275      5.29817223717652475
-12.78144476753660008     -14.18440603022545510
11.26977133242201745     16.41223352877906905
-6.05073674326167144     16.41223352877691610
12.95094115430802617      1.31967652064443342
16.41223352877853259     -10.78089168355521466
16.41223352877884878     -4.77119097003842718
 2.58663512812765406     -0.72818240306905768
-12.94813191364141147      2.35952424829236129
 0.94881488612105314     -16.41223352877993946
 6.07361890971605600     15.41223352877840824
10.25520121113969729     -14.68018272119962475
-6.07361890971672924     -3.72818240306790960
11.26977133242146678     14.41223352877626951
16.41223352877879194     -0.68517383611286020
-4.34156810214643407      1.27181759693293372
-12.94813191364121252      4.35952424829236307
 4.34156810214743150     16.41223352877889496
 0.87746648701013785     14.41223352877804409
11.21889034674322616      2.31967652065157193
-4.31865726720537513     13.41218387513876920
 6.05073674325973254     -2.72818240307889059
-11.21608110607388653     -8.81588905442866455
11.23148513602389009     -5.75453704330880811
11.24405125680664774     -3.73298310619001716
-7.80566971728504733     -2.72818240306694015
-7.75197949094357330     -10.81588905444189841
 0.83918029061192367      6.29817223718060948
-0.87746648700961027     -0.72818240306871918
 6.04792750259718392      1.27666795368931507
12.96563643370565799     -12.81061544652426498
16.41223352877962682     13.32452687741925601
 6.03533271331523746      3.29817223717486296
11.21610977456703218     -9.78084202990845952
 0.88027572767991380      8.40738317201186192
 7.80566971728502068     14.41223352877774921
 2.58663512812742358     -2.72818240306997106
-7.75478873160302218      9.36437460505168318
 6.02054386456315260     -12.77983532616600115
-16.41223352877989328      2.35952424829363849
 0.85458432055856359     -3.72818240307001636
12.94813191364426075     13.32452687742289044
 2.58660645963449420      1.27186725057521000
-1.05118511396026904     -16.41223352877955577
12.94813191363699012     -10.78089168356178895
-0.85177507988805312      9.40738317201384611
-6.07361890971577267     -1.72818240306750348
 6.10200804863876733     -14.77817553411681395
-16.41223352877952735      4.35952424829363938
-7.80566971728179126      1.27181759693705554
-7.75197949094857996     -12.81588905444889370
-2.58663512812500240     14.41223352877398867
 0.87749515550078860     10.41218387513794141
 2.57145048223421169     -10.75415909488955890
12.94813191364440641      5.32452687741025787
 6.05070807477154382     -0.72813274942601069
-14.68018272121017453      5.35952424829283469
-9.48403029850352475      4.35952424829214991
-14.68018272121016921      9.35952424829284801
 4.94881488612106235     -16.41223352877993946
14.68018272120725598     -11.78089168355941219
 9.49943432845511815     -6.75453704330899019
 4.31587669502865001      2.27666795368993791
-6.01995735185933611      6.35957390193590211
-16.41223352877959130      8.35952424829370067
-12.94813191364499794     -5.81588905442131221
 9.48405896699457429      5.32447722377714872
-12.94813191364240090     -7.81588905442799664
-4.28790654429148077      5.35957390193413019
-2.60951729457661497     -5.72818240307452342
-6.06871410754572693     -13.94526086100556128
 7.78275888234453994     -3.72823205670625013
 9.53772052485333077     15.41223352877873154
16.41223352877918984      9.32452687741633213
 7.75200815942634236      6.32447722377827581
12.94813191364162464      7.32452687741597241
11.21608110607562914      6.32452687741097819
14.68296329339152706      0.31962686701476611
-11.21608110607467346     -10.81588905442869653
-16.41223352877925734     -11.81588905443152626
14.68021138970481942     -7.78084202990843909
-4.29068711646537082      7.36437460505097441
 9.49943432845238434      1.29817223717381069
16.41223352877851482     -8.78089168355499083
-9.53772052485354394     -1.72818240306623605
-2.60951729457769233      2.27181759693316909
 0.83939967466732190     -11.75415909489300148
12.95094115430861770     -6.77604132679688309
-11.24405125680890727     15.40743282565649430
-12.94816058213463883     10.35957390193630800
 2.60951729457882253     15.41223352877842601
-0.87746648700993535     -2.72818240306936000
 4.31865726720302057      0.27186725057460237
11.21608110607373909     10.32452687741768393
 6.07361890971558793     11.41223352877496211
14.68018272121312684      4.32452687740966102
-16.41223352877989328     -3.81588905441635617
-7.77997831016328512     13.40738317201476804
12.97332149220103048     -2.72818240307568249
-16.41223352877939945     -13.81588905443236293
 7.77997831016577024      0.27666795368874630
 6.04792750259361611     -6.73303275983420324
 4.29068711646914824      6.31967652065454022
 6.01992868337216080      9.32452687741697339
 2.60951729458127746     11.41223352877274522
-0.83896090655631039     -12.84186574624467525
 7.25520121115645189     -16.41223352877995367
 2.58663512812208163     -4.72818240307930093
-0.87746648700403662     -4.72818240308090765
-9.48403029853712809     -11.81588905448296600
-11.21608110609281184     -12.81588905452398564
11.23358562613528022     -11.81061544652686024
-4.26167400472533409     -14.82015418234650284
-16.41223352877989683     -7.81588905442625936
-5.47216289549034407     -16.41223352877825903
-4.34156810215287425     -8.72818240308119009
-2.06276336717019904     -14.66222985947737101
-0.05118511391929553     -14.68018272123433299
 9.50156348706550702     -10.81056579287345087
12.96350727509915401     -4.75448738966497508
16.41223352878006025      1.32442757013935042
-2.57123109817858753      8.38587888853556329
-2.58663512812737473     16.41223352877850417
-12.97332149220016717     16.41223352877684860
-11.21608110607671094     -6.81588905442234605
-12.94813191364280591      0.35952424829090157
-7.78275888234230973     15.41218387514020627
 7.75197949093872474      8.32452687741293218
16.41223352877916852      5.32452687741501141
-16.41223352877985775     -1.64047575171112348
 9.51478102141988735     -2.72818240306256365
 2.58644961411036345     -8.73683086510060747
-0.88005634362542506     -10.73265481141839750
-7.80566971728619396     -4.72818240306726167
-6.07361890971627272     -7.72818240307169990
 4.31865726720694632     -5.72823205670652680
 2.94881488612106191     -16.41223352877773678
-14.68018272121052270     -12.81588905443203608
16.41223352877858943     -12.78089168355521821
-13.00182213999011260     -3.72818240306865523
-4.28787787581367397     -10.81588905444396254
11.21608110607338737      8.32452687741719188
-16.41223352877994301      0.35952424829363649
-3.05118511396028103     -16.41223352877845088
-11.26977133242003326     -0.72818240306210014
-0.85458432055859623     15.41223352877833186
12.25520121113982341     -14.68018272119983436
-13.00182213998938074     -1.72818240306129556
-7.80566971728429770     -0.72818240306687587
 6.01995735185781289      7.32447722377887978
 6.05028230083383889     -8.77999469728332471
16.41223352878006025     -6.78079237626442399
-11.47534043604020759     -16.40414770109730114
-4.34156810214917943     -6.72818240306854065
-11.21608110607357922      1.35952424829029828
 0.85177507989184975      4.27666795369161257
 6.05070807477581862     -4.72823205670651969
-7.75200815942809385      7.35957390193612326
