335    34.88881315414141682
-9.51620334679275892     -4.59017264836905969
11.25273180628345315      7.43669075194446894
 0.87162384669666126      5.41754317675352137
 4.33572546183273833     -8.59788847348107055
 0.86042696087333348     13.43669075195080076
-0.87162384667738890     14.43669075198275387
-9.52068099871529050      5.41754317675564145
-6.05657938357760717      7.41754317675589725
-14.71235576950013879      2.40982735163996331
-7.88022215858579944     -16.44440657706719477
-9.51620334680487190     -6.59017264839092398
-16.44440657706826059      3.40982735164156248
-0.86042696087228709      4.41754317675355690
-14.71235576949883495     -5.59017264836835981
-6.50940345554716338     -14.54595170650692459
 0.87162384669621518      3.41754317675290453
-4.32452318047709472     -5.59787912820347344
-11.24825415436084874     12.42525900187401611
12.98030496194627403     10.44440657703417763
-12.98030496192971128     -2.59017264836755468
 6.05657938357740022      6.43669075194525497
-7.79534942504851447     14.44440657706672937
-4.32452857600984686      6.41754317675392993
 4.33125320543893366     -4.59018199363475699
-12.98030496192984984     11.42525900187381005
-2.58800011655410067     -2.59017264834810268
-14.71235576949846546     -3.59017264836799521
14.71235576949906765      1.42897492682780070
16.44440657706662989     16.44440657706631370
 9.51620874231805125     -7.60932956883081602
-16.44440657706766729     -4.59017264836804362
 7.79534942504885464     -4.59017264836510641
 0.08513261998893172     -16.44440657706669384
-6.05210173165791510     -2.59017264836389582
 9.52740023261755020     -5.59017264836542171
11.25945104018646603     -2.59017264836478267
-14.65259710430077078     -11.70168020989038382
-4.32005092411032976     -1.59017264832619820
 9.51620334679318525     16.44440657706736175
 9.51620334679300584     14.44440657706331166
 9.52068099871376461     -11.61703604867368433
-6.06330401300958766     13.44439723179277379
 4.32452857600654905     -10.61703604867922834
-0.86042696087263448      2.41754317675284458
-9.52067560318196016     -8.59787912820659628
11.24825954988843790     -8.60932956882824740
 0.86042696087112358      7.43669075194612805
 6.74336243048511275     -14.32215050481181962
 4.32005092410471292     15.44440657703909459
-0.86042156535777792     -1.58246616854041511
-4.32452857600835561     -7.59788847348538532
16.44440657706756781     -1.57102507317284856
-0.86042696087350157     -5.59788847348020013
11.25273180626116876     -10.61703604863517114
-4.32452857600861051      8.41754317675590613
-12.92055169226442324     -12.70168955517024045
12.99150184775516692     -3.59017264836510863
16.44440657706727649     -3.60932022355791471
 6.06330401300767985     -5.59018199363499857
14.71235576949955792     11.44440657706167386
 2.59247776844112865     12.43669075194878992
-11.25273180628363967     -11.59788847348603547
-0.87162384669640303     10.43669075194832985
-12.72991871564532751     -14.69258359258794044
 7.79535482058173734      1.40983669691435498
 0.86042696087070902     -12.61703604868303685
 9.52740023261785396      0.40982735163553158
 6.05657938357678116     -11.61703604867689066
11.25945104018627951     -4.59017264836513483
-4.32452857600832719     -11.59788847348662166
-11.24825415436231957     -1.59017264836466321
-9.52740023261723934     15.44440657706713260
12.98031035745764861     -9.60932956882772515
-6.05657938357873693      3.41754317675347608
 4.33572546181131813     -6.59788847344262752
-4.32452857600803497     -9.59788847348618290
-11.24825415436359322      0.40982735163777140
-6.05657938357868453      5.41754317675385622
-4.32452318048238737      0.41753383148241030
 4.75869710088894493     -14.56934178600791974
-16.44440657707071196     -10.59017264840765016
-9.52068099869598150      9.41754317678992159
 6.05657938357765513     10.43669075194635454
-16.44440657706802966      1.40982735163762363
-6.05210173167869403     -0.59017264832531291
 6.06329861748005516     -3.59017264836477024
12.98030496192983918     14.44440657706452136
-2.60367465426421552     11.43669075195017726
-11.25273180626488490      8.41754317678996955
-4.33572546183320728     10.43669075195017726
-12.98478261383378118      7.41754317679000685
16.44440657707050590     -11.60932022355814652
-7.78415253923621719     -5.59017264839054562
 9.52068099870195361      4.43669075192234974
 7.79534942504885198     -2.59017264836456240
 4.32452857600893470      7.43669075194600282
 4.32452857600894536     11.43669075194666362
 2.60367465424257594     -5.59788847344239660
 6.06777626938980319      2.41754317672984298
11.24825415436098375     15.44440657706494946
16.44440657706807940      0.42897492682750582
-2.60367465424608113     13.43669075198243590
 0.86042696087134463      9.43669075194636875
 4.33572546183353413      3.41754317675184849
-0.86715698583396106     16.44440657706881836
-7.78862479561969767      2.41753383148320733
 7.79535482057637985     -6.59018199363533252
 7.78415253924022554     13.44440657703521325
 2.60367465425195999      0.41754317673000790
-0.86042696087077741     -9.59788847348614915
16.44440657707070841     -13.61680832342175762
16.44440657707007247      6.42899361738256658
-16.44440657706745412     -0.59017264836720806
-16.44440657706960707      7.42524031132978291
-16.44440657706757847     13.42525900187393795
 4.06290113271242603     -16.44440657706702069
-2.67873568645786841     -14.59602750057680609
11.24825415436204246     13.44440657706260467
 9.52740023261757507     -3.59017264836482974
 0.87162384669643522     -8.59788847348311691
-0.87162384669540049     12.43669075195044016
12.87551180141396578     -13.80431008265467518
-12.98030496195257655      3.40982735167748885
-16.44440657706782005      9.42525900187375321
-12.98030496193234207      1.40982735163805839
16.43737192291502325     -16.23782903281009027
 6.05210173167251764     14.44440657703723829
 7.78863019114573696      5.43669075194430729
-0.87162384669759685      8.43669075194640250
-2.59247237291402088     -0.58246616851847854
 2.83762371985226780     -14.00200948066189710
-0.88591061596967302     -13.70338366714879186
-11.24825415436115605     -3.59017264836814487
16.44440657706739728     12.44440657706356568
12.98030496192999195      0.42897492682789690
-11.24825415436148290     -5.59017264836957128
-5.88022215858578878     -16.44440657706737596
-0.86042696087306625      0.41754317675179442
 4.33124780991124059     -2.59017264836465833
-9.52068099871433837      7.41754317675753683
14.71235576949889534     -8.60932022355793514
 9.52068099871455331      6.43669075194441209
-9.51620334679473956     -0.59017264836227712
-7.78863019114748401      4.41754317675370078
-7.78863019114646793      6.41754317675578356
-12.99150184775503192     15.44440657706691944
 7.78863019113300581      3.43669075192247764
16.44440657706820375     10.44440657706028652
14.71235576949790058     15.44440657706600639
11.25272641075291524      9.43670009722139191
-1.91486738001109802     -16.44440657706686437
-14.71235576949865020     12.42525900187394683
-16.44440657706742215     -2.59017264836769234
-2.59247776844109046      5.41754317675368657
11.24825954989398014      3.42898427210675116
-4.33572546181485929     12.43669075198226714
11.20698715968774017     -12.69238321655078217
-4.33124780991100611     16.44440657706762465
 4.32452857600845508      5.43669075194536155
 2.59247237291132038     14.43670009722633374
-2.60367465426532130      9.43669075194840090
10.96822023954588232     -14.67807965806594339
-6.05657938357649961      9.41754317675767538
16.44440657706779518     -9.60932022355801152
 7.78863019114657629      9.43669075194630835
-16.44440657706811493     -6.59017264836827810
 7.98462603744288391     -15.89035478297295967
-12.98030496192974681     13.42525900187404631
 0.87162384668318005     -0.58245682327015436
 0.87162384667375836     -4.59788847344229623
-16.44440657706768505     11.42525900187382604
-11.24825954989077026     10.42524965660028613
12.98031035746281248      4.42898427210684531
 9.51620874232502700      2.42898427210687684
-7.78415253922625716     -1.59017264836296301
-2.59247776844113353      3.41754317675350050
-12.98030496194290961     -8.59017264839042127
 6.06329861747997878     -1.59017264836436567
16.44440657706837072      4.42897492682813443
 6.05657938357775549      8.43669075194614138
-2.59247776844091948      7.41754317675384378
-16.44440657707064801     -14.59017264840764838
 9.02989379810368398     -14.18524032683716385
16.44440657706796571     -7.60932022355799642
 2.59920239787011287     -3.59018199363463841
 6.06330401301275401      0.40983669691450120
-9.51620874232185265     11.42524965660035186
-6.05657938357710979     -12.59788847348680996
-2.59247776843929634     -10.59788847348686147
 2.59247776843995714      6.43669075194602058
 2.07401687635068832     -16.23383731341073499
-7.78863019114545452      8.41754317675768604
-11.25945104018603615     16.44440657706751807
-12.98477721831990017     -10.59787912820634759
 0.86042696087238579     11.43669075194854834
14.71235576949881008     13.44440657706425490
 0.86042156536064207     15.43670009725808789
-12.98030496193053018     -6.59017264836938388
-13.69486235703106480     -16.44440657706727293
 2.60367465426458189      2.41754317675197861
 2.59247776843923949     -11.61703604868232809
-12.98031035745970563      9.42524965660032343
-14.71235576950002510      0.40982735163563466
14.71235576949870882     -0.57102507317239570
 7.79534942504885553     -0.59017264836432148
-11.25272641075086000     -9.59787912820663003
 2.59920239787512530     -1.59016330308576337
14.71235576951460189      9.44440657703322728
-4.58618938083897287     -13.96829944664864342
12.98030496192921923     16.44440657706652686
11.24825415437782716     11.44440657703492725
16.44440657706722320     -5.60932022355792093
11.90635094217335421     -16.44440657706697806
 4.32452318047907447     13.43670009722434600
-9.52068099871467588     -10.59788847348610652
 2.59247776844004596      8.43669075194605789
-0.86042696087216786      6.41754317675362174
 0.87162384669572390      1.41754317675194530
-9.51620334679379809     -2.59017264836530448
16.44440657707071196      8.44440657701111697
12.93903796723523136     -11.69238321651210732
-14.71235576949852408     -1.59017264836741412
 6.05210173165766552     16.44440657706755005
-10.81214088256492012     -14.12502021908175465
-14.58689911307384790     -13.84338701793889292
-14.71235576949855783     14.42525900187418308
-16.44440657706762110     15.42525900187412624
-6.06777626938375292     11.43669075198229912
-14.72355265532367596     16.44440657706732623
 7.78863019114440913     -10.61703604867446415
-11.24825415437390141     -7.59017264839065398
16.44440657706789466      2.42897492682796967
12.99150184775540140     -1.59017264836486638
-11.69486235703105947     -16.44440657706723385
13.90635094217338086     -16.44440657706980957
12.98477721832129461      8.43670009722036163
-9.52740023261749869     13.44440657706646824
-7.79535482057849460     12.44439723179280222
14.72355265532414847     -2.59017264836512817
16.44440657706689990     14.44440657706595843
 0.89721641658781759     -14.61669765404232813
14.71235576949896817      3.42897492682807892
-16.44440657706901021     -12.59017264840764838
-2.59247776843964894     -12.59788847348705332
-9.52068099871461193     -12.59788847348632324
-7.78415253922545514     -3.59017264836623040
-0.86042696087223347     -7.59788847348265328
12.98030496192970062     -7.60932022355841475
 6.06290113271248821     -16.44440657706714504
-4.32452857600994189      4.41754317675361996
-16.44440657706918074     -8.59017264836870176
-2.59247237290952226     -4.59787912820121214
-11.25272641075623881      4.41753383148531853
-8.49608237395797872     -14.31550241676566060
-14.71235576951224822     -9.59017264838961658
-14.71682802587461047      6.41753383151952317
-11.25945104018624043     14.44440657706676312
-7.78862479561293597     -7.59787912820684586
-11.25273180628317071      6.41754317675739827
-6.05210173166896492     -4.59017264838773720
11.25273180627078595      5.43669075192242346
 7.78863019112160604     -8.61703604863829753
12.98030496193009675      2.42897492682791816
 2.60367465426515743      4.41754317675279218
 2.58800011655408957     16.44440657707070841
-9.52067560318844919      3.41753383148343071
-11.24825415438474963      2.40982735167567430
14.71235576949833046     -6.60932022355793514
-7.78863019114585953     -9.59788847348597862
-4.32005092410143465     -3.59017264838541061
 0.86715698583404133     -2.59017264835583472
-16.44440657707071196      5.40982735171145812
-6.05657398804432212     -6.59787912820638134
11.25945104018667209     -0.59017264836458883
14.71019684302125263     -10.61306895087100699
 9.52067560318442929     10.43670009722208647
11.24825415435923048     -6.60932022356093363
-14.71236116502864277      8.42524965660025060
14.71236116503188107      5.42898427210675383
-6.05657398805089553      1.41753383148306744
 4.33125320544389592     -0.59016330308557030
-14.71235576949884738     10.42525900187374432
-9.78754225780843967     -15.84263416236096411
-12.98030496192982675     -4.59017264836858008
-7.78415253924720041      0.40982735167532586
 6.05657938357678738      4.43669075194440410
12.98478261383970889      6.43669075192234086
-6.05657938357694015     -8.59788847348600171
14.71452279998424473     -12.61306427349015813
 7.78862479561551613     11.43670009722203140
-2.59247776844142841      1.41754317675269204
 7.78863019114619703     -12.61703604867598472
14.71682802587748817      7.43670009719811187
12.98030496193100625     12.44440657706227427
-2.59247776844106870     -6.59788847348252450
-6.06329861747981624     15.44440657706736886
 9.52740023261767988     -1.59017264836447736
 6.05657398804686053     12.43670009722241510
 2.59247776844013345     10.43669075194652685
-7.78863019112701505     10.41754317678976349
-7.79534942504851180     16.44440657706773123
-0.86042696087064130     -11.59788847348726470
 4.32452857600884677      9.43669075194620000
-4.32452857600993212      2.41754317675334818
14.71019684238778602     -14.61305959500744045
-0.86042156536228565     -3.59787912816352140
 4.32452857600956886     -12.61703604867984296
 4.33572546182081719      1.41754317673003682
11.24825415436114717      1.42897492682803451
 0.87162384669788051     -10.59788847348654883
 9.51620334680901614     12.44440657703506403
-9.51620334681600077      1.40982735167545559
-4.33125320544078551     14.44439723179313262
-2.59920239787213081     15.44439723179352342
 7.78863019114622013      7.43669075194538109
 7.78415253922536809     15.44440657706547348
 6.06777626938000125     -7.59788847344296059
-14.71235576949964852     -7.59017264836915917
-12.98030496193114836     -0.59017264836456262
 9.90635094217335244     -16.44440657706704911
 6.05657938357412462     -9.61703604867688355
-2.59247776843951883     -8.59788847348552743
-3.89754476929848348     -16.18174639735055109
 9.52068099869197759     -9.61703604863570760
 2.60367465426515210     -9.59788847348349883
 0.87162384669531068     -6.59788847348032181
-14.71235576952060242      4.40982735167895878
12.98030496192916594     -5.60932022355838100
 2.60367465426400502     -7.59788847348065133
-7.78863019114571919     -11.59788847348630725
-15.69486235703106480     -16.44440657707070841
-12.98477721832432330      5.41753383148682754
-6.05657938357698278     -10.59788847348606211
14.71235576949829138     -4.60932022355792270
 9.52068099871505957      8.43669075194550899
