336    34.92305238210000340
 6.05513430736113367     -13.46152619103330572
 0.85898188465415681     -8.46152619103173365
-14.72947538346151219      6.53847380898087316
-7.80127215318987677     -5.46152619103293446
12.98333753763745335     -15.46152619103528636
-0.87306892291481319     -7.46152619103159065
 0.85898188465680536     11.53847380897435038
 9.51923592250005512      8.53847380896478292
 4.32308349979202777     -0.46152619103221598
-11.26537376832732917     -9.46152619103325243
 2.44502867407674840     12.75685617168758768
14.71508326775970232     13.53900839169077841
-12.99742457589564815     -16.46152619103403936
12.98333753763841614     -3.46152619103505499
-7.80127215318940781     -13.46152619103329151
 2.42412457431627670     14.75674692335709004
-9.53332296075806163     -14.46152619103370363
-11.26537376832749970     -7.46152619103324266
 9.51923592250055428     -1.46152619103522352
 4.32308349979157835      5.53847380896786490
 0.85898188465476510     -12.46152619103312098
12.98333753763773757     -13.46152619103524728
16.46152619103480674      8.51366744274647225
12.98333753763816389      4.53847380896504493
-7.80127215318900280     -15.46152619103405890
16.46152619103473214     10.51366744274647047
11.25128673006926583     11.53847380896573327
 9.51923592249934458     -15.46152619103522596
14.71538834520709749      3.53847380896514174
-0.87306892291402505     -13.46152619103327197
 6.05513430736113190     -15.46152619103382619
-16.41145261483184825     16.26501165505676383
-12.99742457589617750     -10.46152619103336612
-9.47011362220627184     13.65697199969978293
 6.01816824490882762     12.53813215734295561
 4.32308349979228801     -6.46152619103238557
-12.99742457589892908     -0.46152619103011749
-2.60511973048242806     -16.46152619103433423
-6.06922134562209248     -4.46152619103097070
 6.05513430736097291      0.53847380896766783
-6.06922134561940219      7.53847380897553432
-6.06922134562077975     -8.46152619103285986
-2.60511973048273227     -14.46152619103356685
-7.80127215319141243     -1.46152619103078552
 4.32308349979138118      7.53847380896791730
 0.85898188465382863     -2.46152619103145076
 9.51923592250041040      2.53847380896477626
-4.33485848945022934     16.46152619102511494
12.98333753763826870      2.53847380896502095
12.98333753763805198      6.53847380896510089
 2.59103269222306309      0.53847380896770891
16.46152619103490977      6.51366744274647225
-12.99742457589663225     -4.46152619103334924
 7.78718511492996157     -0.46152619103235609
 4.32308349979214590     -2.46152619103225012
-14.72947538346482865     -13.46152619103353487
-14.72947538346546636     -5.46152619103347448
-6.06922134562262627      1.53847380896907193
-2.60511973048537282      7.53847380896885699
16.46152619103476411     -11.48633255725354196
-0.87306892291537375      0.53847380896867125
 6.05513430736121361     -7.46152619103252235
-11.26537376832687976     -15.46152619103383863
-6.06922134562009852     -16.46152619103424897
 2.59103269222359023     -13.46152619103322934
 4.32308349979226314     -8.46152619103239623
 4.32308349979174622      3.53847380896784758
14.71538834520679373      9.53847380896520569
-14.72947538346478424      2.53847380897720143
-7.80127215318422351     10.53847380898234398
-14.72947538346527985     -7.46152619103347536
 7.78718511492992249     -10.46152619103270887
 6.05513430736106972     -9.46152619103255432
 6.05513430736103775     -11.46152619103269643
11.25128673006908109      7.53847380896496855
-4.33717053805298480     -5.46152619103113945
-6.06922134562031523     -14.46152619103370895
 4.32308349979225781     -4.46152619103235182
-14.72947538346016749     14.53847380898162278
-6.06922134560136417     11.53847380900692876
-16.46152619103328263     -16.46152619103422410
-16.46152619103089876      7.53847380898022212
 4.17707948164184639     11.75685617168099384
-0.87306892291288529     10.53847380897575903
 0.85898188465225733      9.53847380896907460
-2.60511973048493761      5.53847380896885699
-16.46152619103408554     -8.46152619103360060
 9.51923592249988282     10.53847380896478292
-0.87306892291563010      2.53847380896884944
16.46152619103504122     -5.48633255725352242
-9.53332296075883434     -4.46152619103306058
 6.05513430736108571     -1.46152619103235848
-2.60511973048404277     -4.46152619103124959
14.71538834520718808      1.53847380896509356
-11.26537376832720305     -11.46152619103327552
-4.33717053805186836     -9.46152619103280124
-6.06922134562227367     -2.46152619103093562
14.71538834520647576     -16.46152619103522241
-7.80127215319123213     -3.46152619103080461
 6.05513430736038849      8.53847380896770325
-14.72947538346503116     -11.46152619103351000
-2.60511973048298229     -10.46152619103282078
 2.59103269222339927     -9.46152619103241932
16.46152619103439463     -15.48633255725381730
 7.99670317834426037     16.12624245788424915
-4.33717053805159125     -13.46152619103344250
-6.06922134562067050     -10.46152619103293091
 2.59103269222191823     10.53847380896772279
-2.60511973048435630     -0.46152619103114934
-6.06922134561460958      9.53847380898361763
 6.05513430736056613      6.53847380896769792
11.25128673006834568     -16.46152619103504833
-14.72947538346112850      8.53847380898097086
-16.46152619103433423     -6.46152619103357662
-14.72947538346051921     12.53847380898123731
-11.26537376832709114     -13.46152619103330039
-16.46152619103325776      1.53847380897638786
-7.80127215318834022      6.53847380897563557
 9.51923592250052941     -5.46152619103522419
 7.78718511492986387      1.53847380896764396
-7.80127215318959255     -9.46152619103300374
 6.05513430736072156      4.53847380896769703
-7.80127215318972045     -7.46152619103296821
-2.60511973047670464     11.53847380898452002
 6.05513430736016556     10.53847380896770325
-4.33717053805329389     -1.46152619103104486
 0.85898188465403835     -6.46152619103154624
-2.60511973048473777      3.53847380896885166
-16.46152619103473214     -2.46152619103355930
14.71538834520699979     -12.46152619103509451
-6.06922134562057547     -12.46152619103312986
-9.53332296076048813     -2.46152619103050085
 7.78718511492954324      5.53847380896780539
-16.46152619103499504     -0.46152619103355941
-16.46152619103034453      9.53847380898039354
-12.99742457589646882     -6.46152619103335102
16.46152619103461490     12.51366744274646869
-16.46152619103403225     -10.46152619103360060
-12.99742457589682765     -2.46152619103330661
-16.46152619103056125     13.53847380898052322
-9.53332296076090380      1.53847380896949915
-9.53332296075350527     11.53847380898166897
11.25128673006898694      9.53847380896508668
 1.37831022726446784     16.46152619103387593
-6.06922134562243087     -0.46152619103093012
-16.46152619103133929      5.53847380897983665
 0.85898188465395231     -4.46152619103150005
-14.72947538346514484     -9.46152619103350823
-16.46152619103367343     -14.46152619103360770
11.25128673006869029     -14.46152619103505010
12.03049918354907710     16.46152619103447989
-5.76282863431884707     13.94114946379526998
 9.51923592250056316     -3.46152619103522330
-12.99742457587993272     13.53847380900129416
11.25128673006934577     -8.46152619103505188
 7.78718511493003529     -8.46152619103270709
 7.78718511492994825     -14.46152619103369297
-16.46152619103222037      3.53847380897970520
12.98333753763839660     -1.46152619103502546
 0.85898188465466963     -10.46152619103267511
16.46152619103503412      2.51366744274647402
14.71538834520728756     -2.46152619103504566
16.46152619103503056     14.51366744274646869
 5.46993892136818349     16.46152619103153114
-12.99742457589548827      3.53847380897650199
-12.99742457589588440     -14.46152619103346737
 2.59103269222330335     -3.46152619103231762
14.71538834520729289     -4.46152619103505543
12.98333753763803600     -11.46152619103517800
-7.80127215318442957     12.53847380898235464
-7.80127215318945222     -11.46152619103309611
16.46152619103449055     -13.48633255725354196
-9.53332296075779517     -16.46152619103429871
 7.78718511492980436     -12.46152619103294690
-0.87306892291490568     -5.46152619103153381
-7.80127215319159273      0.53847380896921693
11.25128673006923030     -10.46152619103505188
14.71538834520647221     11.53847380896563912
-11.26537376832330040      6.53847380898078345
12.98333753763840193     -5.46152619103508385
-8.20759913764950610     16.46152619103052572
-0.47827413109114858     15.71782294355589649
-4.33717053805313224     -3.46152619103110526
-4.33717053805198383     -7.46152619103271064
-4.33717053804551256     10.53847380898426067
-12.99742457589180411      9.53847380898113961
11.25128673006897451     -12.46152619103505010
 9.51923592249971051     -13.46152619103522419
-14.72947538346799767      0.53847380896969654
-12.99742457589962541      1.53847380897057118
16.46152619103504122      0.51366744274647513
-16.46152619103004611     11.53847380898048591
 7.75021905247667586     13.53813215734475328
 7.78718511492983545     -16.46152619103413173
 6.05513430736084146      2.53847380896767794
-2.33485848945018626     16.46152619102534587
 2.59103269222238053      8.53847380896772279
14.01916125093139520     16.24886876286727855
-12.99742457589631428     -8.46152619103336612
-11.26537376833035964      2.53847380896989838
-16.46152619103448345     -4.46152619103356862
-6.27122881355042683     15.96105644374341992
-0.87306892291419824     -9.46152619103265913
-14.72947538346591223     -1.46152619103343961
 7.78718511493010102     -6.46152619103253922
-11.26537376832259874     10.53847380898150199
 9.51923592250025230     -9.46152619103522419
 0.85898188465306269      5.53847380896884900
-9.53332296075868513     -6.46152619103306236
 4.16983011853661800     13.77182763406065646
16.00782331831365113     16.46152619103505188
11.25128673006948787     -0.46152619103505421
 7.78718511492915688      9.53847380896789510
 0.53629010664589405     13.96208658382296264
-12.99742457588017785     11.53847380900108632
-2.60511973048379497     -6.46152619103151338
-11.26537376832305881      8.53847380898090691
-12.99742457589208122      7.53847380898101438
14.71538834520729466     -6.46152619103505721
-9.53332296075390495      9.53847380898116803
 2.59103269222320209     -1.46152619103230541
-0.87306892291521998     -1.46152619103137749
 4.32308349979238837     -14.46152619103353487
-12.18004883158272555     16.46152619102455716
-4.33717053805045971      8.53847380897542862
 7.78718511493009746     -4.46152619103247972
 7.78718511492969334      3.53847380896772723
16.46152619103504122     -1.48633255725352376
-2.60511973048453038      1.53847380896885055
-9.53332296075730667      5.53847380897578656
-7.67283349057469177     14.53434542558174769
11.25128673006928537      3.53847380896494546
 0.85898188465486058     -14.46152619103348513
-7.80127215319183165      2.53847380896922026
-6.06922134562283233      3.53847380896907193
-10.19382398461532091     16.22719553299306483
-14.72947538346068796     10.53847380898113073
-4.33717053801167918     12.53847380904324282
12.98333753763832910      0.53847380896500840
 6.05513430736119762     -5.46152619103244152
-9.53332296076064445     -0.46152619103050080
 3.46993892136818349     16.46152619103382975
-12.99742457589246669      5.53847380898085095
-4.33717053805367936      2.53847380896896269
-11.26537376830759030     12.53847380900729291
-11.26537376833001503      0.53847380896989849
 2.59103269222366395     -15.46152619103379955
-12.99742457589603184     -12.46152619103336789
-14.72947538346563690     -3.46152619103344428
 6.05513430736116653     -3.46152619103240644
-14.72947538346474339     -15.46152619103353665
-4.33717053805177954     -11.46152619103297532
 9.51923592249968209     12.53847380896478647
14.71538834520701755      5.53847380896515773
-4.33717053805388630      4.53847380896896802
16.46152619103495951      4.51366744274647314
-14.72947538346186569      4.53847380898086694
 2.59103269222346588     -11.46152619103281545
-4.33717053805141983     -15.46152619103389547
 9.51923592250050454      0.53847380896477626
12.98333753763784415     12.53847380896634611
-11.26537376832976989     -1.46152619103010140
14.71538834520726091     -8.46152619103505721
 4.32308349979243367     -16.46152619103414239
 7.78718511493004595     -2.46152619103240955
-0.87306892290705207     12.53847380898378283
-3.84887253165218768     14.52147009677839051
14.71538834520710282     -10.46152619103508208
 7.78718511492808840     11.53847380896941033
 9.51923592249999651     -11.46152619103522419
-1.86402917940464197     14.27571235623130441
11.25128673006939728      1.53847380896494568
 0.85898188465367298     -0.46152619103140435
 9.48226986004826955     14.53813215734005837
 0.85898188465329384      3.53847380896876995
-2.60511973048419909     -2.46152619103120207
-0.87306892291582772      4.53847380896887032
16.46152619103504122     -3.48633255725352287
14.71538834520691275      7.53847380896518082
 0.85898188465274306      7.53847380896902930
-14.18004883158320695     16.46152619103078152
 0.85898188465350067      1.53847380896868446
14.71538834520723604     -0.46152619103496001
 7.78718511492937004      7.53847380896782493
-6.06922134562325155      5.53847380896907193
11.23250781986736690     13.57031653229530122
-2.60511973048165801      9.53847380897556008
-0.87306892291384763     -15.46152619103377823
-9.53332296075853236     -8.46152619103311032
12.98333753763791876      8.53847380896510977
11.25128673006953761     -4.46152619103505366
-11.26537376832765069     -5.46152619103319470
-16.46152619103392567     -12.46152619103360237
12.98255689992885209     14.53847365661756363
11.25128673006950564     -6.46152619103505277
 6.01816824490949198     14.53813215734798092
-9.53332296075837959     -10.46152619103317782
-2.60511973048307466     -8.46152619103265735
 4.32308349979233952     -12.46152619103300729
14.71538834520672800     -14.46152619103509451
 9.51923592250021322      6.53847380896478025
12.98333753763816745     -9.46152619103515491
-0.87306892291506988     -3.46152619103141523
-9.53332296075408081      7.53847380898106945
 4.32308349979219653     -10.46152619103256143
-4.33717053805347952      0.53847380896895836
 2.59103269222278687      4.53847380896771480
11.25128673006920721      5.53847380896494546
 9.51923592250029671      4.53847380896477581
 2.59103269222294275      2.53847380896770991
16.46152619103502346     -7.48633255725353131
 2.59103269222338639     -7.46152619103234382
 0.85898188465493053     -16.46152619103405357
-0.87306892291410054     -11.46152619103289005
-11.26537376832784787     -3.46152619103317738
-11.26537376831128690     14.53847380900729291
-9.53332296075827657     -12.46152619103319026
-11.26537376832634507      4.53847380897606545
 4.32308349979188922      1.53847380896780028
-6.06922134562090942     -6.46152619103278969
 4.32308349979112982      9.53847380896797503
 9.51923592250036776     -7.46152619103522419
-4.33717053805431441      6.53847380896896802
16.46152619103486359     -9.48633255725354196
-9.53332296076125196      3.53847380896949915
12.98333753763832554     -7.46152619103515491
11.25128673006953584     -2.46152619103505410
 2.59103269222336108     -5.46152619103231807
-2.60511973048288237     -12.46152619103312276
-0.87306892291611893      6.53847380896897867
-0.87306892291657090      8.53847380896898756
 2.59103269222259502      6.53847380896771480
12.98333753763783882     10.53847380896514352
-7.80127215319221712      4.53847380896922559
-7.80127215318461431      8.53847380898188213
10.03049918354907710     16.46152619103522596
