340    34.99235896510000288
12.49617948253704647     -16.49617948253644428
-6.49617948253924649     -4.34109986381840152
 7.50382051746082457      2.60465991829017529
 9.50382051746101375      6.07753980934944948
11.50382051746109013      2.60465991829081966
16.49617948253932198      0.86821997276351570
-13.50382051746201384     14.75973953700528618
-11.50382051746162482     -9.55041970040987920
 3.50382051746075840     -0.86821997276782203
 1.50382051746316647     16.49617948252842226
-5.50382051746094181      7.81397975488398000
13.50382051746319156     16.49617948253573729
12.49617948253863453     -9.55041970041403232
-5.50382051746075973     -2.60465991828950783
 3.50382051746249745     13.02329959146661409
-11.50382051746098000      0.86821997276725060
13.50382051746134948     -4.34109986382499535
 8.49617948253925626      0.86821997276124141
-14.49617948253924737      6.07753980935434601
-6.49617948253685995     16.49617948253589717
-7.50382051746249967     -13.02329959146850769
 3.50382051746075485     -4.34109986382559843
-11.50382051746190015     11.28685964594420632
 4.49617948253801814     14.75973953699734587
-6.49617948253826150     -11.28685964593608482
11.50382051746110079      6.07753980934939175
16.49617948253932198      4.34109986382239210
 6.49617948253821620     11.28685964593623403
-14.49617948253811939     -14.75973953700436070
-7.50382051746075796      4.34109986382558510
-14.49617948253929001     -0.86821997276255769
-11.50382051746201384     14.75973953700523822
-16.49617948253696298     16.49617948253646205
-2.49617948253807276     -14.75973953699759811
 5.50382051746158929      9.55041970040596055
-14.49617948253695232     16.49617948253628086
-16.49617948253867539      9.55041970041392396
-5.50382051746249967     -13.02329959146685745
 6.49617948253687860     -16.49617948253545663
-12.49617948253693278     16.49617948253616362
-4.49617948253685817     16.49617948253518662
 3.50382051746174072     -11.28685964594242463
 5.50382051746075529     -4.34109986382596169
-15.50382051746194101     11.28685964594435021
-0.49617948253924488     -4.34109986382212742
-4.49617948253924471     -0.86821997276078888
12.49617948253926691     -2.60465991829637744
-2.49617948253761757     13.02329959147211547
 0.49617948253685296     -16.49617948253117561
15.50382051746197298     -11.28685964594443014
 9.50382051746132284     -7.81397975488314334
-10.49617948253765753     13.02329959147394334
13.50382051746127132     -0.86821997276652485
-12.49617948253926691      2.60465991829635302
 2.49617948253762201     -13.02329959147244764
-1.50382051746198719     14.75973953700263408
-8.49617948253809097     -14.75973953699964270
-8.49617948253690436     16.49617948253582611
-1.50382051746135814     -9.55041970040666754
 9.50382051746197121     -14.75973953700493801
 4.49617948253864075     -9.55041970041263433
 0.49617948253924077      0.86821997276453200
 7.50382051746197032     -14.75973953700457919
-3.50382051746076506     -6.07753980934746263
-13.50382051746114520     -2.60465991829168564
 2.49617948253801503     14.75973953699720198
 2.49617948253922295      7.81397975487698293
 9.50382051746096934     -4.34109986382469870
-2.49617948253685462     16.49617948253459332
15.50382051746319156     16.49617948253653665
-11.50382051746101020     -2.60465991829090138
15.50382051746135303     -4.34109986382459923
 0.49617948253762217     -13.02329959146932126
-1.50382051746314893     -16.49617948252869226
-5.50382051746162482     -9.55041970040586286
-13.50382051746256451     -13.02329959147232685
-1.50382051746075796      4.34109986382481150
 4.49617948253923672     -6.07753980935449079
 4.49617948253762201     -13.02329959147304805
 6.49617948253922251      7.81397975487635588
 1.50382051746193635     -14.75973953700301955
 5.50382051746090006     -7.81397975488392671
15.50382051746131751     -0.86821997276580509
 2.49617948253923672     -6.07753980935414084
 1.50382051746076706      6.07753980934807991
-4.49617948253865407      9.55041970041291322
-15.50382051746166390     -9.55041970041203392
-8.49617948253923672      6.07753980935448279
-3.50382051746077883      7.81397975488367980
10.49617948253821709     11.28685964593958602
16.49617948253822419     11.28685964594252056
-15.50382051746126955     -2.60465991829258492
-1.50382051746077883      7.81397975488261309
 6.49617948253863986     -9.55041970041325960
14.49617948253929001     -6.07753980935428295
-15.50382051746136014      4.34109986382484969
 5.50382051746076684      6.07753980934744931
12.49617948253926691      0.86821997276173746
-6.49617948253924293      2.60465991829716792
15.50382051746165324      9.55041970041212807
-10.49617948253922073     -7.81397975487899732
 1.50382051746077861     -7.81397975488304208
 0.49617948253821492     11.28685964593914370
15.50382051746255918     13.02329959147352589
 3.50382051746076684      6.07753980934774862
10.49617948253926514     -2.60465991829565846
 3.50382051746150314      9.55041970040598009
-16.49617948253818867     -14.75973953700445662
-1.50382051746181067     11.28685964594169278
-9.50382051746086631     -2.60465991829121624
-9.50382051746107592     -6.07753980934944948
-14.49617948253780852     13.02329959147477645
-15.50382051746318801     -16.49617948253668587
-0.49617948253922151     -7.81397975487991658
-0.49617948253924260     -0.86821997276435448
-9.50382051746188417     11.28685964594318847
 8.49617948253821709     11.28685964593765156
-10.49617948253826327     -11.28685964593956115
 6.49617948253762734     -13.02329959147383143
-12.49617948253922073     -7.81397975487923713
14.49617948253806787     14.75973953700411023
11.50382051746111145     -4.34109986382554069
 9.50382051746250234     13.02329959147080096
 0.49617948253864208     -9.55041970040915622
 8.49617948253802346     14.75973953699977947
10.49617948253803767     14.75973953700255059
-7.50382051746200673     14.75973953700473373
11.50382051746136547     -7.81397975488413810
13.50382051746144718     -7.81397975488396135
 2.49617948253924071      0.86821997276140961
 9.50382051746161771      9.55041970040901411
-5.50382051746075973      0.86821997276827489
 4.49617948253924116      0.86821997276106888
 7.50382051746075529     -4.34109986382545099
 5.50382051746316936     16.49617948252969768
 6.49617948253924471      4.34109986381853119
16.49617948253932198     -2.60465991829515531
-10.49617948253865407      9.55041970041286881
-2.49617948253865407      9.55041970041184918
-15.50382051746266932     -13.02329959147351701
 7.50382051746161771      9.55041970040728394
-12.49617948253777477     13.02329959147468585
 7.50382051746317380     16.49617948253150601
-10.49617948253923672      6.07753980935377136
-6.49617948253865407      9.55041970041336086
-11.50382051746251477     -13.02329959147256666
 3.50382051746076018      2.60465991828996080
 2.49617948253864164     -9.55041970041228261
-12.49617948253926691     -0.86821997276183782
 5.50382051746249878     13.02329959146705640
-5.50382051746076506     -6.07753980934730986
-1.50382051746076506     -6.07753980934852134
13.50382051746114342      2.60465991829202270
-12.49617948253926691     -4.34109986382006952
-3.50382051746249745     -13.02329959146632099
-2.49617948253825883     -11.28685964593646140
15.50382051746117007      2.60465991829285670
-12.49617948253865407      9.55041970041388666
 1.50382051746174072     -11.28685964594207292
-5.50382051746199608     14.75973953700460761
-14.49617948253929001      2.60465991829589294
-14.49617948253865407      9.55041970041389376
-13.50382051746138323      7.81397975488397378
16.49617948253863275     -9.55041970041378363
-12.49617948253924737      6.07753980935448368
-16.49617948253932198      2.60465991829537913
-16.49617948253932198     -0.86821997276317975
14.49617948253821886     11.28685964594147961
-10.49617948253809807     -14.75973953700239427
-6.49617948253923405      6.07753980935497040
-8.49617948253762734     13.02329959147414584
 7.50382051746121981     -7.81397975488351193
 1.50382051746242462     13.02329959146646132
10.49617948253863631     -9.55041970041293453
-9.50382051746162482     -9.55041970040915267
-12.49617948253832012     -11.28685964594072288
 7.50382051746184153     -11.28685964594344604
16.49617948253810695     14.75973953700442998
12.49617948253803767     14.75973953700417773
-10.49617948253692035     16.49617948253586519
-0.49617948253825911     -11.28685964593894653
 0.49617948253924238      4.34109986382230595
 5.50382051746076151     -0.86821997276815399
-0.49617948253684124     16.49617948253207089
 1.50382051746134571      9.55041970040621635
 4.49617948253922251      7.81397975487665164
 4.49617948253924027     -2.60465991829671006
13.50382051746194279     -11.28685964594439461
-4.49617948253761757     13.02329959147339444
-3.50382051746075796      4.34109986382587731
-13.50382051746128553      0.86821997276667551
11.50382051746252365     13.02329959147226113
 4.49617948253821620     11.28685964593593205
 8.49617948253924560     -2.60465991829655819
 9.50382051746318091     16.49617948253502320
-2.49617948253922117     -7.81397975487742524
-9.50382051746316492     -16.49617948253419186
13.50382051746254319     13.02329959147303029
-1.50382051746075973     -2.60465991829074239
11.50382051746197121     -14.75973953700531638
-9.50382051746081125      0.86821997276667573
12.49617948253821886     11.28685964594019886
15.50382051746124823      6.07753980935199145
-14.49617948253926691     -4.34109986382113089
 1.50382051746075796     -0.86821997276747842
12.49617948253926869      4.34109986381992297
13.50382051746116119      6.07753980935089277
 5.50382051746076062      2.60465991828963528
-2.49617948253924338     -0.86821997276185348
-14.49617948253923672     -7.81397975488052055
-0.49617948253924132      2.60465991829341936
 4.49617948253924471      4.34109986381885449
 1.50382051746075973      2.60465991829029875
 2.49617948253685640     -16.49617948253458266
-16.49617948253932198     -4.34109986382205548
-13.50382051746162482     -9.55041970041071409
16.49617948253705890     -16.49617948253640165
-9.50382051746201384     14.75973953700482255
 6.49617948253923938     -6.07753980935485316
-10.49617948253926514     -4.34109986382017699
 5.50382051746183976     -11.28685964594326130
-11.50382051746135481      7.81397975488402974
14.49617948253924382      7.81397975488058449
-10.49617948253926514      2.60465991829560606
-8.49617948253922073     -7.81397975487719965
11.50382051746164969      9.55041970040932853
12.49617948253926691     -6.07753980935464888
-3.50382051746075973     -2.60465991828967791
-12.49617948253809807     -14.75973953700426300
-0.49617948253807292     -14.75973953699980079
-0.49617948253865418      9.55041970040933386
-6.49617948253924471     -0.86821997276061647
 9.50382051746087875      2.60465991829120114
-3.50382051746075973      0.86821997276809815
10.49617948253926514      0.86821997276222007
14.49617948253926691      0.86821997276274487
 8.49617948253863808     -9.55041970041312638
-6.49617948253762378     13.02329959147392557
14.49617948253929001     -2.60465991829573928
-6.49617948253922073     -7.81397975487622620
14.49617948253863275     -9.55041970041382804
-16.49617948253805011     13.02329959147492566
 7.50382051746076151     -0.86821997276765628
-7.50382051746188150     11.28685964594358460
 2.49617948253821531     11.28685964593603330
13.50382051746197121     -14.75973953700542474
 0.49617948253923688     -6.07753980935101623
 1.50382051746075485     -4.34109986382525292
14.49617948253705180     -16.49617948253625599
13.50382051746164969      9.55041970041083488
 7.50382051746249878     13.02329959146864091
-2.49617948253923316      6.07753980935370652
-15.50382051746146672      7.81397975488403862
-3.50382051746198719     14.75973953700393260
-7.50382051746124468      7.81397975488367180
-9.50382051746250056     -13.02329959147083116
-16.49617948253844801     -11.28685964594244240
16.49617948253924382      7.81397975488170182
 8.49617948253924560     -6.07753980935434868
 0.49617948253924021     -2.60465991829324128
-13.50382051746121093      4.34109986382507174
 0.49617948253922251      7.81397975488010044
14.49617948253786182     -13.02329959147482086
-15.50382051746205647     14.75973953700545849
-7.50382051746316403     -16.49617948253120758
 6.49617948253802346     14.75973953699827312
11.50382051746192147     -11.28685964594425606
-0.49617948253759775     13.02329959146960192
11.50382051746318979     16.49617948253579769
 8.49617948253768418     -13.02329959147396465
 8.49617948253688127     -16.49617948253595046
-8.49617948253865407      9.55041970041330934
-7.50382051746162482     -9.55041970040715604
 5.50382051746197032     -14.75973953700438024
-3.50382051746153245     -9.55041970040571897
 2.49617948253924293      4.34109986381918755
 9.50382051746191792     -11.28685964594320623
-3.50382051746186862     11.28685964594279056
-8.49617948253924560     -0.86821997276110308
 6.49617948253924116      0.86821997276074137
-2.49617948253924471     -4.34109986381963076
-4.49617948253924560     -4.34109986381856761
 0.49617948253801503     14.75973953700019869
-7.50382051746091694     -6.07753980934790849
12.49617948253769839     -13.02329959147476046
-0.49617948253923316      6.07753980935119742
-9.50382051746129086      7.81397975488307228
-1.50382051746075973      0.86821997276703566
15.50382051746199785     -14.75973953700543362
 2.49617948253924027     -2.60465991829636589
-6.49617948253807764     -14.75973953699774555
-14.49617948253837518     -11.28685964594131441
-7.50382051746075973     -2.60465991828999366
-16.49617948253928645      6.07753980935418969
12.49617948253924382      7.81397975487906304
-11.50382051746111500     -6.07753980934959337
-9.50382051746100487      4.34109986382464719
10.49617948253923494      7.81397975487890584
 3.50382051746194767     -14.75973953700354357
-15.50382051746130152      0.86821997276604357
-7.50382051746075973      0.86821997276779017
-10.49617948253926514     -0.86821997276225460
-11.50382051746103151      4.34109986382541368
16.49617948253786892     -13.02329959147495586
 7.50382051746085033      6.07753980934808435
 4.49617948253686528     -16.49617948253513333
11.50382051746101730     -0.86821997276731855
-8.49617948253826150     -11.28685964593746505
-13.50382051746113987     -6.07753980935051619
10.49617948253688660     -16.49617948253589361
-13.50382051746316492     -16.49617948253592559
-4.49617948253922073     -7.81397975487637453
 3.50382051746077883     -7.81397975488339291
-16.49617948253924027     -7.81397975488161389
-4.49617948253807764     -14.75973953699711139
10.49617948253925803      4.34109986382021606
 3.50382051746316714     16.49617948252884503
-13.50382051746194101     11.28685964594427737
-1.50382051746245038     -13.02329959146697824
16.49617948253932198     -6.07753980935407156
 9.50382051746082368     -0.86821997276672092
-5.50382051746075796      4.34109986382606561
-8.49617948253924560      2.60465991829669097
10.49617948253925626     -6.07753980935384774
14.49617948253928468      4.34109986382125612
-3.50382051746315515     -16.49617948252840449
 8.49617948253922251      7.81397975487729823
-8.49617948253925626     -4.34109986381888824
-15.50382051746116119     -6.07753980935179960
 6.49617948253924560     -2.60465991829705956
-2.49617948253924160      2.60465991829592314
-11.50382051746316492     -16.49617948253584387
-4.49617948253825883     -11.28685964593561053
10.49617948253768773     -13.02329959147382255
-5.50382051746188061     11.28685964594341584
-5.50382051746315781     -16.49617948252906885
-4.49617948253923405      6.07753980935477411
 8.49617948253924737      4.34109986381912272
-4.49617948253924293      2.60465991829698851
15.50382051746175094     -7.81397975488389207
