342    35.34999259939999661
-14.93090324978928507     -9.32500370032780168
13.21221583208074080     -11.28498224487115387
16.67499629967828056     10.78789348038468709
 4.46627306868264640     -4.28682833545622799
-11.46680163464781899     -3.32500370032400783
15.67290027071256020     -14.94294549211724821
 9.31780805617203001     14.67499629967029051
-2.80654759679496113      3.67499629965164232
 0.65755401833817961     11.67499629965175956
-11.46680163465345359     -1.32500370032400761
13.16857425197861176      0.71272962512472371
-16.67499629967728936      1.69615032948678079
-5.32696031577481399     -16.67499629967434416
-1.03676392246320392     -5.25659682298036479
-2.80654759665743425     -8.32500370035432091
-2.80654759677722243     -2.32500370034885728
-1.03676392246299387     -7.25659682298037900
 2.42733769267656863     -3.25659682298374031
-14.93090324978774674     -5.32500370032739756
11.43884160649018256     -10.36024235927177628
 0.65755401834418159      5.67499629964929220
-9.73475082707571815     -2.32500370032867076
 4.12165563348325659      7.67499629964710017
16.67499629967370467     -11.21210651961534310
 0.64708615115753898     -12.63608710362556131
-1.03676392246376903     -3.25659682298035857
 4.50832021410505135      1.71272962508455429
14.53589060947348166     13.71398075945941031
 2.77626940653477705     -1.28727037491475160
-9.73475082706757711     15.67499629967270458
 4.12165563349053699      5.67499629964697849
-1.31260400993326631     -13.20260606749249988
12.78190967130527689     16.67499629967815622
-2.80654759679637955     13.67499629966129859
-9.73475082706599615     -6.32500370032870762
-13.19885244221711851     11.67499629967885788
14.92255519016351073     -4.24828591508868492
-8.00270001951569832      2.67499629966816865
-16.67499629967069552     -8.30384967051328893
 7.97242182924474729      1.71272962508248572
 0.85368048954419740     -10.25031482364477498
-16.67499629967721475     -14.52184583659123795
 9.31780805616732799     16.67499629967815267
16.67499629967241859     -3.21210651961532356
-2.68417755665738866     -10.39062870829854646
-4.31128130075111482     -14.86193076422688364
13.16857425196850606      6.71272962512493265
-9.73475082708042017      9.67499629967224450
 7.58575724862884648      7.67499629964606456
 7.58575724860282818     15.67499629967057118
16.28833171897912990     12.75016015493041976
12.78190967130508326     14.67499629967814911
-6.31000863058603301     -14.93326841887698642
 0.69528688539608785     -8.25659682298245201
-4.53859840434520745     -7.32500370034906378
11.43652344437898449      7.71272962508971727
-1.07449678922882730     12.67499629965532115
11.38628874512118649     -8.30087738873097791
12.78190967132183964     10.67499629967591090
 2.44782368994204225     -7.22024341157356453
-14.93090324978474293     16.67499629967649355
-6.27064921192946656     15.67499629966983399
 2.77626940653562393      0.71272962508525317
 6.19832387625219461     -5.28682833545576703
-8.00270001951114907      0.67499629966816865
-8.00270001949470711     -7.32500370033183934
-6.25403443359118860     -10.35432302956258965
-11.46680163465796021      2.67499629967599173
-8.00270001951578891      6.67499629966820329
13.16857425197621723      4.71272962512483939
16.67499629967511865      6.78789348038468265
-6.27064921191564295     -2.32500370035011672
 9.68050180997587084     -14.76873764586845716
 7.97242182924462917     -0.28727037491779878
16.67499629966998853     -9.21210651961532889
 6.67290027069897818     -16.67499629967464259
-8.31000863058603301     -14.93326841887619061
14.53589060948291412     11.71398075945941031
-1.07449678923060010      6.67499629965156505
-11.46680163464969837     10.67499629967613117
-11.46680163465802593      0.67499629967599206
-16.67499629967714725     -2.30384967051324718
 4.46534999079884809     -8.28522781079143300
-16.67499629967105435     15.69615032948704503
14.53589060947367706     15.71398075945941741
-4.53859840436592865     12.67499629966239638
 7.58575724862097811      9.67499629964721386
-6.27064921191488978     -4.32500370035024151
16.28987154764207190     16.67499629967829122
11.04985886374082327     13.67499629967014485
-6.27064921193743974      3.67499629965192476
14.92255519016486787      1.75171408491131420
 2.38960482590651813     14.67499629965954888
-0.87837031802586685     -11.25031482364272684
-0.68783220860533500      0.71272962508834270
-16.67499629967705843      5.69615032948683009
-11.32686506443095631     -16.65547717309386400
-13.19885244222052378      9.67499629967671737
-11.46680163464185398     -9.32500370032400738
 9.65423793754897552     -9.30087738872527403
-13.23061866509628892     -12.32475141118417739
-16.67499629967070973     13.69615032948687272
14.92255519016410048     -2.24828591508868536
-9.73475082706954709     13.67499629967268859
-1.32709972930102138     -16.67499629967270636
 9.70447263681261241      6.71272962508492288
 2.38960482592047807      4.67499629964895647
-13.19885244221587683     -8.32500370032561143
-2.80654759678778953      1.67499629965124153
-0.31260400994016840     -14.93465687506553152
-9.73475082708188033     -0.32500370032864867
13.16857425197296472     -7.28727037487560114
-1.07449678922793801     14.67499629966209618
-14.93090324979221606      8.67499629967628572
-9.73475082708295858      7.67499629967210417
-16.67499629967176489     -6.30384967051328804
12.67290027070255043     -13.21089468453588900
-11.46680163464418634     12.67499629967615071
 0.69528688510632397     -2.25659682298241426
 5.85370644103763471     14.67499629966419050
-1.03676392246514659     -1.25659682298035613
 6.11846550292645208     -11.28523335952561091
-14.93090324978966699     12.67499629967636743
-4.53859840436977180      6.67499629965415142
-1.07449678923155090     10.67499629965323749
 7.97242182924432363      5.71272962508339699
-6.27064921193998703      5.67499629965640651
16.67499629967709751      8.78789348038468532
 4.67290027069897818     -16.67499629967307584
 0.65755401833929350      7.67499629964980468
 9.70447263681338157      4.71272962508344317
-13.19885244222682275      5.67499629967642250
 7.93037468376631427     -8.28682833554396936
 2.68968693420988947     -9.20556509106856424
 7.97242182924272935     -4.28727037491848151
-13.19885244221786103     -10.32500370032561321
 9.31780805619710151      8.67499629964715169
-6.27064921193171809     13.67499629966828145
 5.85370644104669235     10.67499629964849106
 3.68739599005985541     -14.93465687506582462
 2.70641071311540493     -5.23703067678025036
11.04985886374751303     11.67499629966694386
13.16857425199508747      8.71272962512499483
 4.50832021410438699     -0.28727037491545071
13.12637695210649014     -9.28682517229528770
-8.00270001951570187      4.67499629966818997
11.43372843528270799     -6.29211074607397336
-4.53859840434726891     -1.32500370034902315
 0.65755401833932192     13.67499629965660191
 7.93037468382044963     -6.28682833545942010
-11.46680163463950031     14.67499629967624131
 0.67290027069897840     -16.67499629967268504
 4.12165563347055830     15.67499629966801677
14.92255519016332421     -6.24828591508868492
 6.24037102167406221     -1.28727037491499230
-1.03676392217399682     -9.25659682298039321
 9.66242549134566531     -7.28682833553520126
-11.46680163465814140      4.67499629967603703
-14.93090324979580608      6.67499629967628572
-13.19885244221365284     13.67499629967958974
14.92255519016388909     -0.24828591508868564
-1.07449678923134084      8.67499629965307939
 5.85370644104482984     12.67499629965195318
-8.00270001949445309     -5.32500370033183934
11.04985886373629356     15.67499629967830010
 5.68739599005986385     -14.93465687506746775
12.67290027069900482     -16.67499629967673869
-14.93090324979590910      2.67499629967595620
16.67499629967823793     14.71242682947620217
14.92255519015682097      5.75171408491131331
-2.80654759677646393     -4.32500370034889148
14.92255519016623744     -10.24828591508880926
 5.85370644103561144     16.67499629967472075
14.92255519016799248      7.75171408491131331
11.67290027070342440     -14.94294549210528622
 2.38960482591286016      6.67499629964967056
 4.66715271548997812     -12.91790762480131427
-2.80654759677629784     -6.32500370034898296
-14.93090324979567285      4.67499629967625818
 2.38960482590659762     12.67499629965255536
 7.89408106953445010     -10.36459139009983410
14.92255519016175391      3.75171408491131375
-3.32703002253792457     -16.65829832993524917
-14.93090324978720673     -7.32500370032743309
-13.00543728871642202     -14.69123939416552282
13.16857425197792608     -1.28727037487532647
-2.80654759679875365     11.67499629965713126
 7.68739599005994911     -14.93465687506599338
 6.24037102167437574      4.71272962508522664
11.43652344438396007     -0.28727037491713736
 9.70447263681473515      0.71272962508254567
-11.46680163464083968     -5.32500370032400738
 1.04421859896557168      1.71272962508634663
 2.77626940653605203      2.71272962508556059
-8.00270001949548337     -9.32500370033183934
-2.80654759679360266     15.67499629966786223
-4.53859840434599526     -3.32500370034904069
-1.07449678922598579      4.67499629965147356
-2.80654759680076094      7.67499629965395425
16.67499629966902930      2.78789348038467999
 9.31780805618930863     10.67499629964818375
-16.67499629967804253     -10.30384967051328893
 5.85370644105181182      8.67499629964769525
-8.00270001950467247     -1.32500370033183135
-5.31128130075489135     -13.12987995665991647
16.67499629967828767     -13.21210651961539817
 2.61163538862468059     -11.20404149979414932
-4.53859840432366912     -9.32500370034906467
 7.58575724860666778     13.67499629966419938
13.67290027071248382     -14.94294549209910627
-13.19885244221695864     -4.32500370032560433
-14.93090324979498895      0.67499629967436803
 5.85370644105906646      6.67499629964759578
-11.46680163464023039     -11.32500370032400738
-4.45345106961020676     -11.32319036114710187
 8.67290027069897818     -16.67499629967321084
-16.67499629967427310      7.69615032948685318
-6.27064921194039915      7.67499629965693053
-4.53859840435671913      0.67499629965107810
-11.46680163465413393      6.67499629967608143
10.67290027069899061     -16.67499629967488062
 9.70447263677114513     -5.28727037499252628
-7.31000863059001738     -13.20121761130499749
 1.68739599005983187     -14.93465687506233941
-16.67499629967280583     -4.30384967051325340
-15.01062757496043787     -11.41284775355126158
 6.19832387614069447     -9.28682833545576791
 7.97242182924345499     -2.28727037491805474
12.78190967131347833     12.67499629967640473
 4.38729844521273726     -10.28370421951676761
-14.93090324978956573     -3.32500370032738246
-3.31678171245124220     -12.98108877789146476
-13.19885244222696663      3.67499629967594466
 7.97242182924453147      3.71272962508339122
-11.46680163463730118     16.67499629967636920
-8.00270001949907339     14.67499629967101704
-16.67161600196346427     -16.67051100891785254
-11.46680163463983781     -7.32500370032400738
-11.46680163465157065      8.67499629967610986
-8.00270001950068455     -11.32500370033186066
-13.19885244222154164     -2.32500370032560300
-2.80654759680120369      9.67499629965458041
 8.68050180984840836     -13.03668683837307007
-13.19885244222600384     -0.32500370032560116
-13.19885244222290410      7.67499629967644115
 9.67379609909717963     -11.30078175601808965
-9.32696031577481399     -16.67499629967815977
-9.73475082706595352     -8.32500370032870762
 6.68739598991981499     -13.20260606741772058
 9.31780805617564134     12.67499629966374464
-13.32676981308710573     -16.67499629967739594
16.67438529020290616     -16.67486231539080421
-14.89498738981251336     -13.43374949422422127
-6.27064921191481872     -6.32500370035027171
11.43652344438445212      5.71272962508686266
-4.53859840436205797     14.67499629966707531
-16.67499629967117158      9.69615032948686739
 4.50832021410559491      3.71272962508466353
14.92255519017004417      9.75171408491131331
-10.31000863058603301     -14.93326841888081091
 2.38960482590783041     10.67499629965063335
-9.73475082708667827      5.67499629967161212
11.43652344438374691      1.71272962508547044
11.43652344438434376      3.71272962508561033
 0.65755401835156413      3.67499629964897112
-2.80654759680055532      5.67499629965343200
 4.40924125732633954     -6.28601501320631417
 4.12165563347361008     13.67499629965578478
-4.53859840436095041     16.67499629967083763
-16.67499629967684882     -12.52184583659123795
 1.04421859896610147     -0.28727037491371160
-9.73475082708643313      1.67499629967138364
-8.00270001950195997     12.67499629967035268
-9.73475082706610806     -4.32500370032868631
 6.24037102167277080     -3.28727037491499230
-4.53859840434531669     -5.32500370034904869
-13.19885244222694354      1.67499629967594310
-14.89498738981312265     -15.43374949422426212
-14.93090324978821215     14.67499629967639052
 2.38960482590817502      8.67499629964980201
 2.67290027069897818     -16.67499629966948405
-6.27064921191412772     -8.32500370035199921
-8.00270001949765053     16.67499629967107921
-16.67499629967694119      3.69615032948680433
14.78076658034426494     -12.55849560591111214
13.16857425197932763      2.71272962512482385
 2.68739599006276375     -13.20260606749514309
-13.19885244221103271     15.67499629967968033
16.67499629967057118     -5.21210651961532534
-8.00270001951241738      8.67499629966928687
 6.24037102167469993      2.71272962508503168
-14.93090324978982686     10.67499629967634256
-11.49856785752640143     -13.32475141118244188
14.92255519016226728     -8.24828591508868492
16.67499629967215924      0.78789348038467988
-16.67499629967730002     -0.30384967051322592
 0.69528688510687997     -4.25659682298241826
 7.58575724861517298     11.67499629964917851
-4.53859840437077899      8.67499629965579011
 0.69528688510760328     -6.25659682298243247
 9.70447263681448113     -1.28727037491759733
13.16857425197743403     -5.28727037487559759
-1.07449678922647118     16.67499629967089447
-6.27064921192496882     -0.32500370035011289
-4.53859840436362738      2.67499629965127550
-7.32696031577481399     -16.67499629967357677
-13.19885244221025644     -6.32500370032560433
11.43652344438324953     -2.28727037491781227
-4.53859840436869089     10.67499629965895203
 6.19832387624831416     -7.28682833545576791
-6.27064921193906510      9.67499629966154195
11.04985886376321425      9.67499629965216279
-14.93090324979389827     -1.32500370032734338
 4.50832021410362316     -2.28727037491545682
-9.73475082706796258     -10.32500370032872183
14.67290027069902614     -16.67499629967834807
-1.07449678921866165      2.67499629965114361
-2.31260400994016857     -14.93465687505797490
 4.12165563347840447      9.67499629964746788
 0.65755401833918148     15.67499629966524921
-8.00270001950780063     10.67499629966941832
16.67499629967157304     -1.21210651961532290
-16.67499629967112540     11.69615032948687272
11.43652344434788404     -4.28727037497761465
 6.24037102167420077      0.71272962508502546
 2.38960482590411250     16.67499629967245767
-8.00270001949532173     -3.32500370033183179
 9.70447263681213101     -3.28727037491930441
13.16857425198009501     -3.28727037487553897
10.68104215799784384     -13.03056219297265805
-2.80654759677840415     -0.32500370034882925
-9.38730340040725686     -13.15879587226152836
-9.73475082708646866      3.67499629967146291
-9.73475082707493655     11.67499629967260866
-6.27064921193617852     11.67499629966470387
 9.70447263681330341      2.71272962508315629
 0.65755401833852012      9.67499629965138297
16.67499629966384589      4.78789348038468265
 4.12165563347785202     11.67499629964865449
16.67499629967055697     -7.21210651961532534
-4.53859840436830009      4.67499629965147001
-6.27064921193176961      1.67499629965000207
