344    35.49495426711675350
15.74747713355738732     -9.23328497997747810
 0.83524885697328222     -11.55132471084843004
 7.83524885697341134     -9.81927390327962790
 0.83524885697226903      2.30508174970379232
 9.74747713355667678      4.62312148057359718
 2.83524885697229845      2.30508174970367685
 0.83524885697359841     -8.08722309571053444
-12.16409623916476335     -2.83989268289086016
-4.16475114302756655      4.03713255727319531
-9.05945093710429639      9.34080249037726595
-6.16475114305157224     -2.89107067298873099
 7.74747713355624690     15.01542632598739146
 7.74747713355651424      1.15901986543575530
-7.16475114302588789     -15.01542632598677329
10.83524885697339535     -11.55132471084855084
 5.74747713355677003      8.08722309571155940
-7.16475114302680804     -11.55132471084817958
14.74747713355737666     -10.96533578754640814
-4.16475114302867322     -2.89107067300216602
 5.83524885697333762     -13.28337551841735475
13.74747713355738732     -9.23328497997752251
 6.83524885697223628     -1.15901986543424007
 2.74747713355634282     13.28337551841816300
14.74747713355648493     13.28337551841823938
-3.16475114302676852     -11.55132471084837675
 6.74747713355640322     13.28337551841842057
 4.83524885697214302     -1.15901986543416702
 9.83524885697359608     -6.35517228814176693
15.74747713355740864     -12.69738659511527956
-3.09960848042314030      9.73957253061394113
-11.25252286646873578     16.74747713355070289
-3.16475114302777172      2.30508174970419910
-14.63195068037255631     -6.53339824491236332
 8.74747713355657552      2.89107067300465292
11.74747713355655065      1.15901986543576863
 3.74747713355653822     11.55132471084938217
 3.83524885697338203     -9.81927390327957106
-9.16475114302681249     -11.55132471084800017
-15.01530213932073288     -10.79273322378909583
-16.74747713355263912     -1.34904415905785791
-10.05945093710413296      7.60875168280829328
-5.25252286644373712     13.28337551841824116
-11.16475114825563608     -11.55132470782891652
-14.80838533861377648     -13.03423825362865784
-11.16409623916411142     -1.10784187532231804
14.74747713355679224      6.35517228814251656
 1.83524885697356410     -6.35517228814163726
-12.17943276569666011      4.21970337851715094
 5.74747713355622203     15.01542632598732041
-12.16409623913425087     -6.30399429804662148
-7.16409623913557514      2.35625973979853320
-10.25252286645262423     15.01542632599051608
12.74747713355659151      2.89107067300467069
-13.20315180157945889     12.90174759730611775
 4.83524885697335982     -11.55132471084846379
 1.74747713355609191     15.01542632598689586
14.74747713355678513      9.81927390328031180
11.83524885697341489     -13.28337551841742759
15.74747713355633394     15.01542632598721383
-7.16475114302639948     -8.08722309571023246
-6.16475114302686134     -13.28337551841713626
 8.74747713355640322     13.28337551841841346
-0.25252286644392485     15.01542632598765259
-2.16475114302679428     -13.28337551841727482
12.74747713355678513      6.35517228814254231
 2.83524885697415963     -15.01542632598670224
-11.05033002935062392      9.53159148391842592
-14.16475114302553706     -16.74747713355822043
-8.16475114302669880     -9.81927390327918737
16.74747713355651868     16.74747713355598933
-2.16475114302839078     -2.89107067300246978
14.74747713355717238     -0.57303094213275674
-11.05945093710394467      5.87670087508240524
-2.16475114302668059     -9.81927390327947691
 3.74747713355676382      8.08722309571153986
 3.74747713355618517     15.01542632598716054
11.74747713355755785     -5.76918336483965621
13.74747713355755785     -5.76918336483962602
-12.19710564325940538     -9.80056389687706897
-8.16475114302553173     -16.74747713355586143
10.74747713355641210     13.28337551841828024
-16.74747713355837675     -13.79273321694992838
 5.83524885697359608     -6.35517228814169499
-14.98457367404313345     15.74747713355764134
 2.74747713355589251     16.74747713355589340
14.74747713355624690     16.74747713355614920
-6.09960848042350889     11.47162333818262248
-10.16409624118807997      4.08831054618286327
-2.16475114302752702      7.50123417241092927
11.83524885697451623     -16.74747713355590406
-0.16475114302645222     -6.35517228814157242
16.74747713355757028     -4.03713255727046860
 5.74747713355654621     11.55132471084944612
 1.74747713355651002     11.55132471084916901
-15.01542632598729554     13.74771511924913980
11.74747713355626999     15.01542632598724225
 6.74747713355613676     16.74747713355626999
16.74747713355728607     -0.57303094213268702
-11.23833999772644354     13.27526409686120523
-6.09960848042298842      8.00752172304471799
11.74747713355717238     -2.30508174970165935
 4.83524885697359785     -8.08722309571057707
-16.74747713355655776     14.74771511924863354
11.74747713355671586      4.62312148057361938
 7.74747713355666612      4.62312148057359451
 0.83524885697415330     -15.01542632598669691
16.74747713355719725      2.89107067300498288
-4.16475114302807903      0.57303094213547934
-9.24508908687973197     13.11109708918675665
-3.16475114302635774     -4.62312148057252070
 6.83524885697359785     -8.08722309571064280
-6.16475114302651850     -6.35517228814127044
-10.16475114302669880     -9.81927390327894933
10.74747713355651690     -0.57303094213316041
-12.16475115238055693     -13.28337551301626895
-11.16475114302590299     -15.01542632598683191
-0.16475114302803723     10.96533578754899096
-6.16475114302826377      0.57303094213583794
 6.83524885697336071     -11.55132471084847623
-16.74747713355838030     -5.79273322466087315
10.74747713355678513      6.35517228814253876
-7.09960848042315540      9.73957253061352901
-15.02260609430560656      5.66269554582807633
-5.16475114302640037     -8.08722309571034081
 1.83524885697248319      7.50123417241049939
 5.83524885697338824     -9.81927390327957639
12.74747713355620427     16.74747713355620959
 1.83524885697329476     -13.28337551841730857
-10.16475114302652827     -6.35517228814080859
 4.83524885697362894     -4.62312148057279870
 0.83524885697233464      9.23328497997967368
-2.25252286644392630     15.01542632598745897
 2.74747713355670964      9.81927390328040595
-5.16475114302679472     -11.55132471084829682
13.74747713355671763      4.62312148057362382
 0.83524885697255624      5.76918336484158001
-16.74747713355751344     10.74771511924858203
-3.16475114302586080     -15.01542632598670046
-0.16475114302751842      7.50123417241071166
-4.16475114302552996     -16.74747713355589340
-5.16475114302588345     -15.01542632598671645
-10.16409623916448268     -2.83989268289140950
-16.74747713355744239      8.67502943242326374
-1.16475114302640126     -8.08722309571048115
-10.16475114302553173     -16.74747713355593604
 6.74747713355678247      6.35517228814253876
 9.83524885697450912     -16.74747713355587919
 6.83524885697362627     -4.62312148057283334
 9.83524885697337581     -13.28337551841741693
 3.83524885697243434      4.03713255727250964
 1.83524885697449136     -16.74747713355577972
-10.16409623915869709      0.62420893224343332
11.74747713355678158      8.08722309571142262
 3.83524885697203954     -2.89107067300298448
-0.16475114302551377     -16.74747713355584011
-6.25252286644451249     15.01542632598685678
-13.05444377735532946      6.01813484322905712
-13.16475114825581016     -11.55132470111781018
-2.16475114302756655      4.03713255727298392
-0.16475114302756619      4.03713255727276543
 4.83524885697416895     -15.01542632598672888
-8.16475114305677785     -2.89107067298549847
-12.47187310129571713     14.88415612435502666
11.74747713355656664     11.55132471084930401
15.74747713355726830     -2.30508174970158253
 1.83524885697217699      0.57303094213485761
-8.09960848042379666     11.47162333818205049
-16.74735294869621427     -11.79273322080539899
 2.83524885697255513      5.76918336484146010
-1.25252286644414990     16.74747713355646539
 7.74747713355655421     11.55132471084944790
12.74747713355677980      9.81927390328031002
-1.16475114302585214     -15.01542632598668980
-16.71662448161353609     16.74747713355673540
 8.74747713355651690     -0.57303094213319128
 0.83524885697363538     -4.62312148057271877
 4.74747713355670964      9.81927390328045924
 9.74747713355678158      8.08722309571141551
 5.74747713355666612      4.62312148057370997
 1.83524885697243456      4.03713255727263221
10.74747713355620427     16.74747713355636947
-13.16475114302590299     -15.01542632598676619
 7.83524885697335804     -13.28337551841738318
-11.16475114302639859     -8.08722309570976883
 8.74747713355673895      9.81927390328032246
-9.16409623915906479     -1.10784187532565959
-1.16475114302674920     -11.55132471084842294
-9.25252286644571420     16.74747713355559853
-9.16475114302634708     -4.62312148057200201
12.74747713355644052     13.28337551841826603
12.74747713355714396     -0.57303094213276617
-11.16409623913404658     -4.57194349047786108
-15.16475114302590121     -15.01542632598955507
-16.74747713355838030      4.65036165923380995
 4.83524885697230555      2.30508174970355784
-7.16475114302635063     -4.62312148057222050
 2.83524885697363205     -4.62312148057278094
-0.16475114302667349     -9.81927390327951777
-1.16475114302767579      9.23328497997989572
 1.83524885697337115     -9.81927390327954264
-1.25252286644372957     13.28337551841866038
 8.74747713355620249     16.74747713355639078
16.74747713355802148     -14.42943740268380814
12.74747713355755963     -7.50123417240854362
-2.09960848042348713     11.47162333818302926
-16.74747713355837320     -9.79273322466086960
-16.74747713355795753     -7.79273322466087137
 3.83524885697331364     -13.28337551841732989
-9.05945093710394644      5.87670087523949114
10.74747713355675849      9.81927390328031535
-10.16475114822317316     -13.28337551541675765
-12.05444377736620432      7.75018565080421240
-4.09960848042350001     11.47162333818283386
15.74747713355663237     11.55132471084929158
 3.83524885697219853      0.57303094213474237
-13.25252286646883704     16.74747713354850376
-8.25252286645223876     15.01542632598161653
14.74747713355757206     -4.03713255727065157
16.74747713355690948     13.28337551841801023
-0.16475114302819235     -2.89107067300270693
 6.74747713355656042      2.89107067300472931
 6.74747713355673717      9.81927390328045924
12.74747713355757206     -4.03713255727074127
13.83524885697458373     -16.74747713355638723
15.74747713355679402      8.08722309571142972
14.74747713355757206     -7.50123417240849477
 9.83524885697342199     -9.81927390327962968
16.74747713355758094     -7.50123417240848411
16.74747713355685619      9.81927390328031002
-14.54017681513506055     -2.58706230459209685
-3.16475114302640081     -8.08722309571043141
-1.16475114302744243      5.76918336484179051
-15.16409596098398893     -4.57088869185936630
16.04138465092473353     -16.74012798678403158
-7.16475114305135374     -1.15901986541971835
 0.74747713355586598     16.74747713355665724
14.83524885697423201     -15.01542632598699534
 7.74747713355677892      8.08722309571142084
-5.16475114302786853      2.30508174970448909
 5.83524885697213591     -2.89107067300305953
-6.16409623913527316      4.08831054736723587
 2.83524885697333762     -11.55132471084843893
 9.74747713355652579      1.15901986543572200
-7.25252286644375843     13.28337551841754482
-5.16475114302847960     -1.15901986543316671
-7.05945093710394822      5.87670087523904083
 9.74747713355656131     11.55132471084930224
-5.09960848042315451      9.73957253061375638
-13.16409623913410165     -8.03604510561559771
10.74747713355658796      2.89107067300466758
 7.83524885697359608     -6.35517228814175716
-3.16475114302744087      5.76918336484200012
-8.16475114302696348     -13.28337551841703679
-5.09960848042292536      6.27547091547587765
 6.83524885697416895     -15.01542632598673066
-16.73908897837632281     -16.50895671948136822
 8.74747713355678158      6.35517228814253610
-13.16045831156805868      2.47683537480953797
-16.74747713355838030     -3.34904415905785635
-4.16475114302650251     -6.35517228814140367
13.74747713355678158      8.08722309571142794
-14.78785631709201276      3.67505503270580514
 1.83524885697195339     -2.89107067300287035
-4.09960848042298842      8.00752172304493470
 8.83524885697359785     -8.08722309571064990
-13.16409623916411142     -1.10784187532099021
-1.16475114302776683      2.30508174970399082
-13.04978534387000089      9.48491766641635436
 7.83524885697221141     -2.89107067300313947
-1.16475114302808480     -1.15901986543375934
 2.83524885697209150     -1.15901986543407287
-4.16475114302668548     -9.81927390327944849
-16.71300576639971425      2.65065875008800189
10.83524885697417872     -15.01542632598674842
-15.01542632598927973     -8.79273322466121598
-4.16475114302681693     -13.28337551841724462
13.74747713355714218      1.15901986543611168
15.74747713355757206     -5.76918336483955230
12.83524885697339890     -11.55132471084850998
-16.74747713355528944      0.65095584094214076
-6.16475114302669702     -9.81927390327930816
-14.83833140642924242     11.73202417583059898
 8.83524885697339535     -11.55132471084852419
 5.83524885697225226      0.57303094213464778
 5.83524885697450824     -16.74747713355580814
13.83524885697345397     -13.28337551841738851
-1.16475114302636107     -4.62312148057264150
-3.16475114302826110     -1.15901986543351754
16.74747713355742817     -10.96533578754634597
-0.16475114302674043     -13.28337551841729969
-7.25252286644560584     16.74747713355512957
-9.16475114302639859     -8.08722309571004239
-5.25252286644437216     16.74747713355584722
 2.83524885697359785     -8.08722309571056464
-12.26834573932962869      0.68044194045567796
14.74747713355714218      2.89107067300499176
 9.74747713355625933     15.01542632598737725
-9.16409623913560800      2.35625973979897996
-10.09102308373937795     11.28650748877562648
-16.74747713355784029      6.67502943242326374
13.74747713355629664     15.01542632598724047
13.74747713355717416     -2.30508174970163449
-8.16475114302652649     -6.35517228814108748
10.83524885697359963     -8.08722309571064102
-2.16475114302648697     -6.35517228814148982
-8.05945093710413296      7.60875168280847625
-11.16409624121125965      2.35625973862726434
16.74747713355716172      6.35517228814274215
-0.16475114302788021      0.57303094213499994
15.74747713355716705      4.62312148057385475
-15.03692356499921878      9.71137227583599838
-16.74747713355588985     12.74771511924863177
10.74747713355757384     -4.03713255727076792
-4.25252286644392630     15.01542632598722804
-13.16409623913404303     -4.57194349047761239
 7.83524885697450824     -16.74747713355585788
-8.16409623913529359      4.08831054736767552
-2.16475114302794491      0.57303094213519967
12.83524885697422313     -15.01542632598679283
 8.83524885697362272     -4.62312148057287509
-2.16475114302552152     -16.74747713355584011
-14.51022531514867175      7.77735040368384567
 3.83524885697449713     -16.74747713355586498
-6.16475114302553084     -16.74747713355591117
 3.83524885697359119     -6.35517228814168345
 4.74747713355678247      6.35517228814267110
-14.98145072918055121      1.64980054180798930
 0.74747713355627032     13.28337551841791431
13.74747713355656664     11.55132471084931112
 8.83524885697417517     -15.01542632598675908
-5.16475114302635419     -4.62312148057242833
-15.01492131832388033     -0.34991936849506805
15.74747713355716172      1.15901986543612612
-12.09047839825874604     11.23983367127299893
 4.74747713355639789     13.28337551841834241
-12.16475114302553351     -16.74747713355607104
11.83524885697342910     -9.81927390327961547
 9.74747713355652401     -2.30508174970217361
-9.16475114302590299     -15.01542632598672533
-3.25252286644373267     13.28337551841845965
-3.25252286644415767     16.74747713355624157
 0.83524885697201856     -1.15901986543394542
 4.74747713355602485     16.74747713355617762
-8.16409623913597748      0.62420893222988816
