347    35.65329713050417126
-13.36254695000196691     -10.97084085225382921
-2.34089322235860786      0.92972202426497752
 8.16704446067518219     -10.82552367606072252
 4.70294284553501019     -12.82552367605897281
-9.27013324688865126      2.92791426172156832
 9.91183578311828306      4.19846197520412190
11.63114565611157580     -6.82551611985397866
 1.25158100666745153      3.19844224889118145
-11.63049195312930628     13.82665582152042560
-16.82664856524828778     -8.97084085225393402
-16.82664856524903030     10.82664856525208563
-2.97412290602259954     14.90530061941421636
-4.68032988620484325     11.86549581314117141
-9.89843932753557176     -10.97083044703193799
-2.34089037693158009     -1.07028290414308036
16.82664856524871055      6.22130429032480325
 6.44773949316730377      0.19845275172684987
-13.36254694983378677     -4.97084085225383809
 2.73779930156853712     14.94960624009252470
-2.41876529954861086     16.82664856524145591
-2.34089037693179414     -3.07028290414308014
 1.23884497555338768     -10.82551718927229878
 9.89844772575532339     -13.82664442430292695
10.90175812609473383     15.09222013137735630
16.82664856525107311     -15.82664856525255459
-9.15280619143573482     -16.82664856525021690
13.36254565039755349     10.22130429032119991
16.82664856525077468     -5.82439878686816925
 2.97089578312640112     -7.82551718927073647
-0.49320521514203369     -13.82552440208725741
 6.44773357736113351      4.19845616668294674
11.63049791608808903     -0.82438888515092534
13.90175671253022571     16.82664856524598207
11.64388817070330084      5.19845923853090675
15.09459775767508560      1.17561418672700779
-0.49435961273827050     -7.82352109276674135
15.09459775767956202     -16.82664856525145680
 1.25156971989505017      7.19844224887397655
-13.36254695011382410     -0.97084085225384442
 2.97089400939515302     -11.82552026145151025
 1.58122802497009052     16.82664856524323937
-13.36254695011142601     -2.97084085225384120
 6.43499365310343840     -11.82552367605671684
 9.89909662225537978     -5.82551304769948874
-4.70124726514943703     -7.96902761289791073
-3.95730744715359295     -9.82551718927595097
 9.89909723968582256     -7.82552026143074198
 6.44772144987431695      8.19845616666399124
-12.73424086946365641      2.92790385649923568
-5.68870832145414607     -14.82664207846326221
-15.09459775765663814     15.82664856526563923
 1.23820342477653078     -16.82664856524802843
-14.34895861414341844     -15.82664856525233787
 9.89845139880050340     -11.82663806243802540
-0.47981380383870703     -1.80267213746432819
-5.68935219089937849     -12.82552769208407817
-4.07294687534597699      1.92971709584940432
 2.97089203796672718     -13.82552367606098542
 4.71633255504016713     -0.80266163464726159
-3.95730505655178044     -11.82552132990517002
 6.44067743768598877     12.23220319540129175
-7.53705820463342047      3.92970027035018754
-10.88485699900488335     -15.82664856525058639
-6.43330190233341348     -4.96903424601193411
 4.71566867066321826      9.19845275170132304
-2.35641330723870235      8.95616551137552541
 4.74149378202705929     15.19760486632498342
11.63049430641602910      9.22130111013516363
16.82664856524911201      4.22130429032480148
13.37593897827639999      4.19845923853075753
-15.09459775767891898     -9.97084085225396066
 4.71568474142411098      3.19845275172411103
 8.16704581466441049     -4.82551304765638100
 2.98428542000145169     -1.80266799562912206
11.63049614254186359     -16.82664856525111929
-0.47981858875116012      0.19732786253035481
11.63683457705601398     13.23220330047429449
-12.61690780657361088     -16.82664856525208918
15.09459775767944656     -0.82438581328127603
-5.80499582168168526      0.92971046274442004
-8.16499731616307756     11.82907247056788513
-9.89843649005869075     12.82666388512903310
 8.16639691816069657     -14.82664442435053687
 2.98362419880878171      6.19844860785319263
 2.98363548557920044      2.19844860787021723
-9.89843649006509629     10.82666388512901534
 6.90228464964655597     15.04823810859170941
-9.27013324688877027     -1.07208573827847142
-11.63049195313578998     11.82665582152024264
11.90175812580706527     16.82427093911258709
16.82664856524540298      2.17561418672819951
 1.22538903929735010      9.19827088452345443
-5.80500151238086115      2.92971046299048288
 9.89909294957495334     -3.82550668645238412
-15.09459775768162970     -11.97084085225396066
13.36319279099924451     -5.82550975860808062
-16.82664856525139641     -12.97084085225401573
-11.63049195314950168      9.82665582151987671
-13.36254695010655702     10.82664856525211050
-2.37431831956796158     10.98396113087429882
-7.53706452869003662      5.92970027034026081
 2.97025055912491576     -15.82664220307042591
 1.22537696266523510     13.19827088450446517
 2.98361941391601082      8.19844860784756868
 8.17979030073622759     -0.80154724827309831
 8.17978234184753994      5.19845970539730562
16.82664856524946373     -7.82662755962017354
-2.34089037693166979     -5.07028290414308014
13.36319449235407752     -7.82551953469052020
 7.90175953908382844     16.82664856511787832
-2.34166820070966342      4.93104004238412941
-11.63049329722433889     -1.97083592399864194
 8.16704214200588119     -2.82550668645256486
-11.62848845210658943     15.83013407683764484
-9.27013893773451159      4.92791426171365554
 9.91183181750350961      6.19846201772299743
-8.16535859443753331     -3.96904443839517196
 4.68947984381758509     13.19828134317216772
-9.89843932753545275     -8.97083044703190957
 8.16639452740600902     -16.82664856525077468
 6.44838336260910250     -1.80266163464724105
 8.17977698608047632      7.19846069416494405
 4.70294481696731737     -10.82552026144277413
-15.09459775768263334     -1.97084085225396088
-0.50754352235899625     12.19675476148922044
-4.68257347534572688     13.86549455471774550
-0.48111295308915236      4.19732744841262928
-6.43330190204534524     -8.96903424601354260
-12.73424086946351785      0.92790385649923979
-11.63049329726636216     -7.97083592407718822
-8.09630643269033712     15.94321940418308614
-16.19834248460145076      2.92790385649907403
-5.80577819861232580      6.93102321688958689
-0.48111689726666346      6.19732744840875771
15.09460143049077807     -8.82663392108712053
 9.89844104940535452      8.22129686748602673
 1.25222854745182643      1.19733422149591973
-6.43330190233237342     -6.96903424601336585
 4.71568868559908516      1.19845275172799504
13.36254934098542790     -11.82664442415160266
-8.16535859415311016     -7.96904443839524212
-15.09459775766489464     13.82664856526321273
16.82664856524803554     -1.82438581328823379
-9.15280796521062001     -14.82664549298908163
-16.82664856524873187     -6.97084085225393402
-2.96919645758146622     -6.96902761289633954
-5.80499582168271466     -1.07028953725698184
16.82664856522047714     10.22130429032484500
-15.09459775768029033     -3.97084085225396066
-3.95730138333019532     -13.82552769208362875
 4.70294659069394960     -8.82551718927315854
 8.16704820583165159     -6.82551718927294804
 8.16640059122872941     -12.82663806243405702
 1.25223700372950919     -2.80267213746547217
 1.25223700372951896     -4.80267213746547217
-0.41876863728919433     16.82299466979039693
 6.44772879246568653      6.19845616667725263
11.63049428245658845      7.22130106855634235
-13.36254695007750115     16.82664856525209274
 6.43499562454538054     -9.82552026143565804
-5.68935586412211425     -10.82552132990580063
-0.50602704333287418      8.19717231354779585
 2.98428174747192809      0.19733836535391924
-0.53567274522795472     10.19695258456745179
16.82664856524284858     14.22130429032489296
15.09459775767658130      7.22130429032466647
-15.09459775768125134      7.82664856525547847
13.36254694917346875     12.22130429032082333
 8.17978832910960030      1.19845616667648747
-9.27013324688888929      0.92791426172154945
13.13445213884768314     14.68065388011464734
-0.47982593145982300      2.19732786251699874
 1.23884497555733808     -6.82551718927104734
-11.63049195314745354      7.82665582151981276
-6.43407870402992366     14.83101484652536683
15.09459775763260581      9.22130429032532284
-16.82664856525152430     -2.97084085225393446
-5.80730614253659372      8.93102263323634382
16.82664856439526346     12.22130429032487520
 2.95743142239356693     12.19827721025616540
 8.17978647084959398      3.19845938527264506
-1.14706593910537258     14.09175108826116229
-11.63049329723490821     -3.97083592402026264
11.63049853339966155     -12.82664442418122874
15.09459775768284651     -14.82664856525140529
 4.68948461610623824     11.19828134317785384
-16.82664856525133956     -14.97084085225404237
-4.07295453078746128      3.92971709583503470
-5.80425025466163902      4.93102380034432297
-7.53859247275538458      7.92969968668697600
 1.23884497555224349     -8.82551718927114948
-4.07296392458030887      5.93234674689958208
 8.17273299087002059     11.23220324142456050
-4.07449186842580158      7.93234616325335473
 6.43434611057831951     -15.82664442437697971
 1.25223461240721345     -0.80266799558290669
-2.22525234949069395     -14.82553076426680860
-6.43182580385074765     10.83101610497042167
 1.23884320182626917     -12.82552026145454960
11.64388817071265869      1.19845923852255987
-7.53705251378777152     -0.07029972964187731
-9.89843932753681521     -4.97083044703182253
 2.95743619468444496     10.19827721026119072
16.53390371022530658     16.66784155371243870
-4.70124726515047531     -5.96902761289647987
 9.89844533497409529     -15.82664856524906583
 1.23884362099923173     -14.82552781669293118
 4.70294659069516374     -4.82551718927066897
15.09460014857381438     -10.82664442411775241
-15.09459775768278433      0.02915914774603888
-14.46629167703260066      3.92790385649912377
-16.82664856525206432      4.82664856525206609
 9.91183913668123928      0.19845616667183971
-4.07294118450062292     -4.07028290414320537
 6.43499739826413819     -5.82551718927057927
13.36254695011081850     -15.82664856525120456
 9.89909526824398966     -9.82552367606049870
-8.16535859443568235     -5.96904443839522791
16.82664856518277929     -3.82439195716945513
-9.89843932753864664     -2.97083044703173682
 4.70229769359440297     -16.82664856503939177
-2.22525663958378983     -10.82551718927435402
-10.88485877278106706     -13.82664549298941914
 4.70229897609227621     -14.82663806243784244
-9.27014526179120324      6.92791426170383051
 4.71633622758302362     -2.80266799565098834
-8.16499731616973179      9.82907247056780520
-12.61690780657463051     -14.82664856525209096
-11.00218721657011400     -0.07209121523792246
-2.92784972301579227     12.90583599292951256
11.63114375714241788     -4.82550668645489722
15.09459775767992085      5.22130429032462384
-0.49320583201574103     -9.82551718927273399
16.82664856524468888      0.17561418672810358
 2.97089578312136871     -9.82551718927074624
15.09524162712385831     -6.82551317324274809
-11.63049329696318601     -5.97083592403050822
-0.47981380383938677     -3.80267213746551436
-2.22525424898256174     -12.82552132990474014
-4.08922758131134589      9.95484198129463849
13.36255301393823736     -9.82663806243758842
-11.63049329716023728     -11.97083592408049846
15.09459972913042236     -4.82439537222665216
-7.42075912902335233     -13.82664207846368321
 9.90478183530553657     12.23220665053761280
-14.46629167703246921      1.92790385649912421
-13.36254695008774718     14.82664856525209807
-11.00219290732329647      5.92790878491462614
-7.42140299846919937     -11.82552769208558630
-13.36254695009320059     12.82664856525210517
-0.49320351334889717     -15.82553417887091562
-15.09459775768318934      5.82664856525211849
-2.34111302481619621      6.93273854987508731
-16.82664856523591013     16.82664856525208563
11.64388817070770976      3.19845923853043290
 8.16638658658312444      9.22129053637516627
 5.90175953908364104     16.82664856524837660
13.36254695010876858      6.22130429032151522
-9.89843932725481324     -6.97083044703182875
11.63049614254219399     -14.82664856524753283
-15.09459775767783540      9.82664856525569697
 4.70294659069529164     -6.82551718927067075
 8.17272821868821708     13.23220324142006632
16.82664856525177655     -13.82664856525099850
-15.09459775768144141     -13.97084085225400329
-16.82664856525171260     -0.97084085225392447
-9.15280993659314568     -12.82664207846521442
-13.36254695011431437      6.82664856525212116
13.36255069526947636     -3.82439230008059994
 4.71567261393724646      7.19845275170511201
13.36254872366675350     -1.82438888516520370
-2.34089989551049893      2.92972372564900763
-5.80499582168274664     -3.07028953725725406
-11.00218721656261955      3.92790878477489125
 3.58122802497010362     16.82664856524818831
 6.44068220986875151     10.23220319540667589
 9.89844908013296632     -1.82439230007836328
-12.73424086946342548      4.92790385649923124
-7.42075715764136934     -15.82664549298868550
 6.43499500703760230     -3.82551304755642096
-9.89843649007864634      8.82666388512899580
13.36254695010959637      0.17561418671705090
13.36254695011409588     -13.82664856525118147
-13.36254695010453730      8.82664856525211583
-6.43183511488909954     12.83101610494875899
-2.22525663958555242     -8.82551718927435047
-8.16500662720214088     13.82907247054622601
13.36254695006257975      8.22130429032157650
-8.16535859443428080     -9.96904443839525278
-5.68870812382380286     -16.82664856521448016
-9.89061769815758574     16.82664856525000019
 9.90175953908385154     16.82664856519862795
-2.22461045147290060     -16.82664856525066455
 1.25157706249015233      5.19844224888739248
-13.36254695011009552     -8.97084085225383099
-16.82664856524921859     -4.97084085225393402
-16.82664856524584707     12.82664856525208563
15.09459775676876703     13.22130429032566035
16.82664856525174457     -11.82664856525091679
 2.98428781129841791     -3.80267213746541755
16.82664856513724061     -9.82664028274837698
 6.43499739826278461     -7.82551718927307061
-16.82664856525208563      6.82664856525208563
15.09459953123575282     -2.82438888517238773
11.63050220636934995     -10.82663806243769145
-6.30199516721303166     16.82664856524790054
-11.63049329726835346     -9.97083592408047537
15.10798978584629992      3.19845923852973790
-11.00218721656423781      1.92790878477249006
-13.36254695011000493     -6.97084085225383454
11.63114607581283799     -8.82552367606043831
 9.89844104936652691     10.22129686749845412
-16.82664856525208563      8.82664856525208563
 6.43434978366063159     -13.82663806243570903
11.63049988770229604     -2.82439230007759301
 1.22538173494811820     11.19827088451014951
-0.49320583201462936     -11.82551718927386375
-16.82664856525203234      1.02915914774607642
 8.90175953918586416     15.09459775756447009
16.82664856524555219      8.22130429032481302
-15.09459775767915346     -7.97084085225396066
 2.97089578312627767     -5.82551718927071249
 2.98363154140448028      4.19844860786666629
15.09459775674887716     11.22130429032545784
-13.36254695011266769     -12.97084085225382566
-9.89844580109786776     14.82666388510744504
-3.95665928761514829     -15.82664515064733735
 6.44773752153742485      2.19845616668449617
 9.91183728007027121      2.19845938240940031
 4.71567995652864891      5.19845275171850130
15.09459775768287670     -12.82664856525096297
-4.07294118450066378     -2.07028290414305971
-7.53705251378764629     -2.07029972964188058
-16.82664856525063612     -10.97084085225395356
-4.36038023338237224     16.34692838771705325
13.37593897827709810      2.19845923853026237
-7.53705251378751928      1.92970027035817404
15.09459775767441059     15.22130429032567633
-15.09459775767082768     11.82664856526182362
 8.16704643211551584     -8.82552026143332746
-16.08100942171256165     -16.82664856525208563
-15.09459775767896517     -5.97084085225396066
-16.82664856524218777     14.82664856525208563
11.63049165002658469     11.22130204441817725
-4.07294118450043996     -0.07028290414305162
-0.47981380383929262     -5.80267213746559030
 0.58439406047924414     15.09277370031268539
