348    35.68549503269999690
-14.00142927954145300     -16.84274751627217626
 5.00126643967910578     -8.18258750410353031
 5.99999999999973443     14.33334119743239832
 3.99999999999999289     10.86923958229294662
-7.00016283942689732     -4.71912366023177476
 8.00126643967890239     -6.45053669653239314
14.27876807317988295     -13.24581906198166337
-15.84274751634291434     15.11069670877210136
 1.99999999999681788     -2.98716687827849148
-14.84274751634375278      2.98634105577120224
 2.00000000000077671      3.94103635200264657
12.84274751634220202     16.84274751634329448
-14.84300863210781252     -3.94202046121715677
13.04439034344818715     -11.67211954085288284
 0.15725248365725286     11.64659509363563572
-8.84274751634210787      2.98634105577955378
12.84274751634250222     13.37864590120551789
15.84302310041760009      1.25413116889956155
10.00000000001421441      0.47693473687529037
-2.00142927917568558     -16.84274751633206790
16.77658915885573165     -12.33105623445138477
-2.84274751634275580     13.37864590120394936
-6.00016283942570805     -2.98707285266358191
11.84274751634259637     11.64659509363658607
15.84274751634284506     11.64659509363697687
-2.00000000000472911     -2.98716687827194294
 2.99999999999233768     -8.18331930098502269
-4.84274751634208478      2.98634105578895248
 7.00142927901639567     -11.64659509370117974
11.04439034338028236     -8.20801792573461064
-16.84274751632798584     -15.02830996585546863
10.84274751634218248     16.84274751634315237
15.84274751634419864      8.18249347849960706
 0.00000000000033738      7.40513796715640549
-6.84274751634282641     16.84274751634125877
10.00142927914358104     -9.91454428606032145
-13.95958620692354302     -9.22350265280019244
-12.84300863210781252     -3.94202046144833185
 6.84274751634214695     16.84274751634297829
-10.84274751654272251     -0.47776055946219803
13.84274751634299960      8.18249347849906705
16.59501087999463564     -2.46267604717342392
14.13971251060592849     -3.06704792908956803
-16.84274751634374923      6.45044267091177748
 2.15725248365722111     15.11069670877409621
 9.00000000000136602      2.20898554443680650
-16.84274751633859779     -0.47778924663827926
 3.00126643956178540     -15.11079073430917141
-4.00016283945575424     -9.91527608295510809
12.84274751634340106      6.45044267092995760
-11.84274751634265499      4.71839186335867744
16.84274751633043010     -10.33215076601684856
16.84274751633449085     -14.32996170288560478
 5.00000000000136247      2.20898554443457318
-13.84274751634282907     11.64659509363423595
-11.84274751634278999     11.64659509363426615
 1.00110360023625811     -15.11069670877607685
-5.00000000011270007     -1.25511607062271779
-3.00000000012189494     -4.71921768577319245
-10.84274751634282552     16.84274751634101719
-8.00142927921327285     -16.84274751632974088
 2.99999999999618083     -4.71921768584776835
 5.00126643968047269     -11.64668911923993200
 1.15725248365723110     16.84274751634308487
-4.00016283944127071     -6.45117446781079185
 8.04422750379748308     -3.01195952856788818
-16.84274751634375278      2.98634105565727870
 7.84274751634232814     15.11069670877402515
14.64474327866170178     -9.40754720117650223
-0.84274751634275868      9.91454428606619409
-11.84274751635133072      1.25429024821717916
 5.00000000000017497      9.13718877471197999
 4.00142927889498345     -16.84274751633839173
-5.00142927917439373     -11.64659509362185297
-4.00000000011229329     -2.98716687819359406
-15.84274751642821322      4.71839186329188465
 0.00000000000077300      3.94103635201679747
-14.84845258113370292     -11.01512665598800567
13.00000000000188294      2.20898554444933870
-11.85130867843317048     -9.15089383665339540
15.84274751634251466     15.11069670877463267
10.00142927914364854     -16.84274751633566325
-0.00000000000469596     -2.98716687827637628
12.04452750432961494     -6.47588792087157472
10.04439034325430491     -6.47596711823846682
-16.84274751634283973     16.84274751634107758
-16.84274751634388778      9.91454428606593119
 8.00000000000034106      7.40513796715702810
 9.00142927914417967     -15.11069670876631754
12.00142927917801039     -13.37864590117894714
 3.99999999999973443     14.33334119743225976
 8.00142927914234470     -13.37864590119738750
 3.00000000000017542      9.13718877472384428
-5.84274751634887135      1.25429024820554980
-2.99999999999985612     -1.25511607068962872
13.04439033429214234     -4.74372827482132742
-3.99999999999868638      0.47693473688033355
-5.84274751634279443     15.11069670877239801
-15.97633177245241320     -9.36349457534265284
-12.84274751634278111      9.91454428606538407
 8.00142927914299840     -16.84274751633478573
10.84274751634280598      9.91454428606757254
11.00000000000188294      2.20898554445128692
 0.00000000000199889      0.47693473686344057
 9.00142927901723944     -8.18249347856388987
 6.00126643967884998     -6.45053669653448480
-8.84301517862078512     -3.94201668179983722
 1.15725248365724309     13.37864590120484465
-8.84274751634282552     16.84274751634106337
-1.99999999999800115      0.47693473687819588
 1.99999999998868572     -6.45126849341810527
-16.84274751634285749     13.37864590120318908
14.99097329861537453     -5.20287396303651484
11.84274751634233347     15.11069670877434135
 6.99999999999987033     12.60129038986359973
11.00000000001511147     -1.25511607069605891
16.84274751634406186      2.98634105578048503
-8.84274751634275802      9.91454428606541605
-8.84274751634274914      6.45044267092706036
-3.84274751634278822     15.11069670877280657
-16.00142927954276217     -16.84274751630273315
-7.00142927916162794     -8.18249347847653574
-1.84274751634274692     11.64659509363507794
-9.84274751634264611      4.71839186335811167
 7.00000000000052403      5.67308715957410126
-5.00016283944556506     -8.18322527538034805
16.36637380081226567     -8.38971207118927964
-8.84274751634278289     13.37864590120318375
 5.00142927901221590     -15.11069670883669858
12.04422749495817335     -3.01177149279256806
14.84274751634294809      9.91454428606797755
13.84274751634234235     15.11069670877449056
-7.00142927920740998     -15.11069670876366366
 9.04422750392038033     -4.74401033620968082
13.00142927914591162     -15.11069670876636906
-2.84274751634275846      9.91454428606576954
-10.84274751634274914      6.45044267092760926
-12.84274751634375100      2.98634105579043263
-1.00000000000771072     -4.71921768584351309
-6.00016283944232853     -6.45117446780956261
-15.84818873054865485     -2.21297017133224472
 2.00110360023811795     -16.84274751634388778
13.84274751634274025     11.64659509363674772
14.84274751634389311      6.45044267093070545
12.84274751634280598      9.91454428606783189
-15.84274751634284151     11.64659509363420398
-0.84274751634275635     13.37864590120451069
 6.00000000000034106      7.40513796714287675
16.84274751633236988     -0.47807871798595131
-9.84274751634273848      8.18249347849649489
 2.00000000000200107      0.47693473686282273
 1.00000000000017586      9.13718877472537550
-7.84274751634273670      8.18249347849596376
-1.84274751634273692      8.18249347849689279
-12.84274751634286282      6.45044267092745738
-14.91016177615576233     -14.51341933971622211
-5.84274751634264433      4.71839186335752370
-12.84709026390556907     -7.40847221042615089
 0.00110360023461335     -16.84274751634407252
13.00016765953116682     -1.25501926161248623
10.84274751634246670     13.37864590120538821
-8.00142927916064295     -6.45044267090671308
 9.84274751634232814     15.11069670877418503
-13.84274751634274025      8.18249347849648245
-2.00000000012544099     -6.45126849334442198
-4.00142927917825020     -13.37864590119524699
14.00142927914549063     -16.84274751633589773
12.04439034338474990     -9.94006873330115681
 9.00142927914375512     -11.64659509362932432
16.84274751634325895     13.37864590120561736
16.67499659681899971     -16.62733118568068846
14.76602086446991358     -7.19018279720699738
12.00142927914484758     -16.84274751633552114
 0.99999999999338707     -4.71921768584643253
-12.84274751654285218     -0.47776055948835039
 9.84274751634259637     11.64659509363639422
-6.00142927920339453     -13.37864590119674446
-10.00142927924656178     -13.37864590121094999
-16.84274751633051537     -11.16608264775142700
 9.00000000001500666     -1.25511607069404429
 3.00126643967489759     -11.64668911923886441
 3.99999999999697131     -2.98716687827840088
-10.84301190194519826     -3.94563699830704140
 2.99999999999987210     12.60129038986330308
10.04422750379748308     -3.01195952856984617
 6.00000000000202682      0.47693473686315357
 1.00000000000135647      2.20898554443331063
16.84274751633589418     -4.44727337636020703
 4.00000000000200195      0.47693473686517468
 8.00000000000083311      3.94103635200538882
14.84274751634397127      2.98634105579229336
 4.00126643967696971     -9.91463831167117782
 5.99999999999999289     10.86923958229458087
-4.84274751634274558      6.45044267092704970
-13.00142927931946168     -15.11069670872439019
-6.84274751634274647      6.45044267092636670
-5.84274751634274736     11.64659509363416134
-15.84277025123089899      1.25427712227844879
-7.84274751634264433      4.71839186334875649
-0.84274751634280598     16.84274751634257328
-12.85242749323764322     -10.88909551502957029
 1.00000000000052269      5.67308715958582788
13.84274751634448819      4.71839186336148053
-13.84301517862517983     -2.20996587403080147
-10.84274751634275802      9.91454428606539118
-11.00142927931892167     -15.11069670876244508
-4.84274751634275802      9.91454428606526506
-4.00142927919613633     -16.84274751633213540
 7.00000000000136602      2.20898554443585793
 9.00000000000017941      9.13718877472602387
11.00142927914508917     -15.11069670876649518
-0.00016283945515879     -13.37937769809433597
15.84274751634903744      4.71839186335832306
 6.00142927901471523     -13.37864590126916475
-7.00142927917444702     -11.64659509361089995
-13.84274751635133249      1.25429024819727353
-3.84274751634264300      4.71839186335822092
-10.00256580164830034     -9.91388816925341487
-3.00016283944497886     -8.18322527538181355
 7.00126643967633200     -4.71848588896414167
-12.84274751634281841     13.37864590120312691
 1.00000000000016986     -1.25511607070715048
 7.99999999999999201     10.86923958229479226
-0.00000000001575118     -6.45126849341717534
-0.00000000013866653     -9.91537010849104128
-13.84924285310429148     -5.67766598552625279
-7.84274751634920797      1.25429024820402057
-2.00016283945533102     -9.91527608295666774
-12.00142927925966241     -13.37864590114969410
-6.84274751653741475     -0.47776055947373625
-7.84301517861963049     -2.20996587423159729
16.84274751634389489      6.45044267093018941
-13.91016177610551452     -12.78136853217629820
15.00016749473567579     -1.25583116215369084
-0.99999999999866296      2.20898554444751039
12.00000000001501910      0.47693473687287574
 3.99999999999503819     -6.45126849341751729
13.04439034338031789     -8.20801792572869360
-9.84301517862517805     -2.20996587423349267
 2.00000000000033928      7.40513796715483430
 6.00000000000080203      3.94103635200441715
-13.84274751634284506     15.11069670877200366
-9.84274751635127032      1.25429024821590862
-11.84301517862517983     -2.20996587426104174
 4.99999999999768363     -4.71921768584688284
16.84274751634287526     16.84274751634330158
14.84274751634229972     16.84274751634339395
 3.15725248365723221     16.84274751634338330
-14.84274751654423063     -0.47776055926024802
-0.99999999999984324     -1.25511607070442377
-9.84709353370228690     -5.68003793344227415
-14.84274751634286282      9.91454428606531124
 6.00142927913987823     -16.84274751633383005
-14.84274751634282552     16.84274751634106693
-2.99999999999868550      2.20898554444921036
 7.00142927914196189     -15.11069670876606708
-3.84274751634273670      8.18249347849639896
-15.84274751634943890      8.18249347849384634
-8.00142927924575709     -13.37864590121692387
-10.84274751634281131     13.37864590120315533
-1.00016283945978568     -15.11142850566408846
11.04439034313140944     -4.74391631059863528
-16.84274751634388068     -3.97433756000836658
-3.00016283946038964     -11.64732689052666181
16.84274751634388778      9.91454428606867566
 4.00126643967817230     -13.37873992680748891
-13.84274751635099854      4.71839186335512561
14.84274751634258926     13.37864590120571151
 8.84274751634214695     16.84274751634300671
10.00142927914570912     -13.37864590119708197
 5.00000000000021583     -1.25511607070473619
-9.00142927925257830     -15.11069670878331550
-8.00142927918915348     -9.91454428602954962
 7.00000000000797140     -1.25511607071279152
-4.84274751634275535     13.37864590120353370
 0.15725248365721964     15.11069670877371074
16.84274751633040523     -6.44727337636107567
-4.84274751634282641     16.84274751634166023
 5.00000000000052403      5.67308715957325216
-14.84274751634374923      6.45044267092818835
-1.99999999999926592      3.94103635201842240
10.00000000000084199      3.94103635201956326
-2.84274751634271272      6.45044267092753554
 0.99999999986757226     -11.64742091605719132
 8.00142927901775991     -9.91454428613308636
-5.00016283942683071     -4.71912366023357777
12.00000000000171063      3.94103635202027069
-2.00016283946449924     -13.37937769809792421
11.00142927914566293     -11.64659509362814838
 6.00126643968198970     -9.91463831167192922
-16.32236300865302070     -13.09719630680283231
-12.00142927937392479     -16.84274751632816347
 3.00000000000019940     -1.25511607070763809
15.02169895708899539     -11.37170208725389209
-10.00142927930484582     -16.84274751632605316
11.84274751634299072      8.18249347849873843
 9.00000000000052403      5.67308715958825704
-1.00000000013517432     -8.18331930091930992
-2.84274751634281397     16.84274751634223932
-1.00016283945971995     -11.64732689052808290
-6.84274751634275802      9.91454428606485649
 2.00126643955884553     -13.37873992674074408
-3.00142927918439506     -15.11069670876783277
-9.00142927919040758     -8.18249347845985042
-9.84274751634281486     15.11069670877211557
 1.99999999998868794     -9.91537010855305212
-11.84274751634274025      8.18249347849649133
-6.84274751634210077      2.98634105577925002
-6.00142927916499769     -9.91454428604746951
14.00016765952502773      0.47703154595993741
-5.84274751634273670      8.18249347849597086
-6.00142927920091207     -16.84274751632894862
-0.99999999999948008      5.67308715958742305
-7.84274751634281486     15.11069670877209781
 4.00000000000033928      7.40513796714208361
-11.84274751634282552     15.11069670877203741
 3.00000000000135758      2.20898554443368189
-12.84274751634282552     16.84274751634093192
 7.00126643968229700     -8.18258750410323010
-6.84274751634275535     13.37864590120318731
-7.84274751634275358     11.64659509363430878
-11.84709026396926390     -5.67642140226012337
 5.99999999999703348     -2.98716687827546057
-14.84274751634285572     13.37864590120312869
 4.99999999999987121     12.60129038986338834
-1.84274751634278733     15.11069670877337323
 7.00000000000017497      9.13718877472580893
15.00142927914618163     -15.11069670876022286
 0.99999999998449696     -8.18331930098629101
-9.00142927917450031     -11.64659509360689782
-14.84696180472518456     -7.43113981329857065
-10.84274751634310618      2.98634105578950004
-16.84274751632929323     -7.56090650294166977
 3.00000000000052269      5.67308715957195542
 4.99999999999960565     16.06539200500121467
 1.99999999999999334     10.86923958229435705
11.00000000000066969      5.67308715958855192
-8.84274751654060509     -0.47776055946228135
-10.84709353373156837     -7.41208874099445225
-3.84274751634274692     11.64659509363465340
-9.84274751634277578     11.64659509363428569
 8.84274751634246670     13.37864590120521768
 4.00000000000078249      3.94103635200312441
-11.00142927917450386     -11.64659509360046741
-15.95723591031605793     -5.76762203147153674
-5.00142927919594449     -15.11069670876237048
 8.00000000000218847      0.47693473686744692
10.00000000000034284      7.40513796715724038
