350    35.77146107650000317
 8.22547650035357414     15.88573053822301340
13.42162892308014221     10.88573053823079917
-6.27868142014334296     16.18952227544589562
 9.95752730795473617     -6.80006396488152287
-15.15107596959242819     12.88573053823605541
10.91257765015466141      6.04283328747489179
 8.22547649946573856     -5.80006396489260911
11.68957811548584402     15.88573053822309689
 3.08169393577480566     -14.88573053820415026
 2.25232361267524128      3.04283328613021364
-16.88573053823660075     -6.11877930822649851
-6.47807984887816257     -6.10246865002489702
-7.47143301424962658     -16.88573053823732195
 5.71642522763067795      5.04283328681110810
-16.88573053823047232     -0.10974599463771503
-1.21177800228346033      5.04283328644049700
-2.11445848976862916     -7.88573053818219449
 0.52027280528201558      6.04283328644724005
-9.95492325798008437     -2.11426896136693454
16.88573053823138181     -2.80006396326671370
-13.41902487368620456      9.88573103765017969
-13.41902487368609265      7.88573103765016370
-13.41902487369110375     13.88573103765049233
 9.18052684257218132      9.04283328746651449
-13.41902487368728636     -4.11426896234985939
-3.84650929444770862     -12.88573053984224082
 3.98437442034539879      4.04283328631842487
-0.43477753747758180     16.88573053822949888
 4.81374474382364514     -15.88573053737360574
 5.71642522742333270      9.04283328743216330
 1.29727326913337038     -7.80006396622470533
-1.21177800285119974     15.04283328744901382
 4.76137488521761743     15.88573053821877146
 3.98437441995342789      6.04283328662342178
-8.22216582443942023      2.88695595050407494
-11.68697406581816800     -3.11426896186398006
-2.89145895214872350     -6.04283328617314197
-11.68697406581579123      2.88573103813602616
-8.15359316601859696     16.88573053823728998
-8.22215554385919667     -7.11302621526502499
-9.95492325798041122      5.88573103863306546
-1.21177800284782111     13.04283328743973414
-1.21177800284911452     11.04283328743965953
13.42162892311057298     -14.80006396653500644
15.15367973066324936      0.19993603673317537
11.68957811504816569      0.19993603592204628
11.68957811506010813     -5.80006396407850033
-6.48404700760878594     -8.10245974825926218
-4.75200648146818061     14.89752241800729671
-16.88573053821737702      3.89025400536230404
-0.38240768029001332     -10.88573053814469915
15.15367973064019935     13.88573053824018544
-2.11734081155591936     -15.89073697908413862
-1.21177800227979682      7.04283328645947648
-16.88573053823068904      9.89025400536239552
-15.15629528757720657     -5.11426265143245740
-1.21177800213360420     -2.95716671510196694
-8.22216582506220917     12.88695595050407228
-5.57855122770453349     -13.88574591044412543
13.42162892356796888     -8.80006396409379299
 7.44847603529550373      4.04283328697692301
 7.44847603559171390      0.04283328649353858
-16.88573040078692600     -14.11877930822710780
 8.22547650039220279     -7.80006396489260911
15.15367973066049601      7.88573053823401526
 9.95752730702397493     -2.80006396488099440
14.37667926529683804      6.04283328748326110
-6.48405728822119087     -2.10247758248985850
 9.95752730793462604     10.88573053821777314
-11.68697406584171006     12.88573103813632592
 6.49342569282799342     -8.80006396490082565
-12.69418464430182780     -13.98179390251166154
 8.22547649945080295     -3.80006396489259224
13.47399878027652953     -16.88573053823122549
-2.94382880984151774      8.04283328647187190
-5.57856897617589542     -11.88574591049454376
 1.29727327007835380     15.88573053820707415
 5.71642522802014685     -0.95716671351483595
15.15367973066646989     -5.80006396326684204
11.68957811550047765     11.88573053822307024
-13.41902487368569119      1.88573103765015437
-5.66288735195563131     -16.03182036169705427
-6.48405728823097238      3.89752241751035333
 1.34964238588785013     -15.88573182566554998
 2.25232361256773705      7.04283328694080701
13.42162892355586123     -12.80006396572679428
-16.88573053822984349     -12.11877930822709182
-8.22216582448571209      8.88695595050407228
-3.84650041968917922     -14.88574590967083289
 9.95752730791943108     14.88573053821777492
10.00989716559955767     -14.88573053743278685
-15.15367944233065778     -7.11877880881270730
-15.15107596957862945      4.88573053823589554
11.74194797271390023     -15.88573053822021564
-15.15107596959149205      2.88573053823589598
15.15367973111857225     -11.80006396571568139
-9.95492268094385224     -6.11426796191021626
-8.22216582437579291      0.88695595050407594
15.15367973065518292      9.88573053823683168
 3.98437442035402078      0.04283328631672878
 2.25232361267527992      1.04283328612656945
 7.44847603558426119      2.04283328649354745
 2.25232361229347289     13.04283328746098292
-6.48479865123840771     13.89788579223357345
16.88573053823272829     -12.80006396650383493
13.42162892308972388      8.88573053823078496
-4.75200648095414380     10.89752241800725230
-16.88573053823620640     -4.10974599463773504
 5.71642522742529469     11.04283328745070136
-4.75200648066356202      6.89752241751402195
-4.74356840262319590     -7.09819453741089923
12.64462845772889921      3.04283328748283166
 1.34964312772770145     -11.88573053737076002
-15.15107596958558922     -1.11426946176410380
14.37667926529754681      4.04283328748325843
15.15367973066229190     -3.80006396326683760
-11.68697406583658527      6.88573103813609588
-16.88573053823069969      7.89025400536236710
-0.43477753896043009     -6.80006396713347350
 8.22547649944838355     -1.80006396489259113
-2.94382880985142670      4.04283328643842488
-9.95492325798104183      9.88573103863322089
 6.54579555094010423     -12.88573053660432066
-13.42424419167147498     -6.11426215201820966
-15.15107596959449232     -3.11426946176410357
13.42162892309270639     -2.80006396326726259
 7.44847603498837785     10.04283328744066495
16.88573053823017389     -10.80006396492354348
15.15367973067429830     -15.80006396654747469
 3.98437441986078600     10.04283328744312875
 9.18052684286934628      3.04283328698509070
-11.68697406640930048     14.88573103814896648
-8.22737486184676214     -9.11301940493336460
 5.71642522723983681      7.04283328711307188
 4.76137488449157331     -7.80006396517601441
-11.68957724958161570     -11.11877780837366281
13.42162892308541444     -0.80006396326725848
 9.95752730702307787     -0.80006396488099440
 6.49342569278719139     14.88573053821867909
 7.44847603491625065      8.04283328730058145
-8.22216582448519340      6.88695595050407317
-15.15107562901092031     16.88573053823611048
-2.11445848643185030     -13.88573053906804589
-9.95492325797231281     -0.11426896136693465
-9.95492325855946625     13.88573103863392433
-13.41832757694036005     15.88693914323856404
 4.76137488415148624     -3.80006396517341605
13.42162892306724409     12.88573053823079917
 6.49342569187717356     -2.80006396490080833
 8.27784635851311812     -13.88573053659715661
 9.95752730792445817     12.88573053821777492
-8.22216582448333355      4.88695595050407405
-7.31450935782656675     -12.89254433449698567
-15.15107596959692060     14.88573053823611581
16.88573053821640713     14.88573053823202841
 8.22547650132978703     -9.80006396489305587
 3.98437441986268048     12.04283328746155135
-9.96014199893000551     -8.11426115157856209
16.88573053823222736     -0.80006396326671181
 3.02932407711579588     -8.80006396551047487
-4.75200648066806153      8.89752241751560824
-11.68555996989311652     16.88573053823179393
-13.08357449981935261     -16.46411018766348633
 9.18052684258092988      7.04283328746651272
 0.52027280518349439     -1.95716671442907675
15.15367973066365437     -7.80006396327270135
-9.95681011250588455     -10.11753606172787379
16.88573053823252224      3.19993603673328897
-11.69219338382207418     -7.11426215153232810
 1.34964312868511027     -13.88573053737136753
-11.68697406583692278     -5.11426896186398050
-4.75200648149380367     12.89752241800728072
-11.68697406582986709      4.88573103813602660
16.88573053823371595     -14.80006396652598077
-15.15107596959200720      0.88573053823589598
-8.22216582448295341     -3.11304404949592195
-6.48405728804142711     -0.10247758248967943
-6.48405728821770033     -4.10247758248993311
 3.08169393484631948     -10.88573053659049528
-15.03862853487481210     -16.88573053823329673
 3.08169393675327896     -16.88573053823705195
-6.48405728879297527     11.89752241754012552
-13.42162863448121435     -8.11877880832680709
-0.38240768167144756     -8.88573053727938067
-0.38240916527719959     -16.88573053823716563
-4.75200648066298292      4.89752241751392248
-6.48405728823859384      9.89752241751274120
-2.94382881060266000      0.04283328444907632
-4.75200648065006881     -3.10247758248632843
 1.29727326874227078     -5.80006396621643461
15.15367973064465801     11.88573053824016945
 9.95752730889498139     -10.80006396489996590
-3.84650929544894771     -10.88573053983035166
 3.98437441985414020      8.04283328743036918
-9.95492325798065281      7.88573103863318181
11.68957811551568859      9.88573053822305603
 6.54579555094844778     -14.88573053660444501
 6.49342569278327009     12.88573053820385006
-3.84650929640192052     -8.88573053983031258
-9.95492325798573141     11.88573103863338964
-9.95492325796898925      3.88573103863306546
-2.94382881044572109      2.04283328508500750
-8.22216582449069833     10.88695595050407228
12.64462845771942057      7.04283328748283832
-9.95492325795749800      1.88573103863306546
-15.15367944232283293     -13.11877880881274905
-2.94382881055096179     12.04283328720953961
-6.48405728818508287      1.89752241751033379
16.88573053822775094     10.88573053823201420
 1.34964312682948928     -9.88573053736635110
 4.76137488417324661     -5.80006396517356215
16.88573053823578007     -8.80006396326748508
 0.52027280479252558      4.04283328558674349
-16.88573053823617443     13.89025400536245058
11.68957811600123264     -7.80006396408533753
10.00989716514880534     -16.88573053822883807
11.68957811646767908     -11.80006396489394760
 3.08169393580367501     -12.88573053659138345
16.88573053823210657      1.19993603673328830
13.42162892403032615     -10.80006396488309051
16.88573053821998471     12.88573053823202663
-8.21618838512860172     -5.11303511703066516
10.91257765015543768      4.04283328747489179
16.88573053823056469      8.88573053823201064
 0.52027280497374573      0.04283328557288510
16.88563981510757728     -16.88536828171582727
11.68957811549137382     13.88573053822307202
-4.75200648046336216     -1.10247758248626915
 3.98437442054122970     -1.95716671368330886
-8.22216582447209632     -1.11304404949592284
 6.54579555090370668     -16.88573053822203107
-1.21177800298213922      1.04283328490259763
-10.91590441775986342     -14.89706404617959556
 9.95752730889215343     -8.80006396488174225
-1.21177800296910254      3.04283328524924146
-1.21177800277396819     -0.95716671510091367
 2.25232361266809988      5.04283328613063375
11.68957811505632804     -3.80006396407829072
-4.40376967426537380     16.88573053823038705
-13.41902487368643015     11.88573103765019567
-9.05130535576536843     -11.90080865320689796
15.15367973114177325     -9.80006396409075720
16.88573053823508374     -6.80006396326745666
 3.98437442035264278      2.04283328631813665
 8.22547650034986155     13.88573053820791081
-16.88573053822999626      1.89025400536230337
15.15367973066207341     -1.80006396326683604
-15.15367944232303010     -9.11877880881272240
 0.52027280472957960     10.04283328745341208
 3.02932407764160505     16.88573053821705727
-2.94382881041572864     14.04283328744142700
 6.49342569278436788     16.88573053822258174
 6.49342569190159047     -6.80006396490082299
-9.29997673950559189     -16.07552819016182255
-13.41902487367874386     -2.11426896234985628
11.68957811505551625     -1.80006396407809377
-1.21177800255678125      9.04283328696407551
 2.25232361286223970     -0.95716671387383967
-15.15367944232491837     -11.11877880881273306
-15.15107596959217595      8.88573053823591508
-16.88573053823074233     -10.11877930822656602
-7.30666808861487560     -14.89252896306220286
 3.02932407642979484     -4.80006396547555436
-9.11517544977933802     -14.00881754812078128
-13.41902487368096430      5.88573103765015837
-16.88573053822544523      5.89025400536234045
 5.71642522801797170      1.04283328648516393
 4.76137488541842302     -9.80006396517678624
13.42162892305448629     16.88573053823085601
-8.22357994282429239     14.88695545057174918
-5.57856897718375588     -9.88574591049392914
-2.94382881013459174     10.04283328694871535
15.15367973063056262     15.88573053824066506
-9.91957668034254247     15.94695313002350723
-11.68697406583656750     -1.11426896186397539
11.68957811599372221     -13.80006396574373184
-2.11445848738177933     -11.88573053897108167
-11.12852046476390555     -16.88573053823210657
 0.52027280583218738     -3.95716671442951506
-15.15107596958682201      6.88573053823589554
-14.42623545169304400     -14.98179390281941181
-6.48405728823431993      7.89752241751077211
 4.76137488522056618     13.88573053821475511
-16.88573053822403836     -2.10974599463773416
13.42162892309356614     -4.80006396326726481
-2.11445848832425609     -9.88573053894929821
 0.52027280472045023     14.04283328745380999
16.88573053823534664     -4.80006396326673279
11.68957811645737266     -9.80006396488859366
-2.41927360587153339     16.63718405459114535
 6.49342569376540801     -10.80006396490089138
-13.42162863447548915     -12.11877880832684795
-7.31452710631394698     -10.89254433457573867
-16.88573019765772187     15.89025400536251098
 4.81374474326363888     -13.88573053678349645
 2.25232361229222322      9.04283328744253900
-11.68697406583692988     10.88573103813616250
 0.52027280500579520      8.04283328695299105
10.91257765044299610      2.04283328699268951
-11.68697406583675580      8.88573103813611276
 9.18052684258171858      5.04283328746650916
13.42162892309784006     -6.80006396326727280
 2.25232361229816558     11.04283328745397519
 6.49342569187813812     -4.80006396490081055
-16.88573053822913650     -16.11877930822720728
-6.48405728823376748      5.89752241751067618
-11.68697406583562959      0.88573103813602561
 9.18052684315770762      1.04283328650146134
 8.22547650034826283     11.88573053819506775
-2.94382881812218544     -3.95716673108682659
13.42162892306067512     14.88573053823080627
-13.42162863447341081     -10.11877880832684795
15.15367973066285323      2.19993603673319083
10.91257765014590042      8.04283328747489179
-11.68957724958914923     -9.11877780837309082
-3.85434169022394979     -16.88573053823103365
 9.95752730702790956     -4.80006396488099440
-9.95350914022750288     -4.11426846143461766
-16.88573053823123260     11.89025400536242394
 8.22547650133085106     -11.80006396490881393
16.88573053820695336     16.88573053823204972
15.15367973066969931     -13.80006396651510592
-2.94382880984543682      6.04283328645247320
 8.27784635803448943     -15.88573053744149277
-0.38240767936542747     -12.88573053819735925
 2.25232361308110818     -2.95716671387522334
16.88573053823455794      6.88573053823199999
 3.02932407765134837     14.88573053821416892
-4.65535549023036488     -5.10014086393572441
 5.71642522801054298      3.04283328648516393
-0.38240767838358147     -14.88573053823771453
 4.81374474337558134     -11.88573053659662904
 0.52027280472896187     12.04283328745341208
 0.52027280478928539      2.04283328557734434
 9.95752730890354698     -12.80006396490227694
 7.44847603491699228      6.04283328730056457
-13.41902487367278951      3.88573103765015437
12.64462845772813004      5.04283328748283477
-4.75200648047415442      0.89752241751373918
 9.95752730791968510     16.88573053822780778
 3.02932407673781778     -6.80006396547821002
-4.75200648061771602      2.89752241751374084
-15.15107596959210312     10.88573053823604830
-1.21177800133653069     -4.95716671512306917
-10.78296422037425906     -12.90148721129714637
16.10873007286653902      5.04283328748305859
-13.41902487368620633     -0.11426896234985590
13.42162892309411326      1.19993603673274141
-2.94382881343791691     -1.95716672157163951
-16.88573053822993941     -8.11877930822651273
