351    35.79367575589999717
12.89683064910993160      8.23658801368481264
-2.89685086294814376     -3.04042392010284956
 3.10316212206058006     -16.89683787794015757
-0.89685086295946292      0.42367769506153180
-12.89685086295945560      0.42367769504837111
 5.10316212206061515     -16.89683787793970993
-2.89683787794022818     -13.43273626280334732
-12.89683787794089476     -9.96863464742553518
 0.10314913700244242     -1.30837311292405634
 9.89683064902753351      9.96863882121396827
11.89683064912037658      6.50453720610990604
-13.89683787799099512     -11.70068545501509405
-4.89683787794129799     -6.50453303207928979
 3.10316212205967368     -9.96863464766438767
10.10316212205948361     -8.23658384009242361
13.89683787780575486     16.89683787793467573
-16.89683787794058389     -13.43273626256021380
-11.89685086318779739      2.15572850277749728
-8.89683787794129444     -6.50453303223456025
-15.89683814532700445     -8.23658368534537999
-16.89683787792586855      3.89501614972387422
-6.89685086294821748     -3.04042392015698315
 8.10316212205947295     -8.23658384009238986
 6.10316212205998987     -11.70068545523277592
12.89683787792505321     -2.15571265822847558
16.89683787792501946     11.70068545527996129
-13.89683787799345893     -15.16478707024628747
-16.89683787794124825     -6.50453263127962700
-1.89686384859410739      5.61983761520352409
 2.10316212205990105     -11.70068545523343317
16.89683787792727898     -2.15571265819657665
16.89683787794123404     -16.01211911880394467
-0.10317657985252825     16.89683787785737934
 2.10313615142307375      5.61983761495714518
 0.10314913681705812      2.15572850275990380
-15.89683787798828263     -1.30116617809918900
-7.89685086294604233     -4.77247472782786275
14.89683787794123582     -12.54801750366616808
 8.89683064914387955      4.77248639852717194
-6.89686384880606784      7.35188842445665891
-12.89683787794129088     -6.50453303219304058
 0.10316212205930217     -11.70068545523399806
-6.89685086295945826      0.42367769553418827
-0.89685086316678497      3.88777931054640558
-4.89683787794026326     -13.43273626278490163
15.89683787795784831     -10.81596669608749650
-0.10317657986981232     13.43273626267405696
-6.89683787794030856     -13.43273626277271937
 9.89683064900696507     13.43274043635270409
11.89683787794132819     -7.35186508095945346
-2.89686384904898775     10.81599003920373470
13.89683064911082333      9.96863882125317424
-4.89686384880603676      7.35188842392177389
10.10316212205999165     -11.70068545523120562
-2.89683787793997194     -16.89683787794113812
12.89683064920688693      1.30838478340582176
-3.89685086294602101     -4.77247472767359238
 4.10314913684195126      2.15572850231402136
-14.89683787794038849     -13.43273626263328957
-1.89683787794814118     -8.23658384007036126
-2.89683787794129932     -6.50453303249453096
 0.10313615118392187      9.08393923046975083
-6.89686384904911165     10.81599003972858419
11.10316212206033804     -13.43273626279997934
 2.89682342020167027      8.23658383997106469
-0.89683787793945491     -16.89683787794102798
 4.10316212205993569     -11.70068545523311343
 8.89682342015300520     15.16478707032229956
-14.89683787794126779      0.43088462949667489
-14.89685086294838179     -3.04042392013319418
13.89683787787638991     13.43273626284077871
15.89683787794098357     16.89683787794124115
-3.89685086318398355      2.15572850299702257
-1.89685086294602034     -4.77247472809298845
12.89683787779988222     15.16478707036733198
 7.10316212206063735     -16.89683787793953584
-3.89683787794712222     -11.70068545521000480
12.89683064915337773      4.77248639855644541
-16.89683786969277790     10.89683951698402353
 5.89683064910426236      3.04043559088897375
 5.10316212206025899     -13.43273626280181432
 7.10316212205971986     -9.96863464766143181
-1.89685086300038841     -1.30837311250049715
-10.89685086295945737      0.42367769501582914
-11.89685086294605831     -4.77247472778417325
-12.89685086705911665      7.35909535905249879
-6.89683787794001990     -16.89683787792668213
 7.89683064917374011      3.04043559094105564
 4.10316212205942676     -8.23658384009535105
-15.89765197586892143     -4.77201200627512012
 0.10313615142302604      5.61983761518558023
 3.89682342023994810      6.50453303242267555
14.89683787792720082     -2.15571265820892499
-8.69055112031395183     15.16478707023026296
-9.69055112046434886     16.89683787785312319
 0.89682342015559946     11.70068545511607994
-11.89683787798971615     -11.70068545503760404
-16.89683787794126602      0.43088462953236967
 8.10316212205999165     -11.70068545523073489
-13.55596577163285588     12.71094006250937980
 3.10316212206019415     -13.43273626280214117
 1.89682342018425465      9.96863464756366291
-7.89683787799060788     -8.23658383983872078
-1.89686384881609671      9.08393923073293230
 4.10314913702583262     -1.30837311297324077
-7.69055112041802413     16.89683787785943636
-13.14484973763294917     14.85113116193870830
 7.10316212206033804     -13.43273626280145017
-5.89686384881656522      9.08393923220556054
-12.89683787814886529      3.89498624482430023
10.89683064910674837      8.23658801368636162
 0.89682342014925998     15.16478707028533535
11.89683064917914912      3.04043559097194782
 2.10314913682063942      2.15572850232369939
10.89683064914644639      4.77248639852597822
 1.10316212205869779     -6.50453303252719639
 9.10316212206067021     -16.89683787793901004
-13.42138056358811937     16.89683787785972413
-2.89685086316684703      3.88777931055773296
14.89683787788103864     15.16478707040697138
-9.89683787798920278     -11.70068545504618918
15.89683787794213465     -3.88776346577462828
-13.89685086300588246     -1.30837311249690091
-5.89685086294604144     -4.77247472772894366
-2.89685086295946137      0.42367769527572902
-9.89683787799076242     -8.23658383983360842
-7.89685086318583274      2.15572850389487414
-9.89683787799185311     -15.16478707025625994
-14.89685091136723472      7.35909532946196521
11.89683064910074783      9.96863882125870227
-5.89683787798735892     -11.70068545517605152
-4.89683787794001013     -16.89683787794123404
-7.89685086300059336     -1.30837311260482547
-16.89683787793042669     -3.03321698572862486
-12.89914771978276420     10.82186884977934227
 2.10316212205889164     -8.23658384009596212
-10.89683787794129266     -6.50453303222359835
 9.10316212206033804     -13.43273626280030086
13.89683787794144365     -10.81596669609717054
 3.10314913705197393     -3.04042392055721233
 7.89682342015316152     13.43273626274961607
 5.89682342014989125     16.89683787789418190
-6.69055112031384258     15.16478707032287510
-9.89685086294604943     -4.77247472781573112
11.89683787778989910     16.89683787793209291
-4.89686385011083214     14.28009165566756167
-14.89683787814900562      3.89498624482149980
16.89683787794123049     -9.08391588849833376
-11.55596584204087662     16.17556960832665780
10.89683787794109726     -5.61981427339070994
13.89683787794933245     -7.35186508095457558
 7.89682342015355143     16.89683787789336122
 6.10314913706528195     -4.77247472811949613
-10.89685086316704599      3.88777931034412561
 6.89682342017172711     11.70068545516998881
-11.89683787799599379     -8.23658383980849962
 5.89682342015128835     13.43273626272741339
-5.89686384962180998     12.54804084762812444
11.89683787794207603     -3.88776346582100052
-3.89685086300055472     -1.30837311230796005
-7.89686384859685386      5.61983761675882931
-0.89683787794088687     -9.96863464766521012
-0.89685086294809224     -3.04042392052280519
-1.89685086318295015      2.15572850297853558
-2.89683787794088676     -9.96863464764381746
-16.89683787794091074     -9.96863464731180571
 1.10313615119613306      7.35188842288556454
-6.89683787794088943     -9.96863464747524475
-6.89683787794129621     -6.50453303213360101
10.89683064901075937     15.16479124391996969
-11.89683787799275372     -15.16478707025332007
-14.91049063235568362     11.22093387998581093
15.89683787791586589     -0.42366185063035683
 7.89683064902700771      9.96863882120244860
11.10316212206070219     -16.89683787793931558
-8.89683787794002434     -16.89683787791501501
 7.89683064906319920      6.50453720605552466
-10.89683787794031566     -13.43273626265094300
-13.89683787816977123      2.16293543720144488
 7.89683064920713829     -0.42366602421569038
16.89683787793065051      8.23658384015629963
 8.89683064922104094     -2.15571683177654005
 2.89682342014935967     15.16478707028926110
12.89683064910135180     11.70068962882722907
-4.89685086316688878      3.88777931081757444
 3.10316212205869668     -6.50453303252689707
10.89683064902408915     11.70068962878486118
-5.89686384859639556      5.61983761623101685
-15.15910922072561284     13.90673732025485876
-3.89686385005668257     16.01214246320605028
14.89683064914563282      8.23658801369999516
14.89683064915699084      4.77248639857242019
-1.89683787793979697     -15.16478707037234663
 9.89683064922177280     -0.42366602420695482
10.89683064920688693      1.30838478338691866
15.89683787791513936      9.96863464771675289
-5.89685086318454665      2.15572850325711185
-9.89685086380490553      9.09114616475454973
 3.89682342015086691     13.43273626272103272
 2.89682342015838135     11.70068545514749658
 4.10316212206054143     -15.16478707037085982
-4.89683787794088676     -9.96863464763351104
 9.89683064917612398      3.04043559093996762
-16.89683787785968505     16.89683787785993374
-4.89685086295946004      0.42367769528947125
14.89683787794122694     -9.08391588852816767
-10.55596584191308729     14.44351880083151052
16.89683787788430891      4.77249057208056549
-13.95671772053208493      9.12435723169922852
-16.89502274680061333     12.89683869333928712
-7.69055111975257955     13.43273626242985763
 7.10314913705469486     -3.04042392054341226
-3.89686384962179222     12.54804084781661011
-5.89683787794687042     -15.16478707035066265
14.89683787788231228     11.70068545526877379
 9.10316212205908215     -6.50453303252328485
-15.89683787799161507     -11.70068545494974899
11.89683064902437337     13.43274043635360115
 5.89682342018582517      9.96863464759293549
13.10316212206033804     -13.43273626280100608
-7.89686384881660519      9.08393923202537756
-4.89685086294816241     -3.04042391991824390
 6.10314913704078332     -1.30837311298157921
-16.89683787785944702      7.36631570767624044
-12.89683787794019665     -16.89683787786114166
 5.10316212205971897     -9.96863464766405727
14.89683787794110614     -5.61981427335805872
11.89683064922208366     -0.42366602417323457
-7.89683787799098535     -15.16478707031277651
 1.10316212206054653     -16.89683787794051284
16.89683787794116299     -5.61981427334638362
-1.10317657985075734     15.16478707028599437
 2.10316212206048680     -15.16478707037120088
 9.10316212205971986     -9.96863464766151708
13.89683064914058974      6.50453720613325004
-3.89683787794652980     -15.16478707036858964
-0.89686384880424397      7.35188842289373401
 1.10316212206008069     -13.43273626280251776
-12.89685086294831429     -3.04042392015713681
12.10316212205999165     -11.70068545523088765
 3.10314913683327909      3.88777930988541831
 1.10314913704053574      0.42367769462783994
15.89683787795051906     -7.35186508092303725
12.89683787794122694     -9.08391588852838971
 1.10314913705191797     -3.04042392053394073
-5.89683787799042047     -8.23658383973696928
 4.89682342016225558     11.70068545514871872
-0.89683787794130077     -6.50453303250466597
12.10316212206054409     -15.16478707037024698
 3.89682342018452355      9.96863464756686923
14.10316212206054587     -15.16478707037003382
12.89683787794110437     -5.61981427339043993
 8.10314913706535123     -4.77247472810983719
-2.10317657985327688     16.89683787786243130
13.89683787791339853     -0.42366185064732131
-8.89685086316696783      3.88777931209735206
15.89683064916465582      6.50453720613688446
-15.15910922072385780     15.90673732025488363
13.10316212206096509     -16.89683787793918768
-7.89683787798878445     -11.70068545505930757
 2.10314913702575579     -1.30837311294962166
 1.10316212205911302     -9.96863464766501117
-9.55596584131042448     12.71146799292446872
 6.10316212206054143     -15.16478707037053120
-13.89683787799687664     -8.23658383976430386
16.89683787794123404     15.16478707037251006
-3.89686384859547008      5.61983761546670468
-10.89683787794004921     -16.89683787786218616
-10.89685086379425627      7.35909535717833396
-14.89683787794029612     -16.89683787786051994
-12.89683787794036007     -13.43273626264567433
 8.10316212206054232     -15.16478707037020790
 6.89683064904040588      8.23658801362503823
-15.90309751032445718      5.63066590757543306
11.10316212205975006     -9.96863464766205531
13.89683787794212577     -3.88776346578778442
 5.10314913705251083     -3.04042392055722610
 3.89682342014856165     16.89683787786465174
 0.10316212205220135     -8.23658384009234190
-9.89685086300152506     -1.30837311259643663
 4.89682342015020300     15.16478707029585138
-3.89686384881655412      9.08393923149707483
 6.89683064909707433      4.77248639846692857
15.89683787789134328     13.43273626283243694
-5.69055112026012644     16.89683787786087521
16.89683787790231051      1.30838895695458235
-11.89685086358610810      5.62704454948844468
 6.89682342015153971     15.16478707031784978
 1.10314913683325733      3.88777931032013990
 6.10316212205942854     -8.23658384008201416
13.89683064918354383      3.04043559098818372
 8.89683064904137666      8.23658801363707660
-10.89685086294830363     -3.04042392020879237
 3.10314913704053419      0.42367769463006572
 5.89683064906262100      6.50453720604275887
15.89683787794137970     -14.28006831123498088
 0.10314913705399507     -4.77247472810421325
-13.89685086294618444     -4.77247472772838321
-16.89683787794037073     -16.89683787785016378
-8.89685086294825922     -3.04042392023922403
16.89683787794123759     -12.54801750366599400
15.10316212206097397     -16.89683787794009717
15.89683787787324576      3.04043976451751519
-14.89683787794128911     -6.50453303214051193
-6.89685086316692075      3.88777931157483003
10.10316212206054409     -15.16478707036909412
-11.89685086300373840     -1.30837311255212385
 7.10316212205907505     -6.50453303250687309
10.89683064923003464     -2.15571683177107865
 8.89683064920688693      1.30838478335333064
-11.89685086380508316      9.09114616474314197
 8.89683064901062792     11.70068962878086971
-9.89686384859705726      5.61983761675932580
-8.89683787794089120     -9.96863464744371264
 4.10314913705511142     -4.77247472812760343
 4.89682342020782446      8.23658384001130450
 5.10314913704053286      0.42367769458715282
 9.89683064911966071      6.50453720611003039
-16.89683787786142943     14.89683787785987867
-14.89683787794090364     -9.96863464738574834
 1.89682342013455063     13.43273626270398680
-2.89686384880446379      7.35188842315714997
-0.89683787794022563     -13.43273626280315014
-10.89683787794089120     -9.96863464744136429
 1.89682342014821681     16.89683787785843450
 9.89682342015606231     16.89683787789182645
 9.89683064923017675     -3.88776763934014191
-1.89686384962173005     12.54804084710438516
-15.95670468726049585      9.13157761022356596
-8.89686384880610248      7.35188842444939983
-8.89685086403713221     10.82319697245768353
-2.89686385005663860     14.28009165563658733
-1.89683787794563719     -11.70068545523134595
 2.10314913705401407     -4.77247472812726770
-15.89683787817564564      2.16293543725158921
 6.89683064920688782      1.30838478335304176
 0.10316212206043798     -15.16478707037165208
-4.89686384904899441     10.81599003991621544
-8.89685086295945737      0.42367769499222796
-10.89685086403732761     10.82319697244778567
-0.89686384904897609     10.81599003843670204
 5.10316212205907327     -6.50453303251325288
-8.89683787794030856     -13.43273626266378784
-3.89683787798967618     -8.23658384003590172
14.89683787790225544      1.30838895693096346
-15.89683787799360815     -15.16478707020606009
-5.89685086300055517     -1.30837311226680630
-13.89685086358718635      5.62704454947721278
 4.89683064909706189      4.77248639845391764
-9.89685086318704954      2.15572850273509919
-11.55596584131045823     12.71146799291455487
