353    35.98479965810000181
-11.79624740631445512     -8.98348654629233501
-6.60525638207989729     -13.99239982902395241
-10.99239982918079050     10.06419659862226013
16.99239982902468427     -13.30970904664430421
-11.80140880478656484     -16.99239982902395951
10.06419659874252126     -7.30970904663445964
13.52829821390361253     -1.30970904659769616
-11.79624740631470203     -10.98348654629300647
-0.33363788797074190     -3.30006967980676080
10.01212173904967706     15.26221625803999693
11.79624740680011996     11.69029095436878762
15.26034902144997041     -4.30970904663575904
-6.60009498360743940     -5.98348654629298515
-3.96041956673523909      4.70329693499907098
-10.07539584094016405      1.39535945575683717
13.52829821388079701     -5.30970904663531229
10.06419659874296713     -9.30970904663447207
-0.99239982897680057     13.52829821391682330
15.26034902145056193     -2.30970904663575016
15.26034902145255678     -14.30970904663867493
-0.05022894449921739      8.30002143037176054
-2.07116971814451167     -2.29051560923991904
-3.80322052571686919      2.70948439077556502
 1.00824735602488857     10.06457041246356887
-15.26034902145178407     -4.98348654629168930
 3.78704846333687906     -15.99239982902399149
-7.04456683682404172      3.02174468620027126
-0.33363788797008959     -1.30006967980675547
11.79624740632475977      3.69029095347083080
-13.53087891310155300     -13.98794318762830002
-4.99239982902614354     16.99239982901162449
-3.14115476694009788     -15.99239982902389379
-6.99239982902097168     13.52829821387072684
13.52829821388162479     -9.30970904663538867
-4.99239982902093260     13.52829821387793352
-4.99265917531414161     10.03035750251135028
 4.88520659691504466      5.71944488798945017
-14.99241509071064193     13.52830702528276952
-5.53527133328053811      1.70948439076213643
 8.33214579115855258     -6.30970904660803900
11.79624740631163959     -6.30970904663483445
-4.87320557450949732     -14.99239982902368240
16.99239982901903900      6.69029095349587521
 6.01140155286945799     11.79392806326662679
 1.94977105530010308      8.30004976262602412
13.52829821480123229     10.69029095511692162
 6.60009498358898394     -7.30970904660695187
15.01534893702742934     16.99239982899104362
-6.04647501638465812      8.30203138264750606
-13.52829821388697340      0.01651345370818199
10.06419659876119077     -3.30970904660383836
-4.86804417603837081     -4.98348654629330312
-8.33214579117563225     -2.98348654629221244
-2.07116971814842410      1.70948439076911507
13.52829821388365339     -13.30970904663867316
15.26034902145689465      7.69029095350756009
-2.07116971814512540     -4.29051560923999187
13.52829821388137610     -3.30970904663526033
-10.06419659874443973     -1.98348654629192711
-5.99239982901331469     11.79624740629667201
-8.33472649039500624     -10.98794318762730171
 7.00824723381953696     13.52792465209043549
 1.39841291959880398      1.69993032019431745
13.52829821362482221      6.69029095396018558
-4.87320557450905589     -16.99239982902379609
-4.87062487525581567     -8.98794318762546141
 1.39841291958854685      3.69993032021315038
 4.59314784948579291      8.06092035924385186
15.91140411631629981     -16.99239982902490453
-5.99239982902719781     15.26034902144320604
-13.52829821388368003     -11.98348654629283416
 6.60009498362361846      2.69029095339461088
 1.39841291960465441     -2.30006967981805177
-15.07335134062211957      6.57976552852962637
16.99239982902422241     -5.30970904664430510
-3.13857406768663205     -9.98794318762494804
 3.78704846333663880     -13.99239982902397728
-15.26034902145253369     -12.98348654629289278
 4.00824737351408089     15.26072282507282374
10.71525169361216889     -15.99239982902322410
15.26034902145108951     -10.30970904663607612
-5.53527133328188103     -0.29051560923844066
12.01886709980127854     15.25832256772323525
-6.99239982903629187     10.06419659874103978
-16.99239982899736745      4.01651345373533708
 3.78704846333620848     -11.99239982902396484
 4.86804417601969153     -6.30970904660706111
11.79624740631476598     -12.30970904663868914
16.99239982899412027     16.69029095693603892
 9.00889454109552368     16.99239982901897150
-3.13857406768611735     -7.98794318762470112
-12.99239982902614265     16.99239982902425439
-6.60267568282608686     -11.98794318762733546
-12.99239982905013413     13.52829821385903131
-11.99239982905561241     11.79624740628676705
12.44730250118110604     -16.99239982902343016
-15.26034902145189065     -6.98348654629177812
 2.00760018850735777     15.26034903147490596
-8.99239982904320634     13.52829821387480536
 5.51909927090427388     -10.99239982902255797
-12.07539096784183741      1.39094443938536738
 0.00760017108082037     15.26034902147818606
15.26034902145036298     -6.30970904663576171
-16.13822226902704671     11.71207440405260947
-3.99239982901327783     11.79624740631345503
15.26034902146224148      1.69029095347030411
-15.26034902143402583     -16.99239982900035528
 6.60009498360765967     -9.30970904663950272
-9.04270088783644255      3.10811779651425502
-13.52829821388298193     -5.98348654629182608
 2.05499765576745252     -14.99239982902493828
-5.96041936854155008      4.70240654005924874
-8.99239982903656809     10.06419659874176276
 3.13599336841698451     -5.30970904664191501
 0.32294684819750236     -11.99239982902427926
 8.01212006868349036     11.79811560730476572
 8.98320088604243416     -12.99239982902189894
 6.61725740444961819      6.71944488804891282
-2.99239982896636025     10.06419659877165707
 6.60009498363529890      4.69029095339463087
 1.39841291958270486     -4.30006967983348698
-2.14850714521957809      3.85655397384608989
 2.05499765576795834     -16.99239982902496493
11.79624740623316548      5.69029095365112436
 5.00889454109547483     16.99239982902348345
16.99239982902473045     -9.30970904664430421
-16.99239982902435742     -1.98348654629246246
11.79624740631205526     -8.30970904663483445
-15.26034902144481720      1.01651345372752511
10.06419659876152295      4.69029095348061276
 6.60009498359110491     -5.30970904660553344
 1.39841291956737312     -6.30006967983349764
 0.32294684819790465     -13.99239982902429169
-6.99239982902614265     16.99239982901405455
13.41199698432309617     12.90598896266253703
 8.33214579119105991     -4.30970904660498988
-3.14115476694224860     -11.99239982902374990
-16.99239982900301982     -15.99239982899463186
-9.99239982905525004     11.79624740629986235
10.06419659886365636      6.69029095399644191
11.79624740624758594      7.69029095431790477
16.99239982901843504      8.69029095352135528
-11.05345113826282599      6.56598860145470109
-10.06419659874588568     -9.98348654629287502
-11.99239982904265034     15.26034902144495042
13.52829821481529748      8.69029095511366911
-3.80322052571370195     -3.29051560923937725
-2.99239982902614399     16.99239982902608759
 4.86804417605215622     -2.30970904660690879
16.99239982901973178      0.69029095344963076
-1.04937123610727201      6.56747570770798372
16.99239982889105960     12.69029095693359821
 5.51909927090590813     -16.99239982902372859
15.26034896279342945     11.69029105830808568
13.52829821379599018      4.69029095364013227
 4.86804417605996598      3.69029095340372892
-0.33363788796991323      2.69993032019510704
 3.13599336846306720     -1.30970904664191634
-0.99239982873463173     10.06419659880218376
 8.33214579119314003     -2.30970904660240661
 8.33214579119729670      1.69029095340291136
-4.87320557451117420     -12.99239982902366997
-16.99239982899522516      9.90365501233374879
-14.26417497430519710      4.75076754925374978
-10.06677729796383503     -11.98794318762760192
-11.07921692076985565      3.12519853493775912
10.06419659874580930     -11.30970904663882592
 6.60009498362308911      0.69029095339458357
-10.04652196762413574      4.83795687566985411
 0.32294684819822234     -15.99239982902437340
-6.60267568282519157     -9.98794318762595701
11.01213751440216804     13.53017455847090567
13.52829821388123044     -7.30970904663534693
-1.40652326011559659     -6.98794318762273825
-13.52829821388337805     -9.98348654629225507
11.79624740681634165      9.69029095436878762
 8.33214579117675314     -10.30970904663912791
16.99239982901660184      4.69029095349587521
16.99239982902369306     -15.30970904664436461
-3.13599336846974364     -5.98348654629395504
-11.65817942013189246     -0.73095776115322297
-16.99239982902170354     -13.98348654629269916
10.06419659878546291      2.69029095341612878
 9.01212583538731771     13.53016308545343982
-8.33214579117652576     -6.98348654629262455
16.99239982901905321      2.69029095349521752
-2.05022894449921722      8.30002143046703189
 0.32294684819581143     -9.99239982902427926
-16.99239982901335466     13.52049379569128718
-1.40910395937116184     -14.99239982902397372
-13.52829821388236198     -1.98348654629182364
15.26034902241550206      9.69029095519539041
 3.00824735612499472     13.52867202754353571
 4.86804417602135242     -4.30970904660702825
14.17935330874913369     -15.99239982902182966
 7.25115007847337090     -11.99239982902219204
 5.00605240760493597     10.06330501129860977
-11.79624740631346747     -2.98348654629179766
 2.00824735606770011     11.79662122000773294
-12.26422707147701985      4.73633196911477139
-15.26034902145225836     -10.98348654629231724
-0.33363788802509953     -5.30006967981433341
 7.25115007847435322     -13.99239982902332713
 8.34930821192014250      7.71944488821926988
-16.99239982902133406     -7.98348654629249133
10.71525169361140861     -13.99239982902176394
 3.00712891394455095      9.99769352989039817
12.44730250118029247     -14.99239982902175328
 6.60009498362249758     -1.30970904660546417
 3.13599336846425736      2.69029095335808233
 3.13599336846851307     -7.30970904664191412
 5.51909927090530950     -12.99239982902361490
-10.99239982902614265     16.99239982902339108
-5.04839554767488874      6.48235388483430608
11.79624740633423663     -0.30970904659855392
 0.00760017116529786     11.79624740642998759
 7.00889454109550147     16.99239982896081713
-3.80322052571246827      0.70948439076073100
-15.26292972067071929     -14.98794318762818101
-8.33730718964890194     -14.99239982902373214
-10.06419659874549666     -7.98348654629246290
-8.04647501638466700      8.30203138264836937
-16.99239982902125945     -9.98348654629253218
11.79624740635467361      1.69029095341670788
 6.60009498362185720     -3.30970904660550191
-8.33214579117603726     -4.98348654629248156
 8.98320088604333122     -14.99239982902315305
-6.60525638207821153     -15.99239982902396662
-12.99241509072524181     10.06420541013640424
 6.48318760190391519      8.71494615040017706
-4.87062487525628818     -10.98794318762591260
 5.51909927090569141     -14.99239982902370194
-14.99239982902614265     16.99239982901509904
 2.05499765576676552     -10.99239982902493828
-16.99239982902607693     16.99239929973489183
-10.06419659874513073     -5.98348654629210852
-10.06419659874468664     -3.98348654629207788
-16.99239982902118484     -5.98348654629249133
 1.00760018841026766     13.52829822391444381
13.52829821388191256     -11.30970904663561072
-4.86804417603887174     -6.98348654629352161
-6.60009498360794922     -7.98348654629318677
-7.99239982902762858     15.26034902143693195
-6.60009498360701663     -3.98348654629272714
 3.00760020590186983     16.99239982900564172
-15.99729269797919251     15.25753272444387143
-14.05849539172437268      8.30315387799578986
-13.52829821388279363     -3.98348654629182519
 8.33214579136591027      5.69029095378074956
 1.05490865461901007      6.41276119120373522
10.06419659876592476      0.69029095340246927
16.99239982847451103     14.69029095693429987
-16.99239982902129498     -11.98348654629268673
-7.49268295755821878      1.04734870227122201
15.26034902145109307     -12.30970904663618448
 4.86804417603880779     -8.30970904663945831
-1.99239982900924417     15.26034902146696837
 3.13664772595631058      6.69029084631214666
 8.00889454103271348     15.26034428119195496
15.26034902145075733     -8.30970904663577947
 8.98320088604352129     -16.99239982902362911
-10.06935799721734881     -15.99239982902452795
 8.33214579115844600     -8.30970904660814824
-3.80322052571310554     -1.29051560923934772
-7.96883255459456841      4.79536608970062517
-10.99239982904950530     13.52829821387209464
-1.40652326011714668     -8.98794318762453948
11.79624740631218316     -4.30970904663482912
-10.06677729796433951     -13.98794318762822719
11.79624740631241586     -10.30970904663485754
-8.99937294841959279     -0.29051560923809372
 3.13599336846369692      0.69029095335808299
-1.40910395937325461     -10.99239982902395241
-11.79882810553299777     -12.98794318762768185
-13.52829821388307963     -7.98348654629189536
 1.00760017113716871     16.99239982901591972
-12.04647501668912746      8.30204838639165033
16.99239982898189183     10.69029095693345610
-16.99239982902115287     -3.98348654629246290
-8.33472649039516966     -12.98794318762822186
-16.99239982887414868      6.01651345373652191
-16.99239982901718449      0.01651345373242473
 9.95262783904986570      8.91500591688348187
11.01534893702699058     16.99239982900555290
15.26034902144136929      3.69029095350678782
-11.79882810553283790     -14.98794318762916333
-10.04647501663242259      8.30203138247317618
 3.13599336846473387      4.69029095335808144
15.26034902144225391      5.69029095350753522
 7.25115007847468540     -15.99239982902355450
16.99239982902455992     -7.30970904664430421
16.99239982902467716     -11.30970904664430421
15.26034895964549776     13.69029106303285026
-13.53087891310342528     -15.98794318763096811
-5.53527133328227361     -2.29051560923884789
-11.79624740631385293     -4.98348654629182430
-15.26034902145203631     -8.98348654629186605
 8.16089700539044394      9.80365692808767442
-16.52066619025278271      7.96008423304854240
 9.87332072190951493     10.99817730577836450
-8.33730718964719308     -16.99239982902392754
16.99239982902607693     -1.30970904664430554
10.06419659876495487     -1.30970904659830123
-7.99239982903567991     11.79624740631027002
-0.99239982896871204     16.99239982902066970
10.06419659874294403     -5.30970904663444632
-9.04647501635527718      6.56998057506252220
 3.78704846333536027     -9.99239982902248514
 4.86804417605377893      1.69029095339383795
-3.99239982901707569     15.26034902144459693
-16.99239982901022827      2.01651345373440227
-11.79624740631413715     -6.98348654629200105
 6.00889454103824061     15.26034902141650385
-14.99917391516242482     10.06812524193981062
 4.00824735606772897     11.79662121993650459
 5.00824737345600024     13.52867201746626868
11.79624740633325075     -2.30970904659931398
-7.04647501635491125      6.56998057506145461
-13.26040111858806192      3.00207787356250932
-3.04757902135934433      6.48282556323728265
 2.05499765576719096     -12.99239982902493828
-13.99241509071970668     11.79625621770864718
13.52829821392332121      0.69029095341631153
-15.26034902142455429      3.01651345372775737
-7.26732214085086081     -1.29051560923834541
 2.05499765576506288     -8.99239982902492763
13.52829821389329190      2.69029095347021840
 3.13599336843231224     -3.30970904664191590
 4.86804417605293427     -0.30970904660665233
-8.33214579117692544     -8.98348654629301535
-1.99239982887945688     11.79624740629037838
-15.26034902145188710     -2.98348654629073140
-2.07116971814392503     -0.29051560923985631
15.26034902148061256     -0.30970904660375459
-15.26034902145650740     -0.98348654629068166
-13.05343495393408837      6.57403458876533531
-3.14115476694053886     -13.99239982902379076
 0.32552754745241624     -7.98794318762425348
 8.33214579119641030     -0.30970904659772347
13.01534893702734763     16.99239982900054358
16.99239982902379253     -3.30970904664430510
-2.99239982900599433     13.52829821387818576
-13.99239982904279422     15.26034902143404537
-4.04839554770483190      8.21440469242047122
-0.33363788799891686      4.69993032019687806
14.01886709982172086     15.25832256519096752
-1.40910395937098665     -16.99239982902407320
-9.99239982903622881     15.26034902144772332
-1.40910395937155219     -12.99239982902397372
-0.33363788796954408      0.69993032019339196
 1.39841291960418612     -0.30006967981610605
-8.99239982902614265     16.99239982901643131
 8.33214579121982801      3.69029095342174251
