359    36.21408097980000207
 8.10704048989170367     -1.51858322177250815
-3.10704048989227166     -8.19748684075370626
-9.10704048989168768     -11.66158845589363935
16.10704048989232007     -11.91088806718550686
-11.40843738085807857     17.10704048989255810
-6.40843738085805992     15.37498968232372754
-1.90789674167203582     -15.38370000813065630
-9.98945893959293407     -15.39017991635713045
 0.59156261914230479      3.25063402934164714
14.10704048989205184     -4.98268483691008957
-0.40843738085638276     -8.87372162364054162
12.10704048989204829     -8.44678645204785106
 8.59156261914275099     13.64293887475490763
-5.40843738085801728     13.64293887475482414
 2.10704048989228010     -11.91088806718642523
15.10704048989219750     -10.17883725961667274
 1.59156261914267905     -1.94551839336485966
 0.59156261914202968     13.64293887475490230
 4.59156261914286556     -0.21346758579572442
-13.40843738085803771     13.64293887475475309
-2.40843738085764114      1.51858322177261873
11.59156261914317554     15.37498968232383234
 3.10704048989285475     -17.10704048989315496
-17.10704048989171255     -11.66158845589596282
 3.59156261914216302     11.91088806718608062
-2.10704048989188619     -9.92953764832236097
-12.10704048989280501     -3.00133441804941503
-2.40843738085803016     15.37498968232380214
-9.40843738085803416     13.64293887475477796
11.59156261914336916     11.91088806718629023
-16.10704048989310522      7.39097042736476784
-11.10704048989306436      5.65891961979684943
-8.40843738085791337      8.44678645204806244
 1.59156261914204467     15.37498968232381280
-7.40843738085786185      6.71473564447919369
11.59156261914353081      8.44678645204870904
-8.40843738085782455      4.98268483691029473
 5.59156261914237795     11.91088806718605575
 4.59156261914235664      6.71473564447952853
-17.10704048989236981     -8.19748684075813827
 1.59156261914243080      1.51858322177284033
-5.40843738085793735     10.17883725961700314
15.59156261914375285     15.37498968232428354
 9.10704048989203940     -10.17883725961684505
10.10704048989171433      1.94551839336531507
-16.10704048989332549     10.85507204250280466
-6.10704048989278725     -3.00133441804737400
-2.40843738085780679      4.98268483691039776
-15.07541253498671807     -17.10704048989159531
 3.59156261914338604     -5.40962000850222413
 9.10704048989169657      0.21346758579638433
-13.40843738085807857     17.10704048989259363
-14.10704048989319759     10.85507204250340330
10.59156261914321107     10.17883725961740282
-1.40843738085800951     13.64293887475492539
-15.04536598988851814     -13.66063729373877855
-3.40843738085754255     -0.21346758579633177
15.10704048989211934     -6.71473564447892901
-5.40843738085772952      3.25063402934137935
 5.10704048989198878     -10.17883725961710617
-11.40843738085797732     10.17883725961692143
-16.10704048989303772      3.92686881222611239
-11.10704048989285297     -1.26928361047968941
-8.10704048989254034     -6.46543603318615645
 2.59156261914218478     17.10704048989278192
 2.59156261914346153     -7.14167081607114440
-3.40843738085784764      6.71473564447926474
-10.10704048989302883      3.92686881222799311
-3.10704048989155224     -11.66158845589332493
-4.92283397331453898     -17.10704048988796444
17.10704048989239467     -3.25063402934133094
-14.10704048989280679     -3.00133441804980627
16.10704048989258652     -15.37498968232333674
10.10704048989200565     -8.44678645204794520
 7.10704048989167791     -3.25063402934145973
 0.59156261914204733     17.10704048989279968
-11.10704048989298087      2.19481800465825838
 2.59156261914299701     -3.67756920093355344
-17.10704048989316206     16.05122446521020763
 7.59156261914321195      1.51858322177338212
16.10704048989217085     -8.44678645204777645
12.10704048989188841     -1.51858322177242933
-15.10704048989171078     -11.66158845590347859
-17.10704048989301285      2.19481800465685684
-10.10704048989280501     -3.00133441804854906
 1.59156261914364272     -8.87372162364012596
15.10704048989217618      7.14167081607177323
 4.59156261914223318     10.17883725961724295
11.10704048989183512     -3.25063402934129630
-13.10704048989285297     -1.26928361048056448
 9.59156261914330877      4.98268483691107900
-0.90789674164771750     -13.65164920057581988
-10.98945893981723643     -13.65812910889516019
-4.10704048989251813     -6.46543603318497162
-13.10704048989236270     -8.19748684075693568
14.10704048989254211     -15.37498968232340602
 1.59156261914216812      8.44678645204828982
-1.40843738085770287      3.25063402934155876
14.10704048989203052      1.94551839336525001
-11.10704048989169124     -11.66158845589487214
14.10704048989226145      8.87372162364074235
-4.40843738085798975     11.91088806718594384
 0.10704048988552446     -15.37498968232852192
 6.10704048989171966     -4.98268483691038799
-2.40843738085798842     11.91088806718597937
13.10704048989213533     -10.17883725961670294
-1.40843738085729098     -3.67756920093399398
-6.40843738085782011      4.98268483691031872
-0.40843738085798775     11.91088806718603266
17.10704048989241244      3.67756920093410189
-17.10704048989316206      9.12302123493370232
 2.59156261914238684      3.25063402934175372
 3.10704048989197990     -10.17883725961730867
-10.10704048989299508      0.46276719708937303
 4.59156261914330521     -3.67756920093330075
 3.59156261914237218      4.98268483691064201
-7.96359843669961709     -15.37498968239021835
-1.40843738085791648     10.17883725961710617
-13.10704048989169301     -11.66158845589496806
-15.10704048989298798      2.19481800465718146
17.08950796818638906     17.10703798661788255
11.10704048989170722      0.21346758579640093
-8.10704048989202875     -9.92953764832456010
-12.40843738085806613     11.91088806718584614
-16.10704048989205717     -9.92953764832686403
-4.94321620488655356     -13.65486756420664705
-17.10704048989027726     -13.66158845589615822
 5.59156261914256714      4.98268483691076902
-9.40843738085807857     17.10704048989262205
-12.40843738085807324     15.37498968232366003
-6.40843738085791159      8.44678645204809975
-0.40843738085777498      4.98268483691047948
12.10704048989253323     -15.37498968232349839
-3.40843738085806791     17.10704048989268600
-12.10704048989300041      0.46276719708910857
 0.59156261914399011     -10.60577243120920343
-0.40843738085743742     -1.94551839336502019
 6.59156261914245256     13.64293887475493072
 4.59156261914223585     13.64293887475495737
 8.59156261914296415      6.71473564447975679
-14.10704048989203940     -9.92953764832620855
 8.10704048989249948     -15.37498968232371510
-8.10704048989298620      0.46276719709026437
 5.59156261914284780      1.51858322177316252
-4.40843738085788672      8.44678645204811929
-3.40843738085793557     10.17883725961704933
 1.10704048989284409     -17.10704048989317272
-2.40843738085743730     -1.94551839336514831
-14.40843738085810521     15.37498968232361030
-6.10704048989252257     -6.46543603318586158
-0.89295951014659569     -17.10704048988816695
-2.90789674171853818     -13.65164920058554721
-5.10704048989227299     -8.19748684075459444
17.10704048989246928     -13.64293887475433387
-15.10704048989316206      9.12302123493392969
10.10704048989228099     -11.91088806718576087
14.10704048989205006     -1.51858322177244864
-11.10704048989235559     -8.19748684075624645
17.10704048989243731     14.06987404634740102
 9.10704048989171788     -3.25063402934138024
 7.10704048989199855     -10.17883725961697650
-12.10704048989254922     -6.46543603318743987
-9.40843738085786363      6.71473564447915638
 6.10704048989189197     -8.44678645204814060
 4.10704048989228099     -11.91088806718616055
 3.10704048989246084     -13.64293887475519718
-12.01531944251797057     -15.37498968244213771
-13.10704048989298265      2.19481800465799815
-8.98945893944787500     -13.65812910887199294
 5.10704048989177828     -6.71473564447932869
10.10704048989171611     -1.51858322177248484
-5.40843738085786097      6.71473564447922300
14.10704048989207493      5.40962000850293379
13.59156261914356811     15.37498968232407037
 0.59156261914219133      6.71473564447939619
-7.10704048989228099     -8.19748684075488399
15.10704048989212289      0.21346758579640954
-4.10704048989188575     -9.92953764832324737
-10.10704048989203407     -9.92953764832495089
-2.40843738085787429      8.44678645204819034
-6.96359843658513622     -17.10704048989316206
13.10704048989193105      0.21346758579642974
-11.01531944231238214     -17.10704048989250836
-16.10704048989280679     -3.00133441805040180
-14.10704048989309634      7.39097042736494458
 6.59156261914250052     17.10704048989261139
-13.04536598864389063     -13.66063729369166424
 7.10704048989245951     -13.64293887475484546
 7.59156261914282027      4.98268483691093333
-16.10704048989257942     -6.46543603318857318
-8.10704048989280501     -3.00133441804827106
-1.40843738085681514     -7.14167081607181053
15.10704048989293824     -17.10704048989246928
-5.10704048989163883     -11.66158845589226623
-11.40843738085803416     13.64293887475471401
16.10704048989222414      1.94551839336525734
15.10704048989239290     10.60577243120956936
-16.07541253565279504     -15.37498968270690014
11.10704048989245862     -13.64293887475464651
-5.40843738085807857     17.10704048989267534
 9.10704048989285653     -17.10704048989267534
14.59156261914353792     17.10704048989304482
-13.10704048989308035      5.65891961979595504
-17.10704048989315140     12.58712285007181464
-6.94321620508200965     -13.65486756422537873
-12.10704048989309634      7.39097042736570753
-4.40843738085781833      4.98268483691030806
16.10704048989231651     -4.98268483691016328
 8.10704048989174808     -4.98268483691030095
-1.40843738085801817     17.10704048989267534
-7.10704048989285120     -1.26928361047853433
 0.59156261914325581     -7.14167081607145615
-12.10704048989302883      3.92686881222710760
-5.94321620495427450     -15.38691837173642440
 5.59156261914235397      8.44678645204842127
-15.10704048989285653     -1.26928361048088134
10.10704048989253145     -15.37498968232359609
-4.40843738085805370     15.37498968232374708
 6.59156261914322616     -0.21346758579550257
11.10704048989288850     -17.10704048989259363
 4.59156261914229447     17.10704048989262560
 7.10704048989285653     -17.10704048989282100
 6.59156261914255115      6.71473564447965554
-4.40843738085745507     -1.94551839336527532
-16.10704048989333614     14.31917365764114791
-3.40843738085729298     -3.67756920093410899
-7.40843738085807857     17.10704048989261139
 4.59156261914255204      3.25063402934186874
 5.10704048989285475     -17.10704048989299864
 4.10704048989187687     -8.44678645204828271
 9.59156261914307251      8.44678645204860423
 6.59156261914283537      3.25063402934204682
11.10704048989209447     -10.17883725961677399
 0.59156261914248198     -0.21346758579609565
10.10704048989180670     -4.98268483691021125
-0.40843738085707837     -5.40962000850276148
-6.10704048989202875     -9.92953764832361507
-3.92283397323254590     -15.37498968234965346
12.59156261914361608     10.17883725961755204
-3.40843738085801418     13.64293887475485434
 7.59156261914256625     11.91088806718611615
-8.96359843686430580     -17.10704048988803905
14.59156261914375641     13.64293887475523448
 2.59156261914262132     -0.21346758579592714
14.10704048989210335     -8.44678645204780665
10.59156261914339048      6.71473564447991045
-16.10704048989306969      0.46276719708791947
-8.40843738085799686     11.91088806718585325
10.59156261914302988     13.64293887475497336
-3.40843738085771042      3.25063402934146373
-10.40843738085801640     11.91088806718583726
15.10704048989211579      3.67756920093408013
-15.10704048989264692     -4.73338522561919195
 7.59156261914263464     15.37498968232372221
-12.10704048989203407     -9.92953764832579644
 9.59156261914295705     11.91088806718613391
-14.04536598910997292     -15.39268810099151352
17.10704048989294535     -17.10704048989234494
-17.10704048989286008     -1.26928361048141380
-0.40843738085798259     15.37498968232378793
13.10704048989203763     -6.71473564447896276
 5.59156261914234598     15.37498968232377372
12.59156261914319686     17.10704048989283166
 7.59156261914268526      8.44678645204847278
13.10704048989245862     -13.64293887475457723
-7.10704048989166637     -11.66158845589434101
17.10704048989230230     -10.17883725961661767
 9.10704048989245862     -13.64293887475474953
 3.59156261914291974     -1.94551839336463228
16.10704048989235204      8.87372162364063044
 6.59156261914248898     10.17883725961724295
 3.59156261914221187      8.44678645204834844
13.10704048989196657      3.67756920093409168
 9.59156261914277763     15.37498968232377905
-13.10704048989264692     -4.73338522561860042
13.10704048989291515     -17.10704048989250126
 3.59156261914256847      1.51858322177298133
17.10704048989237691      0.21346758579637362
-1.40843738085784742      6.71473564447932070
-9.10704048989264692     -4.73338522561733832
12.10704048989199855      5.40962000850304570
 0.59156261914211017     10.17883725961715236
17.10704048989239467     -6.71473564447901250
11.10704048989187598      3.67756920093417872
 8.59156261914277408     10.17883725961732999
-4.40843738085764159      1.51858322177254612
 5.10704048989246040     -13.64293887475499822
-7.40843738085774017      3.25063402934139489
 6.10704048989228099     -11.91088806718601667
 2.59156261914213326     10.17883725961719854
-1.40843738085753700     -0.21346758579619901
12.10704048989228099     -11.91088806718566495
17.10704048989244441     10.60577243120950719
 5.59156261914324748     -1.94551839336439136
 1.09452868678717907     -13.63576126359320639
12.10704048989191506     -4.98268483691012776
11.10704048989195059     -6.71473564447902938
-13.10704048989316206      9.12302123493454609
 4.10704048989249149     -15.37498968232406682
-5.40843738085755010     -0.21346758579638586
13.59156261914370845     11.91088806718638438
-15.10704048989308035      5.65891961979580849
13.10704048989195236     -3.25063402934126966
-6.40843738085772774      1.51858322177248084
 1.59156261914210151     11.91088806718606108
-2.92283397318861971     -17.10704048989316917
-7.10704048989264692     -4.73338522561705677
-11.10704048989264692     -4.73338522561825048
-15.10704048989315140     12.58712285007230669
 8.59156261914319153      3.25063402934227019
16.10704048989223480      5.40962000850289559
-17.10704048989308035      5.65891961979520186
-15.10704048989236270     -8.19748684075749168
-0.40843738085787268      8.44678645204823653
-10.40843738085806969     15.37498968232363694
-9.10704048989234494     -8.19748684075586098
 7.10704048989181558     -6.71473564447921767
12.10704048989179249      1.94551839336524024
 8.10704048989228099     -11.91088806718586213
-10.10704048989254922     -6.46543603318708726
-14.10704048989302883      3.92686881222685003
-9.10704048989285120     -1.26928361047942095
15.10704048989216552     -3.25063402934126788
 6.10704048989249948     -15.37498968232385721
-9.10704048989297732      2.19481800465914612
 8.10704048989190973     -8.44678645204804113
-10.40843738085791514      8.44678645204805179
-17.10704048989265758     -4.73338522561947705
16.10704048989233783     -1.51858322177248617
-14.10704048989255099     -6.46543603318810511
-5.10704048989264692     -4.73338522561616948
-1.10704048989151360     -11.66158845589102278
 0.59156261914275654     -3.67756920093378570
 9.10704048989188131     -6.71473564447913240
 3.59156261914217634     15.37498968232381635
 2.59156261914223851      6.71473564447944238
 2.59156261914211283     13.64293887475494493
-14.10704048989301462      0.46276719708822356
-6.40843738085799508     11.91088806718587989
 1.59156261914225361      4.98268483691055408
-2.40843738085712200     -5.40962000850297642
17.10704048989233073      7.14167081607172527
-13.01531944320842804     -17.10704048987687287
-17.10703825510323384     -17.10703445777792453
 2.10704048988593140     -15.37498968232030450
-8.40843738085806258     15.37498968232367780
-7.40843738085794712     10.17883725961695873
-15.40843738085807857     17.10704048989270376
-9.40843738085795067     10.17883725961694985
-7.40843738085801995     13.64293887475480105
 8.59156261914269948     17.10704048989264336
 1.59156261914308805     -5.40962000850248259
13.10704048989213533      7.14167081607185228
14.10704048989230230     -11.91088806718560988
-0.40843738085761727      1.51858322177272465
15.10704048989245862     -13.64293887475446354
12.59156261914346153     13.64293887475512079
10.59156261914290198     17.10704048989263626
16.10704048989244086     12.33782323877843545
