362    36.35119920510000213
-7.17559960254116280     -17.17559960253809592
-16.38485975597780353     -4.93049949552393230
-0.17559960273879704     -1.58714233430330709
17.17559960253792894      3.35149673634371670
-15.44354879497045374     15.99791003855714955
 2.82440039729444248     -10.24739637216794286
-5.17559960254116191     -17.17559960253800710
-5.17559960254158202     -13.71149798739989478
-12.17559960271052510     -8.51534556460007686
-2.17559960273754482     -5.05124394944179222
-4.35271503374701929     12.36008495046574218
-1.17559960273705233     -6.78329475701120543
15.17559960252846629     -3.57670649392006412
-8.17559960264260788     -11.97944717977278728
-13.67385859027949024     11.01506954169150099
17.17559960253991136     -0.11260487878843296
13.82440039745875104     -15.44354879497221056
12.17559960249778683     -1.84465568634031940
 0.64728496628382082     10.62803414292177351
15.17559960253355200      3.35149673634575729
10.17559960249775308     -1.84465568634059407
 9.82440039735746318     -11.97944717977407691
-1.17559960254116191     -17.17559960253850804
-11.49874113884242455      5.68535554263858955
-3.35271503371081092      7.16393252777688527
17.17559960253797158      6.81559835148107318
 4.64728496629629539      0.23572929750243696
-15.18930294620467336     -3.32717672246633711
14.17559960250479811     -8.77285891661214201
 4.82440039745842508     -13.71149798740041170
-10.35271503374394086      1.96778010383141599
 2.82440039745883986     -17.17559960253850804
 6.82440039726185343     -3.31919314187361492
-3.17559960254158113     -13.71149798739988235
-8.17559960274016184     -5.05124394944210220
 7.12162644766551001     17.17559960254002860
 9.17559960249762696     -0.11260487877178905
-15.17566191306983647     -6.78333073342568227
 4.82440039726294856     -6.78329475701200213
15.12162644767381714     13.71149798740090908
-15.44354879496809474     13.99791003855714955
 3.64728496629268939      5.43188172021166871
-4.35271503370956037      5.43188172020728643
-16.18930289213155405     -8.50743396860822010
15.17559960253739071     10.27969996661876628
-3.17559960254116236     -17.17559960253804618
-5.82705651509741607     17.17559960253769091
-17.17551458076295035     17.17544262306126157
-4.17559960273886954     -1.58714233430407514
-13.39856310291559360      0.24191804218489618
10.12162644766775799     11.97944717983457430
 0.64728496629629539      0.23572929750294072
-6.35271503370715607      1.96778010506814516
11.12162644766795339     10.24739637226579880
14.17559960253342588      5.08354754391460961
10.12162644767176367     15.44354879496973076
 2.82440039726184233     -3.31919314187304337
 2.12162644762358665     15.44354879498770394
-17.17559960253676721      4.89884314569638324
-8.82705651509663980     15.44354879496604838
-2.35271503370732127      5.43188172020996163
16.17559960253775486      8.54764915904987177
 3.82440039745859117     -15.44354879496940569
 7.12162644766546915     13.71149798740404080
-1.35271503371644419     10.62803414291789217
 0.82440039729442893     -10.24739637216737087
 6.12162644766365283     15.44354879497221233
 8.12162644766587682     11.97944717983531149
 2.64728496629629539      0.23572929750268573
 7.82440039726122016     -1.58714233430437157
-9.17559960274294184     -3.31919314187473002
-5.35271503374132163      7.16393252775793776
14.12162644767282416     15.44354879496970234
 6.12162644765691244     11.97944717983979857
 4.12162644763010988     11.97944717985349783
13.12162644767256658     17.17559960253847606
-5.35271503374457058     10.62803414289543191
11.12162644767211539     17.17559960253849027
12.17559960252242668      1.61944592878308158
14.17559960250371631     -5.30875730147465319
-6.17559960273754527     -5.05124394944290867
 3.12162644762828201     13.71149798742143311
-7.17559960273952857     -6.78329475701064410
12.12162644767237829     11.97944717983215490
10.17559960249731610      1.61944592879726779
-7.82705651509741607     17.17559960253723261
15.17559960253727347      6.81559835148127036
 7.12162644765743558     10.24739637227121847
 0.82440039726294789     -6.78329475701143636
 5.82440039735746318     -11.97944717977324203
-13.17566191310129575     -3.31922911826976463
-11.35271503268406335      0.23566519108749467
-5.82705651509098832     13.71149798739731196
 3.82440039735746362     -11.97944717977328466
-5.17559960273815634     -3.31919314187338932
-1.35271503370603519      3.69983091264137176
 9.12162644767146880     17.17559960253846540
-2.35271503375273605     15.82418656561104342
-6.17559960270884911     -8.51534556459672309
10.82440039745842597     -13.71149798740115955
 7.82440039745859117     -15.44354879497024058
-12.49874113884393090      7.41740635020659855
 6.12162644763227259      8.51534556471676041
-0.17559960270868261     -8.51534556459669467
-12.17559960254144968     -15.44354879497046440
-5.17559960270581421     -10.24739637216685217
 0.82440039726184255     -3.31919314187279557
 9.12162644766620012     10.24739637226657507
-8.17559960270888020     -8.51534556459721692
13.17559960253152163      3.35149673634682443
 6.82440039726295034     -6.78329475701207762
-13.17559960389809071     -6.78329475771575119
-5.35271503370820234      3.69983091263762587
-8.35271503374068658      5.43188172018654214
13.82440039735748449     -11.97944717977635420
 7.12162644763320074      3.31919314201004267
-15.44247124985891340     11.99791032855984518
-9.82705651508722511     10.24739637225568600
 1.64728496628769938      8.89598333535168884
-15.47310744548436645      5.94837659212633518
 8.82440039726185432     -3.31919314187365355
13.17559960250394013     -7.04080810904369070
 8.12162644763300356      5.05124394957921652
-11.17559960254117257     -17.17559960253920082
15.12162644767278508     17.17559960253862172
 5.64728496629532817      1.96778010507187262
-6.82705651508854228     11.97944717982700880
11.12162644766703679      6.78329475712898144
-2.17559960254141238     -15.44354879496892430
-9.17559960270720865     -10.24739637216706356
-11.82705651509741607     17.17559960253542783
10.82440039726298409     -6.78329475701191864
10.82440039745883986     -17.17559960254150653
-17.17559960252935625     -6.76754345122339629
 7.82440039735746318     -11.97944717977317097
-17.17559960253448281     -3.09345553589339861
-1.35271503375239677     14.09213575804236207
12.17559960249810125     -5.30875730147814906
 1.12162644762448327     13.71149798741830850
-4.17559960273754527     -5.05124394944208177
12.82440039745886828     -17.17559960254120455
15.17559960251760032     -10.50490972417386182
10.12162644766653585      8.51534556469773563
10.82440039729464942     -10.24739637216891985
12.82440039745842952     -13.71149798740351322
-4.82705651509623923     15.44354879496938437
-14.17559960264411956     -11.97944717977617124
-9.82705651509104783     13.71149798739383918
-9.17559960274004638     -6.78329475701104645
-9.82705651509741607     17.17559960253560902
-3.17559960270564234     -10.24739637216715948
-3.35271503375239810     14.09213575803772578
-15.17559960383254491     -10.24739637289137661
-9.35271503371143176      0.23572929628129582
-14.18930294623729260     -1.59512591487862543
16.12162644767697728     15.44354879497142008
 2.12162644762908759     11.97944717985206609
-14.17566191306874934     -5.05127992585743257
 5.12162644765546649     13.71149798740786530
-1.17559960273815722     -3.31919314187255399
-17.17559960253598206     12.99791003855535187
-4.17559960254141327     -15.44354879496893851
-11.37044126739770178      3.68947499937271894
16.17559960252924967     -5.30875730148849012
14.82440039745854676     -13.71149798740270498
-5.17559960273707098     -6.78329475701151630
-8.82705651508876343     11.97944717982546692
-11.17559960274282993     -6.78329475701254836
16.17559960251712070     -8.77285891660469375
15.82440039745875104     -15.44354879497152133
13.12162644767266251     13.71149798740087533
17.17559960253936424     -3.57670649392463647
 8.82440039745842597     -13.71149798740126613
 7.82440039726246983     -5.05124394944292288
-17.17559960254186890     -17.17559960254185114
 8.82440039745883986     -17.17559960253932516
-16.17559960326229174     -15.44354879455703689
-15.17559960254175166     -13.71149798740415093
 8.12162644766708475     15.44354879497202049
-1.35271503370872459      7.16393252777966705
-15.43537463886969441      7.98786102659219477
15.17559960250448725     -7.04080810904308496
 0.82440039745883786     -17.17559960253844409
 5.82440039726122016     -1.58714233430380003
-5.35271503370370993      0.23572929750117380
-0.17559960264253610     -11.97944717977269846
-3.35271503370370505      0.23572929750219548
-2.17559960264253593     -11.97944717977267004
 1.82440039745858940     -15.44354879496942345
-0.35271503370731933      5.43188172021104432
-11.17559960270774511     -10.24739637216748456
 4.82440039729445225     -10.24739637216802635
-6.35271503374006663      5.43188172018811688
-6.17559960254141416     -15.44354879496888167
 5.12162644763164465     10.24739637228537958
 5.12162644763269892      6.78329475714750796
 1.64728496629532262      1.96778010507238665
17.17559960254131113     -13.96901133929795868
 4.64728496629398169      3.69983091264180119
 0.12162644759479790     15.44354879497036848
-13.82705651509742140     17.17559960253862883
-17.05155199375172970     -1.09730619509865024
-1.35271503370370461      0.23572929750291771
 4.82440039745883986     -17.17559960253840501
 0.82440039745842331     -13.71149798740041348
 2.64728496629127719      7.16393252778134570
-6.17559960264255814     -11.97944717977241247
 9.12162644765791164      6.78329475713372787
11.82440039735747206     -11.97944717977398632
 8.12162644763350805      1.58714233444133646
16.17559960253800710     -1.84465568635630772
-12.17566191310257473     -1.58717831070014914
-15.17559960254155271     -17.17559960254178719
 2.64728496629398169      3.69983091264204234
 6.82440039745842597     -13.71149798740036196
-0.35271503371230051      8.89598333535063013
-15.38485975926517924      0.00819685578011335
-7.35271503371143087      0.23572929750173649
17.17559960253815987     10.27969996661852825
 1.82440039726121639     -1.58714233430355689
16.17559960254116191     -12.23696053172913700
-12.17559960393076146     -5.05124395012801131
-6.82705651509658296     15.44354879496792954
-14.17559960254144968     -15.44354879497286781
-15.44354879495552879      9.99791003857899518
 3.12162644764899211     17.17559960254196127
-9.82705651508466183      6.78329475711810570
 1.82440039729134895     -8.51534556459671066
11.82440039745859295     -15.44354879497248589
11.17559960252226325      3.35149673635186485
-11.17559960393163543     -3.31919314255862874
-7.17559960270695907     -10.24739637216670651
14.17559960253161755      1.61944592877799387
11.12162644767210651     13.71149798740094816
-3.17559960273707009     -6.78329475701094431
-2.17559960273882158     -1.58714233430340990
-2.35271503370469626      1.96778010507170298
 7.12162644763271047      6.78329475714795649
-4.35271503374266100      8.89598333532762453
11.17559960249763940     -0.11260487877148853
 4.82440039726184189     -3.31919314187303716
-3.35271503374411095     10.62803414289764525
-10.82705651508998024     11.97944717982319318
-13.18757905248724072     15.24395504716614447
17.17559960253842277     13.74380158175594602
-1.17559960254158069     -13.71149798739993564
-7.35271503374176305      7.16393252775604772
-4.17559960264253593     -11.97944717977255280
-9.17559960254161311     -13.71149798740008308
-17.17559960251115925      2.89884314569636858
-3.17559960273815678     -3.31919314187271253
-17.17559960253811013     10.99791003855531990
14.12162644767341213     11.97944717983221885
 3.82440039729136005     -8.51534556459728265
 2.82440039726294856     -6.78329475701143458
 9.82440039745859117     -15.44354879497014288
 9.82440039729141468     -8.51534556459721692
16.17559960253775131     12.01175077418744053
-10.82705651509667177     15.44354879496623312
 8.82440039729463699     -10.24739637216795707
11.82440039729143066     -8.51534556459817260
-7.17559960254160867     -13.71149798739977754
12.17559960253100115      5.08354754391573493
-8.17559960254142304     -15.44354879496900601
 9.82440039726248671     -5.05124394944288113
 7.82440039729141468     -8.51534556459734127
 8.12162644765770203      8.51534556470248560
-14.95065851095339404      1.96052137979032293
 1.64728496629268073      5.43188172021165627
14.82440039745898730     -17.17559960254095586
14.17559960253705320      8.54764915905007250
-10.82705651508617528      8.51534556468617687
17.16832799882076088     -17.16369718689365698
 2.82440039745842375     -13.71149798740045078
17.17559960254185114     -7.04080810905009180
-7.82705651509102918     13.71149798739569370
-0.35271503370467799      1.96778010507237289
13.17559960249793072     -3.57670649390911644
-10.17559960264266650     -11.97944717977320472
-0.87837355240578296     17.17559960253931095
-1.17559960270563924     -10.24739637216733001
-11.17559960254162910     -13.71149798740058756
17.17559960254088125     -10.50490972415989965
 6.64728496629629628      0.23572929750244562
 9.12162644763320074      3.31919314201039350
-2.35271503371246693      8.89598333534671859
-9.36952272131594199      3.70946254372611994
 1.82440039735746384     -11.97944717977323847
 4.12162644765369990     15.44354879497575972
-8.35271503374372593      1.96778010505231471
-8.17559960274084929     -1.58714233430706075
-7.82705651508720290     10.24739637225735578
-16.17566191234600836     -11.97941120578123453
-14.17559960389917428     -8.51534556528400799
-4.35271503370473223      1.96778010507066581
-11.82705651508944911     10.24739637225329147
11.17559960249791828     -3.57670649390937667
13.12162644767281883     10.24739637226341493
 3.64728496629532284      1.96778010507213019
-7.17559960273815634     -3.31919314187438275
-13.49806611836277526      5.63339761479325229
-10.17559960274390818     -5.05124394944304900
-7.35271503373911095      3.69983091261857355
-0.35271503372290447     12.36008495049049927
 4.12162644763227171      8.51534556471613868
-2.35271503374698066     12.36008495046941214
-8.82705651508573830      8.51534556468762993
 5.82440039729138270     -8.51534556459737679
-17.17559960253747775      6.99791003855515203
-0.17559960273754122     -5.05124394944203647
-6.35271503374320368      8.89598333532576291
-12.17559960264283347     -11.97944717977391527
-11.82705651509110290     13.71149798739412695
12.12162644766851649      8.51534556469701442
-0.17559960254141205     -15.44354879496940569
-12.37038640232593778      1.95739251659848579
 8.82440039726295922     -6.78329475701203499
17.17527089492792314     17.17503721177305209
15.17559960253190177     -0.11260487879081454
14.17559960252267892     -1.84465568635452737
-10.17559960270915553     -8.51534556459775871
-6.17559960273902497     -1.58714233430498997
-13.70181389657516924     13.01487415736022335
 5.82440039745859117     -15.44354879496933464
 6.82440039729452419     -10.24739637216801746
-3.82705651509741607     17.17559960254179074
13.17559960252254037     -0.11260487878573001
-9.17559960254116902     -17.17559960253832330
 1.12162644759422236     17.17559960254003570
 6.82440039745883986     -17.17559960253926121
-13.70159512279658820      9.01526187974899784
 3.12162644763082353     10.24739637228418587
-17.17559960253064943      0.89884314569636570
12.12162644767239073     15.44354879496967037
-15.44354879495342381      3.89884314571684243
-2.17559960270873276     -8.51534556459647263
13.17559960253302087      6.81559835148352189
 5.12162644766170860     17.17559960254011742
 3.82440039726246006     -5.05124394944227273
-13.17559960271061215     -10.24739637216890387
 3.82440039726121883     -1.58714233430380625
-10.17559960392998164     -1.58714233499070279
-17.17559960253841567     -10.24732442466116744
 0.64728496629396648      3.69983091264203567
-4.17559960270876385     -8.51534556459623104
 1.82440039726245962     -5.05124394944227717
-17.17559960254175166     -13.71149798650168528
-10.17559960254143903     -15.44354879496953359
 9.12162644766746133     13.71149798740330361
-17.17559960251128715      8.99791003855517957
 5.82440039726246717     -5.05124394944284649
16.17559960253384688      1.61944592877700422
-13.46119691269895569      3.63373747825161342
 0.64728496629127663      7.16393252778074441
16.17559960253747775      5.08354754391240693
10.12162644765804664      5.05124394956492750
-13.17559960254118678     -17.17559960254166285
-13.17559960254173035     -13.71149798740150594
-3.35271503370606272      3.69983091264035036
 6.12162644763295383      5.05124394957877776
12.82440039729466363     -10.24739637216881682
-17.17559960253892726     14.99791003855559346
