368    36.47630134731834772
-17.23815067365701026      3.03969177894750109
-8.62495800839779925     -14.19845889471875999
 6.89290720083651642     -13.15876711576355618
 1.72028546441483399     -2.03969177894241671
-17.23815067365757159     -9.11907533684028415
-13.79757974481351646     -13.15876711578356684
-0.01176534314739462     -9.11907533682539118
 0.01176534315536624     17.23815067365782738
13.77404905852353068     -5.07938355786929829
-15.52963055238518031     -6.07938355789408913
-10.35700881597285239      9.11907533683632110
-1.72028546442571573     -4.07938355788934448
-10.35700881596606848     -15.19845889471982048
 1.74381615070935658      0.00000000000000273
-15.52963055238542900     -0.00000000000002460
 3.45233627199626270     -15.19845889471143252
-13.77404905852808881     15.19845889473440792
-10.33347812967854473      7.07938355789439200
-15.52963055238528156      6.07938355789412999
-12.06552893725176290     -14.15876711579590896
17.23815067365890030     -7.07938355787361662
-8.62495800840690841     -2.03969177894681053
 5.18438707954672573      4.03969177895265030
-1.72028546442848551      0.00000000000001129
-13.79757974481655225      1.00000000000001532
15.52963055238437562     -8.11907533681662485
-6.89290720083817465     -5.03969177894687625
 8.62495800839580085     -0.00000000000005511
-3.45233627198790938     -13.15876711577297620
-12.06552893724755471      0.00000000000001170
 5.16085639327011059     10.15876711575950964
 1.72028546442151287      8.11907533682557592
 6.89290720083914632      9.15876711575963931
-1.72028546441898422     12.15876711577319824
-1.72028546443221031      8.07938355790008700
17.23815067365676867     -3.07938355786033346
-15.52963055238234702     -12.15876711578345137
13.79757974481548288      7.11907533681644011
12.06552893724640718     -8.11907533681642413
-8.62495800839784366     14.19845889471885236
17.23815067365666209     -13.15876711576174429
-13.79757974481404936     -11.15876711578235003
 1.72028546442761376     14.19845889471097955
12.06552893724716924     14.19845889470879641
-15.50609986609010882     14.19845889472224343
-5.16085639326609247      8.11907533683675631
 8.62495800840673787     16.23815067365667275
-0.01176534315408951     -3.03969177894233678
10.35700881597557732     17.23815067365680065
-10.33347812967630475     -11.15876711578261293
 8.60142732210929317     -14.19845889470867561
 3.42880558570106952     11.15876711575951674
-6.89290720083803254      3.03969177894687403
-3.45233627198204518     -17.23815067365767817
17.23815067365692144     11.15876711576169988
-15.52963055238228662     12.15876711578335190
15.50609986608780666     -12.15876711576166613
-15.50609986608801805     -4.03969177894751752
-10.33347812968316326     13.15876711579430136
-6.89290720084166519     -11.11907533684772886
 8.60142732211073735      8.11907533681244686
15.52963055237599121     -2.03969177892830178
 8.62495800839976390     -6.07938355787906204
13.79757974481187865     -3.03969177893655385
-5.16085639325995427     -14.19845889471929645
-0.01176534313914614     -13.19845889470725098
-6.89290720083508290     -9.11907533683667104
17.23815067365903175      5.07938355787325602
10.35700881595974643      1.00000000000848810
 8.62495800840586391     10.15876711576338032
-6.89290720084172293     11.11907533684784788
 3.42880558570116056     -11.15876711575936575
-12.06552893724752451      8.07938355789429430
 5.18438707955922418     -8.11907533682600047
 5.18438707956518208     14.19845889471138456
 0.01176534314309490     -5.07938355788953633
 6.89290720083106656     -5.07938355787871743
13.79757974481546157     -7.11907533681650140
12.06552893724621711     10.11907533681640814
13.79757974481623251     -13.19845889470881772
15.50609986609049429      0.00000000000006955
-3.42880558570346361     -9.11907533684765248
 8.60142732211074090     -8.11907533681236515
15.50609986609221913      4.07938355786913309
15.52963055238439338      8.11907533681654314
-5.16085639327250956     -10.11907533684759208
-0.01176534314131500     -15.19845889471097777
 0.01176534314312975      5.07938355788948837
15.50609986608750646     -16.23815067365616827
-17.23815067365699605     -3.03969177894751397
-17.23815067365679354     -1.03969177894749709
10.33347812967974910      7.11907533681251437
15.50609986608811575     10.15876711576157554
-13.77404905851974171      9.11907533684042804
 1.72028546442735930     16.19845889471134370
-15.50609986608789015     -2.03969177894750509
-1.72028546442854990     -1.99999999999998934
 8.62495800840558857     -12.15876711576342295
12.06552893724303388      4.03969177893674392
10.35700881597466783     11.15876711576356151
-3.45233627198763315     -11.15876711577282343
-15.50609986609711299     -16.19845889473556610
-8.60142732210974792      0.00000000000000052
 6.89290720083802988     -15.23815067365641163
 3.45233627199049797      7.11907533682576243
 1.72028546441488905      2.03969177894239539
-10.35700881597584733     -3.03969177894670572
-10.33347812968317214     -13.15876711579428537
-13.77404905851899386     -3.03969177894753706
13.77404905852340633      5.07938355786937645
-5.18438707954906164     16.23815067365449494
-13.79757974481400673     11.15876711578230562
-0.01176534313927376     13.19845889470743217
-17.23815067365738329     -7.11907533684017402
 1.72028546442127261     10.11907533682579796
-10.33347812967381962     17.23815067365917386
-17.23815067365699250     -11.11907533684140859
17.23815067365719855     -9.15876711576167324
 8.62495800840002147      4.07938355787895901
-3.45233627199483806     -7.07938355788924589
-1.74381615070818730     14.19845889470743394
10.33347812967433121      3.03969177893636333
-8.62495800840409110     -10.11907533683652716
10.35700881596876499     -5.07938355787927787
 6.89290720083103636      5.07938355787881157
-15.50609986609683588     16.19845889473488754
 6.89290720083676689     -11.15876711576331104
10.33347812967830848     -13.19845889470868805
-17.23815067365756448      9.11907533684029303
 1.72028546441474472      4.03969177894245579
 5.16085639326210366      6.07938355787872364
 3.45233627198367765      3.03969177894255216
15.52963055237605161      2.03969177892853715
12.06552893724884257      6.11907533681254012
-10.33347812967852342     -7.07938355789438667
-17.23815067365714881      5.03969177894750331
-10.35700881596615552     15.19845889471990041
-8.62495800840692439      2.03969177894682252
-13.77404905852837835     -15.19845889473507938
17.23815067365720921      9.15876711576169633
 6.89290720083788067     -17.23815067365665499
 6.91643788711591512     -3.03969177895241316
-10.33347812967867085     -0.99999999999998335
 3.45233627199025239     -9.11907533682583704
-12.06552893724524722     -12.15876711578250280
13.77404905851898675     11.15876711576157909
12.06552893724318842     -2.03969177893618747
-5.16085639327269785     10.11907533684787985
-15.50609986608855984     -8.11907533684026816
 0.01176534315004424     -11.15876711577332081
 5.16085639325819656     -0.00000000000001847
15.50609986608781732     12.15876711576166080
-1.72028546441893759     -12.15876711577313962
-3.45233627199742132      1.00000000000001976
-10.33347812967832091     -5.07938355789435292
-5.16085639325997381     14.19845889471939593
-3.45233627198202297     17.23815067365768172
-3.42880558570022975      3.03969177894705389
-6.91643788711733887     -17.23815067365591247
13.79757974481180582      3.03969177893655873
-12.06552893724504472     10.15876711578242286
 0.01176534315533289     -17.23815067365781317
-8.60142732211406980     12.15876711579422675
13.79757974481525196     -9.11907533681656979
-12.06552893724734332     -6.07938355789425433
 1.72028546442967345     12.19845889470744105
12.06552893724311915      2.03969177893620168
 8.62495800840584259     -10.15876711576341762
 8.62495800840677873     -16.23815067365664788
13.79757974481603888     15.19845889470886569
-1.72028546441332697     -16.23815067365736553
15.52963055238508616     14.19845889470889766
-12.06552893724752096     -8.07938355789427476
 3.45233627198384552      1.03969177894251641
-6.89290720083803254     -3.03969177894684828
-10.33347812967867796      1.00000000000002354
-10.33347812967832979      5.07938355789435914
 3.45233627198381576     -1.03969177894257458
 3.45233627197783566     -5.03969177895243980
13.79757974481527505      9.11907533681646676
 8.62495800839108107     -2.00000000000853229
 6.91643788711572327      3.03969177895275111
-17.23815067365709552     -5.03969177894751752
12.06552893724641251      8.11907533681637616
-1.72028546441870445     10.15876711577304548
 6.89290720083784691     17.23815067365668341
17.23815067365676157      3.07938355786074380
17.23815067365667275     -15.23815067365600306
15.50609986609237012     -4.07938355786903983
 5.16085639327014523     -10.15876711575938707
13.79757974481622007     13.19845889470886391
10.33347812967812729     -15.19845889470875200
 1.72028546442130037     -10.11907533682570737
 5.16085639326781465     -12.15876711576321867
 6.89290720082699160     -1.00000000000023959
17.23815067365904596     -5.07938355787335016
-15.50609986608804114      4.03969177894753262
17.23815067365633880     -17.23815067365631748
17.23815067365666209     15.23815067365599241
12.08905962352393004      0.00000000000017826
 3.45233627198363013     -3.03969177894258324
-0.01176534315405092      3.03969177894231368
-13.79757974481617389     -5.07938355789416818
 5.16085639326910073     -16.23815067365644893
10.33347812967738655     -9.11907533681627314
-8.60142732210948857      6.07938355789443285
-13.79757974481124272     -17.23815067365917386
12.06552893724743214     12.19845889470870581
-5.18438707956629941      0.00000000000001960
-17.23815067365892517     15.19845889472241396
-13.79757974481138305     17.23815067365917386
-12.06552893724258091     -16.23815067365880083
 1.72028546442981045     -12.19845889470721190
-13.79757974481616323      5.07938355789414508
-12.06552893725146092     14.15876711579537073
-15.50609986608856516      8.11907533684024330
-1.72028546442854013      2.00000000000001332
-3.45233627199742443     -0.99999999999998501
17.23815067365641340     17.23815067365632814
-0.01176534314742610      9.11907533682546934
-6.89290720083507935      9.11907533683662841
 0.01176534314038333      1.00000000000006928
10.35700881597464296     -11.15876711576358105
-6.89290720082889763     -15.19845889471921829
10.33347812967980062     -7.11907533681238913
-17.23815067365898912     13.19845889472201605
-5.18438707956363043     -6.07938355788909846
15.50609986608757929     16.23815067365616116
 1.72028546442736241     -16.19845889471142186
 3.45233627197772597      5.03969177895266984
17.23815067365889675      7.07938355787348073
-3.42880558570021998     -3.03969177894704501
-8.62495800840388327      8.11907533683643301
17.23815067365690012     -11.15876711576172298
10.35700881595988498     -1.00000000000835709
-17.23815067365901754     -15.19845889472258449
-6.89290720083801212     -1.03969177894684339
 5.18438707956514833     -14.19845889471144673
10.35700881597557732     -17.23815067365682197
-12.06552893724716746      4.07938355789427032
-1.72028546441865471     -10.15876711577299751
-3.42880558570361638      9.11907533684787097
 1.74381615070602081     -6.07938355789984541
13.79757974481605842     -15.19845889470886924
-3.45233627199468929     -5.07938355788920415
12.06552893724309250     -4.03969177893671283
-15.50609986608868418     -10.11907533684027705
12.06552893724621356     -10.11907533681644367
-17.23815067365703868     11.11907533684138194
 3.45233627199654380     13.19845889471094047
-6.89290720083802277      1.03969177894686471
13.79757974480733296      1.03969177892811881
-15.50609986608787416      2.03969177894752640
 5.16085639326784129     12.15876711576319025
 3.45233627199628490     15.19845889471136324
-8.62495800839730897     -16.19845889472002654
-13.79757974481347205     13.15876711578346203
10.35700881596874190      5.07938355787936757
-10.35700881597585798      3.03969177894672749
 8.62495800839973192      6.07938355787913931
15.50609986608995960      6.07938355787350293
-12.06552893724268394     16.23815067365885412
13.77404905851837924     17.23815067365636011
-6.91643788711734508     17.23815067365582365
10.33347812967834756     13.19845889470867739
13.77404905851840411     -17.23815067365624287
-1.72028546442585983      6.07938355788930362
 1.72028546441469876     -4.03969177894249132
-8.62495800840390281     -8.11907533683650939
-6.89290720082884523     13.19845889471888789
-12.06552893724736109      6.07938355789428009
15.50609986608811752     -10.15876711576155778
 5.18438707955919220      8.11907533682608396
17.23815067365669762     13.15876711576170166
-6.89290720083490172      7.11907533683661331
 1.72028546442155039     -8.11907533682550664
-3.45233627199465731      5.07938355788916507
-8.60142732210946726     -6.07938355789444618
 5.18438707955263922      2.03969177894268983
-8.62495800840701676     -4.03969177894681053
-3.45233627198033721     -15.23815067365400466
-3.45233627198767890     11.15876711577287672
12.06552893724685127     -16.19845889470902378
-10.33347812967378943     -17.23815067365917031
-5.16085639326920109      4.03969177894695441
17.23815067365917386      1.00000000000041522
-5.18438707955663958     12.15876711577273817
10.33347812967814860     15.19845889470878575
 6.89290720083079744      7.07938355787904428
12.06552893724687436     16.19845889470908418
-1.72028546442589292     -6.07938355788934626
-8.62495800840404314     10.11907533683648985
-17.23815067365677933      1.03969177894749620
-13.79757974481633909      7.07938355789414686
-12.06552893724765063     -1.99999999999999090
-13.77404905851898853      3.03969177894753395
 0.01176534314039750     -1.00000000000002665
-1.72028546443209129     -8.07938355789986495
 3.45233627199021020      9.11907533682590277
-3.45233627198027770     15.23815067365405618
-5.16085639326920287     -4.03969177894693932
-3.45233627199480075      7.07938355788919349
-10.35700881597288969     -9.11907533683636551
 8.60142732210935357     14.19845889470862588
17.23815067365917386     -1.00000000000027689
12.06552893724880526     -6.11907533681248772
12.06552893724722963     -14.19845889470871469
-10.33347812967623902     11.15876711578255787
 6.89290720083082586     -7.07938355787895546
 0.01176534314999240     11.15876711577337055
 8.62495800839095672      2.00000000000864597
-5.16085639326612444     -8.11907533683680960
-12.06552893724519215     12.15876711578242642
 0.01176534313684213      7.07938355790000085
 3.42880558570018890     17.23815067365642406
 3.42880558570019600     -17.23815067365644893
-6.89290720082882835     -13.19845889471876710
 6.89290720082698982      1.00000000000012768
-5.16085639326910162     -2.03969177894693665
 0.01176534313695812     -7.07938355789979035
15.50609986608996671     -6.07938355787355356
 8.62495800840562588     12.15876711576341052
-0.01176534314129635     15.19845889471094935
 3.45233627199651538     -13.19845889471098310
-5.18438707955661560     -12.15876711577267599
-17.23815067365904596     -13.19845889472216349
10.33347812967439694     -3.03969177893634113
-3.45233627198794446     13.15876711577305436
-6.89290720082895447     15.19845889471921652
 6.89290720083658037     13.15876711576349933
13.77404905851898853     -11.15876711576156133
15.52963055238510748     -14.19845889470886746
-1.72028546442568797      4.07938355788930185
10.33347812967742030      9.11907533681626070
-13.79757974481634797     -7.07938355789418861
-17.23813641029000721     -17.23813978291376259
 6.89290720083680064     11.15876711576330038
12.06552893724742503     -12.19845889470869338
 8.62495800840005522     -4.07938355787888352
-5.18438707954906342     -16.23815067365440612
 5.18438707954681632     -4.03969177895245757
-12.06552893724716924     -4.07938355789423035
13.79757974480727256     -1.03969177892788189
-8.60142732211407335     -12.15876711579413971
-1.72028546441328478     16.23815067365737264
-13.77404905851974348     -9.11907533684038007
-8.62495800839735161     16.19845889472005140
 1.74381615070597573      6.07938355789993601
 3.45233627199053039     -7.11907533682568161
-5.18438707956360112      6.07938355788905760
 5.18438707955260458     -2.03969177894274845
 6.89290720083919606     -9.15876711575955404
-12.06552893724767195      2.00000000000001776
 5.16085639326910695     16.23815067365644182
-15.50609986609016033     -14.19845889472235712
-17.23815067365750053      7.11907533684023708
-1.74381615070811358     -14.19845889470732381
-13.79757974481653982     -1.00000000000000422
 5.16085639326213652     -6.07938355787862950
 1.72028546442759112     -14.19845889471102574
-6.89290720083817909      5.03969177894690112
-5.16085639326909895      2.03969177894695441
 6.89290720083799169     15.23815067365644538
-12.06552893724511222     -10.15876711578244951
-8.62495800840702209      4.03969177894682296
-17.23813828054338515     17.23811070285848857
-15.50609986608868773     10.11907533684031435
-6.89290720083491948     -7.11907533683666660
