371    36.63069006070858791
10.38802438654932025     -3.29906201327166881
 1.72865293503498996      1.70246511559328884
 0.00000000000450631     -7.30643995718521477
-10.38081952044578493     17.31534503029383387
-3.46070374260313418     -17.31534503035086558
-8.66363130460977970      5.70250080498204071
 6.92394336593343862     -9.29909772217100539
13.85552387406114860     -15.30796708636442105
-5.19615241147112705     -4.30643993770478684
-13.85212599031945224     -9.31381788179453274
-6.92392276015531838     12.71874811348021339
-3.46749948767151217      0.70246511559357672
-5.19955029508973698      3.70246511585415128
 6.92392277120878052      8.70399224480993894
-8.66365191022389425      3.70246511586083704
 9.41010912418268042     15.55636359947204284
-12.11919260775792218     -6.31229077217389545
-0.00339787253368317      4.70246511559419389
10.38802438634905201      8.70399224480492784
 1.73633125522840248     -12.31381792058319036
 3.45982115621832431     10.70399224508927993
17.31534503035116401     -5.30058914238452417
-13.85124341512840829     10.71722100370411113
 5.19187196384071381     -4.29906201327504256
-3.46749948767117866      2.70246511559372848
 5.19187196364688930      7.70399224479782596
 2.02797623885516476     17.31534503029551786
-8.65597356771055360     11.71874811345658252
 3.46749948767032601     -17.31534503035096151
 5.19187196379680049     11.70399224507265856
 8.65597357898231579     -0.29906201326788417
13.46419417836182753     15.37524765747173205
13.85124341521318136     -9.30058914238555801
 1.72777035974386006      5.70399222533865391
17.31534503033143224     -13.30058914242208346
12.12007519391872634      7.70399224480303868
17.31534503031843286      8.70246515487135852
-12.12007519399182520     -12.31381790126714293
 5.19187197508188447      1.70093800619591873
-1.97202376114488875     17.31534503023462079
-5.19187197486333840     -14.31381792057273472
 5.19187195290365100     13.70399226415577587
-13.85124342640162531     -13.31534501080306576
 8.65597357878445273      5.70399224479700173
-13.85124341521390079     -7.31229077236965797
-0.00425985329177407     10.70402793418620568
15.58329422278245602     -6.30058914238482171
 8.65597356797596973     11.70399226404208548
 0.00425985322238232     -9.31378221186444044
-0.00428044767477515      6.70399222560056707
-1.72779095434768282     -8.31378221186648503
-1.73205080756518748     -6.30643995718661632
-15.58329422277453702     -2.31229077194906463
-1.73544868010240716      3.70246511559392433
-15.58329422278116105     15.71722100355906626
 5.19187196383855998     -6.29906201327824089
-17.31534503034076877     -3.31229077195790511
-10.38802438642346893     -13.31381790126806131
-2.98288820908390795     15.53924527976363379
12.11919261881480203      1.70246509650322175
-3.45984176191693438     -7.31378221186711563
-1.72777035982075855     -14.31381792073682213
12.12347306649476941     -14.30796708635706693
17.31534503035429395     -1.29753492283885175
-0.00425985310096022     -5.29909770270083857
-8.65511159828740162      9.71718531414745534
 8.65509101491412558      3.70246511596642103
-10.38802437528428158     12.71874811345683831
-12.12773291974785650      3.70250080498254475
 5.19189255845561615     -8.29909772201329510
-1.72777035980821636     -12.31381792042959944
 6.92392277141268142     -1.29906201326969906
 1.73201528001668636     13.71130890538064229
 3.46749948759100013     -15.31534503021142335
15.58329422283618193     -2.29753492292684314
 1.73631064964041948     -10.31378223117826920
10.39570271781570909     -17.31534503028409233
-3.46749948767180571     -1.29753488440643494
-10.38802437527269973     -7.31381788163274571
-13.85976312153902867      2.70246511557762004
12.12007518287870766     -6.29906203273993714
 1.72865293503499240      3.70246511559384439
-17.31534503035128481      6.71722100355810081
 3.46749948758302473     -13.31534503019509863
-10.38714182225781357     -17.31534503035404882
-3.46836145719531874      8.70402791472793780
-5.19187196371520265     -12.31381790126214426
-8.65597356772656390     13.71874811347616685
-15.58329422278148257     13.71722100355894369
-13.85124341512251966     12.71722100371481368
-1.73544867995186469      5.70246511585520910
-15.58417679788836274     -10.31381788179569448
10.38802438655029370     -1.29906201326944259
 8.39680874090078433     17.28066703368569890
10.39650807743803007     17.31534503034805184
 5.19187196379047577      9.70399224507191072
-8.65597357885513929     -14.31381790126904008
-1.72777034866865997     -10.31381790110230234
 3.45982115629015841     12.70399224518048342
-3.97202376114489031     17.31534503035393513
17.31534503035101125     12.70551937357237726
10.38716240585269190     -11.30062483178954835
17.31534503035385342     -15.30066052118849207
-10.38714181126020009     -15.31534501080030708
-15.58329422278234055     -8.31229077237044400
17.31534503032540329      0.70246511589834271
13.85976312153861834     -17.31534503035387473
 8.65597357878033336      9.70399224480533285
 5.19187197485779173     -0.29906199419291080
 8.65597356781607807     -6.29906203260925768
-0.00428044784901179     -3.29906199419261048
-10.38716240585618955      8.71718531414718178
-1.73633125519660680     -2.29906199380927756
-12.12007518295939512     -10.31381788215629136
-0.00339787253378084      0.70246511559310376
-13.85124341533073355     -3.31229077216588985
-1.73205080756978602     11.71137018899917948
 6.92392277141243806     -3.29906201327054083
-17.31534503035026162     12.71722100355875540
 0.00339787253334672     -17.31534503035112849
-12.11921321341577595     -2.31225508297552462
 3.46836145711656219     -11.31378223133890515
 3.45982115626955800     -5.29906201327842741
10.39568211213574855     -15.31530934102300989
17.31534503032201755      2.70246511590033034
 3.45982116728902955     -1.29906199419310897
17.31534503035427974      6.70246515399327691
-3.46410160410593670     -5.30643993808007330
-8.65937145151501042     -2.30491282826383381
 3.45982116729813294      6.70399222536395722
-13.85126402099420595      6.71718531414719777
-10.39568211203426351      0.70242942642351502
-1.73071545884535860     13.73278431492897056
-15.58331482856331363      5.71718531414758502
10.38714182225829674      2.70246511557721281
 6.93160110268708518     -17.31534503029076433
-15.58329422278258036     -6.31229077236931602
-12.12347306651765244     -0.30491282802969311
 8.66365191024907588     -16.31534503027264904
 5.19187197486683072      5.70399222536364370
 5.19952968946902061     -12.31530934095384922
-10.39570271779310673      2.70246511586075622
10.38714181128625391      0.70246509643108346
-17.31534503031937433     -15.31534503029327965
-17.31534503035429395      4.71714962474243382
 8.66363130460594100     -14.31530934095533603
-6.92304020735938597     -17.31534503028763439
 6.39710940436363007     17.31534503035384631
13.85212599024043634     10.70399226428436812
 1.72777035988001404      7.70399222562507902
-5.19187196379805815     -10.31381790111645991
 8.65597357897965303     -4.29906201327342519
 3.10082350422406394     15.50852359803280933
-17.31534503035127059     -5.31229077236894121
17.31534503032429839      4.70246511590190241
-13.85552387407808084      0.69508717198509529
 8.65597356773356452     -8.29906203275161758
-8.66363130460053199     -0.29757057381056307
12.11921321342113167     -12.30062483179030508
 1.72777034866328094      9.70399224506529201
13.85212599052256444     -3.29906203260892728
13.85126402095801446     -13.30062483184572031
-0.00339787253373104      2.70246511559356417
-13.85124341532698899     -5.31229077217300993
-1.73544868010250442      1.70246511559337277
-12.11919260755954042     11.71722100370451614
15.58329422278141507     15.70551937357267569
-6.93160110280921504      0.70246511559421476
12.11919260764469186     -8.30058914238483148
15.58417679782315091      9.70399226426037131
15.58755407590397191     -16.30800277569854018
-3.46749948751722803      6.70246511586133220
-5.19952968946314531     -2.29757057381119711
-8.65597357885304852     -12.31381790126373410
11.41001695055370035     15.57556479787990433
15.58329422301106071      7.70246515438436852
-5.19189255845549713     11.71871242391718937
12.12007518296267961      9.70399226378011548
 0.02797623885514897     17.31534503034962569
-12.12007518285424723     13.71874811347789702
-3.45982115623856901     -9.31381790109932517
 6.92392278242652104      0.70093800580734433
-12.11919261868759534     -16.31534501106051138
-12.11919261883035048     -14.31534501079977240
-6.92392277128366374     -11.31381790126142306
12.11919260764417849     -10.30058914238534129
-10.38802437539098023     -9.31381788215549022
-17.31534503035429395      0.68778060641278238
10.38714180007565169     -9.30058914238455614
 3.45982116751243574      0.70093800619435775
-10.39142225908370953     -1.30491282826341881
-6.92732064394616298     -3.30491282826432098
 0.00428044766732985     -13.31381792059688607
-11.38027323522001488     15.57689048646137486
-12.11919260776202378     -4.31229077216623402
12.12007518267169992     11.70399226428474648
 1.72777035994342931     -0.29906199380621662
-3.46410160391717481     10.71137016955893806
 5.19187196384307992     -2.29906201327136284
15.58329422278219134     13.70551937357249273
 6.92392277136232082     10.70399224506684277
-12.38080825519324080     17.30863228992423331
-17.31534503035392447     -13.31534499193722532
-1.73631064964038018      9.70402791475211934
 0.00339787253360505     -15.31534503034873218
-1.73544868010278108     -0.29753488440668963
 6.92392277121565769      6.70399224479737565
-13.85212599052796101     -11.31381788215683137
13.85124341521376223     -7.30058914238514589
-15.58329422273149767     -16.31534503028339600
 5.21254282160936810     15.70388544009971632
12.12007518295382802     -4.29906203260917241
-3.45982115622897535     -11.31381790111743513
-8.65509101483154630     -16.31534503010700021
 8.65511159828421128     -10.30062483178886268
13.85124342642600226     -1.29753490357862633
-17.31534503029835648     -17.31534503029339334
-3.45982116738924095     -15.31381792073801940
-13.49876305775827667     15.36298191145789538
13.85124342619550220      4.70246513497713092
17.31534503035084072     -9.30058914238668244
-6.93160110265482299      4.70246511586076110
-17.31534503035104322     -7.31229077237009761
 8.65597356768801163     13.70399226455261044
 6.92392276041031085     12.70399226404800963
17.31534503033854477     -3.29753492307064544
 8.65597357878008289      7.70399224480508682
15.58331482852302052     -14.30062483185242783
15.58329422278174370     -10.30058914238641243
-10.39142225888759086      6.70984305978714612
-1.72865293503474904     -16.31534503034973937
-10.38716240584708217     -3.31225508297584526
-15.58755407584294161      3.70980737033792352
 1.72777035972000848     -2.29906199419285873
-0.00428044762718300     -1.29906199380878418
15.58417679801635813     -4.29906203273904453
10.39142225896110361     -13.30796708628293423
-12.11921321342505209      7.71718531414693576
-0.97202376403208357     15.58329422093991745
 3.46410160399328548     -9.30643997650191501
10.38714181126888292      4.70246513538987010
 8.65597357898154129     -2.29906201326974235
-3.46749948752084114      4.70246511585450300
 1.72779095446998721     -6.29909770269725122
15.58329422278214338     11.70551937357230976
-17.31534503034089667     -1.31229077194340604
13.85124341521264846     -11.30058914238610157
14.39650807743807626     17.31534503035142691
13.85124341518298152      2.70246511590495064
-8.65597356771118598     -6.31381788161994084
-15.58329422293464006     -12.31534499167805663
12.11919260769355589     13.70551937401436504
-8.38081952044577605     17.31534503034904304
 3.45982115622877417      8.70399224505940694
17.31534503035102190     -7.30058914238568946
-17.31534503035047834      8.71722100355861684
17.31534503035101835     10.70551937357220318
-8.65511159827836174     -4.31225508297611881
-5.19185134745028609     13.71871242349261877
 0.00428044775223413     -11.31381792041500312
10.38802437539390944     10.70399226378049029
12.11919261884216681      5.70246513538239874
-17.31534503035000938     10.71722100355863283
-0.00555884107515707     12.72093717025108184
-5.17642164079524658     15.71865290364515211
-10.38714180019312217     -5.31229077216681667
-15.58329423382809864     -14.31534501106490787
-6.92392276034930632     -7.31381788198906779
-15.58329422278124810     11.71722100355891527
-13.85124341516269908     -17.31534503029831384
-8.65597357885331498     -10.31381790126274822
 6.92732064382288470     -11.30796708627920744
17.31534503031057071     -17.31534503029421046
 3.45982115627148223     -3.29906201327558968
15.58329422278227128     -8.30058914238591683
13.85212599053157767      8.70399226377996094
-12.12347306645892075      5.70984305978347173
-3.45982116729487155     -13.31381792057201707
 1.73544868010194175     -16.31534503034977845
-17.31534503035058847     14.71722100355878915
15.58329422276182541     -12.30058914242029999
-7.01800576785744923     14.91975513274125120
-5.19955029524017931      1.70246511559394076
-5.19187196380793470     -8.31381790110004459
 1.73205080757427843     -8.30643995718366845
-5.19615241147216977      9.71137016953485244
 5.19955029515197786     -14.31534503019743276
-17.31534503033685368      2.70246511587310856
-13.85552387402849384      4.70984305978303031
-13.85124342625570115     -15.31534501105888424
17.31445297519588777     17.29584688429241979
 6.93160110272047447     -15.31534503019890181
 8.65937145139189823     -12.30796708628077418
-8.65597356791047190     -8.31381788200242511
-12.12007518275038187     -8.31381788179265335
-6.92392278243173198     -15.31381792057358560
-1.73633125524031273      7.70399222560686869
-13.85124341512905310      8.71722100370269004
 3.45984176203897764     -7.29909770269705316
-14.38079698994050482     17.31534503035138428
12.12007519411826095     -2.29906201327101911
10.38802437538510226     -5.29906203260950548
-0.00428044768538067      8.70399222563111152
-15.58329422278162291      7.71722100355848095
 1.73544868002176700     -14.31534503020880678
 6.92392277140831069     -5.29906201327728521
-13.85126402085607822     -1.31225508275282499
-3.45720742624392452     12.72321733522408493
 1.72355640076506678     11.71132679362018614
-8.65937145131871588      7.70984305978739659
-15.58331482842169358     -0.31225508274715391
15.58329422275126852      1.70246511590352112
-9.38028251886945164     15.58298429574880117
-5.19955029508599420      5.70246511586098670
-6.92394336581431169     -5.31378219239817984
 5.19955029515978318     -16.31534503021335425
13.85124342638287409      0.70246509650182520
-1.73631064964031046     -4.29909768359713951
-5.19955029524056211     -0.29753488440618159
-12.11919260755983174      9.71722100370356401
10.38802437525471412     12.70399226454862429
-10.38714179998752485     10.71722100370994113
-6.92732064374948120      8.70984305978848639
 7.18498156207641259     15.09747406030172456
 4.02797623885519851     17.31534503035391737
10.38802438634892766      6.70399224480463118
 3.45982116731289802      4.70399222533766448
-6.92394336601049165     10.71871242389312506
 5.19187197488336327      3.70399222533436978
 1.02797623880097500     15.58329422274940157
17.31534503033657657     -11.30058914241709189
-15.58329422278116105      9.71722100355853868
 6.92304020736591497      2.70246511592915484
-6.92392277128375433     -13.31381790126303244
-5.19189255845551223     -6.31378219276205765
12.12773291970124312     -16.31530934102889674
-10.38802438642232673     -11.31381790126439491
15.58329423395094082     -0.29753490349958134
13.85124342641417172      6.70246513537759547
-3.46836145699868181     -3.29909768323253472
 6.93158049703751633     -13.31530934095453667
-6.92392277136779999     -9.31381790111708341
12.11919261885653221     -0.29753490357456230
-15.58329422289578581     -4.31229077217252410
-15.58755407602403054      1.69512286112790700
-5.19187197495918795     -16.31381792074159165
13.85212599044756132     -5.29906203273945575
15.58329422275287612      3.70246511590453053
-17.31534503030757577     -11.31534499130917304
 6.92392276024700148     -7.29906203260891218
 3.46070374260371016      2.70246511559356462
-5.19952968947223670      7.70250080498241729
 5.19615241146999463     -10.30643997666352973
-8.66365191022819658      1.70246511585384908
15.58329423376641998      5.70246513497359686
-12.12773291959396715      1.70242942643940354
10.38802437530465284     -7.29906203274837484
12.11919261862537489      3.70246513497929675
13.85124341511067492     12.70551937375015150
-17.22381269191992459     17.31500564673796561
 1.72777034869970247     -4.29906201328011051
-17.31534503035097572     -9.31229077237102132
12.39650807743804428     17.31534503027924288
17.31534503035107164     14.70551937357251049
-10.39568211217877014      4.70250080498223433
-6.93160110265903562      2.70246511585378713
-6.93158049703186485     -1.29757057381092555
-6.38081952044576539     17.31534503035381078
 8.65509101472340170      1.70246511551835522
 6.92392278243556003      4.70399222536338613
-6.93158049704097934      6.70250080498218193
