372    36.69463806573519804
-15.34731903286487231      6.95501418744066680
-13.34731903286420440     -0.01420348884007474
-15.34731903286760435      3.48531064314195449
-12.34731903287338639     15.61526822529030412
 7.65268096713536838     -5.21035591154899791
-7.34731903286490518     -6.94240671911640117
 4.65268096713514279     -6.94240671911764462
-10.34731903286447618     -15.61526822529418901
-8.34731903286435362      8.68706499500854079
-14.34731903286436427     -1.74625429640886454
-3.34731903286401877     10.41911580257674252
15.42003091840496509      9.62326697628540018
 7.65268096713625212     12.15116661014585908
 7.65268096712668022     15.61526822528943548
-13.34731903286492027     -6.94240671911561069
-12.35782343930538296     -12.14514421146300194
17.34731903286737875     -13.47211406186776728
 5.65268096713553181     -15.61526822529471481
11.65268096713627166     12.15116661014565480
17.12811137995361221     -5.40845135544472466
-14.34780647857792246     -8.67473886215905310
10.65268096713617929     10.41911580257678516
 4.65268096713628232     13.88321741771474649
12.65268096713634449     13.88321741771451912
10.65268096713633028     13.88321741771460971
-9.34731903286454546     -17.34731903286315813
 2.65268096713551982     -13.88321741772551299
11.64217656069517481     -12.14514421146421164
11.65268096713593060     -1.74625429641175223
-11.34731903286561483     17.34731903286350274
 8.65268096713514545     -6.94240671911800344
-10.35218621325322452      5.22016241528999370
 2.65268096713542745      6.95501418743835131
 7.65219352142242215     -8.67473886216143697
-0.35218621325316107      5.22016241528858416
 9.62136575075310851      1.73555357714984071
13.65268096713593060     -1.74625429641196850
-11.34731903286451171     -3.47830510397804815
-5.34731903286545585     17.34731903286297339
-7.34731903286549848     17.34731903286305865
 7.65268096713579293     -1.74625429641123886
-16.34731903286467514     -1.74625429640880414
 3.65268096713623081     12.15116661014556243
 0.65268096713553814     -3.47830510397947634
-6.35218621325320054      5.22016241528943237
-1.34731903286541321     17.34731903286296983
15.15193303175583850     -0.37248146992409598
 7.62136575075310940      1.73555357714980452
-5.34731903286488830     -6.94240671911664453
13.65268096713629653     12.15116661014540611
17.34731903286428079     -1.42050065059678010
-7.34731903286376475     13.88321741771518347
15.44645800014610160     -4.32584251094821948
-6.34780647857775371     -8.67473886216012247
-1.34731903286761368      3.48531064314025762
-6.34731903286447086     -15.61526822529409486
-17.34731903286558463     -6.94240671911496143
-2.37863424924691413      1.73555357715054770
-12.34731903286395749     12.15116661014686095
17.34731903286760257     -7.39640206029229041
 3.65268096713535639     -5.21035591154864441
-4.37863424924692612      1.73555357715081637
13.65268096712670598     15.61526822528971614
-17.34731903286759902     -10.40707100520163486
-8.34731903286385268     12.15116661014634936
15.61526822529859615     -12.47211406186760385
-5.34731903286450727     -13.88321741772518614
-14.34731903286471066     -5.21035591154660782
 4.65268096713588619     -0.01420348884204952
 4.65268096713556822     -13.88321741772563911
-17.34731903286484211     13.88321741771573592
-7.34731903286453569     -17.34731903286319010
-11.34731903286760790      3.48531064314161121
 5.65219352142242393     -8.67473886216126822
 1.64781378674684431      5.22016241528838698
 3.65268096713553092     -15.61526822529449987
15.65268096712670598     15.61526822529211600
 5.65268096713624590     12.15116661014580934
13.64781378674687495      5.22016241528773861
14.65229095613413435     -17.30782356607387840
 1.65268096712666401     15.61526822528881908
-1.34731903286373234     13.88321741771437878
-12.37863424924700695      1.73555357715180669
-11.34731903286465915      6.95501418744005750
-16.34731903286428789     12.15116661014717891
11.65268096713555579     -15.61526822529567404
 6.65268096713467028     17.34731903286306220
-11.34731903286414223     10.41911580257786873
 6.65268096713613311     10.41911580257685621
-17.34731903286523647     -17.34731903286408894
-3.34731903286761279      3.48531064314048677
-13.34731903286760257     -10.40707100520188355
 0.65268096713541557      6.95501418743844990
-16.34731903286491672     -5.21035591154637423
-3.34731903286450505     -13.88321741772529805
 3.65268096712666468     15.61526822528913527
-15.34731903286400367     13.88321741771596507
 9.65268096713554868     -15.61526822529516068
 0.65268096713459500     17.34731903286295562
12.65268096713613488     -0.01420348884281466
 9.65268096713588797      8.68706499500783380
 1.65268096713571522     -1.74625429641068286
 8.65268096713613843     10.41911580257688819
-11.34731903286452770     -13.88321741772531581
 2.65268096713238322     -10.40707100520311279
-3.34731903286374566     13.88321741771461504
 9.65268096713582580     -1.74625429641150687
-11.34731903286492027     -6.94240671911586205
-9.34731903286491139     -6.94240671911614626
10.65268096713249513      3.48531064313970873
-1.34731903286486188     -6.94240671911707885
-1.34731903286413712     -0.01420348884152663
-9.34731903286760613     -10.40707100520206829
 4.65268096713544566      6.95501418743832911
-9.34731903286415289     -0.01420348884048516
-9.34731903286554378     17.34731903286336419
-17.34731903286504462     10.41911580257833592
-2.34731903286420218      8.68706499500775919
 4.65268096713238410      3.48531064313977357
16.65190094513270935     -17.34731903286650123
12.65268096713526980     -6.94240671911858787
17.34731903286758481      2.57949934940666692
10.65268096713239032     -10.40707100520394768
-17.34731903286565213     17.34731903286380472
 1.65268096713583912      8.68706499500747320
 4.65268096713464718     17.34731903286301247
-16.35782343930546290     -12.14514421146336254
-4.34780647857769065     -8.67473886216032319
-3.34731903286544163     17.34731903286301602
17.34731903286759902      0.57949934940321890
-2.35782343930515914     -12.14514421146306233
 0.65268096713586266     -0.01420348884170918
-15.34731903286564147     17.34731903286362709
-9.34731903286760968      3.48531064314136607
 3.64217656069511397     -12.14514421146341050
 5.65268096713572721     -1.74625429641103458
-1.34731903286459831      6.95501418743864352
-10.35782343930537230     -12.14514421146288470
13.87835170268843221     -15.46363864259739529
-7.34731903286448862     -3.47830510397861037
15.57998906715688392     11.61686006180910091
-4.34731903287336241     15.61526822528930580
17.34731903286759902      6.57949934940731840
-10.34780647857783009     -8.67473886215962864
 7.64217656069517304     -12.14514421146372669
10.65268096713549362     -17.34731903286455434
-3.34731903286447752     -3.47830510397909132
-2.34731903286428922     -1.74625429641031626
-2.35218621325318056      5.22016241528882485
-16.34731903287341126     15.61526822528969838
13.65268096713590573      8.68706499500716056
-2.34780647857763158     -8.67473886216052570
-5.34731903286414134     -0.01420348884105330
 1.65219352142242526     -8.67473886216091117
 5.65268096713585955      8.68706499500757623
 6.65268096713594392     -0.01420348884226764
 2.65268096713547408     -17.34731903286338195
 0.65268096713238533      3.48531064314006400
10.65268096713546875      6.95501418743853961
 8.65268096713558776     -3.47830510398024728
11.65268096713590573      8.68706499500758689
-1.34731903286761345     -10.40707100520274153
-13.34731903286382959     13.88321741771588691
 2.65268096713586221     -0.01420348884188924
 5.64781378674684653      5.22016241528822267
-1.34731903286446175     -3.47830510397929471
-5.34731903286407562     10.41911580257698589
 9.65268096713625390     12.15116661014574362
-7.34731903286451438     -13.88321741772515594
-14.34731903287338639     15.61526822529027569
15.32013031817559856      7.56593973259166841
 1.62136575075311096      1.73555357715014003
11.65268096712670243     15.61526822528964509
-16.37863424924720235      1.73555357715127867
 1.65268096713621304     12.15116661014541144
13.65268096713553447     -5.21035591154983280
 0.65268096713238455     -10.40707100520294226
 3.62136575075311073      1.73555357714995995
-9.34731903286451704     -13.88321741772516482
17.11791780536665186      8.56629956000250381
 9.65268096713539414     -5.21035591154925815
-13.34731903286455079     -13.88321741772533713
-10.34731903286435362      8.68706499500886054
13.62136575075310496      1.73555357714935976
17.34731903286443355     12.55309977059828341
 0.65268096713626944     13.88321741771438589
 8.65268096713629298     13.88321741771473583
-2.34731903286466226     -5.21035591154808664
11.65268096713549006     -5.21035591154958322
10.65268096713515611     -6.94240671911827256
-8.35218621325320498      5.22016241528972014
 6.65268096713238410      3.48531064313978867
12.65268096713239210     -10.40707100520436512
-12.34731903286447618     -15.61526822529422631
-5.34731903286453480     -17.34731903286310128
12.65268096713815105     -13.88321741772826279
-0.34731903287334986     15.61526822528892922
-4.35218621325319344      5.22016241528910907
 8.65268096713560908     -13.88321741772603701
-12.34731903286436605      8.68706499500911633
-16.34731903286465737      8.68706499500967588
 6.65268096713545720      6.95501418743845701
 1.65268096713552914     -15.61526822529443059
-15.34731903286444421     -0.01420348884001836
-0.34731903286379195     12.15116661014544697
 8.65268096713546164      6.95501418743858668
 1.65268096713534973     -5.21035591154846234
-8.34731903286430388     -1.74625429640956908
 2.65268096713554646     -3.47830510397965753
 2.65268096713460366     17.34731903286291299
-0.34780647857757463     -8.67473886216070156
-11.34731903286379051     13.88321741771565598
-5.34731903286448063     -3.47830510397887371
 0.65268096713547263     -17.34731903286338550
 3.64781378674684431      5.22016241528822889
11.64781378674687495      5.22016241528807790
-6.34731903286430388     -1.74625429640983820
-5.34731903286375143     13.88321741771485485
-0.34731903286465055     -5.21035591154829181
-8.34731903287337396     15.61526822528986891
-9.34731903286377630     13.88321741771544460
 3.65268096713585244      8.68706499500744833
-7.34731903286409604     10.41911580257729675
-9.34731903286409604     10.41911580257760050
-9.34731903286464316      6.95501418743981592
15.61526822529878800      5.57949934940720293
17.34731903286620991     14.55309977059828874
 3.65219352142242482     -8.67473886216108170
-4.34731903286447086     -15.61526822529422276
-6.34731903287336685     15.61526822528960778
 8.65268096713548118     -17.34731903286404275
 1.64217656069499451     -12.14514421146332168
-1.34731903286394705     10.41911580257657555
-14.34731903286399657     12.15116661014709010
-8.34780647857775904     -8.67473886215986667
 8.65268096713599633     -0.01420348884246663
-8.34731903286468935     -5.21035591154738853
-10.37863424924697142      1.73555357715162728
-9.34731903286450105     -3.47830510397834436
-4.34731903286429766     -1.74625429641010133
-15.34731903286455612     -13.88321741772542950
-11.34731903286455967     -17.34731903286315813
-13.34731903286478527      6.95501418744025290
-7.34731903286414223     -0.01420348884076751
15.61526822529971170      1.57949934940493009
-4.34731903286426657      8.68706499500799367
 5.65268096712667578     15.61526822528936265
12.65268096713553092     -17.34731903286461474
10.65268096713468005     17.34731903286336419
14.65268096713468893     17.34731903286571253
-7.34731903286463428      6.95501418743949618
-3.34731903286413690     -0.01420348884131619
-17.34731903286760257      3.48531064314190209
14.87961145979369348     -10.32644920314844939
17.34731903286759902     -9.47211406186640126
 6.65268096713547941     -17.34731903286379406
 2.65268096713627699     13.88321741771449425
-13.34731903286760613      3.48531064314181593
 6.65268096713555490     -3.47830510398001325
-16.35218621325349275      5.22016241529105329
15.35850631559294754     -6.37418110443718344
-6.37863424924694300      1.73555357715110969
-4.35782343930517868     -12.14514421146292200
-0.35782343930507615     -12.14514421146319556
-12.34731903286433408     -1.74625429640905994
-10.34731903286431631     -1.74625429640927510
-11.34731903286416532     -0.01420348884026425
13.64217656069517481     -12.14514421146470013
-10.34731903286387045     12.15116661014661048
-1.34731903286449906     -13.88321741772537798
-8.35782343930533855     -12.14514421146281897
-12.35218621325327604      5.22016241529023084
-15.34731903286501620     -6.94240671911532026
-6.34731903286433052      8.68706499500825124
 3.65268096713571699     -1.74625429641085006
-7.34731903286761057      3.48531064314107830
12.65268096713251467      3.48531064313935879
-11.34731903286760435     -10.40707100520202744
 9.64781378674687495      5.22016241528813740
-4.34731903286381360     12.15116661014574007
-14.37863424924717748      1.73555357715186065
-5.34731903286760968     -10.40707100520245199
17.34731903286470356     -15.47211406186818472
-2.34731903286447086     -15.61526822529427960
-13.34731903286417953     10.41911580257810677
-6.34731903286468579     -5.21035591154764699
-15.34731903286455967     -3.47830510397763426
-17.34731903286559174     -13.88321741772551654
 4.65268096713555046     -3.47830510397982362
13.65219352142241505     -8.67473886216231804
 9.64217656069517481     -12.14514421146392031
12.65268096713555579      6.95501418743837796
 9.65268096712669710     15.61526822528959002
10.65268096713571566     -3.47830510398056614
 0.65268096713551516     -13.88321741772547213
-5.34731903286761234      3.48531064314076300
 2.65268096713238455      3.48531064313988370
10.65268096713601942     -0.01420348884271995
11.65219352142241860     -8.67473886216190770
 6.65268096713628321     13.88321741771476958
-15.34731903286423993     10.41911580257832881
-8.34731903286447618     -15.61526822529407355
-7.34731903286760790     -10.40707100520227435
-6.34731903286382337     12.15116661014601895
 6.65268096713238055     -10.40707100520346806
-13.34731903286452237     -3.47830510397783499
-2.34731903287335975     15.61526822528906777
-14.34731903286447618     -15.61526822529428138
15.40539888953819592     13.62624678194268490
-0.34731903286428900     -1.74625429641049901
17.34731903286407118     10.55309977059810933
-17.34731903286550647     -0.01420348884009709
-2.34731903286381360     12.15116661014554289
-16.34780647857797220     -8.67473886215844203
-17.34731903286559529      6.95501418744076894
-15.34731903286760080     -10.40707100520176098
 0.65268096713513790     -6.94240671911729113
-5.34731903286463073      6.95501418743917110
 5.62136575075311029      1.73555357714984937
 4.65268096713238144     -10.40707100520329931
12.65268096713622015     10.41911580257632153
 6.65268096713556822     -13.88321741772582030
 7.64781378674685186      5.22016241528811609
-8.37863424924696432      1.73555357715139746
 0.65268096713606105     10.41911580257648318
17.34731903286416355     -3.42050065059677921
 4.65268096713547763     -17.34731903286356669
17.09229374558169567     17.32328303807546632
12.65268096713468715     17.34731903286348143
-10.34731903287337751     15.61526822529011937
 2.65268096713514101     -6.94240671911745988
-13.34731903286456500     -17.34731903286325050
 5.65268096713536750     -5.21035591154880606
 9.65219352142242037     -8.67473886216163059
15.63768312963255980     -8.43425806107934228
-0.34731903286418864      8.68706499500755847
-16.34731903286452237     -15.61526822529439329
14.78723822568343671      3.46980120357886079
10.65268096713561441     -13.88321741772631768
-12.34780647857787095     -8.67473886215936929
15.61526822513631352     -14.47211406194013428
11.62136575075310674      1.73555357714972014
-14.35218621325343058      5.22016241529060565
-1.34731903286453059     -17.34731903286329668
 7.65268096713586843      8.68706499500778406
17.34731903286678190     -11.47211406186640126
-15.34731903286456678     -17.34731903286373011
-3.34731903286462051      6.95501418743888600
-3.34731903286453347     -17.34731903286314392
12.65268096713571921     -3.47830510398076465
-4.34731903286467336     -5.21035591154786992
-12.34731903286470711     -5.21035591154683431
-0.34731903286447080     -15.61526822529435776
-17.34731903286529686     -3.47830510397741799
-6.35782343930532701     -12.14514421146282430
 5.64217656069516860     -12.14514421146356149
-3.34731903286486343     -6.94240671911687190
 8.65268096713243473      3.48531064313980377
-14.35782343930538474     -12.14514421146310497
 4.65268096713611534     10.41911580257661107
15.56577671672357965     -2.32940492267395394
-13.34731903286563615     17.34731903286374788
 6.65268096713514367     -6.94240671911781249
 7.65268096713553270     -15.61526822529492442
-0.37863424924689343      1.73555357715033032
 2.65268096713610335     10.41911580257647074
17.34731903286737875      4.57949934940666648
-10.34731903286469645     -5.21035591154711319
 8.65268096713237966     -10.40707100520366168
 8.65268096713467827     17.34731903286329668
-3.34731903286761145     -10.40707100520260120
-14.34731903286442822      8.68706499500934015
