377    36.95144320219999656
-11.47572160108308914     -5.30696596848214686
-13.47572160108300743     -8.77106758362159233
 6.49125093036828105     -5.32514984881824205
10.47572160106897243      5.35136594810278154
-7.52427839909997065     15.74367079348622767
 6.49125093036764156     -8.78925146395719814
 4.47572160105580164     12.27956917838665341
 7.49125093036730760     -10.52130227152628272
13.47572160107737993      3.61931514052625891
-3.47572160108303763     -15.71665956418474686
 7.50893957306380067      0.13641109551687772
 3.47572160105557781     14.01161998595575042
 5.49125093036730494     -10.52130227152652076
-17.47572160108300920     -5.30696539460452588
 8.49125093036710510     -15.73484344449735772
 1.47572160101001026     17.47572160106922823
-7.52427839903185358      5.35136594801846677
-14.52403848663032093     -17.47572160107738881
-17.47572160102237859     15.30564176498224072
 4.49125093036763534     -8.78925146395741130
15.47572160108300565     -6.80845147131977413
 2.50708129911263633      1.86953344974497382
-12.47572160109266015     -7.03901677604597165
 6.47572160107816863     15.74367079351157450
12.49125093036712464     -15.73484344449577677
-16.81126910028554988      3.59272789784748836
 1.47572160101669247      3.61931514056452519
-3.49106042678445894     -11.98794455755188437
12.47572160095901062     -1.61229904868389773
 4.50708129911265321      1.86953344974455149
 2.49125093036724188     -12.25335307909545968
-2.52427839903502838     14.01161998594471569
11.47572160095408655      0.11975175888228813
16.47572160107917583     15.74367079351031862
-2.52427839898620254      3.61931514056653869
-11.47572160140384234     -1.84286435298164397
11.47572160107780448      7.08341675566656015
15.47572160107895733     14.01161998594151825
-17.47572160106065908      5.47912734499981013
12.47572160107904615     15.74367079351110377
 5.47572160106686212     14.01161998594920455
-0.49106042678444239     -10.25589374998323677
-4.52427839906247353     17.47572160106699002
-5.47572160108305273     -12.23516919878279730
 0.49125093036709871     -15.73484344449777161
 9.47580323670962343     -17.47572160108269301
-6.49093420834108059     -13.97591438148270626
15.49125093036740530     -10.52130227152326647
 9.47572160107825567     14.01161998594240821
-14.47572160108929751     -10.50311839118710644
-3.49106042678396644     -5.05974132727625392
 3.49125093036728629     -10.52130227152659536
-14.50891289774425630      3.37121899693610194
-15.47572160108317796     -12.23516919876088416
-13.52427839912744467     15.74367079348578535
-17.47572160102419048      9.33544897183066347
 5.47572160105313177      3.61931514054390879
16.69890937912721540     -12.11552969292183590
 2.50893957321629646     -5.05974132727703196
-6.52403848662587915     -17.47572160108214234
 2.49125093036709977     -15.73484344449745365
-15.52427840146203586     12.27956917767775913
-8.52403848662684815     -17.47572160108210326
-16.52403848663595554     -17.47572160107522521
14.49125093036746748     -12.25335307909319127
-9.47572160108308914     -5.30696596850244884
-3.52427839903813522     12.27956917837760464
-0.49106042693630042      0.13641109551834812
-3.52427839900375739      5.35136594812532973
 3.47572160102024963      3.61931514056252945
 1.47572160102035488      7.08341675570048146
-8.49093420834108059     -13.97591438148215737
-7.47572160108300832     -8.77106758364346994
-7.52427839907526685     12.27956917836237949
 6.47572160105510175      5.35136594811164912
10.49125093036724188     -12.25335307909468874
 4.47572160106664541     15.74367079351826249
17.47572160107929307     17.47572160107928241
15.47580323670973179     -17.47572160108090955
16.47572160107877792     12.27956917837131812
-11.47572160108310335     -12.23516919877954834
-13.52427839903295315      5.35136594798708032
-14.52427839961310596     10.54751837104777579
-16.55126995380642185     -0.06719706157877653
-4.52427839903791806      7.08341675567451112
-17.23201625369532763     13.32054536840781545
-6.49106042678462725     -6.79179213484521860
-15.50982550775448132      5.11136036670223426
 4.50893957306792625     -1.59563971205361721
-5.49106042678396733     -5.05974132727605141
-15.47572160108300920     -8.77106758360798722
 0.47572160102038913      8.81546756326939907
-14.47572274984467100     -0.11081420861130718
 5.47603832310905325     -13.99409826179666183
-0.52427839898307216      7.08341675570250739
16.47572160107903727      5.35136594809633426
12.49125093036740353     -12.25335307909359450
-8.52427839910967933     17.47572160105121597
14.47572160108363803     -5.07640066375027565
-1.49106042678424600     -8.52384294241423923
16.50708129911307154      1.86953344974269431
-12.47572160122967233     -3.57491516065479864
10.49125093036829348     -5.32514984880554731
13.47572160095627858      0.11975175888664771
 7.49125093036769574     -7.05720065638762240
14.47572160107877792     12.27956917837274275
 0.50893957321610162     -5.05974132727668646
 4.47572160105446670      8.81546756324945058
14.49125093036777656     -8.78925146395417478
 7.49125093027602151     -3.59309904119282963
13.47572160107786665      7.08341675566494278
-17.47572160098893335     11.33544897183115907
11.49125093036770728     -7.05720065638539129
 9.47572160106825478      7.08341675567274098
 5.49125093036769574     -7.05720065638827521
-16.94450048172384982      7.40728815841009602
11.49125093036734846     -10.52130227152466979
16.47572160107836226      8.81546756323345981
 2.47572160103849503     15.74367079351485188
-8.49106042690793750     -3.32769051977738428
-11.47572160108305894     -15.71665956418142684
-11.52427839909709739      8.81546756320364722
-0.52427839899692197     10.54751837082830512
-7.49106042678396733     -5.05974132727582404
-17.47572160108323658     -15.71665956416617860
11.47572160107866068     17.47572160108019901
 8.47572160107809580     12.27956917837360784
 8.50708129911266120      1.86953344974355651
-12.52427839909173635      7.08341675559883299
-9.52427839908332530      8.81546756322866010
17.47572160108300565     -6.80845147131889572
-4.52427839903944484     10.54751837080903520
 1.50893957321590078     -6.79179213484568045
 4.49125093036710066     -15.73484344449761174
-12.52427839912936847     10.54751837075495757
-0.49106042678410156     -6.79179213484544597
12.47572160107347017      5.35136594809393173
16.47572160108366646     -5.07640066374875332
-2.49106042678410544     -6.79179213484521238
 5.50893957306380067      0.13641109551764169
-8.49106056033102696      0.13641117224150645
 1.47580323670962299     -17.47572160108300920
-6.47572160108327122     -10.50311839121269131
-0.49106042687649026     -3.32769051965402207
12.47572160107875128     12.27956917837333606
-13.52427839911848473     12.27956917833113337
-15.47757854875757744      1.62016382654481417
 2.47572160102019057      5.35136594813140576
11.47580323670963409     -17.47572160108198602
 7.47572160107825301     17.47572160108052586
 7.47603832310905592     -13.99409826179651617
-9.52427839903189444      5.35136594810277888
12.49125093036777656     -8.78925146395492796
-13.47572160108308914     -5.30696596835263179
 2.47572160105224004      8.81546756325094982
11.47572160107889339     14.01161998594230695
-9.47572160108300743     -8.77106758364172734
13.47572160100505734     -3.34434985622627501
-4.49106042687678642     -3.32769051965349671
13.49125093036770728     -7.05720065638532823
-10.52403848662759245     -17.47572160108075323
-14.47572160122968121     -3.57491516079852900
 0.47572160101689637      5.35136594813360045
17.47572160108047257     -3.34434985617789327
 7.47572160105736927      7.08341675567921669
-7.49291870088827405      1.86953344964389312
 9.49125093021731736     -0.12899742601224895
-13.52427839909726082      8.81546756316504698
 9.49125093036730760     -10.52130227152574804
17.47572160108051520      0.11975175895824175
14.47572160107832318      8.81546756323372982
-12.47572160108716943     -10.50311839120676360
17.47572160108333250     -13.95850629934420262
 2.50893957306784365     -1.59563971205333588
-4.49106042693879015      0.13641109552020919
 8.47572160105746519      5.35136594811009392
-0.52427839899476403     14.01161998593050484
13.47603832310915806     -13.99409826179474692
-1.52427839900102535     15.74367079349606335
-7.47572160108305539     -12.23516919878173148
 3.47572160105211392      7.08341675568186524
 8.49125093036828638     -5.32514984880067388
-9.52427839910877339     15.74367079348154874
-13.47572160108312644     -15.71665956417995780
-12.49093420834108059     -13.97591438147900611
-0.52411762495805758     -17.45792983144286836
11.47572160107305628      3.61931514052517311
-12.52427839913485563     14.01161998591090097
 6.47572160105676087      8.81546756324814318
-5.47572160108304207     -15.71665956418467047
-9.47572160108304651     -15.71665956418311616
 8.47572160106793859      8.81546756324199166
14.47572160107701045      5.35136594809554555
10.49125093022222011     -1.86104823357829785
 1.47603832310904215     -13.99409826179682526
 7.47580323670962255     -17.47572160108284578
11.49125093027608813     -3.59309904118311918
-0.50627303404249191     -13.72868974025303501
-6.52427839899390261      3.61931514047082725
-12.47572274631178146     -0.11081210977063084
 4.47572160105256511      5.35136594811275312
-3.49291870088793521      1.86953344974573232
-8.52427839899636730      3.61931466087889842
-5.52427839907992801     15.74367079350330023
-6.52427839904444973      7.08341675565876905
-17.47572160108022032      1.70632845069776873
10.47572160107828232      8.81546756323583658
-8.52427839904576246      7.08341675567971141
-1.49106042678443096     -15.46943492295398137
-12.52427839912570029     17.47572160105576700
-9.52427839910914287     12.27956917834880812
-16.49093420834769574     -13.97591438145727949
-12.52431166595120260      3.61913327052563805
-9.49291870088803869      1.86953242126831265
-16.47729321389266488     -3.57400816613267258
17.47572160107887029     10.54751837080224597
-17.47572160106886230     -1.84072156152134347
-8.47572160108369665     -7.03901677607230880
-15.52427839909756990      8.81546756318116032
-9.49106042703872888     -1.59563971228377000
-5.49106042678424533     -8.52384294241396923
15.47603832310915806     -13.99409826179456573
-17.47572160108300920     -8.77106758359344596
 9.49125093027602240     -3.59309904117825507
-4.52427839903952389     14.01161998595334524
-5.52427839902948925      5.35136594809775712
 4.50893957321629735     -5.05974132727781090
10.47572160107858608     15.74367079351117304
13.47580323670967850     -17.47572160108102324
-2.52427839899172612     17.47572160107065997
-1.49106042693329499     -1.59563971205227428
 9.47572160105735861      3.61931514054060743
 9.47603832310908878     -13.99409826179640071
14.47572160107915984     15.74367079351085508
 6.49125093036724188     -12.25335307909547566
-4.52403848662561359     -17.47572160108292394
-2.49106042678444428     -10.25589374998300585
-15.47572274966876016     -1.84286501628175836
-1.52427839902918838     12.27956917837856032
13.47572160107893069     14.01161998594210978
 8.49125093036724188     -12.25335307909528204
-1.49106042678394135     -5.05974132727635606
 1.50893957321557703     -10.25589374998405567
-6.49106050997482065      0.13641114332097021
-8.52427839908027174     10.54751837079584043
-2.52427839903277373     10.54751837081156829
-10.47572160109137052     -7.03901677606658271
-2.52403848662560737     -17.47572160108300210
-9.47572160108306960     -12.23516919878122344
16.50670350565083311     -15.70807879887725278
-3.49106042678424577     -8.52384294241401363
-14.52427840080973453     14.01161998492358585
-1.49106042678445894     -11.98794455755210464
-7.47572160108304384     -15.71665956418368459
-14.49093420834402046     -13.97591438146609200
12.47572160107828587      8.81546756323515979
-6.49106042687721363     -3.32769051965311080
-11.52427839912133933     15.74367079348128051
 1.50893957306377513      0.13641109551827049
-3.52427839902659645     15.74367079351877940
-8.52427839910298069     14.01161998591573798
 6.50893957306798132     -1.59563971205441479
-12.52403848662839891     -17.47572160108003203
-1.49291870088787881      1.86953344974556823
-5.49106042694206931     -1.59563971204677491
-1.52427839900038098      8.81546756326139302
 7.47572160105497829      3.61931514054265246
 0.50893957321582617     -8.52384294241451457
10.47572160107866424     12.27956917837355633
-5.52427839903878670     12.27956917838289641
16.47572160108313710     -8.54050227888881430
 3.50893957321590122     -6.79179213484645938
 2.47572160105439609     12.27956917838755224
-8.47572160108327566     -10.50311839121219926
-10.52427839906791540      7.08341675565088558
-13.47757969746506390      1.62230738175284439
 0.47572160100746913     15.74367079349825005
17.47572160107939254      7.08341675566506801
14.47572160100238747     -1.61229904865563389
-11.47572160108300743     -8.77106758364028849
15.47572160107871753      3.61931514052763337
15.47572160107793948      7.08341675566461770
-10.49106132979279771      0.13641058701566261
17.47572160108300920     -17.45765129829785423
-4.49106042678452333     -10.25589374998304137
 9.49125093036770018     -7.05720065637519944
-2.49106042687665274     -3.32769051965386353
 5.47580323670962343     -17.47572160108285644
-10.52427839911475438     14.01161998591569535
-7.49106042702243879     -1.59563971214073019
 0.50893957306775683     -1.59563971205294930
17.47572160108279604     -10.27255308645846021
-6.52427839910441332     17.47572160105868733
 8.49125093036771261     -8.78925146395662260
-0.52427839899150819     17.47572160106799899
-3.49106042693517304     -1.59563971205088895
 5.50893957312363369     -3.32769051965542939
-15.52427839912978058     15.74367079346296094
14.49125093036713707     -15.73484344449570038
13.49125093036740530     -10.52130227152419550
-5.52427839904318763      8.81546756324035208
 0.47572160103507144     12.27956917837884987
-10.47572160108337869     -10.50311839121042645
15.47572160108041039     -3.34434985617952707
-16.47572160109202599     -10.50311839117248525
10.50708129911267541      1.86953344973681923
 5.47572160105571104     10.54751837081763988
 5.47572160107810912     17.47572160108054007
 6.50708129911266120      1.86953344974431301
-13.47572160108317796     -12.23516919877806330
-2.52427839900164219      7.08341675569303675
 6.49125093036710066     -15.73484344449747141
-14.68940132621438899      6.98172541316063811
-15.47572160108312644     -15.71665956417063548
 9.47572160107848838     17.47572160108014572
-10.49093420834108059     -13.97591438148048226
 6.47572160106688699     12.27956917838006490
13.47572160107856298     10.54751837080388022
15.47572160107857009     10.54751837080252663
-14.52427839914931695     17.47572160104709482
17.47572160107900885     14.01161998594007230
-1.52427839898412998      5.35136594813422573
 4.49125093036724188     -12.25335307909563021
 1.50893957312358240     -3.32769051965439377
 7.47572160106692518     10.54751837081117749
 3.47603832310904437     -13.99409826179649663
-2.50627303404249213     -13.72868974025282540
-5.49291870088826251      1.86953344972450708
12.49125093036829703     -5.32514984881555264
-0.52427839898416018      3.61931514056527970
-6.52427839903949902     10.54751837081409782
 3.47572160105014127     17.47572160107777250
 0.50708129911256994      1.86953344974504088
 8.49125093022127864     -1.86104823358764171
-6.52427839907517981     14.01161998593136460
-4.49106042678424799     -6.79179213484509070
 8.47572160107830896     15.74367079351134180
16.47572160107885963     -1.61229904860974660
-15.47572160108308914     -5.30696596845293289
11.47572160107851680     10.54751837080458898
-10.47572160122910567     -3.57491516082829097
17.47572160107953820      3.61931514052768000
 2.50893957321583772     -8.52384294241531748
-13.47572160140419584     -1.84286435312758234
 5.47572160105454575      7.08341675568053120
-16.64638888408880035     17.47504174732527460
-3.52427839903411355      8.81546756324320135
15.47572160107916694     17.47572160107973005
-7.52427839904354112      8.81546756324737402
-4.52427839899120077      3.61931514054872228
 1.47572160103725025     14.01161998594655600
10.49125093036777479     -8.78925146395482670
 9.47572160107844041     10.54751837080480747
 7.47572160107806827     14.01161998594257518
-11.49291870088789125      1.86953344968640955
 3.50893957312362614     -3.32769051965465223
12.50708129911267896      1.86953344973988567
-16.47572209803218257     -7.03901648910998290
11.47603832310908878     -13.99409826179577543
14.50708129911268074      1.86953344974242119
13.47572160107895023     17.47572160108004624
 0.50893957321554173     -11.98794455755294308
 3.50893957306378912      0.13641109551788200
-10.52427839910972551     17.47572160105045569
-11.52427839903287854      5.35136594806175125
 1.47572160105229733     10.54751837081986032
-2.49106042693641339      0.13641109551870464
-17.47572160108333250     -12.23516919874826669
-10.52427839911224439     10.54751837078164378
-14.47572160109300654     -7.03901677603180609
-10.52427839899665329      3.61931514051354464
10.49125093036711398     -15.73484344449674488
-11.52427839911758234     12.27956917834829831
 3.47580323670962255     -17.47572160108270367
15.47572160100093619      0.11975175891414466
 3.47572160105439387     10.54751837081858667
-4.49093420834108059     -13.97591438148373300
