383    37.42710460250000182
 9.12548683584059361     -15.98150149359613614
17.71355230124781244     -6.50060036038833644
-17.71355230124832048     -16.92746385015301414
-14.71355230124745361     -4.80310819717164073
-11.71355230124850877     17.71355230124866864
10.83087499437991674      1.58040764867825612
 0.12548683565832602     -14.24945068610714216
 6.12548683566483643     -7.32124745583112357
-2.87451316434218151     -15.98150149367646833
-11.87451316434490423     -10.78534907097167128
 3.12548683566125307      8.26720981233447105
-6.71355230124513636     12.51739987854119818
-8.71355230124743052     12.51739987854260683
-12.71355230124785507     -1.33900658203365119
 7.12548683563310359      4.80310819718849391
14.24971430962010821     -0.49501901107166257
14.24945068608714394     11.71417156741843613
14.12548683571760577     -17.71355230123843683
10.12548683571737129     -17.71355230123884539
-5.87451316434656778     -17.71355230124817837
17.71355230123224800     -8.50060036038837197
 3.12548683566178909      1.33900658202596712
-1.87451316434211113     -7.32124745583366288
-15.71355230124852831     17.71355230124795099
-4.87451316434293869     -15.98150149367718598
-9.71355230124530955     17.71355230124788704
15.98150146058609700      2.50544772923859993
12.12548683644830305     -14.24945068567791573
 0.12548683567159141      9.99926061990666071
 1.12548683566108942     -15.98150149367443085
 4.12548683566157059     -3.85714584068829813
 8.93891485931086827     -1.28160300408217509
-8.71355230126878411      5.58919664825394058
-6.87451316434330995     -15.98150149367741157
 6.96452597264177964     15.98150149370446016
-12.71355230126878411      5.58919664825337925
-11.71355230124773072     10.78534907097272644
-8.71355230124829205      2.12509503310468606
-17.71355230124780178     -6.53515900474065337
 4.12548683566409746     -0.39304422554161050
-4.71355230124435032     12.51739987854045744
-0.87451316434229265     -12.51739987853861535
 1.12548683565528673     -5.58919664826290141
-2.71355230124412250     15.98150149367839745
-8.87451316434385795     -12.51739987853988190
-14.71355230124821389     15.98150149367916839
 3.12548683567340069     11.73131142748729161
-1.71355230124443003     14.24945068610930399
 0.28644769875698856     17.71355230124627056
-17.71355230124747493     -13.46336223501568696
14.07540808895973150     -8.61084420323978783
14.12548683648862813     -14.24945068570786866
-16.71355230124722269     -11.73131142744695588
 3.12548683566176821     -9.05329826340233801
-7.87451316434432069     -7.32124745583324543
14.24918122349816585      1.50498091788371124
-8.71355230124778757     -1.33900658203307610
15.98150146084855017      0.50544772920690040
 7.12548683567026586     -9.05329826341389854
-4.87451316434354531     -12.51739987853947333
-6.71355230124829205      2.12509503310501069
-13.71355230124850877     17.71355230124834179
 0.12548683566173802     -0.39304422555123686
15.81415600438692159     16.95271805768120643
 3.12548683567806007     15.19541304262524939
-9.71355230124804159      0.39304422553566420
-6.71355230124431301     15.98150149367864081
 7.12548683565528584     -5.58919664825671259
15.90655600279323245     -9.49923135962817256
 5.12548683567053676     -12.51739987855182257
 6.12548683566837404     -0.39304422554038387
14.29496320937814602      3.58043085804224903
17.71355230124774494      5.65541393516973834
-8.71355230124800606      9.05329826340402555
-11.71355230124815527      7.32124745583443914
15.98002333645348827     -3.49804010292910306
-7.87451316434656778     -17.71355230124824942
-6.71355230126878499      5.58919664825427454
 1.12548683566149066     -9.05329826340300592
 4.12548683571352282     -17.71355230123600322
-9.71355230124759572     10.78534907097314210
 2.12548683566156882     -3.85714584068909350
 8.12548683571729491     -17.71355230123709745
10.84815899152797414      7.60980967672114961
-1.87451316433851911     -3.85714584069082855
-13.87451316434661130     -17.71355230124764546
17.71355230124652991     11.71417156741046561
10.18050009168697656     14.14154758556936997
 2.12548683565344998     -17.71355230124861890
 7.12548683566963703      1.33900658202846445
 7.12548683566145513      8.26720981233897945
-16.71355230124750690     -8.26720981230936403
 7.12548683566118424     -2.12509503311507286
13.28876460458609543     -12.43280835744410950
12.45612761319300965     -1.49646149282005503
-8.87451316434349380     -15.98150149367758743
-3.71355230124447866     10.78534907097141016
 0.12548683566160163     -10.78534907097195372
14.18872683095975162     -6.61405706818719707
15.98150149364076711     -7.50060036033325961
11.96452597275184715     17.71355230120432367
-7.71355230124857982      3.85714584067373112
13.12548683643733050     -15.98150149325352309
 6.12548683566157770     -3.85714584068418365
-14.71355230124713565     -8.26720981230925211
-10.71355230124773428     15.98150149368019335
17.71355230124475710     -4.49547547839681449
-16.71355230126878411      5.58919664825310569
14.24945995372228325     13.71418761926936014
12.56292580195068176      2.58040764867559425
-6.87451316434366699     -12.51739987853971670
 7.96452597260033635     14.24945068611165588
17.71355230123110758     -12.49780229518454000
-14.71355230124771651     12.51739987854136160
 0.12548683565344548     -17.71355230124759572
-9.71355230124755664     -3.07105738960208807
-17.71355230124817837      0.39304422553463259
-11.71355230124766855     14.24945068611086363
 4.12548683567161234      9.99926061991737924
 0.12548683565824215      6.53515900474865141
-14.71355230124840041      2.12509503310385606
 2.12548683566898955     -14.24945068610910681
17.71355230104489920      1.50544778607242846
10.78668334558419417      9.65787637213992411
-0.87451316434407123      1.33900658201428757
-1.71355230124321456     17.71355230124686031
10.12548683585158926     -14.24945068602120912
10.83087499438334156      3.58040764867825612
-4.71355230124415936     15.98150149367851647
 5.96452597259658468     17.71355230124727242
17.71355230124850877      7.65541393517478141
-5.71355230124405900     17.71355230124746072
-4.87451316434348580     -2.12509503312512393
12.51740914615515976     12.71418761926615382
-5.87451316434430382     -7.32124745583299052
 3.12548683566115848     -2.12509503311965009
10.12548683583353970     -10.78534907089466088
 6.12548683565829144      6.53515900477192613
10.43782677547679150     -7.14010997306386219
 2.12548683566090046     -7.32124745583376679
17.66378603599265062     17.71355230124855851
-5.71355230124810731      7.32124745583558489
-17.71355230124751756     -9.99926061987823722
-4.87451316434633686      1.33900658201129641
-9.87451316434412085     -10.78534907097113127
 2.28644769875700282     17.71355230124626345
15.97867312884309676     14.71908651716395511
17.71355230123963409     -16.49780229518466967
-2.71355230124564661      9.05329826340151378
-12.71355230124805402      9.05329826340337540
-17.71355230124868996      3.85714584067251298
-12.71355230124754243     12.51739987854171332
12.53469727731553540      8.68479275127375949
 1.12548683566125041      1.33900658201832479
-14.71355230124713387     -11.73131142744703048
-11.87451316434660953     -17.71355230124801849
-10.87451316434500903     -9.05329826340272881
 8.12548683583229092     -10.78534907089221484
-2.87451316434343207     -12.51739987853914826
12.52400566328844356     -3.50591420035064871
-3.87451316434401605     -7.32124745583287684
 2.12548683566353613     -10.78534907097227524
-5.87451316434323623     -3.85714584069414590
-1.87451316434175785      6.53515900474742928
-11.71355230124808955      0.39304422553536134
-1.87451316434333393     -10.78534907097032836
-15.71355230124815172      0.39304422553483526
-17.71355230124798652     14.24945068610979071
-4.71355230126878588      5.58919664825476925
 3.12548683565528629     -5.58919664826160112
 8.61510998910836356      2.67355626665814183
-2.71355230124385205     12.51739987854009328
15.90819498674726695     -11.50177368149188517
-13.71355230124715696     -6.53515900474035938
-3.87451316434656468     -17.71355230124817126
15.98150149365472572     12.71417156742360710
-3.87451316434262472     -3.85714584069350463
-10.71355230124833113      2.12509503310437786
12.40301614107441175     -5.51431371657264435
-10.87451316434384196     -15.98150149367766737
12.58020979910987514      6.60980967674226427
-7.71355230124429792     17.71355230124753533
-7.87451316434558546     -3.85714584069576638
12.56291240178086532      4.58043085809730233
15.98298344913295210     -5.49803791939532616
-13.71355230124815527      7.32124745583416647
17.71355230124869351     -0.49455221392769672
 6.12548683568111496     13.46336223505653074
 8.99155665189529607     12.53328985921138106
-9.87451316434504456     -7.32124745583383163
11.12548683585042752     -9.05329826333329102
-8.87451316434527548     -5.58919664826482165
 3.12548683566797747     -12.51739987853964031
14.18894390789507653     -4.61405707996779579
 6.12548683582601772     -14.24945068603451759
-1.87451316434302662     -0.39304422555529533
17.71355230124867219      9.71417156741043542
-0.87451316434471305     -5.58919664826328333
-10.71355230124728131     -4.80310819717113802
-14.87451316434542825     -15.98150149367808304
 7.12548683582676290     -12.51739987846450219
14.29496320789123054      5.58043086062413884
 5.12548683566398378      1.33900658202734757
 9.12548683565528584     -5.58919664826745333
-3.71355230124443336     14.24945068610942123
 6.12548683567067265     -10.78534907098301510
-17.71355230124794744     10.78534907097201589
-2.87451316434407778      1.33900658201297595
-15.71355230124711788     -9.99926061987813952
-14.71355230126878411      5.58919664825324336
 5.12548683566117269     -2.12509503311218273
-5.87451316434606774     -0.39304422555773544
-5.71355230124857272      3.85714584067418897
15.98176809918027352     -1.49501384610876342
-13.71355230124790836     14.24945068611038046
 5.12548683567470231     11.73131142748449030
-13.71355230124762237     -3.07105738960266272
 4.12548683565827723      6.53515900476387301
-12.71355230124729729     -4.80310819717140092
-10.71355230124780533     -1.33900658203335188
-15.71355230124798652     14.24945068611009269
 6.12548683571722652     -17.71355230123656455
 9.12548683583116294     -12.51739987846224444
 8.73883690706034066     10.54932092533902654
 5.12548683563310448      4.80310819718034043
-3.87451316434376958     -10.78534907097046514
-3.71355230124746694      7.32124745583263969
10.84815899174986242      5.60980967638050032
 0.12548683565508517      3.07105738958365215
-12.71355230124835956      2.12509503310408743
 4.12548683568069752     13.46336223505687002
-2.87451316436689153      4.80310819716091686
-0.71355230124358648     15.98150149367771711
-3.87451316434666460      3.07105738958036190
-15.71355230124864377      3.85714584067268973
-12.87451316434505166     -12.51739987854050362
 2.12548683567589780     13.46336223505761076
-12.71355230124706992     -8.26720981230918994
-10.71355230124745184     12.51739987854210234
-13.71355230124779467     10.78534907097242446
 6.12548683566538443      3.07105738959600316
-17.71355230124855851     17.71355230124795810
-5.71355230124539837     10.78534907097216156
 8.96452597269367679     15.98150149364398942
-0.71355230124373770     12.51739987853843772
-0.87451316434214721     -15.98150149367616812
14.24379855949861451     15.71417960640718903
11.12548683585321641     -12.51739987845242830
15.97995488528199282     -13.50048589613470895
12.12548683571755248     -17.71355230123738522
13.96452597275215446     17.71355230117647395
-15.71355230124772717     -3.07105738960291408
14.11781986154377044     -10.61039446305981215
 5.12548683581518194     -15.98150149361107886
-14.71355230124808600      9.05329826340308585
17.71355230124796165      3.50544778607243401
-3.71355230124391333     17.71355230124746072
 4.12548683566167540      3.07105738959491470
 8.12548683567008823     -7.32124745584490721
 1.12548683566355501     -12.51739987854118930
-11.87451316434411019     -14.24945068610889720
-9.87451316434375137     -14.24945068610882437
-16.71355230124747848     -15.19541304258459213
-7.87451316434357285     -14.24945068610864851
-10.87451316434401605     -12.51739987854007019
-12.87451316434424697     -15.98150149367771888
-11.71355230124756019     -3.07105738960237051
-1.87451316434656290     -17.71355230124789770
-7.87451316434394855     -10.78534907097095186
-13.71355230124813396      0.39304422553507662
-15.71355230124721203     -13.46336223501586815
-6.87451316434581727     -2.12509503312675641
-16.71355230124821389     15.98150149367888062
-11.71355230124859581      3.85714584067311517
-9.71355230124813751      7.32124745583473757
17.71355230122957281     -2.49547547835566386
17.63875809613840673     -10.49920132778641246
-3.87451316434320070     -14.24945068610815824
-5.71355230124443469     14.24945068610968413
-7.71355230124803981      0.39304422553594809
-16.71355230124776980     -4.80310819717177129
 4.12548683567277319     -14.24945068612199606
-1.87451316434242177     -14.24945068610744769
-9.87451316434657578     -17.71355230124820679
-2.87451316434471282     -5.58919664826359330
 0.12548683566156849     -3.85714584069039734
-1.87451316434528037      3.07105738958263341
10.58900687778619876     -2.41173411619443945
 4.12548683567703200     16.92746385019472299
-10.71355230124805402      9.05329826340366317
 8.12548683582629572     -14.24945068603441278
-7.71355230124813485      7.32124745583507419
-1.71355230124365154     10.78534907096936379
14.26674808489712554      7.68479275129451445
 3.12548683567211061     -15.98150149369049444
 2.12548683565827679      6.53515900476074663
-5.87451316434336679     -14.24945068610845844
17.71355230117834623     -14.49780229518465724
-11.71355230124705038     -6.53515900474014977
-15.71355230124816238      7.32124745583404835
 9.02710673244042106      0.71645159815318971
-15.71355230124745894     -6.53515900474051481
-7.71355230124503422     14.24945068611015486
 2.12548683567160523      9.99926061991018855
14.26674808489499746      9.68479275129451445
 2.12548683565814400      3.07105738959392216
17.71355230123212365     13.71417156741048160
-3.87451316434375181     -0.39304422555609320
12.12548683586799392     -10.78534907089202832
 1.12548683566115404     -2.12509503312045345
-6.71355230124789415      9.05329826340458510
-7.71355230124752733     10.78534907097367324
 9.12548683585012199     -9.05329826331496790
15.90323583402997087     -15.62745003994333715
 0.28644769875557269     14.24945068610835186
11.12548683643291980     -15.98150149325462799
 1.28644769875754128     15.98150149367611839
-15.71355230124785507     10.78534907097209583
16.02701401545827764      4.58043086062087390
 9.10051124901638175      8.58229482729889526
-4.87451316434404536     -9.05329826340173760
-2.87451316434271797     -2.12509503312437431
-10.71355230126878411      5.58919664825365103
16.12548683571762709     -17.71355230123705837
12.40279906415403133     -7.51431370479277660
-0.87451316434019255     -9.05329826340326527
-16.71355230124834179      9.05329826340290822
17.71355230124569147     15.71417156741050647
-12.71355230124820146     15.98150149367943484
-16.71355230124797586     -1.33900658203415679
10.96452597269385443     15.98150149363417505
 4.12548683566745922     -10.78534907097039408
15.98150149368066053      6.65541393517298641
-17.71355230124819613      7.32124745583394265
-0.87451316433875670      8.26720981231934182
 1.12548683567339958     11.73131142748022171
-16.71355230124778757     12.51739987854102765
-6.87451316434471416     -5.58919664826414131
-2.87451316434373805     -9.05329826340160260
-4.87451316434471327     -5.58919664826387663
 5.12548683572237795     15.19541304264939363
 3.12548683563310536      4.80310819717730642
12.51739702051250269      0.50451928729038886
 6.12548683567317376      9.99926061991464898
-4.71355230124565150      9.05329826340313559
-8.87451316434417592     -9.05329826340220656
 9.96452597274284280     17.71355230123139179
-0.87451316436689264      4.80310819716402460
10.74268312124834956     -0.41764695355701686
-5.87451316434381354     -10.78534907097075113
-8.71355230124508928     15.98150149367900319
-13.71355230124697755     -9.99926061987814485
14.24972027360938398     -2.49501901106303103
 5.12548683565528584     -5.58919664826081775
12.51174775193156741     14.71417960640400935
 8.45067458172193220     -3.66037138827259989
10.73807789627102949     -4.40617083653627795
-13.71355230124861357      3.85714584067285626
15.98150149367018003     10.71417156742290722
-6.87451316434405779     -9.05329826340201116
 8.36748986142490914      6.58605549290543113
 0.12548683565899704     -7.32124745583392045
 7.96452597272121476     17.71355230122894042
-14.71355230124793501     -1.33900658203391676
-0.87451316433884740     -2.12509503312175996
 5.12548683566127750      8.26720981234253571
 1.12548683566124508      8.26720981233133756
-17.71355230124801849     -3.07105738960302954
-9.71355230124858515      3.85714584067340160
 7.12548683581740239     -15.98150149360957428
 2.12548683566334518     -0.39304422554949880
 5.12548683566587737     -9.05329826340060251
12.53469727731454775     10.68479275127447892
15.99879889246704323      8.68479275129271144
 4.12548683566152707     -7.32124745583332093
-13.87451316434513515     -14.24945068610933951
-16.71355230124840574      2.12509503310367487
 9.11612158560235564      4.60978646479698018
 1.12548683563310625      4.80310819716523163
-15.87451316434665571     -17.71355230124740743
-9.71355230124753710     14.24945068611142318
10.80265573738618912     11.68480880312700165
 7.12548683567470853     11.73131142748366074
