388    37.62642139119999740
 7.81321069558980419     17.81321069559289327
 5.81321069558882364     17.81321069559279380
-12.81321458427328430     -16.08115988785020534
 3.99999999999585043      3.06699802851120218
16.81321069559081494     16.08115988802311946
-4.00000000001040945      6.53109964364542428
-9.81321069559406567     17.81321069559148285
13.81321069559023229      3.95680423504142498
 0.99999999999506006     -9.05735762447150528
 3.99999999999604539     -3.86120520176513660
 1.99999999999593236     -0.39710358662660106
13.81321069559118797      7.42090585017845950
-7.00000000000494627     -9.05735762447101500
10.18336804911544569     -14.34714055266031707
10.99999999999731948     -5.59325600933405553
-8.00000000001074518     -0.39710358663012285
-3.03135626283704251     15.17286765505171964
-5.00000000000416467      1.33494722094231322
-17.81321069559801984     -14.23421779812574606
-11.81321458397375679     -17.81321069559246695
16.81321120736294006      2.22475312803070135
 9.18336804910898152     -12.61508974508458714
 0.99999999999590494      1.33494722094236251
11.18678541574093188     -16.08115988785711181
 8.99999999999686651     -5.59325600933395428
 0.99999999999594624     -5.59325600933359368
12.81321069560190296      2.22475342746578120
-15.81663195090316520     -10.88303893751712614
 6.81321069558458614      9.15295665775137657
-7.00000000001058353      1.33494722093868279
-14.81321069559084691      9.15295665774518952
13.81325495655956992     -2.97142563569044693
 6.99999999999506706     -9.05735762447277537
11.81321069559001558      7.42090585017911142
-7.81663195088460405     -14.34714055265539479
12.18336804910756932     -10.88303893751799123
 5.99999999999604849     -3.86120520176546300
-1.81663195089256990     -10.88303893751301565
16.05991867718426391     -9.68742529936463370
-7.03135626283619608      8.24466442477572414
 4.81321069558335690     16.08115988802700258
-15.81321069559128745      0.49270261990066910
-7.81663195089310214     -10.88303893751242413
 8.18336804911544391     -14.34714055265720489
14.18678541602622900     -17.81321069544340219
-0.24950183009000898     17.81321069559879078
 8.99999999999507594     -9.05735762447315729
-6.00000000000436184     -3.86120520176419113
 4.99999999999505995     -9.05735762447234372
-13.81321069559409054     17.81321069559128034
-1.00000000001034928     11.72725206635277218
-8.81321458427260573     -16.08115988785028705
-6.81321069559108405     16.08115988802148877
-11.00000000001106315     -5.59325600933673872
-16.81321069559118087      2.22475342746963500
-16.81321069559096770      5.68885504260748220
-5.81663195088459695     -14.34714055265526333
-17.81321069559118442     10.88500746531398988
-8.81321069559076520      9.15295665774536715
15.90261738984002626     -11.68122977949800934
 6.99999999999597566     -5.59325600933438860
-15.81321069559177417     -2.97139899523706896
 7.99999999999596589     -0.39710358662765871
12.00000159189534443     -7.32530589781951669
 7.81321069558991166     14.34910908045514155
-8.81663195089280372     -12.61508974508150338
11.81321069558556225      3.95680423504395185
-15.81662806251079623     -14.35108434275893785
-4.00000000000414779     -3.86120520176423643
-6.00000000000423483     -0.39710358662652995
14.81321073591167625     -1.23934821505057569
-13.81663195090297691     -10.88303893751537643
 3.18336804910779581     -12.61508974508341652
17.81321069559184878     14.34910908045359257
11.81321069559077941     10.88500746531654961
17.81321069559025005      3.95680423118691893
-16.91612877449861330     -16.02174235214918241
17.81321069559200510     10.88500746531593322
 2.78185443274428890     12.63554429933576273
-13.00000000000496136     -9.05735762447830517
 9.99999999999736744     -3.86120520176504511
-3.00000000000408207     -2.12915439419539698
-17.81321069559113823      3.95680423503858014
 0.99999999999593969     -2.12915439419548269
13.81321069559020387     17.81321069559271564
13.81321069559100856     10.88500746531629915
-2.03135626284150916     16.90491846262317566
-15.81321069559108494     14.34910908045169009
-13.81321458397375501     -17.81321069559305670
 8.18678541602623255     -17.81321069559649217
 7.81321069558466696      7.42090585018242788
 1.78185443273838717     14.36759510690123243
 9.81321069558492809      3.95680423504429069
-0.00000000000437412     -7.32530681690228835
-4.00000000001072920      9.99520125878309962
 3.18678541572837926     -16.08115988785230144
-15.81321069559410120     17.81321069559086467
 0.18336804911541962     -14.34714055265631671
 4.18336804911543236     -14.34714055265695087
-0.00000000000407704     -0.39710358662652945
-16.81321069559524872     -1.23934818767019683
-8.00000000001143086      3.06699802850708281
-5.00000000000432632     -5.59325600933304745
-6.00000000001049649      3.06699802850753800
-6.81663195089278862     -12.61508974508149272
 1.18678541572829643     -16.08115988785211314
14.18336804911544746     -14.34714055266134558
14.81321069564841686      2.22475342645210583
 9.78185443274450961      0.51118864635375638
15.40234587242002107     -15.94117261284120879
-12.03135626283648563     -0.41558961306848846
-14.81675102247710285     -12.61515849562591107
-2.00000000000426814      6.53109964364904449
-3.81321069559406123     17.81321069559676573
 6.81321069558428505     12.61705827288947646
-2.00000000001003375      9.99520125878356502
-9.81321069559080605     10.88500746531425278
-8.03135626283618542      6.51261361720684206
-16.81321069559104231      9.15295665774516642
-12.00000000001211120     -3.86120520176846371
 9.81321069558495651      7.42090585018213833
-0.00000000000415814      3.06699802851131231
13.81321069558692649      0.49270261891866035
-12.81321069559094106      5.68885504260737473
11.81321069559003334     17.81321069559297854
 6.18678541602623344     -17.81321069559339776
-1.00000000000413158      8.26315045121809533
-8.81321069559086112     12.61705827288325565
-2.00000000000415934      3.06699802851126302
11.18336804910998161     -12.61508974508827130
-4.81663195089277529     -12.61508974508157621
17.81321069559200865      7.42090584925887509
12.78185443274670874     -4.68496377635160233
-7.81321069559406567     17.81321069559174575
17.81321069467260543     -2.99668751722338245
-5.03135626283632131     11.70876603991354870
-17.81321069559147219     14.34910908045157640
-4.03135626283651494     13.44081684748253736
-11.03135626283641635      1.31646119450034815
-2.81321458427205506     -16.08115988785108286
-1.81663195088459095     -14.34714055265587618
-16.81321069559140824     16.08115988802042295
15.82402590433126299     -6.44205662299160231
 3.99999999999568878     -7.32530681690304064
14.82449811036139842     -4.70973318547984832
-3.81663195089261809     -10.88303893751278828
-1.00000000000407696     -2.12915439419541030
12.81321073591150750     -1.23934821193174516
 9.18678541573563123     -16.08115988785983674
-5.00000000001098233      8.26315045121402392
 0.99999999999578826      4.79904883608025390
-1.00000000000421396      4.79904883608019706
 0.99999999999586831      8.26315045121830494
 1.99999999999584177      3.06699802851128123
-9.81321458397375679     -17.81321069559235681
 4.99999999999579270      4.79904883608011357
-10.81321069559086290     12.61705827288309756
 2.18678541602623566     -17.81321069559316328
-17.19507896871878927     -12.33213652535420302
-8.81321069559112757     16.08115988802110508
 1.99999999999551625      9.99520125878739663
-17.81321069559879788     -17.80926690494203513
-10.81321069559113290     16.08115988802090612
-1.00000000001149503     15.19135368149134813
15.81321069559166936      7.42090585017836268
 4.99999999999597922     -2.12915439419621944
-6.81321458427234727     -16.08115988785021599
-15.81321069559099080     10.88500746531401830
10.81321069558500447      5.68885504261312391
-5.81321458397375945     -17.81321069559260550
 7.18678541572861818     -16.08115988785269224
 7.81321069558460657     10.88500746532027286
13.78232664481771863     -6.41674186631397880
11.81321069559049697     14.34910908045462463
 2.18336804911542393     -14.34714055265678923
10.18678541602623078     -17.81321069559072257
12.81321069559105297     12.61705827288528958
-15.81321458397375501     -17.81321069559416870
10.81321069558659076      2.22475342747447913
12.81321069559088954      9.15295665774748990
-10.81321069559089310      5.68885504260737473
-9.03135626283620674      4.78056280963797864
 1.99999999999601985     -3.86120520176475424
-10.00000000001173106     -0.39710358663058298
16.81321069562500981      5.68885504160599087
 1.99999999999575939      6.53109964364924256
10.99999999999508304     -9.05735762447297432
-3.00000000000410871      1.33494722094234608
 2.99999999999505995     -9.05735762447199200
-2.81663195089262430     -12.61508974508188352
-5.81663195089271490     -10.88303893751262841
-12.00000000001142553     -7.32530681690550001
-16.03135626282853821     -7.34379284334858529
-9.81321069559097481     14.34910908045208622
12.99999999999508304     -9.05735762447628900
 4.18678541602623433     -17.81321069559355053
 9.81321069559005643     10.88500746531708607
-0.00000000000399492     -3.86120520176439808
-13.81321069559082915     10.88500746531405738
17.81321069559875880     -10.64969714149866498
-3.00000000000419531     -5.59325600933314160
12.18336804911544569     -14.34714055265452792
 5.18336804910788018     -12.61508974508368652
 8.18336804910749827     -10.88303893751497498
 1.18336804910766191     -12.61508974508283032
-3.00000000001075451     11.72725206635202966
-7.00000000001132694      4.79904883607593913
-15.03135626283562765     -5.61174203577561492
15.81337175586268806     -2.97130604772744134
-13.81321069559084513      7.42090585017630922
 2.99999999999579181      4.79904883608019439
 4.99999999999595790     -5.59325600933430067
-1.00000000000493983     -9.05735762447132764
 8.81321069558479842      5.68885504261334685
-15.81321069559110626      3.95680423503852419
11.81321069558690517      0.49270261990555064
15.81321069558720716      0.49270261593572801
 5.99999999999595346     -0.39710358662730127
 9.99999999999694289     -7.32530681690279106
10.18336804910755689     -10.88303893751484175
-4.81321458427212345     -16.08115988785095141
-15.81321069559091796      7.42090585017635185
 4.18336804910745741     -10.88303893751411344
17.81321069558438452      0.49269898241246918
 6.18336804911544125     -14.34714055265733990
-13.81663195088467155     -14.34714055265545340
10.81321069559076165     12.61705827288557202
-2.00000000000438716     -7.32530681690213026
-15.00000000000497025     -9.05735762448018988
17.81321069559855275     -14.64927735989288848
10.81321069559002268      9.15295665774810452
 3.81321069558335779     14.34910908045807432
-13.00000000001253042     -5.59325600933716505
-7.81321458397375856     -17.81321069559185943
 0.18678541602623686     -17.81321069559302472
-5.81321069559406478     17.81321069559209036
-16.81321069559572123     -4.70344980281682812
 3.99999999999576872      6.53109964364910134
 4.99999999999591616      1.33494722094195017
-10.81663195089345031     -12.61508974508118541
 7.99999999999604938     -3.86120520176554827
-9.00000000001160494      1.33494722093825757
-7.81321069559080605     10.88500746531440200
 7.99999999999677058     -7.32530681690280794
14.81321069559107428      9.15295665774740463
-0.00000000000448368      9.99520125878727228
-1.81321458397376212     -17.81321069559324499
 3.78185443274488309     10.90349349176722882
-5.81321069559087622     14.34910908045263156
 8.81321069558998182     12.61705827288605875
17.81321069559876236     -16.64927735989288848
 9.81321069558996584     17.81321069559288617
-7.00000000000445421     -2.12915439419536767
 8.81321069559008663     16.08115988802392593
17.81321069559093573     17.81321069559195536
-17.81321069559112757      7.42090585017626925
-6.00000000000444267     -7.32530681690188246
-11.81321069559082204      7.42090585017630655
15.81321069559088421     14.34910908045416278
-17.81321069559419712     17.81321069559015768
 6.99999999999597922     -2.12915439419654362
13.19128575555394889     -12.61052765679440668
-2.00000000000405764     -3.86120520176434034
15.81321069559131054     10.88500746531614638
-10.81321069559076875      9.15295665774524814
 7.18336804910802673     -12.61508974508418035
 8.99999999999599787     -2.12915439419660535
-14.81321458427364313     -16.08115988785011652
 9.81321069559007775     14.34910908045492128
16.81321069559136916     12.61705827288498938
12.18678541602623078     -17.81321069559746562
-5.00000000000494094     -9.05735762447104875
-9.81321069559081494      7.42090585017633853
14.78185436512882767     -8.14906525885062472
-0.00000000001143053     13.45930287392229907
-12.81663195089397078     -12.61508974508082659
-2.00000000001143752     13.45930287392131142
-6.81321069559080517     12.61705827288347059
-8.00000000000452260     -7.32530681690185492
 5.99999999999585309      3.06699802851086689
16.99850138595564175     -4.82322761933310495
 7.78185443274473254      3.97529026149163700
 4.81321069558408166     12.61705827288949422
 6.99999999999592681      1.33494722094159179
 6.78185443274482669      5.70734106906056748
-6.00000000001130562      6.53109964364484519
 4.78185443274498123      9.17144268419840891
12.81321069559060888     16.08115988802345342
-6.03135626283628934      9.97671523234465418
-12.81321069559086467     12.61705827288296611
 5.99999999999591260     -7.32530681690324048
16.18678541602622900     -17.81321069559876236
-10.00000000000487965     -7.32530681690205654
15.81321069559023407      3.95680423405717896
-3.00000000000422107      4.79904883608011534
-14.00000000001155342     -7.32530681690694241
14.81321069559118975     12.61705827288509774
14.81321069560687498      5.68885504260069830
 8.78185443274462862      2.24323945392270119
-11.81321069559107428      3.95680423503840828
-13.81321069559128212      0.49270261990066461
-14.81321069559093750     12.61705827288288084
-12.81321069559116488     16.08115988802077823
10.78185443274450783     -1.22086216121512070
 6.81321069558943382     16.08115988802422081
-11.00000000001196021     -2.12915439419951635
-9.81663195089311458     -10.88303893751245788
-1.00000000000410294      1.33494722094239160
-5.00000000000419131     -2.12915439419538277
-11.81321069559081849     10.88500746531409824
-17.70888762701099850     -8.43277793148532595
-14.81321069559116843     16.08115988802064322
-11.81321069559406745     17.81321069559133008
 1.81321069557689607     17.81321069559399106
-0.00000000000424723      6.53109964364913154
-3.00000000001027889      8.26315045121445202
-10.03135626283632220      3.04851200206916984
-1.00000000000407829     -5.59325600933323663
-3.00000000000493960     -9.05735762447115533
14.17277042086002226     -10.67742229600777648
-11.81663195088462537     -14.34714055265563104
 2.99999999999594236     -2.12915439419582553
-9.81663195088461116     -14.34714055265548183
16.81321069567402304      9.15295665769969347
 0.18336804910744103     -10.88303893751331586
-4.00000000000416378      3.06699802851120440
-2.00000000000407718     -0.39710358662651496
 2.99999999999591171      1.33494722094228924
-3.81321458397376079     -17.81321069559345105
 0.78185443273916466     16.09964591447056037
10.81321069559049697     16.08115988802357776
 3.81321069557726045     17.81321069559257353
-0.81663195089247465     -12.61508974508224767
-4.81321069559104409     16.08115988802272867
-3.81663195088459473     -14.34714055265565236
-14.81321069559095172      5.68885504260745378
-12.81321069559082915      9.15295665774518064
-17.81321069559180614     -2.97139899524488627
13.18678541581817854     -16.08115988790846984
-17.81321069558979175     -6.43550061038923538
-12.81321069559117554      2.22475342746956972
12.81321069559006709      5.68885504261022934
16.83529047459371952     -1.25203148896616900
-10.00000000001104539     -3.86120520176786552
 0.99999999999443479     11.72725206635679385
-9.00000000000482103     -5.59325600933314870
 5.81321069558423620     14.34910908045834077
-11.00000000000495604     -9.05735762447093506
-17.81321069559142600      0.49270261990089875
-14.81321069559135672     -1.23934818766825350
 2.18336804910745386     -10.88303893751382034
-16.81321069559111336     12.61705827288282933
17.80132148296205941     -8.64973241881069832
-11.81321069559100856     14.34910908045195477
-11.81663195089348584     -10.88303893751221985
-13.03135626283650517     -2.14764042063735427
 5.18678541572844143     -16.08115988785273132
-13.81321069559109560      3.95680423503849354
-4.00000000000438938     -7.32530681690196062
14.81321069559062131     16.08115988802335039
-17.81321069558996584     -10.43005525258079125
-7.81321069559094283     14.34910908045231182
-14.81321069559117554      2.22475342746960658
17.78423623861660730     -12.64948725069577584
16.06685443030405125     -13.67447492110502871
 3.99999999999594102     -0.39710358662694178
-5.00000000001040501      4.79904883607648447
-8.00000000000460787     -3.86120520176422399
11.78185443274587740     -2.95291296878320608
-13.81321069559103876     14.34910908045182332
 6.18336804910746096     -10.88303893751456108
-7.00000000000445866     -5.59325600933301459
-9.00000000001086775     -2.12915439419896124
 8.81321069558484638      9.15295665775120604
 5.81321069558433301     10.88500746532054997
 5.78185443274486932      7.43939187662946821
15.81321069559079007     17.81321069559215786
-0.81321458427188087     -16.08115988785173656
-4.00000000000411315     -0.39710358662653578
-14.03135626283686754     -3.87969122820602186
 2.99999999999586819      8.26315045121806691
13.81321069559055736     14.34910908045446121
-9.00000000000495426     -9.05735762447099368
-10.81321458427290061     -16.08115988785023731
 2.99999999999595479     -5.59325600933396316
17.81321068352045600     -6.64976775707869461
 1.99999999999565925     -7.32530681690270580
 2.81321069557715031     16.08115988802372343
