392    37.83656698971296350
-10.99008026457861931     -7.91828349485326655
 5.79392784187406118      6.68504373093872140
17.91828349485347616      7.68504373095237092
 1.13427538840348241     -16.91828349485454552
-10.97588174803395944     13.31337695776943342
12.72213107214856898     -5.31495626906172358
 5.79392784187442622     10.68504373093872317
-9.79452942624721423      1.68504373093935489
 7.68350740739135674     13.91828349485420624
 2.48735498469069682     12.91828349484381810
-11.52658023381506069      0.68504373093756887
 5.79392784187318455      0.68504373093872140
16.18623268729017539      6.68504373094262050
-8.05175874505896161     16.11364407269579857
-6.33042781110946695      7.68504373093943816
-6.33042781110943853      1.68504373093935289
16.18623268728435249     14.68504373095252191
-9.02757306796055303     17.91828349485368932
 4.06187703430548197      9.68504373093875337
17.91828349485334471     11.68504373095245086
 4.21940579225969792     13.91828349484378258
-14.45418187971628932     -11.91828349485337490
 5.79392784187313303     -3.31495626906132079
 7.52597864944189610     -6.31495626906149177
-12.72213107214743921     -10.91828349485332872
-17.91828349485510685     -1.91828349485466454
 7.52597864944319639      7.68504373093868409
10.99008026458328047      7.68504373094255744
-5.79392784187189314     -8.91828349485327720
 4.06187703430431313      3.68504373093874449
14.45418187971541002     13.68504373095254678
-16.18623268728637399     12.28837095673432955
 9.25802945701078528     -5.31495626906150687
 5.79392784187305487     -5.31495626906142959
-14.99068184895431877      4.68504373093883597
-16.18623268728915932      6.28837095672826596
-0.59777541916534771     -13.91828349485373018
11.52658023381702357     -14.91828349485446026
-1.13427538840234554     -1.31495626906124552
-6.33042781110948205      5.68504373093936710
 7.52597864944202222     -2.31495626906132701
-14.45418187971654866     -3.91828349485328609
-16.18623268728611819     16.28837095673437929
17.91828349485583161     -2.31495626906196827
-14.45418187971663571      0.08171650514674909
-17.91828349485396288     -17.91828349485478356
-2.32982622673413919     -14.91828349485392735
12.72213107214843220     -9.31495626906175289
 0.59777541916653465     -0.31495626906124136
 2.32982622673540662      2.68504373093877557
-14.99068184895288525      2.68504373093744242
-9.79452942624723377      7.68504373093948878
 8.06247861867889171     -16.91828349485453131
10.99008026457953058     -10.31495626906174046
-0.59777541916529031     -15.91828349485431993
14.45418187971725033     -12.31495626906187724
 0.75530663772773932     15.91828775672592933
 2.32982622673545237      4.68504373093877646
 9.25802945701334856      2.68504373094144766
-17.91828349485555449     15.28837095673446278
-12.72213107214738059     -14.91828349485336247
16.18623268728725151      2.68504373093810411
-10.99008026458257881      9.28837095672833435
 7.52597864944292194      5.68504373093868409
-10.99008026457859444     -9.91828349485327365
-9.25802945700987223     -2.91828349485324789
12.72213107214940031      2.68504373093841098
17.91828349485608740      1.68504373093803128
 4.06187703430520042      7.68504373093875071
 8.06247861867921145     -14.91828349485444072
10.99008026458313125      5.68504373094245707
-10.99008026457879161     -1.91828349485326322
 0.59777541916742805      7.68504373093878002
17.91828349485529159     -8.31495626906196783
-11.02738041945752379     17.89052458819829994
-10.99008026457870280     -5.91828349485326566
-17.91828349485476934     -13.91828349485474625
12.72213107214836114     -11.31495626906189678
12.72213107215189964      4.68504373094226789
14.99068184895503819     -16.91828349485453487
 9.79452942624810063     -13.91828349485444782
-4.59837700354017187      2.68504373093868409
 4.06187703430418878     -6.31495626906145180
-17.91828349485489369     -9.91828349485472494
-16.18623268728651254     10.28837095673415369
-14.31720344712105586     15.52031083561141500
-7.52597864944094841     -3.91828349485326388
-9.25826623712772800     12.28878096093009198
-14.45418187971640656     -7.91828349485335359
-12.72213107214762751     -4.91828349485325145
-9.25802945700973901     -6.91828349485326122
 2.86632619597266070     -9.91828349485392557
-6.33042781110838515     -2.31495626906237550
-2.32982622673406903     -10.91828349485359873
16.18623268728634912     -5.31495626906189589
-11.52658023381613894      4.68504373093938220
-1.13427538840239284      2.68504373093875426
-13.02718777095449987     17.91828349485282246
14.45418187971737289     -8.31495626906186125
-15.02718777095449987     17.91828349485596661
-17.91828349485512817     -3.91828349485466365
10.99008026457973486     -4.31495626906162855
 8.06247861867917592     -12.91828349485420624
-12.72213107213525696     12.28837095675678270
-4.06187703430304037     -5.91828349485334293
-13.25863104138500859      5.68504373093947191
 2.48735498469062222     10.91828349484381810
12.72213107214643379     14.68504373095239401
-12.72213107214748895     -8.91828349485328253
-14.45418187971621826     -15.91828349485344773
 1.13427538840381970     -8.91828349485383143
11.14760902252909425     15.91828349485429328
16.18623268728436670     16.68504373095264270
16.18623268728446618     10.68504373095237803
-7.52597864944078232     -11.91828349485326655
 5.79392784187365439     -9.31495626906284890
-2.86632619597126492      1.68504373093873472
 2.86632619597244220     -13.91828349485397531
 7.52597864944328432      9.68504373093868587
16.18623268728691400     -15.31495626906297503
17.91828349485533778     -14.31495626906205487
 5.79392784187321119      2.68504373093872140
10.99008026458048448      1.68504373093843363
-6.42118312384331347     14.95553218539933482
 9.25802945701106772      0.68504373093882931
-17.91828349485491501     -5.91828349485466276
 9.25802945701447300     10.68504373094241267
-13.25863104138394988      1.68504373093754567
 6.33042781111032848     -11.91828349485413163
-6.33042781119443188      9.68504373108676830
-7.52597864944047679     -17.91828349485462013
17.91828349485644267      5.68504373093803217
 2.32982622673541684      0.68504373093877491
 7.52597864944248407     -10.31495626906293950
-11.52658023381612828      2.68504373093937687
-7.52597864944078143     -9.91828349485326655
 7.68350740739141003     15.91828349485430927
 7.52597864944207462     -0.31495626906132379
-4.06187703430308389     -13.91828349485353122
-5.79392784187189847     -10.91828349485327720
 5.79392784187317123     -1.31495626906127860
-1.13427538840233511     -3.31495626906126706
-12.72213107215148220      8.28837095672838586
-17.91828349485524541     13.28837095673445390
10.99008026457964604     -6.31495626906164986
 4.59837700354113466     -16.91828349485458816
-2.86632619597128269      3.68504373093873472
 5.95145571846388499     16.91828502141072121
-16.18623268728530817     -6.91828349485339711
-14.45418187971649004     -5.91828349485329319
14.45418187971750434     -4.31495626906182128
 0.59777541916651200      1.68504373093877735
-7.52597864944084538     -7.91828349485326388
-17.91828349485563976      7.28837095673407021
-2.86632619597121119     -2.31495626906126528
11.52658023381689212     -16.91828349485489014
12.72213107214849792     -7.31495626906172802
 0.75117778078397879     17.91828349485647465
16.18623268728701348      0.68504373093810411
10.99008026458343856      9.68504373094256366
12.72213107214874839     -1.31495626906172314
10.99008026457955722     -8.31495626906165342
16.18623268728643438     -3.31495626906189589
-10.99008026457848075     -13.91828349485338556
 7.52597864944185613     -8.31495626906160190
-8.06247861867835347      6.68504373093938664
-1.09206199932836290     12.68459818875755829
-12.72213107213567618     10.28837095675613078
-16.18623268728518028     -10.91828349485339977
-2.86632619597123384     -0.31495626906126534
 4.06187703430484071     -8.31495626906273522
 0.59777541916653065     -2.31495626906124663
-1.14003399298947095     17.26765454780547415
 0.59777541916653743     -4.31495626906127505
-0.59777541916500099     -7.91828349485368932
-12.72213107214769323     -2.91828349485324834
 9.25802945700811719     12.68504373095145965
 4.06187703430516045      5.68504373093874538
-11.52658023381613361      6.68504373093948789
 9.41555821496025658     16.91828349485436433
13.25863104138610993     -17.91828349485470895
 2.32982622673540307     -3.31495626906125462
12.72213107214664518     10.68504373095238513
-12.05132401353435512     16.17252007244478662
14.45418187971843871      3.68504373093821602
-2.86632619597126537      5.68504373093873472
14.61171063766683709     17.91828349485435012
-16.18623268728526199     -8.91828349485339977
17.91828349485617622      3.68504373093803084
 4.06187703430428204     -2.31495626906125773
14.45418187971554502      9.68504373095242421
10.99008026458244736      3.68504373094174387
 0.59777541916719268     -6.31495626906252472
-10.05151666203721561     16.14476116580102172
17.91828349485338023     13.68504373095245619
10.99008026457768672     11.68504373095226612
14.45418187971743684     -6.31495626906183549
-7.52597864953002738     11.28837095687589631
-16.18623268728545028     -2.91828349485331451
11.14760902252914931     17.91828349485449579
17.91828349485515659     -12.31495626906202467
 5.79392784187434096      8.68504373093872140
-14.45418187972033230      7.28837095672834501
-17.91828349485484395     -15.91828349485475869
-9.79452942624725154      5.68504373093939019
 1.13427538840362940     -14.91828349485411209
-5.79392784187198018     -4.91828349485326832
 7.68350740738999693     17.91828349485432526
 5.95145659982161579     14.91828349485589733
 9.25802945701375357      4.68504373094206894
 7.52597864944287398      3.68504373093867876
-4.59837700354017187      6.68504373093868409
14.45418187972106949      5.68504373094261517
-4.64910107759582658     15.95513158261433517
17.91828349485523120     -10.31495626906196783
17.91794490162417475     17.91465876707187022
-8.06247861867727877     -1.31495626906238239
 9.25802945701082969     -3.31495626906144958
-14.45418187970566137     11.28837095675421232
-2.86632619597056593     -4.31495626906238705
-5.03124577461513134     17.91828349485648531
 0.59777541916743437      9.68504373093878179
-7.52597864944080985     -13.91828349485346905
 9.41555821496025835     14.91828349485417959
-17.91828349485646044      2.08171650514533324
 0.63998880824051785     11.68459818875756540
-17.91808538600317036     17.80242833986449469
-0.95825832484719575     14.88693179536459610
 2.48735498469084071     14.91828349484381810
14.45418187971818824      1.68504373093820736
-17.91828349485549765     11.28837095673441482
-1.13427538840169229     -5.31495626906239682
-9.25802945700966617     -10.91828349485327010
 7.52597864944194317     -4.31495626906144558
14.45418187971734802     -10.31495626906186125
 9.25802945701072311     -7.31495626906157792
-12.72213107214738237     -12.91828349485334115
17.91828349485594529     -0.31495626906196844
-8.06247861867835880      8.68504373093950655
-5.79392784187196330     -6.91828349485327188
-14.45418187970557788     13.28837095675431001
-17.91828349485490790     -7.91828349485467520
 7.52597864944208883      1.68504373093867610
-9.25802945700972302     -8.91828349485326299
-2.32982622673414186     -16.91828349485436789
 9.25802945701093449     -1.31495626906136609
16.18623268728631359     -7.31495626906189766
 9.25802945701133595     -11.31495626906298391
-1.13427538840235842      0.68504373093875437
 2.32982622673538131     -5.31495626906133189
 9.25802945701066982     -9.31495626906171026
 5.95145659982853026     12.91828349484370442
-4.59837700354019407      4.68504373093868409
-8.06247861867836590      4.68504373093937421
-9.79452942624724798      3.68504373093937199
16.18623268728696729     -1.31495626906189589
-3.03124577461314670     17.91828349485566108
 6.33042781111024855     -13.91828349485414051
-2.69030913241610348     13.88693179536464939
-7.52597877830241924     13.28837095687671521
-17.91828349485489014     -11.91828349485473737
-7.02940942128778179     17.83259778358643288
-4.06187703430291158     -15.91828349485416538
-12.72213107214138361     14.28837095676331437
 5.79392784187402210      4.68504373093872140
-10.99008026457874365     -3.91828349485326299
14.45418187971547930     11.68504373095247040
-14.45418187971633017     -9.91828349485335359
-4.59837700354011769     -1.31495626906131591
 9.25802945701411772      6.68504373094222260
-17.91828349485565397      9.28837095673440771
-17.91828349485524186      0.08171650514533438
 9.25802945701431490      8.68504373094240556
 1.13427538840373066     -10.91828349485383498
 4.21940146772412472     17.91828349485281890
-16.72273265652289709      3.68504373093547377
-12.72213107214771810     -0.91828349485324856
 2.32982622673540929     -1.31495626906124863
-1.13427538840145514      8.68504373093876758
-9.25802945700963242     -12.91828349485331984
-4.59837700354013990      0.68504373093868431
-4.06187703430291958     -7.91828349485335359
-8.06247861867834814      2.68504373093937421
 0.59777541916657595      5.68504373093878002
17.91828349485536975     -4.31495626906196783
-5.79392784187171639     -16.91828349485433947
-16.18623268728540410     -4.91828349485334471
 0.63998880824059245     13.68459818875756717
-16.18623268728500975     -16.91828349485361116
16.18623268728739006      4.68504373093818760
-14.45418187971582213     -17.91828349485450644
-10.99008026457846476     -15.91828349485372840
-5.79392784187521137     12.28837095672704116
 4.21940579225189349     15.91828349485736993
 2.48529500049798902     16.92185163420638361
17.91828349485336247     15.68504373095251658
-4.59837700353946488     -3.31495626906234486
-14.45418187970592072      9.28837095675364210
14.45418187972126134      7.68504373094263382
-4.68913228067815879     13.95553224705238904
17.91828349485340510      9.68504373095238691
16.72273265652388829     -17.91828349485466276
-14.45418187971659130     -1.91828349485325789
 9.79452942624774003     -17.91828349485470184
-4.59837700353925616     10.68504373093868409
 4.06187703430429181     -0.31495626906125673
12.87965983009796922     16.91828349485433236
 4.59837700354137979     -12.91828349485405525
 2.86632619597255056     -11.91828349485396288
-16.18623268728516607     -12.91828349485340333
-14.45418187971626622     -13.91828349485337490
-16.18623268728588016      1.08171650514672302
-4.06187703430296132     -9.91828349485335714
-9.25802945700982960     -4.91828349485325855
12.72213107215234196      8.68504373094259208
-9.24369617624274298     14.31314578606519916
-4.06187703430307678     -11.91828349485337313
14.45418187971809054     -0.31495626906182161
 2.32982622673630324      6.68504373093877824
-2.64910107759582658     15.95513158261296027
-4.06187703430295333     -17.91828349485465921
-0.59777541916513954     -9.91828349485368932
13.25863104138587900     -15.91828349485462546
-6.33042781110939945     -0.31495626906065383
-9.79452942624617506     -0.31495626906241542
 4.06187703430424740     -4.31495626906131058
-2.86632619597034699      9.68504373093874094
16.18623268728433828     12.68504373095252014
16.18623268728619990     -11.31495626906200336
-10.99008026426615103     11.28837095727662287
10.99008026457977927     -2.31495626906156637
 5.79392784187303089     -7.31495626906151308
 4.06187703430432023      1.68504373093874382
 2.86632619597229121     -17.91828349485467697
-9.25802945700946545     -16.91828349485408367
-17.91828349485648886      5.28837095672559254
-16.18623268728548936     -0.91828349485329175
14.45418187971546864     15.68504373095255389
-0.59777541916522925     -11.91828349485369465
-1.13427538840146780     10.68504373093877469
 2.86632619597235427     -15.91828349485441763
-10.99008026457809528     -17.91828349485472671
 9.79452942624814327     -15.91828349485445671
16.18623268728453723      8.68504373095236737
-5.79392784187191534     -12.91828349485345129
-0.59777541916528876     -17.91828349485475869
 1.13427538840360564     -12.91828349485385452
-9.25802945700966617     -14.91828349485352234
 7.52597864944343176     11.68504373093868942
-16.18623268728601516     14.28837095673436508
12.72213107214906458     -13.31495626906307983
-2.89742739855267484     11.81679214381127530
 2.32982622673600570     -7.31495626906266061
14.45418187971786672     -14.31495626906326457
-2.32982622673395756     -8.91828349485355609
17.91828349485597727     -16.31495626906335872
-5.79392784187188514     -14.91828349485370353
-16.18623268728512699     -14.91828349485342464
-12.72213107214714789     -16.91828349485407657
10.99008026457993203     -0.31495626906156660
-12.72213107214757066     -6.91828349485328165
-1.13427538840230957      6.68504373093876669
-4.59837700354012480      8.68504373093868409
 6.33042781111003805     -17.91828349485459881
 4.21940579225954515     11.91828349484376304
14.45418187971760027     -2.31495626906182128
12.72213107214866668     -3.31495626906172314
-8.06247861867832682      0.68504373093936877
 4.59837700354122081     -14.91828349485432170
 6.33042781110999186     -15.91828349485452598
-6.33042781110946340      3.68504373093936266
-16.18623268728660847      8.28837095673414836
 4.59837700354147483     -10.91828349485403749
10.99008026457761389     13.68504373095228921
-13.25863104138509563      3.68504373093936666
-7.52597864944086048     -5.91828349485326388
12.72213107214655103     12.68504373095238513
16.18623268728634912     -9.31495626906191632
-1.13427538840236974      4.68504373093876403
-7.52597864944066064     -15.91828349485394156
-2.32982622673416584     -12.91828349485359873
-2.32982622673395179     -6.91828349485351080
 2.32982622673635209      8.68504373093883508
10.99008026458012210     -12.31495626906314556
12.72213107214927064      0.68504373093827686
-10.99008026457851450     -11.91828349485332161
17.91828349485531291     -6.31495626906196783
12.72213107215217853      6.68504373094259208
-2.86632619597120586      7.68504373093874005
 0.59777541916653076      3.68504373093878002
-9.25802945701373226     10.28837095672838053
16.18623268728604714     -13.31495626906201757
