396    37.97520234771380387
-14.52349955871874343     12.52944935979568442
-5.89792501819487747     -8.52944935980075414
-7.74205720349247173     -5.75538445098101725
 2.76232901968827704     -5.52944935980066798
-6.22643063482857784     15.98760117385538670
 7.61263607707445189      9.95815181404432970
16.25555036628692562     10.92870245426051667
11.07673769221196203     15.95815181404675975
 5.88058526950495253     12.95815181404381278
 5.86324552087328765      4.92870245426046871
-4.49437982725973484     16.98760117385553770
-17.98760117385660706     12.52944935979574836
-12.80878849983181489      1.49999999992905386
-12.79145259438104532     -14.98131314550568582
 2.39914390572637259     -15.98760117384993507
-0.68443284681826788      2.49999999998208366
-17.98760117385679536      8.52944935979573948
16.25555036628772854     -11.98760117385671009
-11.07673769226322769     -1.50000000007119350
 7.95848144239613564     -4.52944935979856655
-2.43382340301804367     -2.52944935980013019
-11.07673769217084470     -5.55889871968257943
-11.06304753732952406     -17.98760117384982493
-6.22643063482856629     17.98760117385567270
14.52349955870857201     17.98760117384675183
 4.49437982725830665     -6.52944935979867136
17.98760117385590007      1.92870245426048226
-7.79605343093534930     -15.89928388259805736
-14.52349955871335574     -1.52944935994743925
-11.05939794358117467      8.52944935979542507
 4.14853446193544340      5.95815181404296279
-2.41648365439240065      3.49999999997298072
-2.43382340301866495     -6.52944935980085450
17.98760117385583257      3.92870245426049092
 7.59529632844228075      5.92870245426034614
-16.25555032942052591     -12.98131960495158843
-12.93820962619400206     -8.75538445099003404
 1.03027821211934634     -6.52944935980077279
-7.95848144239746791     14.98760117385529433
-7.74205720364976280     -9.75538445126937326
12.80878849978226874     10.95815181404637961
 2.43382340301540934     14.98760117385496393
-4.49437982725989826     12.98760117385491952
14.52349955871809506      1.92870245426039610
-4.52905932454403626     -17.98760117385345580
-9.69053224996618923     17.98760117385577928
 9.32734713601134757      2.92870245426031328
 4.49437982725809526     -10.52944935979867047
12.79144875114917390      2.92870245426036169
11.05939794358021366      3.92870245426033371
-9.32734713601226773      9.52944935979537355
 9.32734713601205634     -9.98760117385682022
-14.67026043375909339     -9.75538445099676288
 6.22643063482726689     -5.52944935979863050
-11.05939794358102013     12.52944935979563645
 5.86324552086276451     -17.98760117385690194
 7.59529632844299929     -10.98760117385704760
14.52349955871882337     -12.98760117385669588
-11.05939794358108763     10.52944935979549612
 7.95848144239608235     -0.52944935979856245
14.52349955871796539     -16.98760117385769419
 2.76232901968899425      2.47055064020066339
 4.13119471329562415     -14.98760117385057633
11.42258305753390069     -2.52944935979845509
 9.69053224996499019      0.47055064020149884
-16.61873548024176017     17.98760117385578639
-5.88058526954459371      7.49999999994799804
-7.62997582572447808     -3.52944935979944940
-17.98760117385646140     14.52944935979579810
12.79144875114984536     -13.98760117385678470
11.42258305753390069     -0.52944935979845387
-12.80878849983199608     -0.50000000007101086
12.79144875114488933     -17.98760117385686286
 4.16587421058403340     17.98760117385590718
 9.69053224996504703     -5.52944935979851326
 1.04761796075102831      3.49999999998281419
-1.06495770941135937     -17.98760117385000257
-12.79145269932573292     -16.98131314550643367
-11.42258305753511927     16.98760117385574375
-2.76232901969095845     13.98760117385484669
 2.76232901968871403     -3.52944935980000984
14.54083930735170682     11.95815181404730687
-9.47410801642004508     -10.75538446028122941
-4.16587421062183871     -9.52944935980092289
-14.65292068942778592     -11.78483381807534869
-0.68443284681816885      6.49999999998222044
 6.22643063482715942      0.47055064020137383
-4.16587421058661178     -1.52944935979959507
 0.66709309815736495     -16.98760117384972190
 1.03027821211873949     -8.52944935980145225
-4.49437982725977747     14.98760117385515578
14.52349955871801335      9.92870245426047759
-17.98760117363570288     -17.98760117371220701
12.79144875114991642     -11.98760117385670654
-17.98760117385436175     -9.58834807939993006
-9.34468688468270337      5.49999999994761168
 9.32734713600614818     -15.98760117385684509
-2.76232901969097044     15.98760117385532808
-7.95848144239737110     16.98760117385553414
-14.52349955870907294     -5.52944935995538334
-14.54083930740080888      0.49999999992909494
-9.32734713601220555     11.52944935979549435
-17.98760117384810897     -1.52944935995257447
-5.88058526954529626      1.49999999994792454
 4.14853446193597986     11.95815181404319283
12.80878849978155465     14.95815181404692318
12.79144875114911173      8.92870245426038700
11.07673769221286975     13.95815181404646310
14.52349955871802756      3.92870245426040254
-14.88668467267298112     16.98760117385557677
11.05939794358099526     -8.98760117385680779
 4.49437982725826046      3.47055064020133219
-4.16587421060942287     -13.52944935980098329
-2.41648365439227675      7.49999999997316014
-16.25555036628794880      5.52944935979563201
-14.52531667386658931     -13.98446042124091804
-9.47410801105747247     -6.75538445098779139
17.98760117385664259     -10.98760117385659996
14.52349955871882159     -8.98760117385666923
13.15463386510281651     -5.52944935979840135
-16.25555036628781380      9.52944935979567198
-6.22643063482866221     13.98760117385516821
 1.03027821209915316     -12.52944935980146646
 6.22643063482720382     -7.52944935979863672
 7.61263607707435774      7.95815181404426308
-4.14853446197632802      0.49999999994808253
-17.98760117385646851     16.52944935979581231
-9.34468688468329312      1.49999999994761168
-14.54083930740061525      2.49999999992918998
-9.47410801641888156     -12.75538446028220285
-4.16587421058749641     -5.52944935980077901
-7.61263607711438084     -1.50000000005224687
 4.13119471329974264     -12.98760117384968815
14.52349955871816967     -0.07129754573960417
 5.88058526950507332     10.95815181404346461
16.25555036628688654      4.92870245426043407
 2.76232901968721434     -9.52944935980214503
-4.16587421062487628     -11.52944935980095131
-2.43382340304045908     -12.52944935980093533
-2.43382340303393141     -8.52944935980089269
17.98760117385583257      9.92870245426056108
11.05939794357524697     -16.98760117385734247
 7.61263607707374135     15.95815181404508820
-2.77966876836010846      9.95815181400925375
 4.14853446193575248      7.95815181404300276
17.98760117384642143     17.98760117384746238
-16.38497149274157394     -10.78483381070527081
 2.41648365436668211      8.95815181404267058
 4.49437982725836349     -4.52944935979867225
-11.05652140064194988     -15.98631892749289740
-9.16491912456699431     -17.35743569664192165
 9.34468688464379404      8.95815181404510774
 1.03027821210390447     -10.52944935980146468
 9.34468688464317054     14.95815181404581828
-2.43382340305021794     -10.52944935980091756
-14.54083930730767094     -7.55889871968419680
16.25555036628694694      8.92870245426046338
-5.88058526954476690      3.49999999994792832
 5.88058526950498717      8.95815181404341132
-0.70177259544939352     -5.52944935980048058
 1.03027821211962767     -4.52944935980027363
-7.61263607711425649      2.49999999994778044
 7.61263607707434709     11.95815181404436167
-5.89792501819858650     -10.52944935980081098
-5.89792501815551784     -2.52944935979957597
-4.16587421058710294     -3.52944935980038155
 0.66709309815916507     -14.98760117384686730
-13.15463386510401200     17.98760117385575086
-9.69053224996626739     15.98760117385553237
12.79144875114923963      0.92870245426035802
-12.79144875114990931     11.52944935979560626
14.52349955871867593     -14.98760117385688595
 5.86324552086817707     -13.98760117385690549
 7.95848144239617561     -6.52944935979857632
17.98760117385666391     -14.98760117385670476
 7.95848144239607791     -2.52944935979856611
 2.39914390572508163     -17.98760117385182511
-16.25555036627796213     -6.52944935995587894
11.42258305753389536     -4.52944935979845553
 4.13119471329412580     -16.98760117385191748
11.05939794357006534     17.98760117384630419
 4.49437982725831642     -2.52944935979867269
-16.25555036628790262      7.52944935979566132
-0.70177259544981019     -7.52944935980088914
 7.95848144239611521     -8.52944935979857632
11.07673769221318238     11.95815181404604566
-11.05939794358123685      6.52944935979542507
12.80878849978241441     12.95815181404663718
11.05939794358030959      1.92870245426033371
-4.49437982726007146     10.98760117385491952
 5.88058526950485660     14.95815181404440608
-7.74205720365096983     -7.75538445126929954
17.98760117385656443     -6.98760117385655288
 2.41648365436691703     10.95815181404287131
11.05939794358095263     -10.98760117385682733
16.25555036628693983      6.92870245426044473
-9.34468688468336417     -0.50000000005242740
-16.27289011487708237     -8.55889871968328109
-11.07673769226239280      4.49999999992979838
-1.03027821212214299     14.98760117385497281
14.52349955871883402     -10.98760117385669588
 7.59529632843440350     -16.98760117385760537
16.25555036628702510      0.92870245426043385
17.98760117385587876      7.92870245426049269
-12.93820962427443533     -10.75538446864444353
-1.04761796077733194      8.95815181403326655
-12.79144875114998925      9.52944935979553343
-14.52532428633324457     -15.98447347947613828
-14.52349955871880915     10.52944935979563290
16.27289011492058890     12.95815181404808492
-16.25555036628765748     11.52944935979571994
 2.76232901968772904     -7.52944935980163255
-4.14853446197564324      4.49999999994810018
 4.49437982725826046     -0.52944935979867291
-9.45677214169832858     -14.78482734969813706
-0.70177259546480142     -9.52944935980090158
-7.74205720361825644     -13.75538445126941411
-5.89792501815617953     -4.52944935980044683
 7.59529632844251434     -12.98760117385760360
-17.98760117385670299     10.52944935979573948
-2.43382340301769062     -0.52944935979961660
 7.59529632844233760      3.92870245426033504
-7.95848144239770505     12.98760117385513091
11.42258305753395753     -6.52944935979845553
 5.88058526950483174      6.95815181404334737
-7.59529632844342384      8.52944935979531671
-2.76232901969098377     11.98760117385455359
-16.25555036628751182     15.52944935979588692
 1.04761796075106850      5.49999999998284483
 2.41648365436696588     12.95815181404299032
 9.34468688464382424     10.95815181404511485
16.25555036628765393     -15.98760117385671364
16.25555036628769301     -13.98760117385671009
-1.04761796077620351     10.95815181403380301
-0.70177259544904336     -1.52944935980001495
-2.76232901969096067     17.98760117385577573
17.98760117385644008     -16.98760117385686996
 5.86324552087404083     -11.98760117385690727
-16.25555036627803673     -4.52944935995549613
 4.14853446193591147      9.95815181404306848
-16.25555036628760774     13.52944935979573771
-2.41648365439255430      1.49999999997297206
 6.22643063482716119      2.47055064020137349
-0.70177259547142767     -11.52944935980099928
-11.42258305753530223     14.98760117385542934
12.79144875113931334     16.98760117384693302
 4.14853446193573827     13.95815181404339533
-14.52349955871908627      4.52944935979560093
-16.25555036628245276     -0.52944935994698883
-4.14853446197579867      2.49999999994808642
17.98760117384764001     15.98760117384708934
 0.70177259544650683     17.98760117385582191
-11.20694490712285862     -11.75674723362939034
-9.47410801518141454     -8.75538445813296029
 0.70177259544657900     15.98760117385526414
-17.98760117385690904      2.52944935979572882
13.15463386510280941     -3.52944935979840091
-7.61263607711431955      0.49999999994777861
-17.98760117385682378      6.52944935979573504
 7.59529632843666835     -14.98760117385760537
 0.68443284679668204      7.95815181404188898
-12.80878849973893274     -6.55889871968394544
-2.43382340303897537     -14.52944935980098329
16.25555036628695049      2.92870245426043407
 9.69053224996508789     -7.52944935979851770
-7.61263607711359391      6.49999999994778932
-7.59529632844338298     10.52944935979536112
 6.22643063482721804     -3.52944935979863050
16.25555036627887873     14.98760117384656532
 7.95848144239607791      1.47055064020143877
11.05939794358020123      7.92870245426035414
-12.80878849983170120      3.49999999992919841
-9.34468688468352049     -2.50000000005242962
-11.20615882276077890     -9.75538445815373656
-12.79144875114985069     13.52944935979571817
-1.03027821212213899     12.98760117385460866
 1.03027821212008264      1.47055064020059345
16.25555036628733063     -17.98760117385684865
 9.34468688464355601     12.95815181404515748
 6.22643063482716652     -1.52944935979862584
-4.14853446197560682      8.49999999994812683
-11.07673769226248517      2.49999999992976152
 0.70177259544669879     13.98760117385467616
-16.27289011496981175      1.49999999992887134
11.07673769221315752      9.95815181404587335
-11.07673769226300209      0.49999999992894112
 2.76232901967239108     -11.52944935980215391
-14.52349955871895659      8.52944935979563290
 6.22643063482719761     -9.52944935979867225
14.52349955871799203      5.92870245426040299
-11.05939794356609163     -3.52944935993163833
-2.41648365439236779      5.49999999997304823
16.25555036628766103     -5.98760117385659640
 9.32734713601124810      6.92870245426033904
-4.16587421060294538     -7.52944935980087759
-9.34468688468323094      3.49999999994761168
-16.25555036627919492     -2.52944935995358877
-12.79144875115011182      7.52944935979552721
-7.74205720364809213     -11.75538445126941234
-7.26679071180496994     -17.98760117385052837
17.98760117385657153     -8.98760117385655732
 1.03027821211987503     -0.52944935979986518
 2.41648365436594048      6.95815181404229044
-11.20615881862577190     -7.75538445098882701
-17.98760117384889057     -13.98131954201980953
-17.98760117384860990     -11.98131954201945071
-0.70177259544915915     -3.52944935980011731
14.88668467267171458     -4.52944935979835517
11.05939794358014261      5.92870245426033460
-11.18882295448540809     -13.78482735873531873
16.61873548024065528     -3.52944935979830676
 9.32734713600431142     -17.98760117385684509
14.52349955870920084     15.98760117384643564
 5.86324552086589801     -15.98760117385690371
-13.15463386510415056     15.98760117385549329
-12.92268703404389818     -12.78797463459960326
-5.88058526954461147      5.49999999994794564
 4.16587421058412488     15.98760117385524282
-6.22643063482891179     11.98760117385498525
-12.79144875114027791     -4.52944935995281028
17.98760117385671364     -12.98760117385663726
 2.76232901968874200     -1.52944935979988150
 9.69053224996498663     -3.52944935979851060
17.98760117385595336     -0.07129754573952587
-17.98760117382020596     -15.98760117369854505
 9.34468688464257191     16.95815181404591243
 1.03027821211981641     -2.52944935980004537
16.25555036628766459     -7.98760117385660795
-0.68443284681825067      4.49999999998212274
-0.70177259544880199      0.47055064020048060
 4.49437982725825691      1.47055064020133086
 7.61263607707409662     13.95815181404495320
-9.34468688460559171     -4.55889871967629379
 9.32734713601121257      4.92870245426033815
-5.89792501817336934     -16.52944935980697139
-17.98760117384872714     -7.52944935995619602
-5.88058526954538507     -0.50000000005212220
 7.62997582572138988     17.98760117385616653
-14.52349955871903298      6.52944935979560093
-1.06495770940986034     -15.98760117384686019
12.79144875114993418     -9.98760117385670654
-17.98760117384851753     -3.52944935995512132
 5.89792501815280801     16.98760117385559099
 9.32734713601182719     -13.98760117385684509
 2.39914390572880709     -13.98760117384688684
11.05939794358082118     -12.98760117385697654
13.15463386510281119     -1.52944935979839824
-16.25374051696676858     -16.99074249603393838
14.54083930735099628     13.95815181404735839
 9.32734713601199417     -11.98760117385684509
14.52349955871801512      7.92870245426040299
-4.16587421060783125     -15.52944935980108632
-5.89792501819939474     -12.52944935980114671
-14.52349955870996467     -3.52944935995407105
12.79144875114910462      6.92870245426038700
 0.68443284679746375      9.95815181404208438
17.98760117385604218     -2.07129754573953440
-16.25555036628797723      3.52944935979563068
-4.14853446197563880      6.49999999994811972
12.79144875114957536     -15.98760117385685220
-17.98760117385210222      0.47055064005400343
-9.69053224996646634     13.98760117385533697
-17.98760117384746948     -5.52944935995556808
16.25555036627786265     16.98760117384684065
-9.32734713601230148      7.52944935979532026
-14.51987976921976653     -17.98760103686296929
-2.43382340301828171     -4.52944935980048591
-5.86324552087453110      9.52944935979528651
 4.49437982725831997     -8.52944935979867047
-12.79144875114451985     -2.52944935994793463
17.98760117385584678      5.92870245426049181
-14.52349955871869902     14.52944935979576790
-16.25736751805335345     -14.98446035783423014
 2.76232901968883704      0.47055064020038062
14.52349955871874698     -6.98760117385666568
 2.43382340301531963     16.98760117385550572
17.98760117385568691     11.92870245426088260
11.05939794358042505     -14.98760117385732649
-12.79144875115017044      5.52944935979552721
17.98760117385662838     -4.98760117385653867
-5.89792501817765391     -14.52944935980243102
 0.68443284679773542     11.95815181404234373
 2.77966876832048948      4.49999999998378719
-2.79700851697869446     -16.98760117384697210
-17.98760117385690194      4.52944935979572971
-0.70177259547006354     -13.52944935980103125
-7.61263607711372714      4.49999999994778399
16.25555036628773564     -9.98760117385663904
 9.69053224996499551     -1.52944935979850283
12.79144875114907620      4.92870245426037368
14.88668467267172524     -2.52944935979835428
-1.03027821212221182     16.98760117385553414
-5.89792501817193315     -6.52944935980074082
16.25555036628709971     -1.07129754573957214
17.98760117384899715     13.98760117384659551
12.79144875114989155     -7.98760117385670565
