54    14.56758878253429579
-6.28379439126597461     -2.36602407813164239
 3.28379439126609407     -4.55174358369694598
-6.08584600614753057      6.27475018457440203
 2.28379439126609807     -6.28379439126585559
 6.28379439126711503      0.78594481774737113
-0.68639223524351411      4.53486960450707599
 2.28379439126698580      0.78594481774745373
 5.28379439126611139     -4.55174358369693977
-4.68639223524354875      4.53486960450821375
 6.28379439126714878      6.28379439126593731
 5.31360776475657737      4.53486960450691345
 6.28379439126618422     -2.81969277612809410
 0.28379439126609030     -6.28379439126633255
-1.71620560873303374      0.78594481774699632
 1.31360776475648766      4.53486960450697207
 2.28379439126616823      2.78594481774746727
 5.41785883626950771     -1.01687397919019440
 6.28379439126611494     -6.28379439126581651
 0.28379439126715067      6.28379439126605099
-4.55174358369720267     -1.36602407813113857
 0.28379439126697303      0.78594481774748470
-6.28379439126714789     -0.36602407813164228
-6.28379439126618777     -4.36602407813164195
-2.58214036802284497     -1.01865802796892102
-5.52074874919212899      1.48269476152741242
-3.77044571299320896      2.72382587150689703
-4.55174358357728259     -3.36602407814371896
-3.71620560873284855      6.28379439126714789
-2.68639223524354875      4.53486960450669496
-1.71620560873284900      6.28379439126568684
-2.88157640263137083     -4.46627022682645336
 4.28379439126704309      0.78594481774746372
 4.28379439126620820      2.78594481774747127
-0.71620560873390604     -4.55174358369742027
 2.28379439126715011      6.28379439126605366
-1.73258637353911960     -2.82925406531594525
 0.28379439126602984      2.78594481774749214
 3.31360776475652097      4.53486960450697918
 2.28379439126599504     -2.81969277612803593
-3.71620560873396411     -6.28379439126569750
-0.58214116373051306     -1.01687397919004563
 6.28379439126621175      2.78594481774738334
 1.28379439126609385     -4.55174358369697885
 0.28379439126587686     -2.81969277612809588
 4.28379439126605455     -2.81969277612803015
-6.28379439126714878      3.33141360118646679
-1.71620560873393901     -6.28379439126631922
-5.71620560873397299     -6.28379439126708039
 4.28379439126714967      6.28379439126600037
-3.71033070058140524      0.63276153517104783
 4.28379439126609984     -6.28379439126586181
 3.41785883626948994     -1.01687397919005917
 1.41785883626948706     -1.01687397919004630
-1.71620560873419881      2.78594481774701075
