55    14.69391965293330493
 0.91357958683071716     -2.61490901889740002
-0.83993355093541311      0.34695982646662837
 6.34695982646461854      0.34695982646578793
-4.59344668870069395     -0.61490901889932081
-6.34695982646568435      2.34695982646652235
 4.50702627553057766     -2.43703285726763408
-0.83993355093532074     -1.65304017353337240
 6.34695982646529000      4.34695982646579093
-0.83993355093501099      6.34695982646664714
 4.50702627553058299     -0.43703285726760599
 2.66709272459870217     -3.65304017353357890
 4.50702627553126778      3.56296714273242676
-4.59344668870062467     -2.61490901889932070
-6.34695982646566836     -1.65304017353348387
 0.91357958683101947      3.38509098110270079
 3.91357958683290885     -6.34695982646623680
 6.34695982646626966     -3.65304017353422417
 0.91357958683129503      5.38509098110270301
 2.66709272459767233      6.34695982646645529
-0.83993355093523980      4.34695982646663737
 1.91357958683289309     -6.34695982646631940
-3.59344668869893491     -6.34695982646665247
-0.83993355093329103     -3.65304017353337240
 6.34695982646580070      6.34695982646595880
-6.34695982646573409      0.34695982646652079
-2.83993355093536737      2.34695982646612755
 6.34695158029300366     -5.72384126763834722
-0.08642041316711040     -6.34695982646665247
-2.83993355093541799      0.34695982646609053
-2.83993355093501210      6.34695982646615509
-2.83993355093516842     -3.65304017353403765
-6.34695654635970907     -5.79111917833983458
 0.91357958683071694      1.38509098110269413
-6.34695982646665158     -3.65304017353348387
 0.91357958683067342     -0.61490901889734273
-4.59344668870161321     -4.61490901889932115
 2.66709272459687741     -1.65304017353357846
-4.59344668870028450      5.38509098110072593
 0.91357958683264717     -4.61490901889757144
 6.34695982646483703      2.34695982646579093
 4.50702627553234780     -4.43703285726774777
-0.83993355093536592      2.34695982646662937
-4.59344668870051098      3.38509098110067885
 2.66709272459700930      2.34695982646643753
-1.83993355093302235     -5.38509098110240725
 2.66709272459685609      0.34695982646643270
-4.59344668870062289      1.38509098110067885
 4.50702627553159374      5.56296714273243076
-2.83993355093525324      4.34695982646613555
-6.34695982646556089      4.34695982646652546
-2.83993355093533140     -1.65304017353394062
-6.34695982646540369      6.34695982646652990
 4.50702627553080681      1.56296714273242476
 6.34695982646457413     -1.65304017353421395
 2.66709272459736590      4.34695982646644286
