56    14.80766406829999937
-2.40383203414864921      0.91483314773530622
-6.40383203414864699     -2.74449944320621642
 6.40383203414865054     -0.91483314773521152
-3.59616796585136589      2.74449944320598149
-0.40383203414865176      4.57416573867676668
 3.59616796585134946      4.57416573867681819
 6.40383203414865054      2.74449944320621819
-3.59616796585202847      6.40383203414775259
 3.59616796585136234     -2.74449944320598416
-2.40383203414865187      4.57416573867671872
-1.59616796585134657     -4.57416573867679599
 6.40383203414803770      6.40383203414790358
-3.59616796585136722     -0.91483314773542346
-4.40383203414865232      4.57416573867668319
 5.59616796585138321      0.91483314773550839
-5.59616796585135390     -4.57416573867691856
 6.40383203414865321     -4.57416573867662279
 5.59616796585136544      4.57416573867692478
 1.59616796585199117     -6.40383203414769220
-0.40383203414864360     -2.74449944320605344
 4.40383203414865321     -4.57416573867669030
-6.40383203414865321      4.57416573867662013
 1.59616796585135701     -2.74449944320600592
-0.40383203414864477      0.91483314773534918
-1.59616796585199450      6.40383203414770552
-5.59616796585203424      6.40383203414783431
-6.40383203414803504     -6.40383203414788671
 4.40383203414865054     -0.91483314773527591
-0.40383203414802943     -6.40383203414771618
-5.59616796585138410     -0.91483314773550384
-2.40383203414864699     -2.74449944320610051
 2.40383203414864433      2.74449944320609251
 1.59616796585134835      4.57416573867679421
-1.59616796585135567     -0.91483314773539115
 2.40383203414865321     -4.57416573867670273
-1.59616796585136278      2.74449944320600769
-4.40383203414864699     -2.74449944320612804
 0.40383203414802282      6.40383203414774105
 0.40383203414865337     -4.57416573867674892
-4.40383203414803237     -6.40383203414778990
-6.40383203414865321      0.91483314773521363
 5.59616796585203424     -6.40383203414783342
 2.40383203414802882      6.40383203414776592
-2.40383203414803059     -6.40383203414776414
 4.40383203414864788      2.74449944320612316
 0.40383203414864177      2.74449944320606498
 1.59616796585135567      0.91483314773539048
-5.59616796585137077      2.74449944320591710
-4.40383203414865232      0.91483314773527891
 3.59616796585202758     -6.40383203414775082
 2.40383203414864921     -0.91483314773530666
 4.40383203414803326      6.40383203414778546
 5.59616796585137077     -2.74449944320592065
 3.59616796585135567      0.91483314773542124
-3.59616796585134724     -4.57416573867682352
 0.40383203414864710     -0.91483314773534974
