57    14.92428764722218482
 4.73009301604271837      5.46214382360996265
 0.55135034648701431     -4.73009301603776056
-0.44864965351795655     -6.46214382360386352
 2.99804220847391445      6.46214382361075845
 3.00000000000798428      4.45876046921949332
-6.46214382357043782      0.46214382357018335
-2.45539673855862040      0.46215520442235131
-4.45876046915745849     -3.00000000003290701
 1.55135034649084247     -6.46214382360445239
-0.46215520443188390      4.45539673859842100
-0.46214382360219491      6.46214382360246731
-6.46214382361049733      4.46214382357118566
-6.46214382361098405     -6.46214382360249662
 4.73203942673794575      1.45201338419082226
 1.54798284009953169     -2.99610233766721112
-0.45201338410097364     -2.99998861914549009
-4.46214382361049644      4.46214382360513184
 3.09830703380487860      0.29835898694645613
 6.46214382360291140     -3.85865914092195039
 1.36821401777577067      1.30174234134664246
-6.46214382361105777      2.46214382357087613
-3.45539673856881402     -1.26989560314249816
-2.45539673857266427     -3.00194641072034996
 4.73205080757753649      3.45876046921592595
 1.22492800748350894     -0.86673256383961605
 3.55135034649143710     -6.46214382360327022
-2.46214382361104489      2.46214382360157780
 6.46214382360928585     -1.85865914092192797
 6.46214382361090323      4.46214382360874140
 4.82841143066776013     -0.70500474368951072
-5.46214382360305883     -4.73009301603575505
 3.07242910141587977     -1.70147358919967751
-5.45876046915989832     -1.26794919246313276
-6.46214382360248063      6.46214382357170436
 3.00194641070555468      2.45539673859563390
 1.26794919243854287      5.45876046922139846
-2.46214382361049511      4.46214382360157824
-0.46215520443241886      2.45539673859841967
-3.45876046916015190     -4.73205080761134678
-1.45539673856852780     -1.26989560315386130
 4.71823630444147213     -4.83783561358304848
 1.26989560313736161      3.45539673859685603
 6.46214382360693129      2.45537711481626619
-4.46214382361105066      2.46214382360511630
-2.45537711469403863     -6.46214382360314588
-4.45539673856914575      0.46215520442626157
-2.46214382360228745      6.46214382360158890
-6.46214382360428008     -2.99804220846682101
-1.45201338410599634     -4.73203942671217703
-4.46214382361093520     -6.46214382361109241
 6.46214382361108708      6.46214382361098405
 6.46214382360326400      0.44864965355140390
 4.71823630444402564     -2.83783561358304848
-4.46214382360241224      6.46214382360631756
-0.44392278399064095      0.45547984561390498
 2.72798423170988080     -4.62017031346411322
 6.45560857388340459     -6.27154683072390640
