66    15.90779665375174700
-6.36041929464193870     -1.52464216767433450
 1.05676196025367950     -6.95389832687401730
 6.95389832687050720      3.44244431904873020
 6.95389832687583720      6.95324200907809330
-1.00395625852412550      0.00203681491204236
 1.95389843453397120      1.75774590418661680
-5.00312224375328190     -0.05571578570381738
-3.04610156548497370      3.48979671171698900
 0.05198441041101246     -5.22461463836774340
 1.05198441041540240     -3.49256383080085440
-4.95389893601092360     -6.95389832687042380
 3.05676196025934790     -6.95389832687492680
 4.95446676862592470      3.49012496392323790
-5.04610156549802900      6.95389832687174890
 6.95389832687025230     -4.32075252497093040
 5.05676196025937590     -6.95389832687254560
-0.04610156546816701      1.75774590167728340
-3.95352402718845260     -1.75816801228324060
-1.95334603772657300     -5.22216685296463370
-6.95389832687041930      4.35363878526434880
-0.04610156549732597      5.22184751930630230
-2.04610156547807920      1.75774590414351620
-4.04610156549783810      5.22184751930167670
-2.04610156549764350      5.22184751929854500
-3.95391917420911380     -5.22183583357739420
-4.95409715919653150     -3.48988779548210280
-6.95389832687214420      6.35363878526453710
-2.95389893601092220     -6.95389832687587180
 0.99604374147589736      0.00203682037272075
 6.95389832687126220     -0.35532722969298763
 3.95389843455121470      5.22184751931442910
 0.05143151212326110     -1.76083235689411290
-1.04610156548417250      3.48979671171679410
 2.95389843453794130      3.48979671175320720
 4.95389843456409370      6.95389832687587180
 2.05143141020687470     -1.76019386609559910
 4.05676196025831710     -5.22184751928323280
-6.95389832686359540     -3.43455908689204970
 6.69150443042387180     -2.33803987733189360
-6.00189572094663240     -5.19344823585276670
-0.95279313943302180     -6.95389832687299500
-4.08969562167696130      1.72452814190559490
-6.95389832687331210      0.38527477374947838
 3.95446676861242970      1.75807415636214380
-6.70285695970520210      2.36945677950661080
-5.04610156548505100      3.48979671172519580
 1.95389843451886790      5.22184751931242630
-2.95334604412959980     -3.49011604909193900
 0.95389843450546308      6.95389832687406170
 4.05807208224092440     -1.72190854155499310
 4.99547519779598130      0.05035595643311181
 5.99547519722435230      5.19784316421165380
 2.95389843453162330      6.95389832687464970
 6.32601870792143380      1.54355854467771540
-3.04610156549802190      6.95389832687078880
 2.05676196025787310     -5.22184751930675440
-6.95389832687581140     -6.95233738480815070
 6.95389832687475450     -6.32075252497108850
 0.95389843451585488      3.48979671174503500
 2.99604363956044390      0.00267531117091377
-1.04610156549800700      6.95389832687489040
-0.94856848788070536     -3.49288316446070280
 3.05620896005446640     -3.48947755459902490
-3.00395625852414440      0.00203682032258856
-1.94856850852888370     -1.76083235128868340
 5.05620896005475460     -3.48947755458172540
