75    17.09561406364133163
-5.65337050365076887      4.55656173103205653
 5.55518848049393821     -7.37613493476027493
 4.54786192906798359     -5.64833482514333785
 1.54778873150614138      1.54780702930594161
 2.54778873336459233     -2.18425434024714704
-3.91627628140014838      7.54780703181809631
 1.54780703181227519      5.54780702922741042
 0.54786192962555402     -5.64839821423741828
-7.54780703182065427      5.55400867720825797
 7.54780703181232937      5.54780703180874646
 7.54780703181870116      7.54780703180956003
 5.54780703181903778     -0.45219296801359504
-7.54780703182066492      1.56685447191318916
 1.56862840324826869     -7.39225256799688957
-5.65335220187792231      6.55656173094836880
-0.45224786462426031     -0.45222466685813889
 4.54778873325932231     -2.18423321077522692
 1.54780703180787005      3.54780702922224167
-1.44608132006466850     -5.80393058069154932
-4.42531312267088861     -7.54780703182066670
 1.54777043253835389     -0.45219297061274383
-7.54780703181908663     -5.77127374513405389
-7.54780703181291646     -0.43314552808680923
-6.44588825003953492     -4.10220963660929971
-3.44608132006476264     -5.80393058070116652
 6.70017015296957741     -5.73631269753608564
 7.54780703180860169      3.54780703180834234
 2.54786192951441981     -5.64837708475950784
-2.44611791849844273     -4.07185864353177429
-5.81352684053835045      0.56298308718038648
-2.18425292558883033      2.54779118129238746
 7.54780703182066581     -7.54780703181910972
 3.54777043465282516     -0.45219296804061082
 1.54782533150167212     -3.91632627724517590
 3.54780703181227697      5.54780703179400714
-7.39042812235422275      7.54780703182066670
-4.44611791805197143     -4.07190090350559952
 7.54780703181977319     -3.92481836367099213
 3.56256992916734561     -7.54780703182066137
 1.54780703181863433      7.54780702922875868
-5.66540673048275867     -1.71424117675821797
-6.62915068622612313     -7.54780703182066581
-7.38764980969359808      3.56043157456072290
-4.08609421039356224     -0.44497351323010437
-7.54780703182066670     -2.43314552808680773
 6.55522544033237065     -2.18850566573819627
 3.54780703181863766      7.54780703180171564
-1.45221126648742094     -2.18429660385563595
-2.42531312267088905     -7.54780703181159129
-2.18425292558875972      4.54779118129478466
 7.54778873175777321      1.54780703189203717
 3.54782533139005851     -3.91630514776919902
 5.54780703181227874      5.54780703181897294
-0.45219296794098379      3.54777533272332812
 5.54780703181867985      7.54780703181911239
-3.91629458317160051      5.54780703189932911
-2.23618174391004398      0.46270923818704301
 5.54782533094368446     -3.91626288815224344
-2.18423462479021335      6.54779118205965460
 3.54780703180792267      3.54780703179202073
-3.91631288445920811      1.54780703197901959
 5.54780703180833612      3.54780703181895607
-0.45217466849832816     -3.91632628105058078
-3.91631288445798775      3.54780703197904224
-5.65338880494180529      2.55656173111578777
-0.42531312267088950     -7.54780703181962132
-3.44615451648763305     -2.33982896633558735
-5.52723190444850321     -5.87874292329585302
 7.54780703181903867     -0.45219296802426096
-0.45219296793657432      5.54777533272335965
-0.45219296818137134      7.54780703181993928
 3.54778873152733309      1.54780703187574309
-0.45221126824303159      1.54777533280704382
 5.54778873157928221      1.54780703190268065
 0.54778873336458855     -2.18425434405294183
