78    17.33027863944611724
-7.66513931971763629      0.75650011815529816
-0.33485803597810188     -7.66513931972106821
-6.66513931972745510     -4.43965230456482551
 6.73012394048377871     -5.89390905029029177
-4.33485803597825736     -7.66513931971964890
 1.79418394351877342      2.79852030257699180
 7.21999772417642216      7.66513931971943396
-7.66513931972155405     -2.70760149698856756
 3.66514196402414827     -7.66513931971891527
-5.66513931971209139      0.75650011814645546
 4.66514196587553620     -5.93308851108104029
 7.66513931972305596     -0.26545427548734440
 7.46921487168076048      1.72492599236584221
-2.63162983713896370      2.46898689700575025
-3.63162983713702525      4.20103770457719516
 5.66514196402414782     -7.66513931971982210
-1.33485803597252795     -2.46898689701450946
-4.33485803597563546     -4.20103770458082071
 2.66514196402519898     -5.93308851214901090
-1.63162983713701859      4.20103770457356251
-2.33485803597816899     -7.66513931972095630
 0.66514196402492998     -5.93308851215373068
 7.66513931688220751     -4.12593103970876562
 2.79418394351703014      1.06646949500701504
 2.79418394352567256      4.53057111014774350
-2.26679645811066566     -0.69938502728711849
 7.66513931972305862     -7.66188705937312342
 7.66513931971736628      3.71530626021958899
 5.66514197954124210     -4.20103769579093722
 0.36837016287184937      7.66513931971154250
-3.33485803597290209     -2.46898689700817542
-5.66513931972154960     -2.70760149699935138
 4.66514196403832404     -2.46898689701826246
 2.66514196403804959     -2.46898689700032659
 1.66514196402414849     -7.66513931972305862
-7.66513931972305862      7.66513931972305862
-4.66513931972246354     -0.97555068942994649
-6.33485803597863573     -7.66513931972021467
-6.66513931970925455      2.48855092571948333
 4.79506655314830343      1.04412655628856199
-5.63162983713215404      7.66513931971994023
-7.66513931972228146     -6.17170311213670164
 5.21999772417640973      7.66513931970854223
-4.64838457843776354      2.47876891137282795
-1.20581605648318990      1.06646949501282440
 3.66514196402571502     -4.20103770458004622
-6.64838457843057640      5.94287052651473147
 4.21999772418985319      5.93308851213188060
-3.33485803597787500     -5.93308851215099242
-5.64838457843687358      4.21081971894221851
-0.33485803597459157     -4.20103770458457770
 3.73320354188933701     -0.69938502727896734
 5.79409280359956735      2.81761353097300793
 1.79418394352492894      6.26262191771619658
-2.33485803597561992     -4.20103770458168491
-0.20581605648124196      2.79852030258092332
-6.66513931972246354     -0.97555068941715428
 7.66513931971905560      5.71530626021977994
-3.63162983713103005      7.66513931971739826
 0.79418394352306465      4.53057111014838299
 1.66514196402558667     -4.20103770457125325
-7.66513931971319007      4.22060173328720367
-3.64838457845572872      0.74671810379357806
 0.66514196403792902     -2.46898689699459606
 7.14151740154983550     -2.19569268919192906
-5.33485803597867747     -5.93308851214796817
 5.87882450504844734      4.81581785955644825
 5.73169292672659481     -0.77710361381289783
 1.73320354188933545     -0.69938502727822782
-2.63162983713272203      5.93308851214496702
 3.21999772417638752      7.66513931971322027
-4.63162983713454235      5.93308851214809518
-0.26679645811066571     -0.69938502727265772
-0.63162983713205179      5.93308851214169497
-1.33485803597779906     -5.93308851215183086
-1.63162983712819321      7.66513931971789386
 0.79418394351685218      1.06646949500793653
 3.79418394351883315      2.79852030257488904
