82    17.69527167820798397
-2.84763583910308782     -0.81261819875829899
-4.84763583910028029      6.11558503152334776
 1.15236416089694305     -0.81261819876024388
 3.15236416089307259     -4.27671981390823319
-3.84763583910348839      7.84763583909570617
-4.84763583909994100      2.65148341638288887
-1.84763583910398888     -2.54466900633079707
-0.84763583909902174      2.65148341638122753
-7.84763583910350970      7.84763583909374507
 4.15236416089655513      7.84763583910012308
-3.84763583910279738     -6.00877062147489216
-2.84763583909959417      2.65148341638223517
-4.84763583910700913     -4.27671981390018008
-7.84763583910159035      0.91943260881361621
-7.84763583910399110     -2.54466900632617010
 2.15236416089720795     -6.00877062147949825
 4.93885936839455031     -7.84763583910217744
-5.84763583910279827     -6.00877062147351015
 2.15236416089811922      4.38353422395207115
 1.15236416090035410      6.11558503152263455
 4.15236416089813432      4.38353422395790204
 0.15236416089720461     -6.00877062147609564
-5.84763583910349283      7.84763583909450269
 5.90471535874060294     -4.25535010974595185
 7.84763583910176266      2.78647895293233328
 0.93885936839447526     -7.84763583909920737
 3.15236416090740379      2.65148341638073237
 2.15236416089653426      7.84763583909476203
 6.08007366610947830      3.85067771089091515
-2.84763583910022611      6.11558503152285748
-7.06114063160562377     -7.84763583909584295
-5.84763583910197227      4.38353422395285364
-6.84763583910825879     -4.27671981389902367
 7.84763583910227869      4.78647895293233727
-5.84763583910155749      0.91943260881234945
 6.13811575724282310     -6.24707840064230080
 1.15236416089305926     -4.27671981390479239
-6.84763583910010620      2.65148341638271612
-3.06114063160557892     -7.84763583909827922
-5.06114063160561400     -7.84763583909711393
 4.15236416089601956     -2.54466900634105686
-4.84763583910308782     -0.81261819875768915
-6.84763583910035933      6.11558503152336019
-1.84763583910348794      7.84763583909416873
 0.15236416089811727      4.38353422395202763
 6.12206961719181830     -2.19788317122294696
 7.84763583910313312     -5.20903163400962654
-1.06114063160554739     -7.84763583909799678
 0.15236416089601335     -2.54466900633251836
 5.91889296765284634      1.85718309528617476
 4.15236416089845850      0.91943260879896849
 4.15236416089743265     -6.00877062147459462
 5.73819048472164006      5.87844092843823596
 6.15236416089661464      7.84763583910349372
 7.84763583910384188      6.78647895293234171
 7.61656593565723039      0.79987212224787618
-1.84763583910279761     -6.00877062147467811
-7.84763583910279916     -6.00877062147205354
 7.84763583910399021     -1.18673470843632134
-1.84763583910154239      0.91943260881100697
-0.84763583910694695     -4.27671981390202927
 7.84763583910399198     -3.20903163400959635
-3.84763583910399065     -2.54466900632848914
-3.84763583910193940      4.38353422395295134
 2.15236416089601601     -2.54466900633748550
-3.84763583910154816      0.91943260881206457
 7.84727616129382088     -7.84637305341304980
 2.15236416089845806      0.91943260881012545
 5.87958458771631065     -0.19175734642633199
 1.15236416090103511      2.65148341638121732
 0.15236416089845789      0.91943260881040512
-1.84763583910189433      4.38353422395265824
 3.15236416089698235     -0.81261819876907371
-7.84763583910228135      4.38353422395261472
-6.84763583910312867     -0.81261819875664121
-5.84763583910399021     -2.54466900632859039
 2.93885936839452544     -7.84763583910254248
 3.15236416090045335      6.11558503152814481
-2.84763583910696472     -4.27671981390182498
 0.15236416089652033      7.84763583909599660
-0.84763583910016993      6.11558503152242938
-0.84763583910308782     -0.81261819875961938
