83    17.81598379184299219
 2.71183947321514962     -4.90799189592060703
-4.21636375706018462     -0.90799189592029383
-4.21636375706040933      3.09200810407981619
-7.90799189592117546     -5.50792104883809674
-5.94841456462857554     -7.90799189592088414
 7.90799189592118079      7.90799189592117280
-5.91379086364744477      7.90799189592149077
 5.31115388500323249      5.89418840604798788
-7.90345607486977642      7.62296516529786938
 0.97978866564621214      2.09200810408026516
-1.93853502843652459      7.90799189592149609
 7.90799189592116658      0.09200810408158368
 0.97978866564636313      0.09200810408005936
 6.17594108835273659     -4.90799189592081397
 7.90799189592105023      2.09200810408159787
-2.48431294949125503     -1.90799189592021268
 2.71183947321380359      3.09200810408249760
-5.94841456462902585      4.09200810408026783
-2.48431294949109915     -5.90799189592038321
 6.17594108835201983      3.09200810408177817
-4.21636375706020505      1.09200810407974425
-0.75226214192253071      1.09200810408003068
 4.44389028078400816      0.09200810408033998
-2.73999138830815525      6.07559791448046482
-4.69414655673575609      5.64983086818902969
-0.70778345902310402      5.40477127315131423
 4.44389028078418669     -1.90799189591982254
-5.94841456462883400     -5.90799189592053065
 7.90799189592149609     -5.90799189592102092
-2.48431294949166626      4.09200810408004845
 0.97978866564502798      4.09200810408273519
-0.75226214192231067     -4.90799189592022955
-2.48431294949130299      0.09200810407978725
-7.90799189592149609      4.49207895116198852
 6.17594108835264599     -6.90799189592108309
-2.48431294949114889     -7.90799189592118346
 4.44389028078376125     -7.90799189592126517
 2.71183947321510566      1.09200810408029469
-3.92616294604198446      7.68587647287441555
-2.48431294949144732      2.09200810407996229
 5.90799189592113638      7.90799189592068785
-0.75226214192239660     -0.90799189592016238
-5.94841456462916351      2.09200810407960347
 0.05438741137525281      7.73988434435205352
 7.90799189592149609     -7.90799189592113017
 6.17594108835293198     -0.90799189591957785
 4.44389028078400283     -3.90799189592056573
 2.71183947321504570     -6.90799189592093388
 2.04730985118705444      7.90799189592120921
 7.90799189592111773      4.09200810408160365
 6.17594108835206246      1.09200810408177706
 4.44389028078311821      4.09200810408174043
 0.97978866564656031     -3.90799189592010832
-6.65372388802822723      6.04990171527074772
-5.94841456462912177      0.09200810407960340
 0.97978866564631051     -5.90799189592067275
-4.21636375706001232     -4.90799189592043117
 2.71183947321526642     -0.90799189591989549
 6.17594108835275968     -2.90799189592035834
-0.75226214192255347      3.09200810408045701
-2.48431294949122172     -3.90799189592027751
-7.90799189592085838     -7.50792104883811007
 3.11038726933319243      5.58256830697679174
-7.90799189592128471     -3.50792104883808564
 0.97978866564627221     -7.90799189592120388
-7.90799189592142859     -1.50792104883808276
 1.17389512670183738      6.08256648850053772
-4.21636375705986044     -6.90799189592059193
-5.94841456462906493     -1.90799189592041096
 7.90799189592149609     -3.90799189592060525
-7.90799189592146412      0.49207895116197203
-0.75226214192234842     -2.90799189592016250
-0.75226214192245322     -6.90799189592086904
 7.90799189592149698     -1.90799189592011720
-4.21636375706011979     -2.90799189592030682
-7.90799189592149609      2.49207895116198852
 4.44389028078389092     -5.90799189592087082
 2.71183947321542007     -2.90799189592005503
 7.30835290027062889      6.00000000000131006
 4.44389028078315906      2.09200810408173510
 3.97765087355402347      7.38474860894349305
-5.94841456462893614     -3.90799189592047203
 0.97978866564651190     -1.90799189592010832
