88    18.38011052953425661
 2.19016331789059926      2.16926582467930062
-1.27404635039346625      6.19005526474323986
 0.45800445717744104      5.19005526474607315
-1.03433010682478699     -2.89788163829975698
 6.19005526475058687      4.19005526476253642
-1.26794919244878135      4.17956825377110341
-8.11621469037257803     -5.82955518482705681
-4.22306398438165953     -8.19005526474393442
 6.19005526474664336      8.19005526476274426
-4.73205080758770169      6.17956825376908903
-2.99390284204311685      1.16908124273898673
 2.19005526475050782      4.19005526474940471
-3.03433010682478699     -2.89788163829238732
-1.26185203446936622      2.16908124274165903
 8.19005526475003620      8.19005526476124324
-6.45800445718052085      1.16908124273575864
 0.46410161512418102      3.17956825377817864
-1.22306398436491737     -6.45800445717573712
-3.00609715796173926      7.19005526474478973
 0.96555275395179896     -3.09441963301148881
 4.16908124274357927     -8.19005526476208878
 8.19005526475088885      4.19005526475474088
-4.39664000065133465     -4.60651074886561140
 6.16908124274358016     -8.19005526476142798
-2.22306398436215691     -4.72595364960511155
-8.19005526474988343      2.16908124273491998
 4.19005526476713097      2.19005526474856183
-2.22306398438164576     -8.19005526474943935
-8.19005526476712831      8.19005526476712831
 2.19005526474554557      8.19005526475049628
 4.19005526475050782      4.19005526474856360
 1.97300862787844755     -4.85506643397380522
-0.22306398438164365     -8.19005526475675261
 0.45800445717570526      7.19005526474622059
 8.19005526476712831     -8.19005526476712831
-2.99390284204099144      3.16908124273906822
-4.72595364961027453     -1.83091875726329212
 0.12726834475353213     -1.26978795632354480
 4.98349564019964220     -3.12911278537482751
 0.77693601563732251     -6.45800445718211957
 5.17823239961242088      0.45112987118479969
 2.97300862939183386     -3.12301562727868109
-6.46410161516273263      7.17956825375843799
 2.97300862917917419     -6.58711724254121300
 7.17956825376027563     -6.46410161516166060
-4.72595364961060671      4.16908124273804948
-8.19005526475167400      4.16908124273595515
-8.19005526474790102     -1.83091875726541486
 6.19005526476481815     -1.27404635039551972
-3.00000000001861178      5.17956825376945673
 4.19005526474683432      6.19005526474857160
 2.19005526474645063      6.19005526474943046
-3.22306398436852870     -6.45800445717049865
-4.73814796553064088      8.19005526474555268
 4.19005526474575429      8.19005526474858314
 7.19005526478678014     -3.00609715795940602
 0.73360723040881204      0.71966362574561504
 6.19005526474736989      6.19005526476272383
-1.26185203447265937      0.16908124274164096
-6.45800445638692100     -2.83091875863554954
 3.97300862917745157     -4.85506643497133616
-6.45800445718208582      3.16908124273716529
-6.22306398438166308     -8.19005526475934609
-8.19005526476209766     -7.82819161238807659
 2.12684715415064574     -1.31083165267299240
 6.17956825379393848     -4.73205080757334873
-2.98069171271010402     -0.85415222543436098
-4.72595364961277742      2.16908124273774527
 3.14385125095402174      0.41128990723070902
-0.22306398435798183     -4.72595364961049658
 4.19014692490975538     -1.29319399197793916
 5.16908124274330483     -6.45800445719108840
-8.19005526474931322      0.16908124273477065
-6.45800445717970018     -0.83091875726424180
 8.19005526475727308     -4.73814796554824369
 7.19005526475510770      0.45800445718634447
-1.27404635039378733      8.19005526474727930
-6.45800445717975879      5.16908124273809388
-6.38416388201110152     -4.82955518619981472
 6.19005526476713097      2.19005526476250445
 8.19005526476713008      2.19005526475299694
-8.19005526474773582     -3.83091875726545039
-5.22306398437446529     -6.45800445705736248
 8.19005526475008416      6.19005526475961609
 8.19005526476482082     -1.27404635037716618
-4.72595364961075770      0.16908124273671030
-8.19005526475963741      6.16908124273604042
 1.77693601561835646     -8.19005526476473200
