90    18.60466905559999873
-0.35791951006874773     -7.30233452777573433
 8.30233452777529202      7.69766547222475950
 4.66387995047153314      5.30233452777572545
-1.30663762605868294      2.45832839748647736
 5.62156560421691065      0.45832839748667947
 4.83823291263782806     -4.30233452777559933
-6.50279004876525146     -2.54167160251364832
-3.03868843362748287     -2.54167160251357460
-3.03868843362744201     -4.54167160251357682
-4.77073924119630544     -5.54167160251362656
-8.30233452777574499      0.33104809364485233
-3.03868843362755170      1.45832839748643406
-1.30663762605872957      4.45832839748648091
 6.39593075804038413      8.30233452777571124
 0.42541318151018032      3.45832839748653686
-6.50279004876522304     -4.54167160251364965
 3.10618210506900994     -7.30233452777565706
-8.30233452777571479     -1.66895190635515722
 8.30233452777532754      3.69766547222472486
-8.30233452777600256      6.33104809364485366
-3.99637408737290301      8.30233452777566328
-4.77073924119635606     -3.54167160251362301
-3.03868843362751173     -0.54167160251357305
 4.66387995047161574      3.30233452777572545
 3.10618210506895975     -5.30233452777565262
 6.39593075804070565      2.30233452777569436
-1.30663762605857214     -3.54167160251353064
-6.50279004876528699     -6.54167160251365409
-8.30233452777576453     -5.66895190635516677
-6.50279004876539801      5.45832839748637610
 3.10618210506891801     -3.30233452777565262
 3.88951479664805877     -0.54167160251337498
-0.53227247223522300      8.30233452777562952
 6.57028372020673235     -5.30233452777555492
-2.08997031763760255     -8.30233452777577341
-8.30233452777580894      4.33104809364485366
 8.30233452777563130     -8.30233452777559044
 8.30233452777565262     -4.30233452777541014
 2.93182914290267815      4.30233452777568104
 8.30233452777537195     -0.30233452777528352
 8.30233452777524583      5.69766547222473196
-4.77073924119638892     -1.54167160251361413
-8.30233452777576630      2.33104809364485233
 1.37413129750015006     -8.30233452777570591
 1.19977833533372680      5.30233452777565262
 0.42541318151029894     -2.54167160251347557
-4.77073924119641291      0.45832839748638643
 6.57028372020663287     -1.30233452777554493
-2.26432327980407999      7.30233452777556824
 6.39593075804050937      4.30233452777569791
 6.39593075804043387      6.30233452777570058
-0.53227247223518326      6.30233452777560199
-6.50279004876528521     -0.54167160251364566
-5.98051281784927991      8.05095135764768699
-7.74444711147387110     -8.30105017201750783
-3.82202112520650994     -7.30233452777581782
 4.83823291263777211     -2.30233452777559933
 4.66387995047144344      7.30233452777572722
 8.30233452777564196     -2.30233452777535597
 8.30233452777552650      1.69766547222471997
-6.50279004876534561      3.45832839748636545
 6.57028372020667817     -3.30233452777555225
-7.96465154832561506      8.30233452777600434
 2.15746398907917802     -1.54167160251343294
 2.15746398907913761      0.45832839748657478
-4.77073924119645021      2.45832839748639698
-3.03868843362758545      3.45832839748644050
-1.30663762605865097      0.45832839748647425
-4.77073924119649195      4.45832839748641874
-1.30663762605860745     -1.54167160251352553
 3.88951479664800770      1.45832839748663678
 2.15746398907909498      2.45832839748657550
-8.30233452777569525     -3.66895190635516588
-2.08997031763765406     -6.30233452777576719
 0.42541318151026852     -0.54167160251347168
 2.93182914290258978      6.30233452777568282
-6.50279004876530742      1.45832839748635634
-5.55407193277540934     -8.30233452777579828
 1.19977833533367462      7.30233452777565528
-0.35791951006879669     -5.30233452777573255
 2.93182914290253693      8.30233452777569525
 6.57028372020677409     -7.30233452777555581
 4.83823291263787070     -6.30233452777560199
 1.37413129750010499     -6.30233452777569259
 4.83823291263792399     -8.30233452777560288
 0.42541318151023572      1.45832839748653487
 1.37413129750005747     -4.30233452777568726
-4.77073924119653814      6.45832839748641874
-3.03868843362763608      5.45832839748645782
 8.30233452777568104     -6.30233452777545278
