93    18.89415054033091579
-1.76374970605905212     -6.78846786569138683
 3.46604248175490692     -1.14364908683517341
-8.44707527016545967     -6.44708365266237049
 4.98297365502749479      4.15977709655953198
-1.72927190834072064     -2.14509920579327185
-1.74721393540917402      8.44707527016439208
 6.71529446531032992      7.16024460924348016
-1.72015840348407578     -4.16072071548034206
 0.00221086932947176      2.85681842585231260
-8.44128476782326942     -8.44707527016545967
 4.98324365774144695      6.16024460924310890
 8.44707527016538506      2.15977709655849370
 0.00167099031780701      0.85681849831097334
-6.80599687886518456      5.30389474478287859
 5.18425989675488808      8.44707527016521098
-8.44707527007561509     -4.44708365266222838
-8.44707527015819259      8.44707527016396043
-3.45220921105515188     -3.16072071546856170
 8.44707527016545789     -4.44707527022271432
 8.44707527016545079      4.15977709655943961
 5.19809328932199399     -0.14364908683206659
-1.73010792007394332     -0.14365229363963436
-5.09714460278162917      6.34304049900886202
 0.20322710834276528      5.14364908677419752
 3.46604248175324425      2.85635091316865575
 8.44707527016542237     -0.44707527022265053
 1.73426167689825683      3.85681842585252177
 8.44707527016440274     -6.44707527022987570
 1.35384658860068297     -8.44707527016477577
-6.91604070160960926     -1.16025299174085372
-8.44707527016543480     -2.44708365266218753
-2.88134600075343528     -8.44707527013948756
-8.44707527016451465      6.44707527016395421
-4.88134600075343883     -8.44707527016489124
-6.71358249791291950     -5.44958537770235818
 1.72015828161750695      8.44707527016544901
 3.25093271393289784     -5.44709235933171865
-0.64615341139936822     -8.44707527016224624
 8.44705867675368438     -8.44707527016105075
 8.44707527016545434      6.15977709655963590
 1.72015828161675488      6.44707527016537174
-5.07478216774580204      4.30244797934605927
 4.98298352152178392     -6.44709235929706193
 6.71502446259812036     -5.44707527022538063
-3.26055049493089610      5.14421008193518059
-0.23442767963406153     -5.49960241907092229
-6.61455407123173167      7.64590983438341887
-4.98153123747527271     -4.44958616209448898
 6.71502446259650121      3.15977709655955108
-6.66131539239656867     -7.53509444660256467
 8.44531746501778535      8.44558258043479348
-8.44707527016545789      2.15782068853093101
 8.44707527016464255     -2.44707527022269700
-1.52849968736209130      6.14421008193531293
-5.19310339889517181     -0.14463148206550008
 1.51476281454354966     -4.45426101390875129
-4.78203287230381324      8.44707527015937920
 3.16428116363501211     -7.59717724700286290
-6.71586055904147106      3.15926745395978470
-6.71358249782869354     -3.44958537768254425
-1.52882369922604133      4.14364908677398347
 0.00194280278331346     -1.14365244036451408
 6.71502446259662644      5.15977709655955064
 1.73399167418602529     -0.14364908683384311
-3.26462340385403804      7.14420593478424948
 1.52303059742359004     -6.45424392477733022
 5.19809328932240433      1.85635091316853562
 3.25119285017225046      5.16024460924366046
-8.44707527016527138      0.12657766918061258
 3.46604248175348317      0.85635091316861300
 4.98297365500523348     -2.44707527025393601
 6.71104852147207964     -7.45396461551889633
-3.26119833690841876      3.14421018683315978
-4.99292325632666856      2.14364594428500777
 6.71502446259085950     -3.44707527022538063
 1.73399361035188293     -2.14365244036534719
-4.98153214320489912     -6.44958616209428648
 4.97471573860398131     -8.44707527016545789
 6.71502446259414665     -1.44707527022537952
-3.46132263122185924     -1.14509905910981402
-3.24948042990893704     -5.44958616210112368
-0.01352782689552651      7.44991305811117943
 3.25091298111391458     -3.44709235942833514
 1.73399167418360234      1.85635091316690448
 0.00277889922774554     -3.14509920579399749
-5.18425993394190154     -2.16072056879482899
 3.45220908918611746      7.44707527016498183
-1.73016376833183849      1.85737952587500632
-3.46188868777114678      0.85681528336335055
-6.72413796745068471      1.14219917885621602
-8.44707527016321436      4.16071421939993247
 4.98297365500966460     -4.44707527025456706
 6.93014409689091160      0.85635091316789302
