97    19.18840878800035554
 1.89886979532696443      3.76859121640586414
-3.39805197129306080     -3.42516466935500130
 6.86215358642470452      7.09239361982030836
 5.13010277886092858     -4.55521118700287619
 8.59420439399639235      2.09239361981907823
-5.11892004492040531      7.59420439399966174
 0.07723237778619207      2.59420439399995795
 0.07723237778589070     -1.40579560600005249
 5.13010277886053956     -2.55521118700279537
 1.68880844360890592     -8.59420439399821312
-8.59420439399989888     -2.42516466935543606
 2.07723237778808301      8.59420439399548997
 3.80928318535605781      7.59420439399228986
 5.54133399292390827      8.59420439399430158
 8.59420439400017777     -8.59420439400017422
 8.59420439399871761     -0.55521118700235583
 6.86215358642979556     -5.55521118700320571
 5.13010277885737942      4.09239361981805949
-6.87355722637133226      0.59433193413749930
-8.59420439399925051     -6.42516466935582198
-5.13010277886171906     -4.42516466935538322
-6.85097085249022442      2.59420439399980873
 8.59420439399558411      4.09239361981926564
-3.38686923735146062      6.59420439399968128
-6.85097085248943216      6.59420439399992109
 6.87355722637488409     -7.57470779050261456
-5.14150641880253012     -0.40566806586263010
-8.59420439399904268      7.61382853762906642
-3.38686923735118084      8.59420439399996106
 6.86215358642946427     -1.55521118700263172
-8.59420439399931979      5.61382853762906109
 8.59420439399419323      6.09239361982007122
-5.11892004492064778      5.59420439399965996
 1.89886979532683786     -2.23140878359453554
-1.65481842978264027      5.59420439399954450
 1.89886979532690159      1.76859121640561057
-8.59420439400017777      1.61382853762906087
-1.77529317152888044     -8.59420439399883662
-1.65481842978320071      1.59420439399954317
 7.09502221803478061      0.76859121640692596
 2.07723237778706293      6.59420439399201186
 3.39805197128804393      5.09239361981833039
-1.65481842978295801      3.59420439399954317
 5.13010277885686605      6.09239361981850447
 3.63092060289611673      2.76859121640570827
-3.38686923735178658      4.59420439399962977
 3.40945561123638985     -5.57470779050389353
 0.07723237778654242      4.59420439399995839
-8.59420439400003211     -4.42516466935582198
-5.11892004492125885      1.59420439399965552
-8.59420439399956493      3.61382853762906064
-3.50734397909905171     -7.59420439399929403
 0.07723237778699374      6.59420439399995839
-6.85097085248913640      8.59420439399993263
-0.04324236396015734     -7.59420439399852309
 1.68880844360838611     -6.59420439399747504
 8.59420439399900715     -6.55521118700307159
 6.86215358642987727     -3.55521118700299388
 6.86215358642690898      3.09239361981870831
-3.38686923735208678      2.59420439399952851
-1.65481842978337879     -0.40579560600045694
-5.13010277886124921     -6.42516466935582375
 6.86215358642602968      5.09239361981879313
 8.55304259146849866      8.48694329167824257
-6.86215358643103279     -3.42516466935554709
-1.77529317153044053     -6.59420439399883307
-6.85097085248964710      4.59420439399986691
-8.59420439399990599     -0.42516466935465974
 1.67740480366641664     -4.57470779050578802
-0.04324236396174121     -5.59420439399851332
-3.39805197129262737     -5.42516466935535391
-5.13010277886220667     -2.42516466935514208
-1.66600116372396623     -4.42516466935497199
 3.39805197129145764     -3.55521118700305827
-8.59381391421341512     -8.52432414635773128
 8.59420439399861813     -2.55521118700263283
 0.05464600390437195     -3.40566806586216053
 1.89886979532681077     -0.23140878359440448
-5.11892004492089026      3.59420439399965863
-1.67740480366473488     -2.40566806586255844
 5.15291005874657149     -8.59420439399769798
-1.65481842978212090      7.59420439399955161
 5.36297141046551662      1.76859121640651407
 0.07723237778600026      0.59420439399995006
-6.86215358643031514     -7.42516466935604935
 5.36297141046532477     -0.23140878359353120
-5.23939478666796266     -8.59420439399925407
 3.63092060289599905      0.76859121640570605
-3.38686923735237277      0.59420439399935665
 8.59420439399901248     -4.55521118700291527
 0.07723237778804413      8.59420439399996106
 5.14150641880539450     -6.57470779050367593
-3.40945561123375107     -1.40566806586279958
 3.63092060289574992     -1.23140878359432504
-6.86215358643050077     -5.42516466935555908
 3.42085925117754241     -7.59420439399768199
-6.86215358643099993     -1.42516466935495711
