153    24.00460975804231012
 2.85276881246912506     -5.00000000034024072
-11.00230487902049958     -7.00230487902016119
-2.33544633388113221     -10.01379897338941127
-5.80615245631345811      8.00230487901997201
 1.12617796999219411      8.00963047024772301
-0.61133280247264998      4.99999999999969358
 9.00230487901967358     -0.00000000000003678
 5.01577808994831287     10.77054783946094396
 2.85270124177844853     -7.00011702707821115
-7.53820326388275141     -3.00230487902004306
-4.07410164874472791      5.00230487901978282
10.14653556388791955      1.80766669474149699
-5.80748522517916221     -0.00000000000020179
-0.61133280247244104      0.99999999999969147
11.00230487902092946     -11.00230487902033083
-2.34338361004135010      1.99999999999970623
-2.34338361004139184     -0.00000000000029435
 6.97389136227143336      7.29138817200345368
-0.60995897542142252     -7.00237582737282516
 5.01577808995768315     -10.77054783943979643
11.00230487902069854     -7.32978250985428126
 6.54714242645049360      3.00847853882358196
 4.58481962023419243     -0.00000000000047569
 9.00230487902047471     -3.61533338948360372
 9.00230487902059018     -11.00230487902080867
 3.02925130307879220     -11.00230487822500791
 6.31687042780299102     -1.00000000000064460
 2.85822877758192462      9.00963047035759956
-11.00230487902046761     -9.00230487902030774
-0.59318453948994965     -11.00230487899408338
-9.27025407145130309      8.00230487901990273
 1.12071800509645669      1.99999999999966716
-5.80615245631249977     -4.00230487902251042
 1.12071800491399332      6.00000000031533176
-4.07410164874297642     -5.00230487902372101
 6.31680285691650845     -5.00011702707845007
-4.07543441761025349      0.99999999999974964
-7.53820326385194583     11.00230487902018872
-9.27025407145113078     10.00230487902020826
-7.53820326388224249      9.00230487902018517
-11.00230487902036813      7.00230487901970111
 8.26020183156715504      5.47255794966990194
-0.61133280247242472      2.99999999999969136
 4.58481962005093013     -4.00000000031775738
 2.85822877753969395     -9.00963047033491726
-4.07410153654463425     11.00230487902006971
-11.00230487902050491     -11.00230487902036991
-0.61133280247289989     -5.00000000000036682
-5.80615243140555126     10.00230492210725153
-9.27025407145143099      6.00230487901973664
-11.00230487902002885     11.00230487902018517
-9.27025407145159086     -4.00230487902011234
 1.12071800509626018     -4.00000000000066791
-5.80748522517935406      1.99999999999981504
-2.34338361004144380     -2.00000000000030154
 1.12071800509636099     -2.00000000000042322
-5.80748522517944021     -2.00000000000020339
-7.53820326388266437      3.00230487901967047
11.00230487902069676      7.32978250985619084
-11.00230487902045340      3.00230487901965315
-11.00230487902049070     -1.00230487901989518
 1.21803338157052243     -10.15407752592248336
-0.61004104859849895     -9.00237591573046103
-2.34205084114289397      8.00230487901983523
11.00230487902045695     -0.00000000000004925
 4.58475204934702596     -8.00011702707872985
-0.60995897548377453      7.00237582747143872
-2.34205084116649509     -8.00230487902916821
-5.80615245631368371      4.00230487901971088
 2.85276881266538940      0.99999999999974665
-5.80615245631251309     -6.00230487902258059
-11.00230487902046228     -3.00230487902002041
 1.12617796996061137     -8.00963047021397578
-9.27158684031714841     -0.00000000000011498
10.26020183156421162     -5.47255794966889031
-4.07408260251512111     -11.00230487898396881
 4.58475204935290037      8.00011702706831329
-7.53820326388271233     -7.00230487902029264
 8.14653556388785560      1.80766669474180741
-11.00230487902017629      9.00230487901992049
-7.53820326388254980      5.00230487901973042
11.00230487902049603      3.61533338948297178
 2.85276881266513893     -3.00000000000062927
 4.58475204935337199      6.00011702706822625
-11.00230487902049248     -5.00230487902010612
-2.34338361004174001     -4.00000000000030287
-0.61133280247253163     -1.00000000000035838
 7.00230487902058663     -11.00230487902115506
 2.85276881248316405      5.00000000031553071
 1.12071800509658548     -0.00000000000038204
 9.00230487902054932      7.32978250985653990
 2.85276881266536986     -1.00000000000061329
 4.58481962006340282      4.00000000029557778
 6.41499239015769618     -2.99781031349361493
-7.53820326388248940      7.00230487901977927
-4.07543441761059100     -3.00000000000025357
-0.61133280247259580     -3.00000000000036637
11.00230487902086196     11.00230487902026155
 4.58481962040160251      2.00000000028978242
 3.02925130307005341     11.00230487823697167
10.20974897437192830     -9.16604369443734512
-7.53953603274829032     -1.00000000000015610
-0.59318453946489702     11.00230487899908738
-4.07410164871832681     -9.00230487906079624
 1.21803338155615881     10.15407752586769341
 2.85276881266526372      2.99999999999979705
 9.00230487902052801     -7.32978250985454771
-9.27025407145161751     -2.00230487901996179
10.20974897436961726      9.16604369443825107
 6.89370110194639807     -7.10426672660460756
 8.26020183156420096     -5.47255794966909903
-4.07410164874276326     -7.00230487902420151
 4.58481962041468893     -2.00000000031347902
10.14653556388823930     -1.80766669474176456
-9.27025407145156422      4.00230487901963716
-5.80614293310497764     -10.00232137351751405
 6.31687042780301322      0.99999999999963840
-2.34205084117105056     -6.00230487902911225
-2.33610756121991514     10.01267012731683792
-5.80615245630071719     -8.00230487904312149
 8.20974897437192830     -9.16604369443767730
 9.00230487902048893      3.61533338948324401
-7.53820326369011262     -11.00230487902031129
-9.27025407145163172     -8.00230487902021892
 9.00230487902058307     11.00230487902077670
-7.53953603274824768      0.99999999999984379
-4.07543441761044001      2.99999999999975131
-0.61004104858328867      9.00237591573555029
-11.00230487902051202      1.00230487901962872
-7.53820326388270257     -5.00230487902021359
-5.80615245631361798      6.00230487901976684
-7.53820326388277362     -9.00230487902029530
-2.34338361004153928      3.99999999999971179
-2.34205084117580409      6.00230487901979881
 2.85270124178423323      7.00011702706794381
11.00230487902049425     -3.61533338948342386
 6.31680285692217858      5.00011702706804773
-9.27025407144485314     -10.00230487903207433
 6.20974897437192830     -9.16604369443805034
-11.00230487902044096      5.00230487901966558
-9.27025407145158731     -6.00230487902021892
-4.07543441761031122     -1.00000000000025135
 7.00230487902058041     11.00230487902115506
-4.07410164871191949      9.00230487902001464
 1.12071800509642538      3.99999999999987921
10.26020183156716215      5.47255794966962217
 1.12071800488097528     -6.00000000037276049
 8.20974897436961371      9.16604369443866140
 8.14653556388816114     -1.80766669474201169
 4.58475204934766012     -6.00011702707862238
-9.27025407145159797      2.00230487901960919
 6.20974897436961371      9.16604369443904687
-4.07410164874455738      7.00230487902001286
